scaffold,start,end,mid,sites,sitesUsed,ABBA,BABA,D,fd,fdM
Herato0801,1,50000,28594,29712,2577,32.5358,36.3049,-0.0548,-0.0309,-0.0239
Herato0801,50001,100000,74704,37184,4418,89.7353,78.7465,0.0652,0.0398,0.0308
Herato0801,100001,150000,125035,36650,4403,84.3258,69.0718,0.0994,0.0591,0.0463
Herato0801,150001,200000,174855,33824,4433,77.366,83.3509,-0.0372,-0.0239,-0.0179
Herato0801,200001,250000,224088,32791,3771,67.0516,69.3568,-0.0169,-0.0145,-0.0103
Herato0801,250001,300000,273464,32378,4214,74.6046,60.5134,0.1043,0.0785,0.0577
Herato0801,300001,350000,325579,33299,3390,59.126,63.6439,-0.0368,-0.0276,-0.0198
Herato0801,350001,400000,375273,32453,2569,51.7073,55.0576,-0.0314,-0.0257,-0.0181
Herato0801,400001,450000,425276,30913,2843,42.3154,37.6905,0.0578,0.0266,0.0206
Herato0801,450001,500000,476050,31113,2265,32.2774,32.9374,-0.0101,-0.0037,-0.0028
Herato0801,500001,550000,525556,31869,2296,37.4965,31.5847,0.0856,0.0456,0.0338
Herato0801,550001,600000,575244,33582,2853,45.1246,45.8272,-0.0077,-0.0039,-0.003
Herato0801,600001,650000,625853,32070,3656,58.8681,48.8659,0.0928,0.0506,0.0385
Herato0801,650001,700000,678434,24759,1532,22.4599,24.0392,-0.034,-0.0145,-0.0117
Herato0801,700001,750000,726609,29249,2803,35.2734,37.6008,-0.0319,-0.0106,-0.0087
Herato0801,750001,800000,775618,29465,1925,28.2979,22.8467,0.1066,0.0466,0.0362
Herato0801,800001,850000,826461,31023,2743,40.1962,42.0656,-0.0227,-0.011,-0.0083
Herato0801,850001,900000,875072,34629,2882,41.6087,45.1451,-0.0408,-0.0232,-0.0175
Herato0801,900001,950000,923688,30476,3172,47.2934,50.3568,-0.0314,-0.0179,-0.0132
Herato0801,950001,1000000,975026,34857,3028,43.1705,40.1539,0.0362,0.0186,0.0139
Herato0801,1000001,1050000,1020766,26949,2700,46.5722,40.1925,0.0735,0.0442,0.0337
Herato0801,1050001,1100000,1077096,30713,2996,45.542,45.7629,-0.0024,-0.0012,-0.0009
Herato0801,1100001,1150000,1128258,29306,2650,46.4618,45.0884,0.015,0.008,0.0062
Herato0801,1150001,1200000,1175000,33909,3201,46.0007,50.6202,-0.0478,-0.0274,-0.0199
Herato0801,1200001,1250000,1226298,32632,3240,49.0196,52.944,-0.0385,-0.0236,-0.017
Herato0801,1250001,1300000,1274645,28102,2301,42.1294,38.6993,0.0424,0.0259,0.0192
Herato0801,1300001,1350000,1325151,32841,3256,55.5471,50.9838,0.0428,0.0267,0.0198
Herato0801,1350001,1400000,1374672,33836,3542,50.2885,50.2688,0.0002,0.0001,0.0001
Herato0801,1400001,1450000,1424991,32856,2964,45.7325,50.8647,-0.0531,-0.0305,-0.0223
Herato0801,1450001,1500000,1475640,33651,3389,53.6126,56.3567,-0.025,-0.015,-0.0111
Herato0801,1500001,1550000,1523410,33211,3260,52.9867,67.1888,-0.1182,-0.0804,-0.0564
Herato0801,1550001,1600000,1577515,29197,2914,42.0635,44.3248,-0.0262,-0.0131,-0.0101
Herato0801,1600001,1650000,1620138,23744,2254,39.2789,36.74,0.0334,0.0156,0.0123
Herato0801,1650001,1700000,1675828,33467,3659,68.0649,64.4047,0.0276,0.0138,0.0107
Herato0801,1700001,1750000,1724786,33478,3204,54.6204,49.397,0.0502,0.0295,0.0221
Herato0801,1750001,1800000,1773080,29888,2455,43.5167,36.4595,0.0882,0.0464,0.0363
Herato0801,1800001,1850000,1824811,36820,2933,54.0934,57.8077,-0.0332,-0.0159,-0.0125
Herato0801,1850001,1900000,1874000,33398,3045,54.1677,46.9475,0.0714,0.029,0.0234
Herato0801,1900001,1950000,1924951,34270,2773,55.6355,49.2422,0.061,0.0315,0.0246
Herato0801,1950001,2000000,1975227,32204,2770,43.1493,39.5682,0.0433,0.0159,0.0131
Herato0801,2000001,2050000,2025087,32148,2613,38.0222,39.0248,-0.013,-0.0047,-0.0037
Herato0801,2050001,2100000,2072746,31385,2398,39.076,37.0676,0.0264,0.0105,0.0084
Herato0801,2100001,2150000,2124613,35045,3136,54.5198,55.2807,-0.0069,-0.0032,-0.0024
Herato0801,2150001,2200000,2175291,32822,3262,55.8596,50.1701,0.0537,0.0214,0.0166
Herato0801,2200001,2250000,2224732,34929,3296,45.7937,50.2829,-0.0467,-0.0225,-0.0171
Herato0801,2250001,2300000,2275620,31711,3129,49.1244,50.0376,-0.0092,-0.0045,-0.0034
Herato0801,2300001,2350000,2324685,23346,1385,22.5568,24.0131,-0.0313,-0.0142,-0.0114
Herato0801,2350001,2400000,2375399,33594,2643,40.4943,38.2226,0.0289,0.0133,0.0106
Herato0801,2400001,2450000,2426029,26300,1883,28.9443,29.428,-0.0083,-0.0032,-0.0025
Herato0801,2450001,2500000,2475140,32156,2679,40.7495,38.9557,0.0225,0.0084,0.0066
Herato0801,2500001,2550000,2524449,32333,2056,26.7835,29.0627,-0.0408,-0.0163,-0.0125
Herato0801,2550001,2600000,2574150,31426,1978,35.3712,35.9167,-0.0077,-0.0037,-0.0028
Herato0801,2600001,2650000,2623827,32588,2615,32.9462,31.4944,0.0225,0.0092,0.0071
Herato0801,2650001,2700000,2674863,34208,2507,40.3069,33.6842,0.0895,0.041,0.0326
Herato0801,2700001,2750000,2725895,36047,3277,62.32,64.3594,-0.0161,-0.0073,-0.0058
Herato0801,2750001,2800000,2774375,31389,2484,38.0352,39.1923,-0.015,-0.0063,-0.005
Herato0801,2800001,2850000,2825031,33645,3106,60.0656,46.0589,0.132,0.0722,0.0552
Herato0801,2850001,2900000,2874687,33528,3087,58.2205,53.1482,0.0455,0.0224,0.0176
Herato0801,2900001,2950000,2925335,35005,3079,51.6299,49.2945,0.0231,0.0096,0.0076
Herato0801,2950001,3000000,2974539,31749,2884,51.4198,56.1222,-0.0437,-0.014,-0.0115
Herato0801,3000001,3050000,3023669,28872,1520,21.7056,30.8794,-0.1745,-0.0558,-0.0444
Herato0801,3050001,3100000,3074201,32909,2310,43.0757,41.2874,0.0212,0.0085,0.0067
Herato0801,3100001,3150000,3124231,30084,1937,30.3212,31.0018,-0.0111,-0.0044,-0.0035
Herato0801,3150001,3200000,3175332,32968,2021,33.4821,42.457,-0.1182,-0.0394,-0.0319
Herato0801,3200001,3250000,3223685,29739,2252,45.5292,41.6885,0.044,0.0145,0.012
Herato0801,3250001,3300000,3274145,33986,2930,59.8649,59.2891,0.0048,0.0027,0.002
Herato0801,3300001,3350000,3325373,34188,2762,44.2631,43.8276,0.0049,0.0019,0.0015
Herato0801,3350001,3400000,3375632,34946,3183,54.8083,64.298,-0.0797,-0.0414,-0.0306
Herato0801,3400001,3450000,3424386,32873,2500,38.0378,47.3002,-0.1085,-0.0489,-0.0374
Herato0801,3450001,3500000,3476023,30273,2505,35.534,41.9429,-0.0827,-0.0345,-0.0275
Herato0801,3500001,3550000,3523865,34767,2922,54.8671,46.5317,0.0822,0.0397,0.0311
Herato0801,3550001,3600000,3574622,30843,2188,35.7398,40.4877,-0.0623,-0.0227,-0.0184
Herato0801,3600001,3650000,3625305,35078,1698,31.2075,30.2035,0.0163,0.0086,0.0065
Herato0801,3650001,3700000,3674695,34168,3139,60.0941,55.5139,0.0396,0.0181,0.0146
Herato0801,3700001,3750000,3724914,33705,2317,45.3009,46.5122,-0.0132,-0.0059,-0.0047
Herato0801,3750001,3800000,3774278,34106,3013,44.0003,45.8313,-0.0204,-0.0106,-0.0079
Herato0801,3800001,3850000,3823336,27177,2278,35.2383,39.1554,-0.0527,-0.0322,-0.0234
Herato0801,3850001,3900000,3876519,33937,3032,50.9102,52.0266,-0.0108,-0.0047,-0.0038
Herato0801,3900001,3950000,3925357,35241,2341,35.0989,36.1083,-0.0142,-0.0049,-0.004
Herato0801,3950001,4000000,3974383,36499,2319,41.2506,35.8686,0.0698,0.0263,0.0218
Herato0801,4000001,4050000,4025155,38667,3635,67.8221,57.9624,0.0784,0.0368,0.03
Herato0801,4050001,4100000,4075219,39958,3187,53.7963,55.8875,-0.0191,-0.0094,-0.0071
Herato0801,4100001,4150000,4124098,34247,2008,31.2584,37.2605,-0.0876,-0.0336,-0.026
Herato0801,4150001,4200000,4174791,35734,1984,49.8509,40.6186,0.102,0.0441,0.0366
Herato0801,4200001,4250000,4223885,33096,2505,53.1077,48.4065,0.0463,0.0201,0.0163
Herato0801,4250001,4300000,4274269,35178,2356,47.6936,41.1755,0.0733,0.03,0.0249
Herato0801,4300001,4350000,4324479,33053,2242,31.9331,29.7475,0.0354,0.0114,0.0093
Herato0801,4350001,4400000,4374595,35179,3543,57.6437,64.6001,-0.0569,-0.0263,-0.02
Herato0801,4400001,4450000,4422931,31093,2934,49.0981,51.0098,-0.0191,-0.0096,-0.0074
Herato0801,4450001,4500000,4475239,25643,2560,47.3351,38.0572,0.1087,0.0412,0.0336
Herato0801,4500001,4550000,4524891,33021,2657,44.4861,43.2312,0.0143,0.0067,0.0052
Herato0801,4550001,4600000,4575231,36333,3237,56.7795,58.788,-0.0174,-0.0066,-0.0053
Herato0801,4600001,4650000,4623885,33230,2633,40.5737,39.5795,0.0124,0.0052,0.0042
Herato0801,4650001,4700000,4675145,35396,3487,57.2728,54.3958,0.0258,0.0121,0.0094
Herato0801,4700001,4750000,4724660,35158,3496,58.8303,56.951,0.0162,0.007,0.0055
Herato0801,4750001,4800000,4773957,36515,3380,68.8656,63.6849,0.0391,0.0186,0.0151
Herato0801,4800001,4850000,4825910,33073,2693,46.8529,43.1432,0.0412,0.0194,0.015
Herato0801,4850001,4900000,4873646,20989,1048,16.8797,15.4882,0.043,0.0288,0.0199
Herato0801,4900001,4950000,4925438,24373,2095,22.0727,21.8469,0.0051,0.0026,0.002
Herato0801,4950001,5000000,4975164,27939,2171,24.4983,22.6506,0.0392,0.0256,0.0178
Herato0801,5000001,5050000,5025847,24438,1738,18.7961,20.701,-0.0482,-0.0282,-0.0205
Herato0801,5050001,5100000,5078450,23750,2052,32.5002,30.2378,0.0361,0.0207,0.0155
Herato0801,5100001,5150000,5124024,33021,2639,50.9525,62.4578,-0.1014,-0.0483,-0.0361
Herato0801,5150001,5200000,5173327,26297,1780,32.772,43.0815,-0.1359,-0.0745,-0.0547
Herato0801,5200001,5250000,5225533,38093,2280,41.9059,54.9232,-0.1344,-0.0706,-0.0549
Herato0801,5250001,5300000,5276892,32246,2563,56.9546,59.562,-0.0224,-0.0118,-0.0092
Herato0801,5300001,5350000,5325021,35949,2969,67.9484,61.3865,0.0507,0.026,0.0211
Herato0801,5350001,5400000,5374926,37071,3219,56.4522,63.05,-0.0552,-0.0249,-0.0196
Herato0801,5400001,5450000,5423821,38042,3409,63.0686,78.5151,-0.1091,-0.0702,-0.0525
Herato0801,5450001,5500000,5475161,36301,2438,52.0579,52.232,-0.0017,-0.0011,-0.0008
Herato0801,5500001,5550000,5524315,37669,2331,39.7297,43.4587,-0.0448,-0.033,-0.0233
Herato0801,5550001,5600000,5575490,35356,2956,54.7267,45.4339,0.0928,0.0376,0.0296
Herato0801,5600001,5650000,5624551,35212,3387,55.0964,58.893,-0.0333,-0.0144,-0.0117
Herato0801,5650001,5700000,5675756,34362,2765,49.867,51.6971,-0.018,-0.0072,-0.0058
Herato0801,5700001,5750000,5725040,37713,3360,56.0865,64.8395,-0.0724,-0.0441,-0.0309
Herato0801,5750001,5800000,5775430,36191,3777,73.6094,70.7461,0.0198,0.0131,0.0098
Herato0801,5800001,5850000,5824975,37507,3871,68.8092,77.5633,-0.0598,-0.0317,-0.0245
Herato0801,5850001,5900000,5874308,33842,3344,55.7782,53.5754,0.0201,0.0121,0.0092
Herato0801,5900001,5950000,5924147,35601,2901,46.8853,46.1529,0.0079,0.0036,0.0028
Herato0801,5950001,6000000,5975794,33987,2634,53.2944,49.9852,0.032,0.015,0.0119
Herato0801,6000001,6050000,6024698,34432,2410,39.1034,36.5383,0.0339,0.0137,0.011
Herato0801,6050001,6100000,6075048,32288,2316,38.3046,35.2096,0.0421,0.0215,0.0167
Herato0801,6100001,6150000,6125427,32960,2685,44.5495,44.3865,0.0018,0.0009,0.0007
Herato0801,6150001,6200000,6174572,36484,3383,64.1378,56.6674,0.0618,0.0329,0.0249
Herato0801,6200001,6250000,6224847,35479,3785,71.7514,71.9539,-0.0014,-0.0009,-0.0007
Herato0801,6250001,6300000,6276221,32990,3177,51.0172,46.1003,0.0506,0.022,0.0178
Herato0801,6300001,6350000,6325430,38556,3508,62.0229,59.6683,0.0193,0.0097,0.0077
Herato0801,6350001,6400000,6374753,34871,3428,63.5777,56.4686,0.0592,0.0297,0.0238
Herato0801,6400001,6450000,6426027,36623,3276,61.1843,57.0755,0.0347,0.0146,0.0122
Herato0801,6450001,6500000,6475461,36496,2590,46.0214,45.1784,0.0092,0.0047,0.0037
Herato0801,6500001,6550000,6525773,34285,2080,31.481,30.6911,0.0127,0.0067,0.0053
Herato0801,6550001,6600000,6575986,35067,1744,37.6825,36.9683,0.0096,0.0037,0.0031
Herato0801,6600001,6650000,6626229,35773,2537,50.8175,42.5125,0.089,0.0412,0.0325
Herato0801,6650001,6700000,6677935,31689,2130,34.1187,38.0559,-0.0546,-0.0265,-0.0209
Herato0801,6700001,6750000,6726625,32343,1504,28.6294,26.7914,0.0332,0.0195,0.0152
Herato0801,6750001,6800000,6775017,34068,2680,56.8421,48.6425,0.0777,0.0349,0.0277
Herato0801,6800001,6850000,6823582,32729,2874,52.804,49.9185,0.0281,0.0132,0.0106
Herato0801,6850001,6900000,6874246,30980,1769,34.6155,27.868,0.108,0.0479,0.0388
Herato0801,6900001,6950000,6924117,34620,2909,56.3108,51.3573,0.046,0.0232,0.0186
Herato0801,6950001,7000000,6975084,35556,3465,57.6557,52.5867,0.046,0.0212,0.0169
Herato0801,7000001,7050000,7024850,36430,2829,43.0221,41.1546,0.0222,0.0085,0.007
Herato0801,7050001,7100000,7073967,30414,2281,35.2001,35.969,-0.0108,-0.0052,-0.0042
Herato0801,7100001,7150000,7124269,31856,2318,42.4436,42.9362,-0.0058,-0.0034,-0.0025
Herato0801,7150001,7200000,7175962,33218,2484,37.8911,35.2559,0.036,0.0169,0.0133
Herato0801,7200001,7250000,7226879,31881,2855,38.7252,41.7261,-0.0373,-0.019,-0.014
Herato0801,7250001,7300000,7275472,32394,2312,39.1304,31.4853,0.1083,0.0378,0.0314
Herato0801,7300001,7350000,7324834,31947,2315,32.786,35.4929,-0.0396,-0.0204,-0.0156
Herato0801,7350001,7400000,7376503,30656,2101,28.1837,35.0571,-0.1087,-0.0478,-0.0371
Herato0801,7400001,7450000,7426074,32385,2130,39.0648,37.4023,0.0217,0.0093,0.0075
Herato0801,7450001,7500000,7475624,34951,2730,38.8043,41.38,-0.0321,-0.0134,-0.0107
Herato0801,7500001,7550000,7527875,27812,2149,30.6837,36.2524,-0.0832,-0.0379,-0.0295
Herato0801,7550001,7600000,7574980,35466,3087,47.6283,47.8138,-0.0019,-0.0009,-0.0007
Herato0801,7600001,7650000,7625042,32746,1287,16.8842,16.5235,0.0108,0.0032,0.0027
Herato0801,7650001,7700000,7674556,30422,1862,20.7485,22.8445,-0.0481,-0.0154,-0.0123
Herato0801,7700001,7750000,7724883,32741,2010,24.9266,29.9405,-0.0914,-0.0289,-0.0231
Herato0801,7750001,7800000,7775326,34635,2572,35.0924,42.7218,-0.098,-0.0378,-0.0295
Herato0801,7800001,7850000,7828556,29552,1597,25.0787,24.4215,0.0133,0.0072,0.0056
Herato0801,7850001,7900000,7874241,38070,2698,62.131,50.5591,0.1027,0.0444,0.0363
Herato0801,7900001,7950000,7923658,35778,2793,52.3065,54.2231,-0.018,-0.0096,-0.0074
Herato0801,7950001,8000000,7972384,31699,2425,37.7737,39.3261,-0.0201,-0.0074,-0.0061
Herato0801,8000001,8050000,8026219,33772,2843,51.6406,44.7291,0.0717,0.0333,0.0263
Herato0801,8050001,8100000,8074809,35721,3596,66.7198,61.9258,0.0373,0.0207,0.0161
Herato0801,8100001,8150000,8122468,33921,2701,47.8062,46.4373,0.0145,0.0075,0.006
Herato0801,8150001,8200000,8175612,35216,2940,47.9792,50.7699,-0.0283,-0.0129,-0.0101
Herato0801,8200001,8250000,8223152,34445,2385,41.1794,41.3859,-0.0025,-0.0011,-0.0009
Herato0801,8250001,8300000,8275928,37786,2286,41.9212,46.622,-0.0531,-0.0228,-0.0183
Herato0801,8300001,8350000,8325254,37749,3671,67.2111,63.276,0.0302,0.0136,0.011
Herato0801,8350001,8400000,8375667,35971,3571,54.4988,52.2391,0.0212,0.0082,0.0066
Herato0801,8400001,8450000,8425001,36474,3085,56.0615,62.4774,-0.0541,-0.0272,-0.0214
Herato0801,8450001,8500000,8475185,35992,3188,62.7574,60.4241,0.0189,0.0109,0.0083
Herato0801,8500001,8550000,8524270,33309,2228,36.3988,41.1049,-0.0607,-0.025,-0.0202
Herato0801,8550001,8600000,8575740,34522,2908,46.9858,55.662,-0.0845,-0.049,-0.0355
Herato0801,8600001,8650000,8624793,35278,2914,46.9834,45.5118,0.0159,0.0071,0.0056
Herato0801,8650001,8700000,8674324,31100,2186,32.6916,35.8192,-0.0457,-0.0198,-0.0156
Herato0801,8700001,8750000,8725246,34743,2720,45.7484,45.985,-0.0026,-0.0013,-0.001
Herato0801,8750001,8800000,8775832,33454,2418,36.2829,43.0705,-0.0855,-0.0349,-0.0271
Herato0801,8800001,8850000,8824649,29088,2207,31.0082,37.4453,-0.094,-0.0365,-0.0283
Herato0801,8850001,8900000,8875965,36391,2799,55.7768,43.7104,0.1213,0.0528,0.0414
Herato0801,8900001,8950000,8926660,33956,2713,38.9125,47.2081,-0.0963,-0.0286,-0.0227
Herato0801,8950001,9000000,8977252,33542,1848,35.5599,31.4437,0.0614,0.016,0.0131
Herato0801,9000001,9050000,9024998,37212,2679,60.4008,61.8443,-0.0118,-0.004,-0.0031
Herato0801,9050001,9100000,9074550,33329,2135,40.6865,44.2475,-0.0419,-0.0136,-0.0106
Herato0801,9100001,9150000,9127367,26997,2389,36.4989,43.576,-0.0884,-0.0338,-0.0263
Herato0801,9150001,9200000,9174336,31504,2687,43.0065,31.3435,0.1569,0.0508,0.0415
Herato0801,9200001,9250000,9224759,30345,2710,33.6409,34.2956,-0.0096,-0.0033,-0.0027
Herato0801,9250001,9300000,9260863,12996,809,12.5189,10.0941,0.1072,0.0488,0.0403
Herato0802,1,50000,17462,17915,714,7.4708,6.8345,0.0445,0.0207,0.0155
Herato0803,1,50000,25311,26499,2114,28.734,28.1663,0.01,0.0068,0.005
Herato0803,50001,100000,72428,21613,761,8.2417,6.8862,0.0896,0.0322,0.0251
Herato0803,100001,150000,118414,17920,742,9.0994,8.478,0.0354,0.0248,0.0173
Herato0804,1,50000,25352,25856,1428,16.0016,14.3282,0.0552,0.0284,0.0211
Herato0804,50001,100000,66010,18761,874,10.5476,11.2292,-0.0313,-0.0232,-0.0158
Herato0805,1,50000,17717,14976,586,8.9928,5.7936,0.2164,0.1073,0.0828
Herato0806,1,50000,26767,23352,1371,12.1294,15.6437,-0.1265,-0.0643,-0.0473
Herato0806,50001,100000,67589,16767,843,9.1487,7.9862,0.0678,0.0301,0.0219
Herato0807,1,50000,24903,24404,1061,12.4118,13.7465,-0.051,-0.027,-0.0201
Herato0807,50001,100000,74574,26356,1114,16.4696,12.8599,0.1231,0.0686,0.0556
Herato0807,100001,150000,118072,16269,502,5.0832,3.9658,0.1235,0.0554,0.0409
Herato0808,1,50000,26757,27682,873,10.4829,10.171,0.0151,0.0072,0.0054
Herato0808,50001,100000,70171,18793,906,10.8141,11.4567,-0.0289,-0.0177,-0.0124
Herato0808,100001,150000,114640,14861,393,3.5054,3.4756,0.0043,0.0019,0.0014
Herato0809,1,50000,26921,22065,490,5.9444,8.1022,-0.1536,-0.0934,-0.067
Herato0810,1,50000,23863,27446,2247,27.1957,27.2993,-0.0019,-0.0012,-0.0008
Herato0811,1,50000,17965,20020,1294,14.8165,13.4549,0.0482,0.0236,0.0184
Herato0812,1,50000,21592,22319,992,8.812,10.0351,-0.0649,-0.0304,-0.0228
Herato0813,1,50000,11155,11997,371,4.0203,3.2117,0.1118,0.0391,0.0324
Herato0814,1,50000,25178,28433,674,10.8218,10.7729,0.0023,0.0016,0.0012
Herato0814,50001,100000,60145,9666,592,8.1544,7.3926,0.049,0.0291,0.0222
Herato0815,1,50000,15182,12944,347,3.0169,2.6659,0.0618,0.0215,0.0178
Herato0817,1,50000,13231,12481,532,6.419,6.8294,-0.031,-0.0164,-0.0126
Herato0818,1,50000,24649,23163,667,6.2547,6.093,0.0131,0.0064,0.0045
Herato0818,50001,100000,55596,6673,280,2.6159,2.2978,0.0647,0.0303,0.0221
Herato0819,1,50000,25415,19923,981,8.3546,7.2185,0.073,0.0262,0.02
Herato0819,50001,100000,75032,25507,1016,11.6627,9.1034,0.1232,0.0613,0.0479
Herato0820,1,50000,23138,25129,1229,17.1209,14.8077,0.0725,0.0509,0.0375
Herato0821,1,50000,26219,30744,2297,39.7503,38.4287,0.0169,0.0089,0.0066
Herato0821,50001,100000,74901,35203,3657,65.3357,70.4979,-0.038,-0.0192,-0.015
Herato0821,100001,150000,124219,35067,2839,63.3639,57.9865,0.0443,0.0289,0.0218
Herato0821,150001,200000,175294,35858,2743,50.0855,48.0271,0.021,0.0107,0.0082
Herato0821,200001,250000,224738,37813,3332,63.8559,69.143,-0.0398,-0.0183,-0.0147
Herato0821,250001,300000,275984,36982,3469,62.9242,65.3689,-0.0191,-0.0093,-0.0073
Herato0821,300001,350000,324192,35981,3672,61.0636,60.1745,0.0073,0.0036,0.0028
Herato0821,350001,400000,373938,33410,2817,51.6675,46.4817,0.0528,0.0261,0.0203
Herato0821,400001,450000,424876,34478,2911,48.4492,49.4452,-0.0102,-0.0053,-0.004
Herato0821,450001,500000,475218,35649,3428,62.0726,55.9427,0.0519,0.0305,0.0236
Herato0821,500001,550000,525198,35038,2569,44.8129,43.3238,0.0169,0.0088,0.0066
Herato0821,550001,600000,574851,33445,3379,57.6782,69.7212,-0.0945,-0.044,-0.034
Herato0821,600001,650000,624864,34209,2245,42.7939,45.5274,-0.0309,-0.0135,-0.0108
Herato0821,650001,700000,675098,32562,2385,39.0759,43.578,-0.0545,-0.0241,-0.0188
Herato0821,700001,750000,724803,33886,2776,47.4105,47.6214,-0.0022,-0.0013,-0.0009
Herato0821,750001,800000,775410,33345,2743,43.0672,45.3565,-0.0259,-0.0111,-0.0085
Herato0821,800001,850000,825458,34139,3577,53.5671,56.1444,-0.0235,-0.0134,-0.0096
Herato0821,850001,900000,872880,32060,3012,55.1168,50.0108,0.0486,0.0234,0.0179
Herato0821,900001,950000,926162,32913,3328,54.181,53.8993,0.0026,0.0012,0.0009
Herato0821,950001,1000000,973814,33766,3300,52.6355,62.6513,-0.0869,-0.0462,-0.0339
Herato0821,1000001,1050000,1025365,29537,2749,39.3121,41.7659,-0.0303,-0.0139,-0.0104
Herato0821,1050001,1100000,1075328,34428,3301,58.3541,55.5232,0.0249,0.0124,0.0095
Herato0821,1100001,1150000,1125230,32959,3078,53.9537,46.8731,0.0702,0.0362,0.0273
Herato0821,1150001,1200000,1175267,36578,2758,45.7528,56.6525,-0.1064,-0.0572,-0.0419
Herato0821,1200001,1250000,1224670,34440,2418,38.7345,32.3803,0.0894,0.0408,0.0319
Herato0821,1250001,1300000,1276270,32570,2279,32.709,36.4198,-0.0537,-0.0334,-0.0218
Herato0821,1300001,1350000,1329653,17952,1221,23.4557,23.1466,0.0066,0.0032,0.0024
Herato0821,1350001,1400000,1376526,30290,1620,32.6801,30.6815,0.0315,0.0153,0.0114
Herato0821,1400001,1450000,1424965,27276,1916,38.2573,33.5434,0.0657,0.0274,0.0208
Herato0821,1450001,1500000,1472746,30357,2211,37.408,37.5472,-0.0019,-0.0008,-0.0006
Herato0821,1500001,1550000,1524662,28763,526,9.214,6.9283,0.1416,0.0829,0.0612
Herato0821,1550001,1600000,1574793,34359,3007,55.3071,47.3188,0.0778,0.034,0.0263
Herato0821,1600001,1650000,1624479,29803,2673,45.0691,51.6852,-0.0684,-0.0407,-0.0294
Herato0821,1650001,1700000,1675567,28776,2252,42.1316,46.0643,-0.0446,-0.0219,-0.0165
Herato0821,1700001,1750000,1724507,32613,2361,41.2854,38.942,0.0292,0.0135,0.0104
Herato0821,1750001,1800000,1774876,32649,2536,42.4873,39.8179,0.0324,0.0128,0.0101
Herato0821,1800001,1850000,1824888,31565,2443,38.4708,38.1277,0.0045,0.0018,0.0014
Herato0821,1850001,1900000,1875983,35565,2872,58.6264,54.5969,0.0356,0.0194,0.0151
Herato0821,1900001,1950000,1922907,31157,2310,42.1725,53.9158,-0.1222,-0.0438,-0.035
Herato0821,1950001,2000000,1974655,36029,2648,49.4875,54.5126,-0.0483,-0.0194,-0.0153
Herato0821,2000001,2050000,2025220,35951,3019,56.6132,59.6743,-0.0263,-0.0123,-0.0094
Herato0821,2050001,2100000,2074986,34562,3385,50.2234,56.1332,-0.0556,-0.0291,-0.0212
Herato0821,2100001,2150000,2126008,37564,3397,62.566,56.0282,0.0551,0.0222,0.0177
Herato0821,2150001,2200000,2174705,40439,3679,70.1761,65.8168,0.0321,0.0189,0.0142
Herato0821,2200001,2250000,2225133,37688,4106,68.7372,75.4512,-0.0466,-0.0276,-0.0198
Herato0821,2250001,2300000,2275152,37498,4165,67.4165,67.7361,-0.0024,-0.0015,-0.0011
Herato0821,2300001,2350000,2324635,37266,4447,85.7149,80.1269,0.0337,0.0199,0.0151
Herato0821,2350001,2400000,2375085,37117,3979,66.3341,59.4202,0.055,0.0332,0.0248
Herato0821,2400001,2450000,2424671,33875,3317,54.8261,53.8898,0.0086,0.004,0.0031
Herato0821,2450001,2500000,2474520,33491,3345,60.0696,67.8451,-0.0608,-0.0307,-0.0236
Herato0821,2500001,2550000,2525181,35258,3369,68.3814,71.1552,-0.0199,-0.0099,-0.0075
Herato0821,2550001,2600000,2574010,32836,3225,57.0048,51.7561,0.0483,0.0254,0.0194
Herato0821,2600001,2650000,2624906,36830,3410,59.8767,52.8261,0.0626,0.03,0.0236
Herato0821,2650001,2700000,2675172,37470,3592,56.4004,62.8837,-0.0544,-0.0294,-0.022
Herato0821,2700001,2750000,2724993,36290,3538,60.3378,59.9629,0.0031,0.002,0.0014
Herato0821,2750001,2800000,2775619,33516,3333,56.0479,59.6482,-0.0311,-0.0146,-0.0113
Herato0821,2800001,2850000,2824306,37300,3237,67.9044,58.394,0.0753,0.0479,0.0348
Herato0821,2850001,2900000,2875112,35983,3367,62.9309,57.0009,0.0494,0.0213,0.0167
Herato0821,2900001,2950000,2924312,36301,3792,61.7515,68.0217,-0.0483,-0.0201,-0.0157
Herato0821,2950001,3000000,2973203,35267,2927,63.9283,62.5297,0.0111,0.0068,0.0053
Herato0821,3000001,3050000,3025410,37139,4346,72.6863,70.8861,0.0125,0.0063,0.005
Herato0821,3050001,3100000,3072536,34320,3047,54.4241,47.8928,0.0638,0.0222,0.0182
Herato0821,3100001,3150000,3124910,29535,2189,41.6683,40.319,0.0165,0.0064,0.005
Herato0821,3150001,3200000,3174418,37670,4019,67.8329,70.9808,-0.0227,-0.011,-0.0084
Herato0821,3200001,3250000,3224695,35018,2882,53.0496,51.522,0.0146,0.0076,0.0058
Herato0821,3250001,3300000,3275664,35471,3510,66.0242,63.634,0.0184,0.0089,0.007
Herato0821,3300001,3350000,3324386,35703,3284,58.3619,58.9051,-0.0046,-0.002,-0.0016
Herato0821,3350001,3400000,3371906,27400,2625,52.2712,40.0834,0.132,0.0778,0.0572
Herato0821,3400001,3450000,3425059,37449,4369,85.1645,86.4559,-0.0075,-0.0051,-0.0037
Herato0821,3450001,3500000,3474744,35184,3281,60.1885,68.0606,-0.0614,-0.0422,-0.0306
Herato0821,3500001,3550000,3511958,19591,1069,9.175,8.3783,0.0454,0.0281,0.021
