scaffold,start,end,mid,sites,sitesUsed,ABBA,BABA,D,fd,fdM
Herato0501,1,50000,25056,38251,2095,19.0038,23.3839,-0.1033,-0.1672,-0.0873
Herato0501,50001,100000,75020,38474,3057,48.6238,43.6472,0.0539,0.0893,0.0493
Herato0501,100001,150000,124732,36434,4819,75.8922,79.0976,-0.0207,-0.0346,-0.0181
Herato0501,150001,200000,175368,33547,4996,80.0573,79.9522,0.0007,0.001,0.0006
Herato0501,200001,250000,224727,35639,5601,81.4172,74.7142,0.0429,0.063,0.0369
Herato0501,250001,300000,275118,35563,6065,83.6852,81.6881,0.0121,0.017,0.0098
Herato0501,300001,350000,321991,27791,4402,60.9467,57.04,0.0331,0.0446,0.0265
Herato0501,350001,400000,375105,35989,5231,71.4289,77.698,-0.042,-0.068,-0.0368
Herato0501,400001,450000,425894,32487,4649,63.0387,66.8858,-0.0296,-0.0453,-0.0242
Herato0501,450001,500000,475701,33111,5049,68.3762,68.2058,0.0012,0.0017,0.001
Herato0501,500001,550000,525552,34510,4508,59.4383,60.0401,-0.005,-0.0061,-0.0036
Herato0501,550001,600000,576252,34505,4476,65.3228,73.6645,-0.06,-0.1001,-0.0534
Herato0501,600001,650000,624552,35072,4690,71.4508,69.0559,0.017,0.0255,0.0147
Herato0501,650001,700000,674068,32397,3773,53.8062,52.5223,0.0121,0.0176,0.0098
Herato0501,700001,750000,723800,34118,2912,42.4741,43.6608,-0.0138,-0.0224,-0.012
Herato0501,750001,800000,775690,33706,3239,45.5155,46.5126,-0.0108,-0.0172,-0.0091
Herato0501,800001,850000,825502,32377,4375,57.5631,57.2609,0.0026,0.0037,0.002
Herato0501,850001,900000,874859,33426,4685,64.6667,64.2159,0.0035,0.0046,0.0027
Herato0501,900001,950000,925107,35561,4707,70.4653,71.5582,-0.0077,-0.0101,-0.006
Herato0501,950001,1000000,973812,33770,4974,64.3759,64.049,0.0025,0.0034,0.002
Herato0501,1000001,1050000,1024992,37085,4398,60.7118,58.5466,0.0182,0.0252,0.0148
Herato0501,1050001,1100000,1076034,38848,4522,58.1654,64.295,-0.0501,-0.0654,-0.0378
Herato0501,1100001,1150000,1124668,33788,3308,57.5098,55.5934,0.0169,0.0246,0.0148
Herato0501,1150001,1200000,1177338,27592,2091,33.182,38.6548,-0.0762,-0.1167,-0.0678
Herato0501,1200001,1250000,1224603,35264,4573,59.5621,63.8356,-0.0346,-0.0388,-0.0233
Herato0501,1250001,1300000,1257205,9728,1411,13.2433,15.8998,-0.0912,-0.1018,-0.0612
Herato0502,1,50000,25073,30371,1954,24.7151,25.21,-0.0099,-0.0133,-0.0078
Herato0502,50001,100000,75304,31708,2631,21.6637,23.6965,-0.0448,-0.0495,-0.0296
Herato0502,100001,150000,124669,30924,2088,18.0046,19.7201,-0.0455,-0.0548,-0.031
Herato0502,150001,200000,174768,30109,1946,19.5925,19.4642,0.0033,0.0039,0.0024
Herato0502,200001,250000,220184,16963,1361,15.1796,18.0174,-0.0855,-0.1445,-0.0738
Herato0503,1,50000,24921,34377,5047,67.9675,72.2005,-0.0302,-0.043,-0.0243
Herato0503,50001,100000,75634,31387,3925,53.8956,48.547,0.0522,0.0696,0.0431
Herato0503,100001,150000,123753,32396,3504,47.1355,49.9468,-0.029,-0.0381,-0.0216
Herato0503,150001,200000,174675,27656,2656,35.0127,35.0905,-0.0011,-0.0013,-0.0008
Herato0503,200001,250000,225652,33566,3109,28.7873,27.895,0.0157,0.0146,0.0089
Herato0503,250001,300000,274911,38552,3874,59.6236,53.3257,0.0558,0.0835,0.0472
Herato0503,300001,350000,325301,35252,4363,53.0661,53.5858,-0.0049,-0.007,-0.0038
Herato0503,350001,400000,375061,33500,4336,58.0358,55.437,0.0229,0.0314,0.0182
Herato0503,400001,450000,425097,34790,3702,51.8153,49.2618,0.0253,0.0362,0.0213
Herato0503,450001,500000,474105,32664,2427,39.0023,36.5826,0.032,0.0417,0.0249
Herato0503,500001,550000,524654,35821,4258,56.9916,66.966,-0.0805,-0.1409,-0.0716
Herato0503,550001,600000,575208,35228,3128,47.7434,49.1796,-0.0148,-0.0229,-0.0121
Herato0503,600001,650000,624304,33306,3333,40.0766,43.5269,-0.0413,-0.0637,-0.0348
Herato0503,650001,700000,674349,32701,3668,51.4036,49.9788,0.0141,0.0196,0.0112
Herato0503,700001,750000,724438,33802,4717,62.2729,61.7755,0.004,0.0053,0.0031
Herato0503,750001,800000,775254,33696,3946,54.1672,58.5302,-0.0387,-0.058,-0.0323
Herato0503,800001,850000,824612,34085,3736,44.7393,45.2722,-0.0059,-0.0069,-0.0041
Herato0503,850001,900000,874850,33972,4212,61.49,60.4385,0.0086,0.012,0.0067
Herato0503,900001,950000,924952,32873,4159,53.2081,57.4872,-0.0387,-0.0556,-0.0308
Herato0503,950001,1000000,975185,35150,4375,58.9125,62.8725,-0.0325,-0.0457,-0.0255
Herato0503,1000001,1050000,1025078,37938,4575,62.6201,62.0903,0.0042,0.0062,0.0036
Herato0503,1050001,1100000,1074695,38209,4527,56.9229,54.8291,0.0187,0.0287,0.0156
Herato0503,1100001,1150000,1118572,28462,2950,36.9916,45.3789,-0.1018,-0.1664,-0.0861
Herato0503,1150001,1200000,1174734,34633,4526,67.445,61.7451,0.0441,0.0599,0.036
Herato0503,1200001,1250000,1225056,34734,4368,57.4978,59.3059,-0.0155,-0.021,-0.0124
Herato0503,1250001,1300000,1275349,34853,4439,53.9753,62.5812,-0.0738,-0.1119,-0.0588
Herato0503,1300001,1350000,1324875,34854,4045,58.2934,54.0406,0.0379,0.0547,0.0325
Herato0503,1350001,1400000,1374553,36713,3102,47.6359,47.4419,0.002,0.0028,0.0017
Herato0503,1400001,1450000,1424815,35366,3999,57.9654,57.2734,0.006,0.0087,0.0048
Herato0503,1450001,1500000,1474962,34142,3557,44.7779,48.9491,-0.0445,-0.0609,-0.0347
Herato0503,1500001,1550000,1525869,33109,3786,52.2537,54.4964,-0.021,-0.0283,-0.0159
Herato0503,1550001,1600000,1574866,33355,3795,50.8467,50.042,0.008,0.0114,0.0064
Herato0503,1600001,1650000,1623800,38180,3721,84.3029,76.9099,0.0459,0.0773,0.044
Herato0503,1650001,1700000,1674651,36001,4503,65.8227,60.5448,0.0418,0.0519,0.033
Herato0503,1700001,1750000,1725464,37760,4623,59.1004,56.1573,0.0255,0.0323,0.0197
Herato0503,1750001,1800000,1774761,36699,4188,56.7897,57.8955,-0.0096,-0.0138,-0.0079
Herato0503,1800001,1850000,1825007,37064,4181,57.0047,63.8514,-0.0567,-0.0918,-0.0469
Herato0503,1850001,1900000,1874834,34162,3158,40.7598,43.5004,-0.0325,-0.0415,-0.0245
Herato0503,1900001,1950000,1924484,29894,2050,20.0459,20.362,-0.0078,-0.0112,-0.0061
Herato0503,1950001,2000000,1974217,30211,2653,23.5989,26.4451,-0.0569,-0.0687,-0.0397
Herato0503,2000001,2050000,2024715,29188,3998,46.6485,45.1576,0.0162,0.0214,0.0128
Herato0503,2050001,2100000,2077810,32065,2240,35.387,34.4882,0.0129,0.0266,0.0149
Herato0503,2100001,2150000,2124374,35829,3852,60.0275,70.5281,-0.0804,-0.139,-0.0731
Herato0503,2150001,2200000,2175392,36052,3990,62.8685,61.3083,0.0126,0.0175,0.0104
Herato0503,2200001,2250000,2225257,36262,4315,65.9179,64.5915,0.0102,0.0163,0.0094
Herato0503,2250001,2300000,2275166,33795,3713,50.1748,50.1284,0.0005,0.0006,0.0003
Herato0503,2300001,2350000,2325577,35754,4642,68.7762,65.1983,0.0267,0.036,0.0215
Herato0503,2350001,2400000,2374406,38134,4151,61.7624,60.322,0.0118,0.0166,0.0097
Herato0503,2400001,2450000,2424323,37828,4138,66.071,58.9821,0.0567,0.0779,0.0467
Herato0503,2450001,2500000,2474804,39667,4834,72.3184,72.0852,0.0016,0.0022,0.0013
Herato0503,2500001,2550000,2525546,34533,3874,50.7803,52.8327,-0.0198,-0.0229,-0.0136
Herato0503,2550001,2600000,2574798,33651,3417,49.0801,47.2269,0.0192,0.025,0.0148
Herato0503,2600001,2650000,2625434,34622,3220,41.7961,44.9125,-0.0359,-0.0452,-0.0246
Herato0503,2650001,2700000,2674406,32860,4013,54.9862,60.8174,-0.0504,-0.0606,-0.0361
Herato0503,2700001,2750000,2725130,29175,3511,43.4702,51.7198,-0.0867,-0.1283,-0.069
Herato0503,2750001,2800000,2774772,33796,3631,45.8426,51.0288,-0.0535,-0.0726,-0.0408
Herato0503,2800001,2850000,2823097,31025,3202,44.3253,40.1259,0.0497,0.0657,0.039
Herato0503,2850001,2900000,2875615,33756,3202,39.9866,38.8429,0.0145,0.016,0.01
Herato0503,2900001,2950000,2925007,35290,3742,48.2936,54.9004,-0.064,-0.0789,-0.0471
Herato0503,2950001,3000000,2975017,34215,4595,62.0138,63.5256,-0.012,-0.0189,-0.0106
Herato0503,3000001,3050000,3024211,33780,3960,53.7342,48.8574,0.0475,0.0595,0.0366
Herato0503,3050001,3100000,3074639,33872,3858,51.1573,50.563,0.0058,0.0074,0.0043
Herato0503,3100001,3150000,3124855,34400,4427,56.5888,58.3421,-0.0153,-0.0175,-0.0107
Herato0503,3150001,3200000,3172310,29531,2521,24.7815,29.492,-0.0868,-0.1041,-0.0586
Herato0503,3200001,3250000,3225628,31963,3360,45.1303,44.7835,0.0039,0.0046,0.0028
Herato0503,3250001,3300000,3275040,36829,4731,63.7746,66.8476,-0.0235,-0.0326,-0.0189
Herato0503,3300001,3350000,3323122,31073,4059,44.7619,48.8425,-0.0436,-0.0636,-0.0347
Herato0503,3350001,3400000,3376435,33007,4127,49.7407,51.874,-0.021,-0.0293,-0.0166
Herato0503,3400001,3450000,3425186,34985,3675,58.5354,51.7645,0.0614,0.0755,0.0475
Herato0503,3450001,3500000,3474389,35977,3824,53.8616,50.4819,0.0324,0.0427,0.0254
Herato0503,3500001,3550000,3524386,30660,3221,43.5741,46.564,-0.0332,-0.049,-0.0273
Herato0503,3550001,3600000,3574468,36555,4263,60.7834,67.1355,-0.0497,-0.0806,-0.0448
Herato0503,3600001,3650000,3624414,36182,3530,53.9531,46.4763,0.0744,0.0925,0.0582
Herato0503,3650001,3700000,3674664,33471,3225,45.9202,44.7649,0.0127,0.017,0.0104
Herato0503,3700001,3750000,3725377,34966,4004,59.435,59.3791,0.0005,0.0008,0.0004
Herato0503,3750001,3800000,3774785,34016,3394,45.2069,42.7725,0.0277,0.0356,0.0215
Herato0503,3800001,3850000,3826784,30204,3094,43.9242,41.981,0.0226,0.0308,0.0176
Herato0503,3850001,3900000,3874491,34455,3652,46.3322,43.6553,0.0297,0.0413,0.0237
Herato0503,3900001,3950000,3925112,34402,4065,52.4363,53.6358,-0.0113,-0.016,-0.0087
Herato0503,3950001,4000000,3974668,36159,4451,61.2489,59.5964,0.0137,0.0204,0.0119
Herato0503,4000001,4050000,4024941,35519,4164,57.6521,61.4858,-0.0322,-0.0494,-0.0274
Herato0503,4050001,4100000,4073896,34514,3975,52.5375,59.4839,-0.062,-0.0999,-0.053
Herato0503,4100001,4150000,4123248,32430,3593,51.0846,52.421,-0.0129,-0.0192,-0.0113
Herato0503,4150001,4200000,4174992,36183,4919,66.8436,64.912,0.0147,0.0209,0.0121
Herato0503,4200001,4250000,4224625,34637,4016,50.6371,54.983,-0.0411,-0.0538,-0.0314
Herato0503,4250001,4300000,4275024,35962,4264,58.5514,61.408,-0.0238,-0.032,-0.0183
Herato0503,4300001,4350000,4324747,34851,3849,53.7909,54.7979,-0.0093,-0.0121,-0.007
Herato0503,4350001,4400000,4376309,30984,2804,36.8157,37.5186,-0.0095,-0.0114,-0.0069
Herato0503,4400001,4450000,4425083,34869,3802,44.8391,52.7293,-0.0809,-0.1125,-0.0615
Herato0503,4450001,4500000,4474793,35276,3567,49.1249,51.4254,-0.0229,-0.0303,-0.0178
Herato0503,4500001,4550000,4525610,34510,3573,49.4965,48.1851,0.0134,0.0173,0.0103
Herato0503,4550001,4600000,4574961,35282,3981,52.5559,59.9759,-0.0659,-0.0992,-0.0542
Herato0503,4600001,4650000,4625517,32940,3482,46.5289,49.8465,-0.0344,-0.046,-0.0258
Herato0503,4650001,4700000,4676365,29324,2589,31.3404,35.985,-0.069,-0.0905,-0.0527
Herato0503,4700001,4750000,4724953,34021,3727,47.3413,54.2288,-0.0678,-0.0896,-0.0505
Herato0503,4750001,4800000,4775866,35669,3279,49.839,50.7563,-0.0091,-0.0129,-0.0074
Herato0503,4800001,4850000,4824405,35891,3418,63.7383,67.7076,-0.0302,-0.0632,-0.0323
Herato0503,4850001,4900000,4875194,34269,2997,45.183,45.4751,-0.0032,-0.0042,-0.0025
Herato0503,4900001,4950000,4924691,37993,3863,55.3229,58.7006,-0.0296,-0.0445,-0.0251
Herato0503,4950001,5000000,4973527,35439,2764,40.4795,43.2214,-0.0328,-0.0537,-0.0285
Herato0503,5000001,5050000,5026026,34011,1601,23.3241,30.6211,-0.1353,-0.2169,-0.1167
Herato0503,5050001,5100000,5074428,37261,4255,65.7881,61.5599,0.0332,0.0489,0.0293
Herato0503,5100001,5150000,5124185,34814,4280,70.2032,70.2395,-0.0003,-0.0004,-0.0002
Herato0503,5150001,5200000,5177305,30568,2886,46.6166,48.5544,-0.0204,-0.0303,-0.0174
Herato0503,5200001,5250000,5225284,31911,3261,49.4896,54.4781,-0.048,-0.0717,-0.0416
Herato0503,5250001,5300000,5275306,35814,4365,61.6221,67.2229,-0.0435,-0.0687,-0.0364
Herato0503,5300001,5350000,5325685,33335,3096,42.5311,42.0624,0.0055,0.0074,0.0044
Herato0503,5350001,5400000,5374738,35968,4186,60.7902,55.4563,0.0459,0.062,0.0366
Herato0503,5400001,5450000,5424091,30738,3493,44.943,44.2538,0.0077,0.0107,0.006
Herato0503,5450001,5500000,5474738,35457,3552,47.2779,46.3285,0.0101,0.0143,0.0084
Herato0503,5500001,5550000,5524823,34446,3484,39.4229,39.8296,-0.0051,-0.0061,-0.0037
Herato0503,5550001,5600000,5574026,32846,2988,29.9923,33.8339,-0.0602,-0.0825,-0.0459
Herato0503,5600001,5650000,5626254,32972,3356,39.2778,41.5082,-0.0276,-0.0371,-0.0211
Herato0503,5650001,5700000,5675180,35723,2916,38.1215,31.1418,0.1008,0.1214,0.0765
Herato0503,5700001,5750000,5724833,35036,2252,33.2782,35.8915,-0.0378,-0.0619,-0.0346
Herato0503,5750001,5800000,5775962,34056,3065,46.4543,47.2947,-0.009,-0.0136,-0.0079
Herato0503,5800001,5850000,5825271,39471,3538,57.2137,51.7774,0.0499,0.0735,0.0449
Herato0503,5850001,5900000,5875231,31663,2895,43.8132,45.8024,-0.0222,-0.0329,-0.0188
Herato0503,5900001,5950000,5925272,37211,3725,61.3399,64.7106,-0.0267,-0.0464,-0.0247
Herato0503,5950001,6000000,5975088,36126,4444,61.3089,66.6587,-0.0418,-0.0668,-0.0373
Herato0503,6000001,6050000,6024313,34242,4012,51.3927,59.7214,-0.075,-0.1091,-0.0601
Herato0503,6050001,6100000,6076627,38072,3480,50.6635,46.6918,0.0408,0.0607,0.0339
Herato0503,6100001,6150000,6126264,32020,3659,42.3933,47.9014,-0.061,-0.0747,-0.045
Herato0503,6150001,6200000,6174008,34502,4169,52.2222,49.9934,0.0218,0.034,0.0185
Herato0503,6200001,6250000,6224554,37040,4640,72.2384,68.8746,0.0238,0.0362,0.0221
Herato0503,6250001,6300000,6274652,37270,4440,67.7459,70.1719,-0.0176,-0.0272,-0.0151
Herato0503,6300001,6350000,6325009,36925,4144,54.6651,61.15,-0.056,-0.0961,-0.0495
Herato0503,6350001,6400000,6374654,36701,4575,65.2018,66.565,-0.0103,-0.016,-0.009
Herato0503,6400001,6450000,6425081,37488,4201,55.3393,61.9706,-0.0565,-0.0955,-0.0506
Herato0503,6450001,6500000,6474783,34912,3499,46.565,48.0179,-0.0154,-0.0213,-0.0125
Herato0503,6500001,6550000,6524752,35322,3953,51.0148,52.8284,-0.0175,-0.0251,-0.0139
Herato0503,6550001,6600000,6574697,38012,4525,61.881,60.9404,0.0077,0.0098,0.0058
Herato0503,6600001,6650000,6624798,35096,3547,51.6091,43.5165,0.0851,0.0941,0.0612
Herato0503,6650001,6700000,6675023,36419,4869,68.4046,65.2894,0.0233,0.0327,0.0196
Herato0503,6700001,6750000,6724996,38625,4208,64.3248,61.7595,0.0203,0.0283,0.0167
Herato0503,6750001,6800000,6774935,36702,4958,66.3927,60.0517,0.0501,0.0694,0.0413
Herato0503,6800001,6850000,6825054,30736,3029,44.6132,46.4876,-0.0206,-0.031,-0.0173
Herato0503,6850001,6900000,6874962,34865,3784,54.6539,57.3297,-0.0239,-0.0346,-0.0193
Herato0503,6900001,6950000,6925337,37847,4667,70.6349,75.9683,-0.0364,-0.0611,-0.0328
Herato0503,6950001,7000000,6975032,36350,4094,52.3931,55.5997,-0.0297,-0.0464,-0.0255
Herato0503,7000001,7050000,7025726,35369,4089,61.0125,61.546,-0.0044,-0.0076,-0.004
Herato0503,7050001,7100000,7076210,32831,3454,48.5025,44.0478,0.0481,0.0676,0.0382
Herato0503,7100001,7150000,7125483,34210,3628,50.0,49.1121,0.009,0.0119,0.0069
Herato0503,7150001,7200000,7175190,34258,3901,53.558,62.0488,-0.0734,-0.0919,-0.0522
Herato0503,7200001,7250000,7225983,33918,3545,48.7425,50.0183,-0.0129,-0.0174,-0.0096
Herato0503,7250001,7300000,7269022,26874,2389,30.8278,36.3036,-0.0816,-0.1244,-0.0645
Herato0503,7300001,7350000,7327097,26311,1967,23.828,22.0467,0.0388,0.0426,0.0264
Herato0503,7350001,7400000,7375220,34305,3518,53.4001,46.7359,0.0666,0.0906,0.0555
Herato0503,7400001,7450000,7425603,37988,3207,46.0681,52.1232,-0.0617,-0.1045,-0.0579
Herato0503,7450001,7500000,7474489,36873,3922,55.9124,70.9746,-0.1187,-0.2039,-0.1011
Herato0503,7500001,7550000,7525618,38460,4022,73.033,66.9138,0.0437,0.0696,0.0406
Herato0503,7550001,7600000,7574090,37304,1339,19.9679,16.3414,0.0999,0.1538,0.0897
Herato0503,7600001,7650000,7623724,37575,3342,47.5702,51.1149,-0.0359,-0.0555,-0.0324
Herato0503,7650001,7700000,7679725,21269,2292,30.8983,28.6514,0.0377,0.0575,0.0344
Herato0503,7700001,7750000,7724896,36676,4143,49.8944,49.1553,0.0075,0.0101,0.0058
Herato0503,7750001,7800000,7774602,37162,3858,47.8056,55.8445,-0.0776,-0.1167,-0.0617
Herato0503,7800001,7850000,7824860,34776,3741,48.5365,49.6305,-0.0111,-0.0168,-0.0095
Herato0503,7850001,7900000,7873973,34906,3594,51.3643,48.6275,0.0274,0.0368,0.0221
Herato0503,7900001,7950000,7925153,34460,3729,46.6638,45.7396,0.01,0.0132,0.0077
Herato0503,7950001,8000000,7973256,31793,3314,43.532,45.5939,-0.0231,-0.0366,-0.0195
Herato0503,8000001,8050000,8024395,33684,3606,51.6395,43.4864,0.0857,0.1145,0.0724
Herato0503,8050001,8100000,8073925,31977,2912,36.4739,36.0704,0.0056,0.0082,0.0047
Herato0503,8100001,8150000,8125060,36311,4197,51.0706,57.514,-0.0593,-0.0849,-0.0482
Herato0503,8150001,8200000,8175121,37921,4284,60.1625,66.0353,-0.0465,-0.0811,-0.0423
Herato0503,8200001,8250000,8225719,38464,4311,64.9237,67.7414,-0.0212,-0.0374,-0.0206
Herato0503,8250001,8300000,8274441,39573,4514,72.1749,74.3723,-0.015,-0.0279,-0.0145
Herato0503,8300001,8350000,8325155,37314,3638,58.8195,62.188,-0.0278,-0.047,-0.0264
Herato0503,8350001,8400000,8375097,36430,4397,66.5909,67.0907,-0.0037,-0.006,-0.0034
Herato0503,8400001,8450000,8425203,35970,3939,55.3247,51.6246,0.0346,0.0501,0.029
Herato0503,8450001,8500000,8474801,35992,3555,39.4525,46.6969,-0.0841,-0.0991,-0.0573
Herato0503,8500001,8550000,8523176,31158,3277,48.8,47.7175,0.0112,0.0168,0.0096
Herato0503,8550001,8600000,8575215,33789,3909,52.5308,50.5828,0.0189,0.0252,0.015
Herato0503,8600001,8650000,8624536,35959,4277,56.6502,57.5147,-0.0076,-0.0107,-0.0062
Herato0503,8650001,8700000,8674834,34753,4113,54.6984,53.3862,0.0121,0.0166,0.0096
Herato0503,8700001,8750000,8724990,35538,3472,44.39,46.4219,-0.0224,-0.0318,-0.0181
Herato0503,8750001,8800000,8775482,34734,4034,52.3134,54.7941,-0.0232,-0.0308,-0.0172
Herato0503,8800001,8850000,8825035,36238,4435,60.0986,61.7445,-0.0135,-0.0184,-0.0104
Herato0503,8850001,8900000,8872755,28691,3295,43.4439,43.6206,-0.002,-0.003,-0.0016
Herato0503,8900001,8950000,8923993,29721,2340,32.3618,34.1125,-0.0263,-0.0408,-0.021
Herato0503,8950001,9000000,8971166,22573,2933,31.924,31.4407,0.0076,0.0092,0.0055
Herato0504,1,50000,20386,21868,1440,12.7984,13.3917,-0.0227,-0.0263,-0.0159
Herato0505,1,50000,25001,32329,1369,12.299,13.6181,-0.0509,-0.0535,-0.0309
Herato0506,1,50000,17619,21509,1192,13.8948,12.4902,0.0532,0.0592,0.0371
Herato0507,1,50000,26088,23588,1066,8.8011,9.3287,-0.0291,-0.0331,-0.02
Herato0507,50001,100000,75146,29346,1976,18.9373,19.144,-0.0054,-0.0068,-0.0041
Herato0507,100001,150000,121980,24143,2077,24.3758,23.1701,0.0254,0.0333,0.0209
Herato0507,150001,200000,175326,25497,988,11.735,10.7138,0.0455,0.0551,0.0347
Herato0507,200001,250000,215483,19462,1220,15.0014,14.448,0.0188,0.0241,0.0157
Herato0508,1,50000,25526,24715,547,4.1882,5.3414,-0.121,-0.1526,-0.0788
Herato0508,50001,100000,74436,25172,1611,15.6775,18.3871,-0.0795,-0.105,-0.0578
Herato0508,100001,150000,124352,26386,1683,18.7732,15.8094,0.0857,0.0961,0.0615
Herato0508,150001,200000,175076,32022,3662,42.2791,44.2481,-0.0228,-0.0334,-0.019
Herato0508,200001,250000,224744,34383,3741,57.2171,51.1274,0.0562,0.0727,0.0447
Herato0508,250001,300000,275245,36492,4018,65.9855,62.1162,0.0302,0.0485,0.0276
Herato0508,300001,350000,322842,31247,3499,54.3368,56.5024,-0.0195,-0.0304,-0.0174
Herato0508,350001,400000,375465,35463,4800,63.2777,58.3821,0.0402,0.0545,0.032
Herato0508,400001,450000,425410,35939,4282,54.0669,57.6951,-0.0325,-0.044,-0.0247
Herato0508,450001,500000,475382,22989,755,14.6153,16.0388,-0.0464,-0.095,-0.0526
Herato0508,500001,550000,524819,34307,3796,51.9481,52.7971,-0.0081,-0.0098,-0.0059
Herato0508,550001,600000,574845,33222,3374,49.0131,50.5338,-0.0153,-0.0216,-0.0123
Herato0508,600001,650000,623306,30286,2870,39.9514,42.5038,-0.031,-0.0441,-0.025
Herato0508,650001,700000,674751,33747,3562,49.9696,47.7486,0.0227,0.0337,0.0196
Herato0508,700001,750000,725556,34415,3223,51.9736,53.544,-0.0149,-0.0238,-0.0131
Herato0508,750001,800000,775411,36000,3982,53.6688,52.7737,0.0084,0.0115,0.0071
Herato0508,800001,850000,825271,31341,3445,44.9714,48.6839,-0.0396,-0.0591,-0.0328
Herato0508,850001,900000,875252,31441,2832,44.8151,53.0007,-0.0837,-0.1618,-0.0856
Herato0508,900001,950000,924931,35298,4426,60.1057,65.9348,-0.0462,-0.0718,-0.0394
Herato0508,950001,1000000,975011,34598,3505,52.4444,50.9612,0.0143,0.0208,0.0121
Herato0508,1000001,1050000,1025260,36043,4253,56.3739,52.6055,0.0346,0.0449,0.0276
Herato0508,1050001,1100000,1075046,35824,4586,57.0577,62.2015,-0.0431,-0.0626,-0.0348
Herato0508,1100001,1150000,1123211,33167,2249,24.5964,27.3253,-0.0526,-0.0806,-0.0444
Herato0508,1150001,1200000,1174494,30335,2484,28.5417,34.0286,-0.0877,-0.1197,-0.0652
Herato0508,1200001,1250000,1224683,35333,5253,71.4114,74.5199,-0.0213,-0.0326,-0.0184
Herato0508,1250001,1300000,1275390,34149,4769,65.6751,65.5156,0.0012,0.0017,0.001
Herato0508,1300001,1350000,1324982,32111,3984,58.7228,55.1119,0.0317,0.0448,0.0267
Herato0508,1350001,1400000,1375198,33834,4885,65.2059,65.5448,-0.0026,-0.0038,-0.0021
Herato0508,1400001,1450000,1422905,27799,3418,46.52,45.4508,0.0116,0.0156,0.009
Herato0508,1450001,1500000,1475367,32122,4389,53.9147,47.8703,0.0594,0.0745,0.0457
Herato0508,1500001,1550000,1525085,33961,4862,60.1174,67.332,-0.0566,-0.0862,-0.0463
Herato0508,1550001,1600000,1576518,29428,3735,49.0134,54.3351,-0.0515,-0.0694,-0.0396
Herato0508,1600001,1650000,1624993,34146,4777,63.6846,65.6132,-0.0149,-0.0215,-0.0118
Herato0508,1650001,1700000,1674983,34258,4365,60.6667,60.3515,0.0026,0.0033,0.002
Herato0508,1700001,1750000,1723537,32102,4100,50.6114,54.6044,-0.038,-0.0541,-0.0295
Herato0508,1750001,1800000,1773600,31347,4215,57.6062,61.6601,-0.034,-0.049,-0.0277
Herato0508,1800001,1850000,1825204,33626,4661,64.245,62.3682,0.0148,0.0206,0.0121
Herato0508,1850001,1900000,1874918,37157,4172,55.9589,60.3458,-0.0377,-0.0585,-0.0317
Herato0508,1900001,1950000,1925131,34325,3900,54.0322,52.4951,0.0144,0.0235,0.0129
Herato0508,1950001,2000000,1975620,32633,3700,56.0645,58.785,-0.0237,-0.0387,-0.0206
Herato0508,2000001,2050000,2025370,35445,4706,64.3585,63.5073,0.0067,0.0103,0.0056
Herato0508,2050001,2100000,2071981,29552,4512,71.7088,64.0942,0.0561,0.0801,0.048
Herato0508,2100001,2150000,2125195,37664,4434,68.0694,82.9104,-0.0983,-0.1817,-0.0894
Herato0508,2150001,2200000,2175012,33823,4554,62.5319,56.4966,0.0507,0.0765,0.046
Herato0508,2200001,2250000,2224920,35788,4990,65.1282,70.0568,-0.0365,-0.0562,-0.031
Herato0508,2250001,2300000,2275168,36957,5819,77.8636,83.1821,-0.033,-0.0503,-0.0277
Herato0508,2300001,2350000,2324536,32510,4870,71.9561,68.3127,0.026,0.0363,0.0217
Herato0508,2350001,2400000,2375044,33654,4067,53.7497,65.4296,-0.098,-0.1421,-0.0801
Herato0508,2400001,2450000,2425381,35390,4508,63.0892,60.6174,0.02,0.0289,0.0171
Herato0508,2450001,2500000,2475890,34155,4857,68.0446,62.538,0.0422,0.0536,0.0332
Herato0508,2500001,2550000,2524990,35782,5136,68.0695,66.6752,0.0103,0.0135,0.0082
Herato0508,2550001,2600000,2573513,31913,3873,52.875,52.0827,0.0075,0.0101,0.006
Herato0508,2600001,2650000,2625098,31373,3286,42.46,44.6832,-0.0255,-0.0352,-0.02
Herato0508,2650001,2700000,2657651,10193,740,11.3929,13.9886,-0.1023,-0.1888,-0.0993
Herato0509,1,50000,23352,34422,1260,20.4543,19.3462,0.0278,0.0474,0.0284
Herato0509,50001,100000,77568,34504,2622,54.6474,50.8005,0.0365,0.0692,0.0387
Herato0509,100001,150000,123537,31760,3906,57.191,64.2016,-0.0578,-0.0918,-0.051
Herato0509,150001,200000,178274,30580,4796,67.9159,69.4165,-0.0109,-0.0156,-0.0086
Herato0509,200001,250000,225345,35065,4365,61.0417,61.0101,0.0003,0.0004,0.0002
Herato0509,250001,300000,273981,31817,3050,41.5545,42.4853,-0.0111,-0.0154,-0.0086
Herato0509,300001,350000,302456,3335,421,4.9142,4.5507,0.0384,0.0556,0.0279
Herato0510,1,50000,20785,18324,615,9.2368,8.8327,0.0224,0.0272,0.0178
Herato0511,1,50000,25727,30494,1501,26.2055,30.379,-0.0738,-0.1095,-0.0658
Herato0511,50001,100000,74598,40203,1118,23.8163,25.5987,-0.0361,-0.0659,-0.0399
Herato0511,100001,150000,114777,21755,386,8.8493,6.998,0.1168,0.2794,0.1865
