scaffold,start,end,mid,sites,sitesUsed,ABBA,BABA,D,fd,fdM
Herato1301,1,50000,24996,41973,1479,11.3087,9.4201,0.0911,0.0293,0.0255
Herato1301,50001,100000,74337,40161,2413,33.928,44.0515,-0.1298,-0.0532,-0.0425
Herato1301,100001,150000,127042,33922,1891,24.4359,19.9884,0.1001,0.0391,0.0329
Herato1301,150001,200000,175610,39729,2479,38.2922,41.0578,-0.0349,-0.0148,-0.0117
Herato1301,200001,250000,225289,39778,2045,25.2853,25.1287,0.0031,0.001,0.0008
Herato1301,250001,300000,274764,38457,3464,60.7695,71.0079,-0.0777,-0.0408,-0.031
Herato1301,300001,350000,322685,34211,3028,53.2966,56.7152,-0.0311,-0.0151,-0.0119
Herato1301,350001,400000,375058,28992,2386,31.4182,30.2187,0.0195,0.0083,0.0064
Herato1301,400001,450000,428391,31485,2584,47.0831,49.9999,-0.03,-0.0152,-0.0119
Herato1301,450001,500000,475146,35804,3111,47.6005,54.8014,-0.0703,-0.0284,-0.0224
Herato1301,500001,550000,522060,30093,2712,41.9512,39.9348,0.0246,0.0136,0.0104
Herato1301,550001,600000,575847,32776,3068,50.6086,50.6952,-0.0009,-0.0004,-0.0003
Herato1301,600001,650000,624473,35295,3390,54.8441,51.5992,0.0305,0.0138,0.0109
Herato1301,650001,700000,674872,33814,2721,38.6144,50.3504,-0.1319,-0.0598,-0.0464
Herato1301,700001,750000,723972,28715,1783,32.961,30.1245,0.045,0.0262,0.0191
Herato1301,750001,800000,773817,25633,1415,22.3697,25.9638,-0.0744,-0.0293,-0.0233
Herato1301,800001,850000,825969,32000,2104,36.568,35.4686,0.0153,0.0081,0.0061
Herato1301,850001,900000,876743,27357,1872,34.5117,33.4026,0.0163,0.008,0.0064
Herato1301,900001,950000,922932,22683,1142,16.3711,16.2647,0.0033,0.0013,0.001
Herato1301,950001,1000000,975517,34477,3126,55.8439,48.8108,0.0672,0.0292,0.0235
Herato1301,1000001,1050000,1024999,39313,3528,41.7781,47.726,-0.0665,-0.0252,-0.0198
Herato1301,1050001,1100000,1075297,38597,4211,58.6901,57.5941,0.0094,0.0035,0.0028
Herato1301,1100001,1150000,1124549,36458,4003,66.4717,66.2852,0.0014,0.0007,0.0005
Herato1301,1150001,1200000,1174512,36294,3942,64.6378,66.5429,-0.0145,-0.0078,-0.0058
Herato1301,1200001,1250000,1225262,36209,4258,66.9274,89.2085,-0.1427,-0.1074,-0.0718
Herato1301,1250001,1300000,1275042,33569,3373,61.539,64.307,-0.022,-0.0139,-0.0104
Herato1301,1300001,1350000,1324967,36729,3985,75.4681,68.1759,0.0508,0.0293,0.022
Herato1301,1350001,1400000,1374437,26586,2298,50.6483,43.7493,0.0731,0.0392,0.03
Herato1301,1400001,1450000,1424962,36039,3927,69.2888,70.0654,-0.0056,-0.0032,-0.0023
Herato1301,1450001,1500000,1474206,35031,4138,73.1838,77.6887,-0.0299,-0.016,-0.0118
Herato1301,1500001,1550000,1524824,36062,3969,68.7627,64.4118,0.0327,0.0192,0.0142
Herato1301,1550001,1600000,1574601,34306,3814,60.5624,62.0402,-0.0121,-0.0063,-0.0048
Herato1301,1600001,1650000,1624380,35237,3565,51.4369,55.4345,-0.0374,-0.0168,-0.0129
Herato1301,1650001,1700000,1675092,36793,3753,56.0389,55.9875,0.0005,0.0002,0.0002
Herato1301,1700001,1750000,1725048,36826,3618,67.6369,74.9031,-0.051,-0.0252,-0.0198
Herato1301,1750001,1800000,1775025,34070,1830,28.659,25.0571,0.0671,0.0295,0.0234
Herato1301,1800001,1850000,1824736,41250,2552,29.2396,34.2153,-0.0784,-0.0199,-0.017
Herato1301,1850001,1900000,1874271,38158,3116,49.0479,59.2375,-0.0941,-0.0384,-0.0309
Herato1301,1900001,1950000,1925065,37733,3704,72.2418,65.024,0.0526,0.0373,0.0274
Herato1301,1950001,2000000,1975977,16918,1466,31.6564,26.393,0.0907,0.0673,0.0477
Herato1301,2000001,2050000,2024585,37092,3763,60.0708,58.0298,0.0173,0.0095,0.0072
Herato1301,2050001,2100000,2074576,37495,3911,57.4586,61.2708,-0.0321,-0.0172,-0.0131
Herato1301,2100001,2150000,2124949,36775,4480,70.6443,65.768,0.0357,0.0226,0.0169
Herato1301,2150001,2200000,2175392,37305,4131,65.8415,62.4349,0.0266,0.0146,0.0113
Herato1301,2200001,2250000,2225099,37322,3968,66.8686,51.3157,0.1316,0.06,0.0486
Herato1301,2250001,2300000,2277430,32498,2962,49.8791,52.082,-0.0216,-0.0097,-0.0078
Herato1301,2300001,2350000,2324753,36217,3660,58.62,48.5925,0.0935,0.0443,0.035
Herato1301,2350001,2400000,2369712,29179,2188,32.4744,28.4179,0.0666,0.0265,0.0218
Herato1301,2400001,2450000,2425230,39147,4103,55.1139,58.0034,-0.0255,-0.0119,-0.0093
Herato1301,2450001,2500000,2474177,35200,3911,61.0182,63.666,-0.0212,-0.0127,-0.0094
Herato1301,2500001,2550000,2525089,35229,3487,52.5145,56.4339,-0.036,-0.0173,-0.0133
Herato1301,2550001,2600000,2575220,36483,4212,67.169,62.8257,0.0334,0.0138,0.011
Herato1301,2600001,2650000,2624900,36266,4610,78.9387,72.5446,0.0422,0.0236,0.0179
Herato1301,2650001,2700000,2676009,34207,4014,59.4943,59.2209,0.0023,0.0015,0.0011
Herato1301,2700001,2750000,2725001,36647,4204,61.802,67.4789,-0.0439,-0.0233,-0.0178
Herato1301,2750001,2800000,2774963,39647,3533,53.8481,51.6734,0.0206,0.0084,0.0067
Herato1301,2800001,2850000,2825523,36637,2285,41.5811,35.9526,0.0726,0.0255,0.0214
Herato1301,2850001,2900000,2869096,27072,2852,49.5414,43.1916,0.0685,0.037,0.0288
Herato1301,2900001,2950000,2928406,29496,3377,45.5794,59.9561,-0.1362,-0.0726,-0.055
Herato1301,2950001,3000000,2975138,37429,4369,60.6395,66.162,-0.0436,-0.0204,-0.016
Herato1301,3000001,3050000,3026085,34922,3319,58.376,58.102,0.0024,0.0011,0.0008
Herato1301,3050001,3100000,3075207,36555,4143,69.9522,68.1761,0.0129,0.0067,0.0053
Herato1301,3100001,3150000,3125276,35707,3757,77.7891,82.555,-0.0297,-0.0137,-0.0111
Herato1301,3150001,3200000,3174447,35037,3885,65.5046,70.7064,-0.0382,-0.0188,-0.0147
Herato1301,3200001,3250000,3229883,21504,2019,28.5453,29.2936,-0.0129,-0.0062,-0.0048
Herato1301,3250001,3300000,3274641,34263,3603,68.1186,65.2083,0.0218,0.0127,0.0097
Herato1301,3300001,3350000,3326204,37888,4020,62.5611,63.4002,-0.0067,-0.0035,-0.0027
Herato1301,3350001,3400000,3373912,37289,3536,66.3604,59.9096,0.0511,0.0264,0.0209
Herato1301,3400001,3450000,3422966,32071,3546,63.5991,60.7943,0.0225,0.0113,0.0089
Herato1301,3450001,3500000,3475314,34162,4285,70.9113,69.3309,0.0113,0.0074,0.0054
Herato1301,3500001,3550000,3525629,38758,4030,71.4129,67.7518,0.0263,0.016,0.0123
Herato1301,3550001,3600000,3574766,37070,3582,58.9725,65.1707,-0.0499,-0.0271,-0.0207
Herato1301,3600001,3650000,3624698,35878,3278,47.2656,51.0873,-0.0389,-0.0196,-0.0146
Herato1301,3650001,3700000,3674625,37510,3403,52.5532,58.6917,-0.0552,-0.0267,-0.0205
Herato1301,3700001,3750000,3724151,33481,3045,38.7442,41.6669,-0.0363,-0.0141,-0.0112
Herato1301,3750001,3800000,3775298,34250,3580,53.0147,50.9337,0.02,0.0085,0.0068
Herato1301,3800001,3850000,3824044,34363,3629,54.2446,49.0437,0.0504,0.0248,0.0193
Herato1301,3850001,3900000,3872479,30190,2934,50.0972,42.8948,0.0775,0.0476,0.0358
Herato1301,3900001,3950000,3920598,21840,1157,22.6348,14.6666,0.2136,0.119,0.0907
Herato1301,3950001,4000000,3976190,36247,3620,75.3675,47.9775,0.2221,0.1223,0.0983
Herato1301,4000001,4050000,4024852,37866,4163,64.9538,55.5332,0.0782,0.0386,0.0302
Herato1301,4050001,4100000,4075559,35366,3724,77.5563,68.6939,0.0606,0.0415,0.0304
Herato1301,4100001,4150000,4123805,35419,3278,59.0718,50.1962,0.0812,0.0569,0.0416
Herato1301,4150001,4200000,4176030,37194,3722,76.9146,57.5771,0.1438,0.1105,0.0817
Herato1301,4200001,4250000,4220197,30384,2960,56.6069,45.6408,0.1073,0.0679,0.0514
Herato1301,4250001,4300000,4274039,33838,3133,63.3095,48.6289,0.1311,0.0831,0.063
Herato1301,4300001,4350000,4328104,31307,2628,49.37,41.2832,0.0892,0.0508,0.0385
Herato1301,4350001,4400000,4373240,37238,2947,55.8582,36.1558,0.2141,0.1005,0.0776
Herato1301,4400001,4450000,4423989,30800,3052,45.6362,38.8734,0.08,0.0495,0.0374
Herato1301,4450001,4500000,4474233,28671,2075,37.4959,23.9853,0.2198,0.1633,0.1219
Herato1301,4500001,4550000,4523707,29448,2069,43.7156,23.6113,0.2986,0.1569,0.1267
Herato1301,4550001,4600000,4575464,31118,2096,25.9527,18.206,0.1754,0.095,0.0704
Herato1301,4600001,4650000,4622805,25414,1613,34.452,14.8265,0.3983,0.1779,0.1481
Herato1301,4650001,4700000,4680655,20525,862,18.1162,13.3817,0.1503,0.1141,0.085
Herato1301,4700001,4750000,4725104,33886,3357,70.3112,51.0055,0.1591,0.0855,0.068
Herato1301,4750001,4800000,4774487,32131,2962,69.7449,40.6305,0.2638,0.1205,0.101
Herato1301,4800001,4850000,4823650,31709,2861,57.2816,48.0492,0.0877,0.0569,0.0417
Herato1301,4850001,4900000,4875957,33219,2891,70.3271,51.2547,0.1569,0.1007,0.0769
Herato1301,4900001,4950000,4925196,36408,3683,81.5738,54.4756,0.1992,0.1215,0.093
Herato1301,4950001,5000000,4975796,35244,3075,55.912,43.1598,0.1287,0.0886,0.0638
Herato1301,5000001,5050000,5025743,34667,2730,47.4778,46.1564,0.0141,0.0093,0.0065
Herato1301,5050001,5100000,5076062,34615,3038,74.7613,46.3586,0.2345,0.1263,0.0996
Herato1301,5100001,5150000,5124646,37352,3100,55.798,40.5011,0.1588,0.1029,0.0745
Herato1301,5150001,5200000,5173794,30863,2765,62.8733,45.982,0.1552,0.0929,0.0734
Herato1301,5200001,5250000,5226857,35023,3151,79.9298,49.1345,0.2386,0.1126,0.0924
Herato1301,5250001,5300000,5275207,38277,3567,68.2549,38.3543,0.2805,0.1655,0.1318
Herato1301,5300001,5350000,5324555,37587,3126,66.2781,45.6795,0.184,0.0987,0.0753
Herato1301,5350001,5400000,5374769,36148,2785,64.8432,44.8278,0.1825,0.0932,0.0745
Herato1301,5400001,5450000,5422953,27836,2072,49.7392,36.634,0.1517,0.0766,0.0602
Herato1301,5450001,5500000,5474956,37816,3486,88.2696,53.6029,0.2444,0.1224,0.0997
Herato1301,5500001,5550000,5525191,36606,3794,77.8494,56.0103,0.1631,0.0892,0.0693
Herato1301,5550001,5600000,5575763,34717,2953,75.7156,38.3316,0.3278,0.1691,0.1342
Herato1301,5600001,5650000,5625151,37480,2983,65.5191,49.3474,0.1408,0.0548,0.0449
Herato1301,5650001,5700000,5674751,32721,3338,59.2431,35.661,0.2485,0.1062,0.086
Herato1301,5700001,5750000,5725251,36324,3408,74.7682,48.8502,0.2097,0.1149,0.0903
Herato1301,5750001,5800000,5777452,26165,2046,53.4707,27.8727,0.3147,0.1617,0.1327
Herato1301,5800001,5850000,5822137,30816,2692,61.6223,36.9916,0.2498,0.1483,0.1183
Herato1301,5850001,5900000,5875496,33882,1665,39.1718,19.5837,0.3334,0.2922,0.2095
Herato1301,5900001,5950000,5926057,38501,3054,83.3455,39.0589,0.3618,0.2322,0.1768
Herato1301,5950001,6000000,5975227,36646,4257,80.9887,63.4824,0.1212,0.0793,0.0587
Herato1301,6000001,6050000,6024884,39117,3837,83.7822,56.9385,0.1908,0.1092,0.0855
Herato1301,6050001,6100000,6075229,35479,3608,71.0689,55.0131,0.1273,0.0661,0.0516
Herato1301,6100001,6150000,6124921,34091,3240,65.2548,48.1681,0.1506,0.0844,0.0659
Herato1301,6150001,6200000,6174859,35894,3382,61.826,48.7586,0.1182,0.0685,0.0526
Herato1301,6200001,6250000,6224509,35885,3118,64.1477,42.7328,0.2004,0.1098,0.0861
Herato1301,6250001,6300000,6275082,33772,3283,75.3277,55.6511,0.1502,0.0868,0.0679
Herato1301,6300001,6350000,6325125,35617,4062,73.8054,57.6464,0.1229,0.0835,0.0611
Herato1301,6350001,6400000,6374704,37217,3990,65.8306,59.9199,0.047,0.0198,0.0159
Herato1301,6400001,6450000,6425477,37685,3993,82.5537,71.2745,0.0733,0.0422,0.0326
Herato1301,6450001,6500000,6474173,40001,3375,59.8533,59.7596,0.0008,0.0003,0.0003
Herato1301,6500001,6550000,6525053,35931,3951,59.5972,68.8321,-0.0719,-0.0432,-0.031
Herato1301,6550001,6600000,6575752,37492,3956,62.1498,57.1365,0.042,0.0202,0.0159
Herato1301,6600001,6650000,6626114,35914,3360,76.019,59.6814,0.1204,0.0736,0.0566
Herato1301,6650001,6700000,6674978,40469,3177,70.5008,49.7624,0.1724,0.0892,0.072
Herato1301,6700001,6750000,6724937,37274,3754,81.9258,57.2409,0.1774,0.0925,0.073
Herato1301,6750001,6800000,6774258,34947,3192,57.9278,42.7873,0.1503,0.0794,0.0614
Herato1301,6800001,6850000,6819360,26382,1948,36.866,33.8343,0.0429,0.0248,0.0188
Herato1301,6850001,6900000,6876149,33066,3531,68.5844,49.9413,0.1573,0.1017,0.076
Herato1301,6900001,6950000,6925418,37157,3495,92.0802,62.5977,0.1906,0.1019,0.0819
Herato1301,6950001,7000000,6975125,40944,3347,71.2942,53.9306,0.1387,0.073,0.0572
Herato1301,7000001,7050000,7023744,38132,3437,83.0412,42.7538,0.3203,0.1303,0.1119
Herato1301,7050001,7100000,7076971,35160,3001,66.0363,42.1989,0.2202,0.0994,0.0772
Herato1301,7100001,7150000,7124683,37303,3652,90.0807,58.9502,0.2089,0.1082,0.0875
Herato1301,7150001,7200000,7174279,40896,3140,75.9039,37.2288,0.3419,0.1506,0.1167
Herato1301,7200001,7250000,7224221,37883,3179,87.9278,54.7487,0.2325,0.0832,0.0691
Herato1301,7250001,7300000,7274447,37064,3184,64.4153,53.1429,0.0959,0.0418,0.0333
Herato1301,7300001,7350000,7322850,31226,2792,45.2471,47.4228,-0.0235,-0.0105,-0.0082
Herato1301,7350001,7400000,7375439,34113,2433,41.4996,45.2524,-0.0433,-0.0153,-0.0124
Herato1301,7400001,7450000,7425431,37720,3119,63.904,59.2837,0.0375,0.0158,0.0126
Herato1301,7450001,7500000,7475230,35664,3595,60.0488,68.8994,-0.0686,-0.0319,-0.025
Herato1301,7500001,7550000,7524037,31031,2853,48.0781,48.3587,-0.0029,-0.0013,-0.0011
Herato1301,7550001,7600000,7575148,35648,3283,54.1469,57.4781,-0.0298,-0.0137,-0.011
Herato1301,7600001,7650000,7625841,38810,3871,73.14,67.6937,0.0387,0.0187,0.0149
Herato1301,7650001,7700000,7674378,37956,3407,59.5248,55.052,0.039,0.0169,0.0136
Herato1301,7700001,7750000,7725192,38152,3676,52.5802,55.2585,-0.0248,-0.0092,-0.0073
Herato1301,7750001,7800000,7775013,37660,3328,55.8607,57.649,-0.0158,-0.0052,-0.0044
Herato1301,7800001,7850000,7825105,36887,3275,57.4597,55.2292,0.0198,0.0077,0.0063
Herato1301,7850001,7900000,7873192,33467,2718,37.4439,34.1912,0.0454,0.0177,0.0145
Herato1301,7900001,7950000,7928515,26968,1957,25.0253,25.282,-0.0051,-0.0025,-0.0019
Herato1301,7950001,8000000,7974462,29530,2183,33.0382,30.2006,0.0449,0.0182,0.0147
Herato1301,8000001,8050000,8021170,28115,2094,40.7343,35.3884,0.0702,0.0345,0.0274
Herato1301,8050001,8100000,8075720,36047,3025,45.8476,47.9621,-0.0225,-0.0095,-0.0075
Herato1301,8100001,8150000,8125759,37694,3387,62.2903,56.4194,0.0495,0.021,0.0167
Herato1301,8150001,8200000,8174564,39151,2962,54.696,57.1574,-0.022,-0.0102,-0.008
Herato1301,8200001,8250000,8225510,33025,3175,50.8748,50.6275,0.0024,0.001,0.0008
Herato1301,8250001,8300000,8275193,36086,3599,55.6772,53.6937,0.0181,0.0074,0.0057
Herato1301,8300001,8350000,8326044,33270,2724,47.5053,45.0694,0.0263,0.0122,0.0096
Herato1301,8350001,8400000,8374767,35770,3618,49.7194,55.3377,-0.0535,-0.022,-0.0174
Herato1301,8400001,8450000,8424075,34504,3158,48.9287,48.4196,0.0052,0.0021,0.0017
Herato1301,8450001,8500000,8474998,34124,2811,40.6247,46.4834,-0.0673,-0.0221,-0.018
Herato1301,8500001,8550000,8524539,37008,2228,50.4321,36.8052,0.1562,0.0513,0.0424
Herato1301,8550001,8600000,8576103,34208,2223,48.6543,40.3726,0.093,0.042,0.0339
Herato1301,8600001,8650000,8625367,40771,3880,60.0106,64.7456,-0.038,-0.0145,-0.0117
Herato1301,8650001,8700000,8674563,38450,2889,41.155,45.8517,-0.054,-0.02,-0.0157
Herato1301,8700001,8750000,8724561,38441,3448,67.2405,55.6039,0.0947,0.0443,0.0362
Herato1301,8750001,8800000,8776460,33986,2536,41.9162,34.6075,0.0955,0.0395,0.0319
Herato1301,8800001,8850000,8826129,32257,2553,42.4178,48.6931,-0.0689,-0.0288,-0.0232
Herato1301,8850001,8900000,8874802,35478,2642,36.4933,38.779,-0.0304,-0.0144,-0.0113
Herato1301,8900001,8950000,8924304,24673,1233,16.9473,21.7273,-0.1236,-0.0478,-0.0376
Herato1301,8950001,9000000,8971560,14024,944,12.9974,12.2433,0.0299,0.0106,0.0085
Herato1301,9000001,9050000,9030711,27170,2542,39.7532,35.3972,0.058,0.0265,0.0208
Herato1301,9050001,9100000,9075204,36897,3193,46.8621,47.9757,-0.0117,-0.0041,-0.0033
Herato1301,9100001,9150000,9124943,35794,3072,53.0664,46.7119,0.0637,0.0257,0.0209
Herato1301,9150001,9200000,9175020,35800,2236,31.2651,33.3772,-0.0327,-0.0131,-0.0106
Herato1301,9200001,9250000,9226759,35512,2835,48.7353,39.9238,0.0994,0.0438,0.0367
Herato1301,9250001,9300000,9275867,37596,3165,50.248,48.3668,0.0191,0.0086,0.0065
Herato1301,9300001,9350000,9324752,41204,3721,57.6241,53.0568,0.0413,0.0188,0.0151
Herato1301,9350001,9400000,9374969,41018,3652,51.8794,47.1719,0.0475,0.0194,0.0157
Herato1301,9400001,9450000,9425032,39503,3835,59.9027,57.4183,0.0212,0.0096,0.0077
Herato1301,9450001,9500000,9475311,38615,3824,75.9627,64.9413,0.0782,0.038,0.0304
Herato1301,9500001,9550000,9524857,38235,3907,67.6422,53.7091,0.1148,0.0467,0.0369
Herato1301,9550001,9600000,9574845,38257,4010,52.1185,56.6201,-0.0414,-0.0149,-0.012
Herato1301,9600001,9650000,9624839,38665,4135,68.8271,79.6507,-0.0729,-0.037,-0.0285
Herato1301,9650001,9700000,9675636,34959,2994,44.8508,42.8818,0.0224,0.0085,0.0069
Herato1301,9700001,9750000,9725625,33956,2136,36.356,31.7914,0.067,0.0223,0.018
Herato1301,9750001,9800000,9775382,39033,3351,58.9991,59.0086,-0.0001,-0.0,-0.0
Herato1301,9800001,9850000,9824044,39356,2829,51.4393,53.8902,-0.0233,-0.0094,-0.0075
Herato1301,9850001,9900000,9875148,40681,2570,42.6683,47.8477,-0.0572,-0.0234,-0.0192
Herato1301,9900001,9950000,9924826,41051,2693,27.3049,36.4435,-0.1434,-0.0616,-0.0484
Herato1301,9950001,10000000,9974753,40540,2871,45.0601,44.7602,0.0033,0.0014,0.0011
Herato1301,10000001,10050000,10025387,38032,3259,55.2816,48.1518,0.0689,0.0239,0.0203
Herato1301,10050001,10100000,10074827,40108,3393,47.9752,54.9764,-0.068,-0.0217,-0.0182
Herato1301,10100001,10150000,10124215,37668,3317,60.9801,47.0339,0.1291,0.0527,0.0423
Herato1301,10150001,10200000,10172880,33386,2497,49.7422,44.5798,0.0547,0.0324,0.0241
Herato1301,10200001,10250000,10223923,38870,3339,76.5713,49.5576,0.2142,0.1416,0.1099
Herato1301,10250001,10300000,10274950,35687,3575,82.0447,55.0034,0.1973,0.1098,0.088
Herato1301,10300001,10350000,10306736,5387,330,4.7251,3.2906,0.179,0.0657,0.0534
Herato1301,10400001,10450000,10429929,29407,3100,48.9013,49.0608,-0.0016,-0.0007,-0.0006
Herato1301,10450001,10500000,10475476,37432,3349,47.659,50.204,-0.026,-0.0117,-0.009
Herato1301,10500001,10550000,10528087,29276,2051,27.7646,33.0874,-0.0875,-0.0425,-0.032
Herato1301,10550001,10600000,10575175,31812,3011,45.4454,43.6231,0.0205,0.0091,0.007
Herato1301,10600001,10650000,10625569,32607,2926,52.4404,55.7392,-0.0305,-0.0162,-0.0123
Herato1301,10650001,10700000,10674800,32257,3088,53.4749,51.1351,0.0224,0.011,0.0085
Herato1301,10700001,10750000,10724590,37615,3308,78.1556,63.8387,0.1008,0.0553,0.0453
Herato1301,10750001,10800000,10773731,31437,3078,51.099,45.4432,0.0586,0.0293,0.0227
Herato1301,10800001,10850000,10824787,35318,4038,62.6706,68.6687,-0.0457,-0.0196,-0.0154
Herato1301,10850001,10900000,10874428,36150,3701,53.8694,60.3506,-0.0567,-0.0225,-0.0179
Herato1301,10900001,10950000,10924444,37360,3385,54.2642,58.2799,-0.0357,-0.0179,-0.0138
Herato1301,10950001,11000000,10974928,35678,3708,60.3954,63.419,-0.0244,-0.0123,-0.0094
Herato1301,11000001,11050000,11025308,34689,3431,50.5353,47.619,0.0297,0.0178,0.0127
Herato1301,11050001,11100000,11075809,35963,3276,48.5843,44.0816,0.0486,0.0196,0.0159
Herato1301,11100001,11150000,11125169,38364,2296,37.239,41.5291,-0.0545,-0.0234,-0.0184
Herato1301,11150001,11200000,11174710,35675,3333,46.9508,51.0832,-0.0422,-0.0177,-0.0137
Herato1301,11200001,11250000,11224981,35619,3374,54.7332,47.3587,0.0722,0.0251,0.0209
Herato1301,11250001,11300000,11274568,36469,3426,51.0092,58.5472,-0.0688,-0.033,-0.0245
Herato1301,11300001,11350000,11324313,37206,3558,50.6771,53.9398,-0.0312,-0.0102,-0.0084
Herato1301,11350001,11400000,11373738,33533,3470,39.4136,47.2481,-0.0904,-0.0304,-0.0239
Herato1301,11400001,11450000,11426396,33667,3655,62.132,58.3308,0.0316,0.0121,0.0098
Herato1301,11450001,11500000,11475064,37025,4215,65.8107,60.5987,0.0412,0.0158,0.0127
Herato1301,11500001,11550000,11524590,36032,3265,48.9445,55.4587,-0.0624,-0.0264,-0.0209
Herato1301,11550001,11600000,11575079,35637,3465,55.1132,50.9011,0.0397,0.0161,0.0129
Herato1301,11600001,11650000,11625375,35677,3560,58.0987,58.2699,-0.0015,-0.0006,-0.0005
Herato1301,11650001,11700000,11673962,32974,3206,44.8852,43.8459,0.0117,0.0051,0.0039
Herato1301,11700001,11750000,11727282,32170,2867,38.4277,41.698,-0.0408,-0.0203,-0.0153
Herato1301,11750001,11800000,11774980,37416,3486,48.9993,55.7418,-0.0644,-0.0298,-0.0234
Herato1301,11800001,11850000,11823490,29075,2124,42.1922,37.2545,0.0622,0.0314,0.0238
Herato1301,11850001,11900000,11875604,35879,3444,47.2202,51.1163,-0.0396,-0.015,-0.0119
Herato1301,11900001,11950000,11925527,36893,2991,52.8789,53.1156,-0.0022,-0.0011,-0.0009
Herato1301,11950001,12000000,11972013,33478,2515,39.5814,34.4038,0.07,0.0233,0.0192
Herato1301,12000001,12050000,12026030,37839,3332,66.7735,62.6469,0.0319,0.0184,0.014
Herato1301,12050001,12100000,12074607,37826,4890,83.4965,83.4176,0.0005,0.0003,0.0002
Herato1301,12100001,12150000,12125252,34250,3935,59.083,68.6331,-0.0748,-0.0486,-0.0351
Herato1301,12150001,12200000,12173693,22630,1924,30.6768,26.5764,0.0716,0.0337,0.0264
Herato1301,12200001,12250000,12225473,35023,3156,47.1741,53.4738,-0.0626,-0.0335,-0.0253
Herato1301,12250001,12300000,12268338,24230,2280,35.2112,32.3835,0.0418,0.0213,0.0164
Herato1301,12300001,12350000,12330207,25932,2241,36.305,38.9329,-0.0349,-0.0143,-0.0114
Herato1301,12350001,12400000,12373986,34785,3191,49.7762,59.3199,-0.0875,-0.0399,-0.0313
Herato1301,12400001,12450000,12428962,29551,2923,68.2061,49.5643,0.1583,0.0806,0.0651
Herato1301,12450001,12500000,12475008,37734,2782,45.7751,46.1072,-0.0036,-0.0014,-0.0011
Herato1301,12500001,12550000,12526361,30474,2274,35.0635,37.3338,-0.0314,-0.0127,-0.0097
Herato1301,12550001,12600000,12575839,35128,3309,48.2085,43.5112,0.0512,0.0222,0.0179
Herato1301,12600001,12650000,12627531,27978,1383,26.4007,21.0156,0.1136,0.0475,0.0382
Herato1301,12650001,12700000,12674486,33796,2552,28.6185,36.6771,-0.1234,-0.0373,-0.0306
Herato1301,12700001,12750000,12724726,35604,3395,50.4226,46.3387,0.0422,0.0163,0.0131
Herato1301,12750001,12800000,12775143,37265,3800,43.6478,45.6464,-0.0224,-0.0078,-0.0064
Herato1301,12800001,12850000,12824946,36286,3351,44.2691,52.1252,-0.0815,-0.0294,-0.0238
Herato1301,12850001,12900000,12872028,30529,2538,38.0769,35.6488,0.0329,0.0112,0.0093
Herato1301,12900001,12950000,12925130,36685,3457,56.8675,56.1391,0.0064,0.0029,0.0023
Herato1301,12950001,13000000,12977175,28735,1307,34.313,20.6889,0.2477,0.1398,0.1021
Herato1301,13000001,13050000,13023568,32610,319,12.7054,5.3531,0.4071,0.2753,0.2146
Herato1301,13050001,13100000,13076698,32824,2042,33.7303,34.3509,-0.0091,-0.004,-0.003
Herato1301,13100001,13150000,13124482,32555,1493,16.8236,12.3234,0.1544,0.0398,0.0332
Herato1301,13150001,13200000,13172745,28393,1444,23.5365,24.7013,-0.0241,-0.0124,-0.0091
Herato1301,13200001,13250000,13225514,38179,2784,48.085,43.7163,0.0476,0.0271,0.0217
Herato1301,13250001,13300000,13274560,26509,897,16.6938,17.9759,-0.037,-0.0189,-0.0142
Herato1301,13300001,13350000,13324052,35845,3712,54.2527,51.5892,0.0252,0.0095,0.0078
Herato1301,13350001,13400000,13375041,36328,3027,48.5543,55.066,-0.0628,-0.0281,-0.023
Herato1301,13400001,13450000,13424571,35806,3106,41.8898,47.5052,-0.0628,-0.0222,-0.0178
Herato1301,13450001,13500000,13475729,35471,2903,46.0551,48.4072,-0.0249,-0.0096,-0.0076
Herato1301,13500001,13550000,13522889,27797,2256,33.6875,36.5959,-0.0414,-0.0175,-0.0139
Herato1301,13550001,13600000,13575431,37821,4024,62.5666,63.3562,-0.0063,-0.0027,-0.0022
Herato1301,13600001,13650000,13623847,32210,2895,52.2831,45.5828,0.0685,0.0273,0.0222
Herato1301,13650001,13700000,13675986,34111,3025,46.0116,43.0897,0.0328,0.0163,0.0125
Herato1301,13700001,13750000,13724632,36034,4263,66.3587,65.5075,0.0065,0.0035,0.0027
Herato1301,13750001,13800000,13775272,34824,3829,66.4698,61.1246,0.0419,0.0241,0.0183
Herato1301,13800001,13850000,13826561,35357,3498,53.4532,56.101,-0.0242,-0.0107,-0.0085
Herato1301,13850001,13900000,13874590,35033,3099,49.2671,45.5178,0.0396,0.0148,0.0121
Herato1301,13900001,13950000,13926850,30468,3237,46.2706,45.4202,0.0093,0.0041,0.0032
Herato1301,13950001,14000000,13974865,36974,4372,63.8356,61.0375,0.0224,0.0078,0.0063
Herato1301,14000001,14050000,14025351,36089,4166,74.7412,74.5886,0.001,0.0005,0.0004
Herato1301,14050001,14100000,14074789,35442,3556,52.6027,53.5608,-0.009,-0.0037,-0.003
Herato1301,14100001,14150000,14125057,36121,4114,67.8627,63.6246,0.0322,0.0144,0.0116
Herato1301,14150001,14200000,14175607,35250,3510,59.7205,59.2565,0.0039,0.0016,0.0013
Herato1301,14200001,14250000,14228393,31406,2579,46.4031,49.2091,-0.0293,-0.0174,-0.0133
Herato1301,14250001,14300000,14275072,39236,3470,63.4214,66.9376,-0.027,-0.0119,-0.0091
Herato1301,14300001,14350000,14329184,28430,1497,28.7556,48.0666,-0.2514,-0.0936,-0.0685
Herato1301,14350001,14400000,14375259,36889,2788,78.7476,50.0983,0.2224,0.1079,0.0787
Herato1301,14400001,14450000,14426567,38919,2762,52.3149,53.1853,-0.0083,-0.0048,-0.0037
Herato1301,14450001,14500000,14474356,35443,3574,58.2433,54.1017,0.0369,0.0151,0.0119
Herato1301,14500001,14550000,14525023,40659,2952,32.1591,44.6321,-0.1624,-0.0561,-0.0459
Herato1301,14550001,14600000,14574918,38858,3824,61.4761,60.824,0.0053,0.0022,0.0018
Herato1301,14600001,14650000,14625166,36807,4352,74.068,74.2859,-0.0015,-0.0007,-0.0005
Herato1301,14650001,14700000,14680150,26525,2616,64.8386,34.1132,0.3105,0.1425,0.1136
Herato1301,14700001,14750000,14724868,37474,3053,68.5791,66.4181,0.016,0.0109,0.008
Herato1301,14750001,14800000,14773435,34032,2843,66.2393,36.4036,0.2907,0.1321,0.1019
Herato1301,14800001,14850000,14825161,30943,2513,63.5854,33.4769,0.3102,0.1205,0.0978
Herato1301,14850001,14900000,14875580,37599,3630,88.1389,57.063,0.214,0.1064,0.0855
Herato1301,14900001,14950000,14924949,37039,3562,95.0281,52.9259,0.2846,0.1416,0.1151
Herato1301,14950001,15000000,14975306,37302,3584,93.4089,45.5598,0.3443,0.1557,0.1266
Herato1301,15000001,15050000,15025193,38652,3807,99.7104,45.5938,0.3724,0.1546,0.1284
Herato1301,15050001,15100000,15076530,33924,3701,99.5598,51.9906,0.3139,0.1559,0.1269
Herato1301,15100001,15150000,15124818,38650,3708,90.1425,56.1084,0.2327,0.1078,0.0872
Herato1301,15150001,15200000,15175015,37721,3893,103.4205,55.429,0.3021,0.1677,0.1358
Herato1301,15200001,15250000,15225609,40405,2500,55.2265,43.5467,0.1182,0.0672,0.0534
Herato1301,15250001,15300000,15272502,35537,2372,73.6099,39.3291,0.3035,0.1896,0.1487
Herato1301,15300001,15350000,15327921,30836,2690,84.1546,53.7366,0.2206,0.1194,0.0987
Herato1301,15350001,15400000,15375500,36420,3656,87.5476,65.1164,0.1469,0.0773,0.0618
Herato1301,15400001,15450000,15424448,36075,3540,97.4465,63.387,0.2118,0.1129,0.0908
Herato1301,15450001,15500000,15475973,34783,3849,99.4544,69.4863,0.1774,0.1079,0.0836
Herato1301,15500001,15550000,15525147,36170,3987,91.7958,65.0075,0.1708,0.0941,0.0743
Herato1301,15550001,15600000,15573696,34241,3788,80.0245,55.667,0.1795,0.0994,0.0767
Herato1301,15600001,15650000,15616822,22998,1757,47.5467,27.8056,0.262,0.1303,0.105
Herato1301,15650001,15700000,15677430,32482,3212,76.4448,48.0543,0.228,0.1184,0.0947
Herato1301,15700001,15750000,15723807,33597,2780,62.9911,34.7391,0.2891,0.122,0.0999
Herato1301,15750001,15800000,15775481,34783,3311,71.9248,51.476,0.1657,0.0895,0.0699
Herato1301,15800001,15850000,15824970,34813,3520,75.1467,56.9963,0.1374,0.0701,0.0555
Herato1301,15850001,15900000,15875332,34253,3066,63.3173,39.0892,0.2366,0.0951,0.0777
Herato1301,15900001,15950000,15923886,33842,2787,45.4137,40.3649,0.0589,0.0226,0.0183
Herato1301,15950001,16000000,15975397,34970,2941,39.6658,37.0496,0.0341,0.012,0.0099
Herato1301,16000001,16050000,16024674,35639,3199,53.4536,45.0411,0.0854,0.0368,0.0297
Herato1301,16050001,16100000,16074629,35560,3513,52.985,55.9022,-0.0268,-0.0098,-0.0079
Herato1301,16100001,16150000,16125334,37393,3490,53.5498,56.7574,-0.0291,-0.0102,-0.0086
Herato1301,16150001,16200000,16175627,30862,2639,36.5757,43.3304,-0.0845,-0.0328,-0.0266
Herato1301,16200001,16250000,16223409,32981,3010,39.9857,35.1296,0.0646,0.0236,0.0191
Herato1301,16250001,16300000,16274780,35471,3627,61.0676,59.6429,0.0118,0.0069,0.0052
Herato1301,16300001,16350000,16325853,38008,3189,55.5847,56.5495,-0.0086,-0.0038,-0.0031
Herato1301,16350001,16400000,16374484,38357,3878,76.9059,64.5633,0.0872,0.0464,0.0371
Herato1301,16400001,16450000,16424561,36007,3937,67.3049,65.7237,0.0119,0.0065,0.0051
Herato1301,16450001,16500000,16475026,35918,3907,71.4129,56.4873,0.1167,0.0545,0.0439
Herato1301,16500001,16550000,16525445,33593,3623,55.4207,55.5131,-0.0008,-0.0004,-0.0003
Herato1301,16550001,16600000,16575067,33170,3394,50.4729,55.7635,-0.0498,-0.0214,-0.0171
Herato1301,16600001,16650000,16624689,32821,3534,71.5653,56.6345,0.1165,0.0606,0.0472
Herato1301,16650001,16700000,16675945,33109,3237,80.05,52.3097,0.2096,0.098,0.0793
Herato1301,16700001,16750000,16724433,34570,3523,57.1478,56.3507,0.007,0.003,0.0024
Herato1301,16750001,16800000,16775107,35261,3939,54.9163,63.0674,-0.0691,-0.0267,-0.0214
Herato1301,16800001,16850000,16824932,35692,3472,54.0442,56.2107,-0.0197,-0.0082,-0.0066
Herato1301,16850001,16900000,16875131,35188,3677,63.6443,61.0835,0.0205,0.0085,0.0069
Herato1301,16900001,16950000,16925041,38034,3676,78.8603,55.7042,0.1721,0.0815,0.0668
Herato1301,16950001,17000000,16973649,32613,3645,50.569,50.4777,0.0009,0.0004,0.0003
Herato1301,17000001,17050000,17025067,36055,4265,72.6018,76.4858,-0.0261,-0.0144,-0.0108
Herato1301,17050001,17100000,17073719,34858,3793,63.1446,63.9552,-0.0064,-0.0035,-0.0026
Herato1301,17100001,17150000,17124484,38064,3547,54.0466,49.6524,0.0424,0.0194,0.0155
Herato1301,17150001,17200000,17174708,37013,4311,65.6192,70.7364,-0.0375,-0.0229,-0.0172
Herato1301,17200001,17250000,17224862,36285,3454,53.6561,52.2145,0.0136,0.008,0.0062
Herato1301,17250001,17300000,17276679,35141,3873,54.2246,55.0635,-0.0077,-0.003,-0.0025
Herato1301,17300001,17350000,17327052,35467,3654,49.0209,46.911,0.022,0.0094,0.0075
Herato1301,17350001,17400000,17373548,34584,2459,35.0516,33.6494,0.0204,0.0079,0.0063
Herato1301,17400001,17450000,17424855,36179,4003,65.0736,65.4283,-0.0027,-0.001,-0.0008
Herato1301,17450001,17500000,17474507,34999,3765,62.3672,65.347,-0.0233,-0.0119,-0.0093
Herato1301,17500001,17550000,17525835,34214,3580,60.3891,49.9346,0.0948,0.0375,0.0305
Herato1301,17550001,17600000,17576013,30640,3539,58.2519,58.3933,-0.0012,-0.0007,-0.0005
Herato1301,17600001,17650000,17624997,35501,3632,57.2236,62.304,-0.0425,-0.0195,-0.015
Herato1301,17650001,17700000,17675232,33853,3125,43.001,48.2478,-0.0575,-0.0225,-0.0178
Herato1301,17700001,17750000,17725304,35457,4144,59.0765,61.9532,-0.0238,-0.0106,-0.0082
Herato1301,17750001,17800000,17775588,32772,3212,51.0745,54.0946,-0.0287,-0.0148,-0.0112
Herato1301,17800001,17850000,17824683,34875,3480,56.0756,54.6063,0.0133,0.0063,0.0049
Herato1301,17850001,17900000,17874917,33519,3053,43.1215,51.8495,-0.0919,-0.0402,-0.0307
Herato1301,17900001,17950000,17925372,33854,2183,33.4479,30.3936,0.0478,0.0232,0.0176
Herato1301,17950001,18000000,17975637,34167,3226,45.044,41.744,0.038,0.0152,0.0122
Herato1301,18000001,18050000,18024819,33735,3101,44.1034,42.157,0.0226,0.0103,0.008
Herato1301,18050001,18100000,18075093,34405,3228,53.186,47.0828,0.0609,0.0259,0.0211
Herato1301,18100001,18150000,18124824,39033,3494,56.1595,60.5732,-0.0378,-0.0173,-0.0139
Herato1301,18150001,18200000,18174644,38616,4426,73.5292,72.6701,0.0059,0.0028,0.0022
Herato1301,18200001,18250000,18230632,29380,2806,50.7876,52.1161,-0.0129,-0.0069,-0.0055
Herato1301,18250001,18300000,18275267,37759,4251,63.0331,71.9184,-0.0658,-0.0283,-0.0227
Herato1301,18300001,18350000,18325128,35882,3656,58.7063,57.4381,0.0109,0.0045,0.0036
Herato1301,18350001,18400000,18375176,37054,4326,63.6006,74.9377,-0.0818,-0.0432,-0.0305
Herato1301,18400001,18450000,18424360,33928,2889,44.9901,40.7678,0.0492,0.0206,0.0166
Herato1301,18450001,18500000,18476417,32063,2334,30.1003,27.3889,0.0472,0.0173,0.0138
Herato1301,18500001,18550000,18526477,33966,3944,58.9111,55.5377,0.0295,0.0135,0.0106
Herato1301,18550001,18600000,18574863,35319,3631,54.6794,54.2417,0.004,0.0018,0.0014
Herato1301,18600001,18650000,18624560,33497,3453,48.1781,52.0067,-0.0382,-0.0148,-0.012
Herato1301,18650001,18700000,18675191,33919,3698,58.0014,58.2217,-0.0019,-0.001,-0.0008
Herato1301,18700001,18750000,18723483,34832,3945,61.0084,59.707,0.0108,0.006,0.0046
Herato1301,18750001,18800000,18775547,33476,2308,38.4181,42.6066,-0.0517,-0.0225,-0.0179
Herato1301,18800001,18850000,18824008,35408,3010,56.6555,44.6985,0.118,0.0494,0.0398
Herato1301,18850001,18900000,18877298,31129,2515,50.9888,32.3096,0.2242,0.0977,0.0778
Herato1301,18900001,18950000,18924776,36220,3716,58.0292,52.9762,0.0455,0.0229,0.0175
Herato1301,18950001,19000000,18975471,35210,4028,75.8621,61.62,0.1036,0.0614,0.0475
Herato1301,19000001,19050000,19026400,36723,3856,68.3572,58.403,0.0785,0.0326,0.0259
Herato1301,19050001,19100000,19073486,31406,2857,47.22,47.3988,-0.0019,-0.001,-0.0007
Herato1301,19100001,19150000,19125897,33003,3522,65.0997,61.8347,0.0257,0.0162,0.0123
Herato1301,19150001,19200000,19175902,37059,3740,81.0882,63.9662,0.118,0.0751,0.0572
Herato1301,19200001,19250000,19225010,39967,3681,83.1587,65.103,0.1218,0.0832,0.0614
Herato1301,19250001,19300000,19274617,38366,3986,63.6429,56.1668,0.0624,0.0362,0.0281
Herato1301,19300001,19350000,19325243,37237,4039,63.4324,61.8039,0.013,0.007,0.0055
Herato1301,19350001,19400000,19374876,36828,4246,65.4344,65.9148,-0.0037,-0.0022,-0.0016
Herato1301,19400001,19450000,19424773,35498,4315,72.1738,69.4636,0.0191,0.0116,0.0086
Herato1301,19450001,19500000,19474904,32039,3440,55.2677,55.9989,-0.0066,-0.0035,-0.0026
Herato1301,19500001,19550000,19525272,36138,3478,58.8695,48.4346,0.0972,0.0531,0.0409
Herato1301,19550001,19600000,19574866,35939,3719,56.6778,59.5127,-0.0244,-0.0137,-0.0102
Herato1301,19600001,19650000,19625571,33428,3595,52.2297,46.1216,0.0621,0.0349,0.0262
Herato1301,19650001,19700000,19675052,30459,2751,48.6267,47.2831,0.014,0.007,0.0054
Herato1301,19700001,19750000,19725057,35540,3404,49.7537,55.3115,-0.0529,-0.0314,-0.0228
Herato1301,19750001,19800000,19774797,35940,4120,67.6288,66.0307,0.012,0.0098,0.0067
Herato1301,19800001,19850000,19824925,30767,3273,55.2229,50.8434,0.0413,0.0246,0.0187
Herato1301,19850001,19900000,19874839,36560,3535,51.6227,52.4814,-0.0082,-0.0044,-0.0033
Herato1301,19900001,19950000,19924613,38201,4380,74.5109,76.4267,-0.0127,-0.0083,-0.0062
Herato1301,19950001,20000000,19971807,28702,3008,52.4352,44.3188,0.0839,0.039,0.0311
Herato1301,20000001,20050000,20024847,33951,3258,51.7314,52.4195,-0.0066,-0.003,-0.0024
Herato1301,20050001,20100000,20073944,31386,3430,52.4415,58.9557,-0.0585,-0.0316,-0.0231
Herato1301,20100001,20150000,20123887,36136,3175,54.3081,58.8749,-0.0403,-0.0185,-0.0145
Herato1301,20150001,20200000,20175377,35952,3743,56.7624,56.8696,-0.0009,-0.0005,-0.0004
Herato1301,20200001,20250000,20225237,33543,2550,41.2381,42.915,-0.0199,-0.0084,-0.0067
Herato1301,20250001,20300000,20274653,36376,3435,54.5796,67.5764,-0.1064,-0.0465,-0.0368
Herato1301,20300001,20350000,20325011,36853,3665,59.5785,59.3815,0.0017,0.0008,0.0006
Herato1301,20350001,20400000,20374110,29452,2560,45.1761,40.126,0.0592,0.0345,0.026
Herato1301,20400001,20450000,20425050,36122,3732,63.6446,65.2519,-0.0125,-0.006,-0.0047
Herato1301,20450001,20500000,20476097,32139,2553,42.9425,40.3206,0.0315,0.0153,0.0115
Herato1301,20500001,20550000,20524672,32333,3520,51.5714,54.7192,-0.0296,-0.0173,-0.0127
Herato1301,20550001,20600000,20574874,38669,3725,53.7831,64.778,-0.0927,-0.058,-0.0421
Herato1301,20600001,20650000,20625196,35225,3583,53.7094,56.8504,-0.0284,-0.0129,-0.0099
Herato1301,20650001,20700000,20674722,35106,3431,55.8658,54.934,0.0084,0.005,0.0036
Herato1301,20700001,20750000,20725175,35919,3762,60.4515,56.6108,0.0328,0.0185,0.0139
Herato1301,20750001,20800000,20774592,34767,3046,48.3805,42.1898,0.0684,0.0335,0.026
Herato1301,20800001,20850000,20824318,30083,2883,43.4426,39.8239,0.0435,0.018,0.014
Herato1301,20850001,20900000,20875666,38192,3447,58.0431,63.6547,-0.0461,-0.0247,-0.0184
Herato1301,20900001,20950000,20924472,37639,3957,74.8313,57.2859,0.1328,0.074,0.0569
Herato1301,20950001,21000000,20974925,40966,4006,70.5177,65.4562,0.0372,0.0227,0.0166
Herato1301,21000001,21050000,21027421,33721,3830,71.3782,63.6912,0.0569,0.0437,0.0309
Herato1301,21050001,21100000,21074953,38558,4453,71.7954,72.9206,-0.0078,-0.0041,-0.0031
Herato1301,21100001,21150000,21124839,41958,3891,61.4416,60.5546,0.0073,0.0042,0.0033
Herato1301,21150001,21200000,21175225,34916,3760,64.9354,65.4197,-0.0037,-0.002,-0.0015
Herato1301,21200001,21250000,21225126,34474,3619,61.0878,58.4817,0.0218,0.0107,0.0083
Herato1301,21250001,21300000,21279099,18624,1546,21.3423,26.7372,-0.1122,-0.0561,-0.0418
Herato1301,21300001,21350000,21325436,38287,4021,70.598,52.8409,0.1439,0.0753,0.0585
Herato1301,21350001,21400000,21374998,38341,4014,65.0633,69.2053,-0.0308,-0.0184,-0.0139
Herato1301,21400001,21450000,21418825,19575,2004,27.0974,33.8124,-0.1102,-0.0606,-0.0445
Herato1301,21450001,21500000,21475059,35357,4374,75.4827,65.2962,0.0724,0.0368,0.0279
Herato1301,21500001,21550000,21526149,35517,3258,68.747,70.402,-0.0119,-0.0064,-0.0047
Herato1301,21550001,21600000,21574970,35063,4009,67.8228,67.7887,0.0003,0.0001,0.0001
Herato1301,21600001,21650000,21625154,37167,3838,55.5903,62.4159,-0.0578,-0.0234,-0.0183
Herato1301,21650001,21700000,21673055,33482,2696,47.8889,39.8343,0.0918,0.0472,0.0362
Herato1301,21700001,21750000,21729547,28161,2075,37.5702,35.284,0.0314,0.0169,0.013
Herato1301,21750001,21800000,21774718,36992,3625,52.8237,60.165,-0.065,-0.0289,-0.0215
Herato1301,21800001,21850000,21825373,33842,4210,82.5475,76.0721,0.0408,0.0235,0.0175
Herato1301,21850001,21900000,21875268,36305,3897,64.7566,58.9209,0.0472,0.0196,0.0155
Herato1301,21900001,21950000,21924586,36698,4787,83.1419,80.821,0.0142,0.0093,0.0066
Herato1301,21950001,22000000,21979612,26033,3297,66.5906,60.6068,0.047,0.0292,0.022
Herato1301,22000001,22050000,22024255,35067,3487,49.9645,57.2015,-0.0675,-0.0294,-0.022
Herato1301,22050001,22100000,22075328,34976,4238,60.622,70.5108,-0.0754,-0.0404,-0.0295
Herato1301,22100001,22150000,22126631,36150,3072,72.5457,45.4756,0.2294,0.1089,0.0841
Herato1301,22150001,22200000,22175239,37463,2947,66.33,45.9204,0.1818,0.11,0.0825
Herato1301,22200001,22250000,22225095,36685,3934,71.7691,65.4514,0.046,0.0277,0.0198
Herato1301,22250001,22300000,22274793,37241,3325,69.5704,55.712,0.1106,0.0608,0.0448
Herato1301,22300001,22350000,22325214,34350,3704,70.12,61.5727,0.0649,0.0286,0.0229
Herato1301,22350001,22400000,22375917,35172,3797,65.1868,70.2374,-0.0373,-0.0184,-0.014
Herato1301,22400001,22450000,22425209,31392,2788,50.471,48.4302,0.0206,0.0121,0.0089
Herato1301,22450001,22500000,22475200,37761,3456,58.5073,54.7041,0.0336,0.0182,0.0137
Herato1301,22500001,22550000,22526298,32710,2920,53.3188,43.5823,0.1005,0.0453,0.0364
Herato1301,22550001,22600000,22574539,34884,3706,61.4173,52.7889,0.0756,0.0381,0.0283
Herato1301,22600001,22650000,22619366,25467,2096,23.3042,29.1882,-0.1121,-0.0461,-0.0365
Herato1301,22650001,22700000,22676474,32828,2973,38.6707,38.5856,0.0011,0.0005,0.0004
Herato1301,22700001,22750000,22726294,33624,2738,43.4747,55.5993,-0.1224,-0.0748,-0.0549
Herato1301,22750001,22800000,22774119,33871,2964,51.5218,56.2109,-0.0435,-0.0301,-0.0215
Herato1301,22800001,22850000,22825562,33966,3700,67.7578,58.1928,0.0759,0.0582,0.0431
Herato1301,22850001,22900000,22875498,35061,4236,68.4007,67.2917,0.0082,0.004,0.0031
Herato1301,22900001,22950000,22927731,23507,1271,28.0948,20.4329,0.1579,0.099,0.073
Herato1301,22950001,23000000,22972728,32092,3160,48.7856,42.9945,0.0631,0.0323,0.0243
Herato1301,23000001,23050000,23024341,35210,3838,62.1687,59.4473,0.0224,0.0095,0.0073
Herato1301,23050001,23100000,23074295,37726,4076,85.5606,78.7152,0.0417,0.0214,0.0165
Herato1301,23100001,23150000,23125519,35570,3419,56.4519,52.1631,0.0395,0.0191,0.0146
Herato1301,23150001,23200000,23174574,33758,2798,53.4825,44.3155,0.0937,0.0384,0.0309
Herato1301,23200001,23250000,23224629,32371,2980,46.8266,41.8365,0.0563,0.0225,0.0179
Herato1301,23250001,23300000,23275675,37562,3457,58.6149,55.2968,0.0291,0.0109,0.0088
Herato1301,23300001,23350000,23324639,36423,2926,52.3313,49.1108,0.0317,0.0165,0.013
Herato1301,23350001,23400000,23375596,36873,3784,58.872,56.1222,0.0239,0.0139,0.0101
Herato1301,23400001,23450000,23424528,35564,3418,63.4137,63.6573,-0.0019,-0.0013,-0.001
Herato1301,23450001,23500000,23473853,35243,3059,47.8431,50.6175,-0.0282,-0.0126,-0.0099
Herato1301,23500001,23550000,23523329,32407,2483,44.112,48.4771,-0.0471,-0.0258,-0.0191
Herato1301,23550001,23600000,23574538,33623,2521,51.0974,45.9434,0.0531,0.0241,0.0185
Herato1301,23600001,23650000,23624974,38299,3253,47.4488,47.9541,-0.0053,-0.0026,-0.002
Herato1301,23650001,23700000,23677195,35807,3019,45.2432,55.9925,-0.1062,-0.0512,-0.0393
Herato1301,23700001,23750000,23724596,35991,1658,26.5945,17.9625,0.1937,0.1044,0.0734
Herato1301,23750001,23800000,23776504,35560,1510,11.5471,10.1845,0.0627,0.0217,0.0157
Herato1301,23800001,23850000,23825720,39221,1137,4.5058,4.4659,0.0045,0.0008,0.0007
