scaffold,start,end,mid,sites,sitesUsed,ABBA,BABA,D,fd,fdM
Herato1601,1,50000,25214,39366,1017,2.0693,3.3874,-0.2416,-0.0062,-0.006
Herato1601,50001,100000,75034,42047,1518,2.2779,3.6252,-0.2282,-0.0044,-0.0043
Herato1601,100001,150000,124728,38158,2329,9.742,6.9846,0.1649,0.0096,0.0091
Herato1601,150001,200000,175848,34573,2142,13.5284,14.796,-0.0448,-0.0035,-0.0032
Herato1601,200001,250000,225451,38104,2528,13.0509,16.6206,-0.1203,-0.0116,-0.0104
Herato1601,250001,300000,274839,36872,2695,16.0576,18.4818,-0.0702,-0.0073,-0.0065
Herato1601,300001,350000,325369,35119,2273,33.2563,28.6383,0.0746,0.0125,0.0109
Herato1601,350001,400000,375382,37272,2134,29.361,21.3564,0.1578,0.0267,0.0237
Herato1601,400001,450000,425325,39555,2320,18.4149,21.2488,-0.0714,-0.0109,-0.0094
Herato1601,450001,500000,473347,34072,2748,11.9381,12.2709,-0.0137,-0.0011,-0.0009
Herato1601,500001,550000,526048,35586,2422,20.057,23.0471,-0.0694,-0.0118,-0.0104
Herato1601,550001,600000,574784,36372,2510,48.1533,29.8707,0.2343,0.0631,0.0496
Herato1601,600001,650000,624840,35688,2006,27.5724,31.9205,-0.0731,-0.0209,-0.0183
Herato1601,650001,700000,675005,36424,2406,12.876,13.7465,-0.0327,-0.004,-0.0035
Herato1601,700001,750000,726462,31892,2505,33.9172,29.373,0.0718,0.0215,0.0171
Herato1601,750001,800000,774926,33686,3007,38.136,38.9356,-0.0104,-0.0038,-0.0031
Herato1601,800001,850000,825168,35523,2919,46.0966,45.1808,0.01,0.0038,0.0031
Herato1601,850001,900000,873940,32665,2918,38.2567,33.8449,0.0612,0.0203,0.0164
Herato1601,900001,950000,926356,32016,2294,20.5135,26.0781,-0.1194,-0.0274,-0.0216
Herato1601,950001,1000000,975580,30697,2032,24.2497,21.7462,0.0544,0.0171,0.0139
Herato1601,1000001,1050000,1024245,26761,1468,18.6941,14.2228,0.1358,0.0303,0.0263
Herato1601,1050001,1100000,1074867,33115,1718,21.8624,23.0371,-0.0262,-0.0072,-0.006
Herato1601,1100001,1150000,1124000,34713,2113,32.0926,37.8185,-0.0819,-0.0251,-0.0211
Herato1601,1150001,1200000,1174730,32362,2080,29.0092,31.0945,-0.0347,-0.012,-0.0096
Herato1601,1200001,1250000,1223370,32217,2374,31.2215,28.8057,0.0402,0.0124,0.0101
Herato1601,1250001,1300000,1275379,32892,2373,32.5018,32.0088,0.0076,0.0026,0.0021
Herato1601,1300001,1350000,1324621,32819,2269,28.7905,28.0903,0.0123,0.0034,0.0028
Herato1601,1350001,1400000,1375005,33050,2419,33.4557,33.5975,-0.0021,-0.0006,-0.0005
Herato1601,1400001,1450000,1424988,34534,2776,38.7884,37.8577,0.0121,0.0042,0.0034
Herato1601,1450001,1500000,1474620,34218,2267,31.8244,32.1566,-0.0052,-0.002,-0.0016
Herato1601,1500001,1550000,1525666,34709,2061,23.1133,26.0487,-0.0597,-0.0182,-0.0145
Herato1601,1550001,1600000,1575971,34017,2307,23.1691,22.0725,0.0242,0.0048,0.0042
Herato1601,1600001,1650000,1626113,30974,1645,21.3106,20.4004,0.0218,0.0054,0.0044
Herato1601,1650001,1700000,1675129,34492,2367,28.4656,24.63,0.0722,0.0183,0.0152
Herato1601,1700001,1750000,1723360,32024,2044,16.8057,18.7654,-0.0551,-0.011,-0.0093
Herato1601,1750001,1800000,1774996,32314,2157,23.8475,19.3061,0.1052,0.0204,0.0177
Herato1601,1800001,1850000,1825343,35269,2459,26.9198,27.5225,-0.0111,-0.0025,-0.0021
Herato1601,1850001,1900000,1874319,35188,2114,17.5149,18.6519,-0.0314,-0.0055,-0.0047
Herato1601,1900001,1950000,1921604,26458,888,7.7537,6.8823,0.0595,0.0088,0.0078
Herato1601,1950001,2000000,1972880,28717,1561,12.771,8.4634,0.2029,0.0316,0.0271
Herato1601,2000001,2050000,2027140,28890,1615,14.7259,16.8874,-0.0684,-0.0141,-0.0121
Herato1601,2050001,2100000,2075317,33399,1893,20.3326,18.6863,0.0422,0.0096,0.0081
Herato1601,2100001,2150000,2125731,30154,1629,13.1085,11.4964,0.0655,0.0099,0.0083
Herato1601,2150001,2200000,2175244,28425,2188,21.484,22.4865,-0.0228,-0.005,-0.0042
Herato1601,2200001,2250000,2223577,31392,2229,20.7984,21.0869,-0.0069,-0.0014,-0.0012
Herato1601,2250001,2300000,2275056,34668,2177,20.9833,20.9491,0.0008,0.0002,0.0002
Herato1601,2300001,2350000,2324869,30558,2147,24.9682,25.7439,-0.0153,-0.0045,-0.0037
Herato1601,2350001,2400000,2374886,30083,1640,17.4686,17.5528,-0.0024,-0.0006,-0.0005
Herato1601,2400001,2450000,2425463,27085,1593,17.8782,20.4617,-0.0674,-0.0171,-0.0145
Herato1601,2450001,2500000,2473519,30959,1505,18.2092,19.489,-0.0339,-0.0085,-0.0072
Herato1601,2500001,2550000,2525166,33768,1453,14.2314,10.4246,0.1544,0.0308,0.0268
Herato1601,2550001,2600000,2575962,32621,1892,18.7495,19.6287,-0.0229,-0.005,-0.0042
Herato1601,2600001,2650000,2626130,30564,1852,19.8371,20.1863,-0.0087,-0.0019,-0.0016
Herato1601,2650001,2700000,2675276,31312,1663,21.8188,23.7964,-0.0434,-0.0136,-0.011
Herato1601,2700001,2750000,2725126,36717,2367,38.4912,39.7122,-0.0156,-0.0049,-0.0042
Herato1601,2750001,2800000,2776040,31214,1639,16.7441,19.2552,-0.0698,-0.017,-0.0142
Herato1601,2800001,2850000,2825014,33360,2377,31.6651,28.9465,0.0449,0.0133,0.0107
Herato1601,2850001,2900000,2874327,32032,1756,21.8006,21.526,0.0063,0.0017,0.0014
Herato1601,2900001,2950000,2925716,32611,2025,27.373,25.7482,0.0306,0.0085,0.0073
Herato1601,2950001,3000000,2972178,29271,1993,28.8754,25.1269,0.0694,0.0266,0.0215
Herato1601,3000001,3050000,3024544,32705,2140,23.7452,24.3927,-0.0135,-0.0044,-0.0035
Herato1601,3050001,3100000,3076188,34528,2410,31.2212,29.7833,0.0236,0.0083,0.0068
Herato1601,3100001,3150000,3125065,31138,1618,19.4915,22.3131,-0.0675,-0.017,-0.0142
Herato1601,3150001,3200000,3175645,32437,1669,19.3349,22.6381,-0.0787,-0.0233,-0.0188
Herato1601,3200001,3250000,3223086,31082,1810,25.7614,26.0596,-0.0058,-0.0016,-0.0014
Herato1601,3250001,3300000,3273039,32287,1804,27.2343,29.7462,-0.0441,-0.0145,-0.0123
Herato1601,3300001,3350000,3324868,31012,1122,15.9869,12.3598,0.128,0.0301,0.0257
Herato1601,3350001,3400000,3377113,26467,1059,11.3541,12.2997,-0.04,-0.0074,-0.0065
Herato1601,3400001,3450000,3424744,34172,1911,24.751,25.2271,-0.0095,-0.0041,-0.0031
Herato1601,3450001,3500000,3475278,33554,2263,23.2342,23.7457,-0.0109,-0.0026,-0.0021
Herato1601,3500001,3550000,3524849,34488,2299,28.2368,28.6561,-0.0074,-0.0022,-0.0018
Herato1601,3550001,3600000,3575388,33513,1912,19.9064,18.8528,0.0272,0.0071,0.0057
Herato1601,3600001,3650000,3625262,30116,1528,16.1304,16.5361,-0.0124,-0.0024,-0.0021
Herato1601,3650001,3700000,3674728,36473,1845,16.0681,16.0061,0.0019,0.0004,0.0003
Herato1601,3700001,3750000,3725128,29075,1663,13.5797,14.3805,-0.0286,-0.0055,-0.0048
Herato1601,3750001,3800000,3774775,30699,1565,14.2858,15.9966,-0.0565,-0.016,-0.0122
Herato1601,3800001,3850000,3823895,25537,1393,8.1097,7.77,0.0214,0.0036,0.0031
Herato1601,3850001,3900000,3874810,30180,1316,7.4825,7.9774,-0.032,-0.0051,-0.0044
Herato1601,3900001,3950000,3924661,30147,1174,5.928,7.2445,-0.0999,-0.014,-0.0121
Herato1601,3950001,4000000,3974300,29109,1981,10.0739,8.5523,0.0817,0.0134,0.0113
Herato1601,4000001,4050000,4026566,30659,1271,6.0915,5.6377,0.0387,0.0056,0.0049
Herato1601,4050001,4100000,4075274,30083,1125,6.2512,7.6382,-0.0999,-0.018,-0.0155
Herato1601,4100001,4150000,4125535,30292,617,3.6495,2.1289,0.2632,0.0378,0.0325
Herato1601,4150001,4200000,4176404,31716,285,1.9044,1.8218,0.0222,0.0037,0.0033
Herato1601,4200001,4250000,4225598,28733,591,2.4085,2.8993,-0.0925,-0.0091,-0.0078
Herato1601,4250001,4300000,4276165,31192,1084,10.1088,14.4215,-0.1758,-0.0461,-0.0393
Herato1601,4300001,4350000,4326549,23243,507,3.7566,3.7432,0.0018,0.0003,0.0003
Herato1601,4350001,4400000,4376045,28420,1581,11.172,8.991,0.1082,0.0179,0.0156
Herato1601,4400001,4450000,4424601,33526,2161,26.163,28.0488,-0.0348,-0.0094,-0.0078
Herato1601,4450001,4500000,4477403,32299,1767,23.181,23.1197,0.0013,0.0003,0.0003
Herato1601,4500001,4550000,4522761,36499,2128,22.3928,24.902,-0.0531,-0.0109,-0.0095
Herato1601,4550001,4600000,4574047,35002,2736,45.0211,46.0423,-0.0112,-0.0051,-0.0041
Herato1601,4600001,4650000,4625189,34767,2370,33.6547,33.0023,0.0098,0.0034,0.0027
Herato1601,4650001,4700000,4674210,33453,2281,33.4765,32.377,0.0167,0.0061,0.0051
Herato1601,4700001,4750000,4725420,36055,2574,42.533,41.1107,0.017,0.0072,0.0056
Herato1601,4750001,4800000,4775536,36140,2649,46.2907,43.2579,0.0339,0.0127,0.0105
Herato1601,4800001,4850000,4825067,35834,2685,35.8783,37.7828,-0.0259,-0.0085,-0.0068
Herato1601,4850001,4900000,4876560,32426,2269,36.2922,30.4921,0.0868,0.0296,0.0248
Herato1601,4900001,4950000,4926064,30673,1918,25.454,27.0438,-0.0303,-0.0138,-0.0102
Herato1601,4950001,5000000,4975726,35782,2485,38.9943,42.4111,-0.042,-0.0151,-0.0121
Herato1601,5000001,5050000,5026077,32807,2499,37.4235,41.4552,-0.0511,-0.0218,-0.0175
Herato1601,5050001,5100000,5076255,35936,2456,46.5255,47.9122,-0.0147,-0.0064,-0.0051
Herato1601,5100001,5150000,5124963,35625,2762,40.3974,37.2084,0.0411,0.0165,0.013
Herato1601,5150001,5200000,5175289,33375,1786,19.8763,22.4665,-0.0612,-0.0141,-0.0118
Herato1601,5200001,5250000,5225399,35175,1765,24.4175,25.6277,-0.0242,-0.0058,-0.0049
Herato1601,5250001,5300000,5274491,35993,1979,23.4071,26.9924,-0.0711,-0.0171,-0.0149
Herato1601,5300001,5350000,5324607,33767,1851,19.0039,17.6846,0.036,0.0068,0.0058
Herato1601,5350001,5400000,5374485,33554,1727,18.2849,21.3742,-0.0779,-0.015,-0.0126
Herato1601,5400001,5450000,5427435,28983,987,7.3446,8.77,-0.0885,-0.0159,-0.0136
Herato1601,5450001,5500000,5474997,34194,2136,26.5926,22.6495,0.0801,0.0215,0.018
Herato1601,5500001,5550000,5525077,34238,1611,20.7146,18.437,0.0582,0.0156,0.013
Herato1601,5550001,5600000,5574927,32386,1346,16.2389,16.1996,0.0012,0.0003,0.0003
Herato1601,5600001,5650000,5624903,34180,1112,8.9491,8.3825,0.0327,0.0049,0.0043
Herato1601,5650001,5700000,5675054,31671,1356,14.7923,18.2499,-0.1046,-0.0194,-0.0172
Herato1601,5700001,5750000,5728276,30663,2307,33.8448,37.1251,-0.0462,-0.0154,-0.0129
Herato1601,5750001,5800000,5775247,35187,2751,38.6016,42.1075,-0.0434,-0.016,-0.0128
Herato1601,5800001,5850000,5824925,35148,2718,42.2449,37.6779,0.0571,0.0229,0.0182
Herato1601,5850001,5900000,5876923,31902,1784,20.6751,20.1703,0.0124,0.0033,0.0028
Herato1601,5900001,5950000,5914773,18493,839,11.2657,9.7971,0.0697,0.0179,0.0156
Herato1602,1,50000,24912,36435,2520,30.3687,31.7139,-0.0217,-0.0052,-0.0044
Herato1602,50001,100000,76816,32157,1480,22.4032,20.9108,0.0345,0.0094,0.0079
Herato1602,100001,150000,124857,23208,656,3.2008,3.9173,-0.1007,-0.0108,-0.0094
Herato1602,150001,200000,176363,28295,1268,10.7919,10.8217,-0.0014,-0.0003,-0.0002
Herato1602,200001,250000,224973,33190,2060,29.6726,31.7935,-0.0345,-0.01,-0.0082
Herato1602,250001,300000,259766,13218,606,6.5753,8.871,-0.1486,-0.0288,-0.0234
Herato1603,1,50000,27530,22211,890,9.9632,7.7118,0.1274,0.0616,0.0486
Herato1603,50001,100000,73962,26632,772,6.8732,5.4397,0.1164,0.0487,0.0399
Herato1603,100001,150000,126863,26951,715,3.9999,5.6898,-0.1744,-0.042,-0.0347
Herato1603,150001,200000,176611,25600,756,6.0942,5.4409,0.0566,0.0157,0.0131
Herato1603,200001,250000,222688,20813,581,4.2723,4.3388,-0.0077,-0.0021,-0.0018
Herato1603,250001,300000,275627,20714,450,5.348,3.2414,0.2453,0.0891,0.0776
Herato1603,300001,350000,326727,20447,257,2.275,2.5315,-0.0534,-0.0217,-0.0175
Herato1603,350001,400000,376912,22694,496,3.8775,3.9996,-0.0155,-0.0054,-0.0043
Herato1603,400001,450000,425715,28530,705,5.4981,5.0639,0.0411,0.0116,0.0087
Herato1603,450001,500000,475709,28560,1181,13.4301,12.0104,0.0558,0.0269,0.0211
Herato1603,500001,550000,526252,30930,1138,9.8286,12.731,-0.1287,-0.0346,-0.0284
Herato1603,550001,600000,575471,34351,2060,10.6201,7.9921,0.1412,0.0114,0.0104
Herato1603,600001,650000,625287,37122,2541,26.4049,27.4063,-0.0186,-0.0044,-0.0036
Herato1603,650001,700000,673854,34532,2248,32.098,30.6923,0.0224,0.0087,0.0071
Herato1603,700001,750000,725471,29570,1351,11.506,11.1185,0.0171,0.0026,0.0022
Herato1603,750001,800000,774084,29879,1843,18.0647,16.9891,0.0307,0.0063,0.0052
Herato1603,800001,850000,825897,37232,2052,18.5935,20.0603,-0.0379,-0.0064,-0.0055
Herato1603,850001,900000,872512,29388,1558,19.6451,19.367,0.0071,0.0014,0.0012
Herato1603,900001,950000,925130,35836,2123,20.5269,23.9319,-0.0766,-0.0113,-0.0101
Herato1603,950001,1000000,975961,34758,2362,27.4922,26.761,0.0135,0.0036,0.003
Herato1603,1000001,1050000,1026477,33483,1338,12.8455,11.9257,0.0371,0.0046,0.0043
Herato1603,1050001,1100000,1074805,35239,1724,21.9183,20.7632,0.0271,0.0054,0.0047
Herato1603,1100001,1150000,1125177,33663,2002,26.3013,24.2864,0.0398,0.0075,0.0066
Herato1603,1150001,1200000,1173250,29605,1754,18.8348,18.3165,0.014,0.0028,0.0023
Herato1603,1200001,1250000,1225889,31268,1665,21.4716,23.35,-0.0419,-0.0113,-0.0095
Herato1603,1250001,1300000,1274080,30831,1758,20.9338,19.0266,0.0477,0.0096,0.0083
Herato1603,1300001,1350000,1325926,32350,1908,20.796,22.1695,-0.032,-0.0087,-0.0073
Herato1603,1350001,1400000,1376338,35465,2113,22.4934,27.1098,-0.0931,-0.0264,-0.0219
Herato1603,1400001,1450000,1426340,35942,2370,29.9689,30.6825,-0.0118,-0.0027,-0.0023
Herato1603,1450001,1500000,1475904,35292,2415,33.154,33.8447,-0.0103,-0.0029,-0.0025
Herato1603,1500001,1550000,1524770,36937,2394,24.5668,23.3704,0.025,0.0047,0.0041
Herato1603,1550001,1600000,1574540,35671,1973,19.6105,19.6848,-0.0019,-0.0003,-0.0003
Herato1603,1600001,1650000,1628871,26683,325,6.2939,3.3027,0.3117,0.0555,0.0491
Herato1603,1650001,1700000,1677836,30460,827,7.0978,6.0483,0.0798,0.01,0.0091
Herato1603,1700001,1750000,1725987,35174,1796,18.4352,13.1281,0.1681,0.0259,0.022
Herato1603,1750001,1800000,1774839,34775,1634,15.6555,19.6903,-0.1142,-0.0216,-0.0181
Herato1603,1800001,1850000,1825051,35858,2426,43.6334,35.2467,0.1063,0.0481,0.0376
Herato1603,1850001,1900000,1873335,36434,2056,45.0023,20.2776,0.3787,0.1167,0.0921
Herato1603,1900001,1950000,1925183,32918,2176,38.9705,29.7363,0.1344,0.0515,0.0401
Herato1603,1950001,2000000,1975243,36180,2040,37.4902,26.0461,0.1801,0.0661,0.0501
Herato1603,2000001,2050000,2025563,37360,2268,43.3299,27.0426,0.2314,0.0816,0.0652
Herato1603,2050001,2100000,2072921,30858,1854,49.6304,28.916,0.2637,0.1283,0.0987
Herato1603,2100001,2150000,2125182,32919,1993,47.2615,35.7663,0.1384,0.0608,0.0473
Herato1603,2150001,2200000,2175305,35184,2378,49.274,31.9315,0.2136,0.1003,0.0769
Herato1603,2200001,2250000,2222316,18151,624,11.8371,7.4511,0.2274,0.0948,0.0728
Herato1603,2250001,2300000,2274431,35794,2392,49.0646,31.5808,0.2168,0.0818,0.0675
Herato1603,2300001,2350000,2324466,32812,1857,38.807,23.3515,0.2486,0.0924,0.0725
Herato1603,2350001,2400000,2373164,31848,1916,24.8979,24.2088,0.014,0.0039,0.0032
Herato1603,2400001,2450000,2426311,34103,1990,30.9666,25.959,0.088,0.0271,0.0232
Herato1603,2450001,2500000,2474993,37366,2243,39.1987,37.3143,0.0246,0.0077,0.0064
Herato1603,2500001,2550000,2524096,36851,2323,25.3744,22.2347,0.0659,0.0113,0.0099
Herato1603,2550001,2600000,2574759,38563,2972,36.0532,41.5961,-0.0714,-0.025,-0.0197
Herato1603,2600001,2650000,2624944,34960,2336,34.5607,31.5375,0.0457,0.015,0.0122
Herato1603,2650001,2700000,2675491,34915,2237,33.9464,30.9857,0.0456,0.0139,0.0115
Herato1603,2700001,2750000,2724585,34842,2307,28.6346,28.2532,0.0067,0.0023,0.0019
Herato1603,2750001,2800000,2773562,33123,2335,35.3114,32.4684,0.0419,0.0147,0.0122
Herato1603,2800001,2850000,2825469,33987,2125,28.3486,30.1193,-0.0303,-0.0107,-0.0086
Herato1603,2850001,2900000,2874666,35399,2475,29.1229,29.3271,-0.0035,-0.0011,-0.0009
Herato1603,2900001,2950000,2926441,34012,2221,26.3247,26.5269,-0.0038,-0.0012,-0.001
Herato1603,2950001,3000000,2974628,36199,2755,40.3747,38.2273,0.0273,0.0092,0.0076
Herato1603,3000001,3050000,3024680,34146,2182,35.5577,27.216,0.1329,0.0421,0.0356
Herato1603,3050001,3100000,3075444,33691,1826,22.7028,21.5131,0.0269,0.0063,0.0054
Herato1603,3100001,3150000,3125139,34474,2271,26.5642,28.043,-0.0271,-0.0079,-0.0064
Herato1603,3150001,3200000,3174461,33385,1721,19.5873,16.5977,0.0826,0.0185,0.0151
Herato1603,3200001,3250000,3222672,31999,1555,19.2261,14.4372,0.1423,0.0284,0.0245
Herato1603,3250001,3300000,3275259,33743,1780,24.9874,22.4359,0.0538,0.0122,0.0105
Herato1603,3300001,3350000,3324275,33705,2247,29.9615,30.083,-0.002,-0.0005,-0.0004
Herato1603,3350001,3400000,3374736,33300,2129,23.8279,27.5611,-0.0726,-0.0208,-0.017
Herato1603,3400001,3450000,3425211,34760,2099,26.8935,27.8609,-0.0177,-0.0046,-0.0039
Herato1603,3450001,3500000,3476536,32510,2264,26.0346,30.2429,-0.0748,-0.0232,-0.0186
Herato1603,3500001,3550000,3525244,34309,1704,22.1239,22.1918,-0.0015,-0.0005,-0.0004
Herato1603,3550001,3600000,3578174,35392,2448,26.6668,24.4859,0.0426,0.0118,0.01
Herato1603,3600001,3650000,3624471,36675,2572,36.5074,28.9798,0.1149,0.0382,0.0307
Herato1603,3650001,3700000,3674526,36561,2163,38.326,39.1876,-0.0111,-0.0035,-0.003
Herato1603,3700001,3750000,3723736,34930,1938,33.9874,30.7983,0.0492,0.0156,0.0132
Herato1603,3750001,3800000,3775092,34786,2298,42.0185,40.7966,0.0148,0.0059,0.0048
Herato1603,3800001,3850000,3826169,30250,1860,29.2241,29.0346,0.0033,0.0016,0.0012
Herato1603,3850001,3900000,3876950,31622,2441,34.3242,31.5559,0.042,0.0182,0.0145
Herato1603,3900001,3950000,3924204,28043,1639,19.1094,20.5387,-0.036,-0.0112,-0.0087
Herato1603,3950001,4000000,3975154,35958,2245,34.5445,35.3807,-0.012,-0.0043,-0.0035
Herato1603,4000001,4050000,4026242,25646,1653,29.7813,21.9294,0.1518,0.0658,0.0504
Herato1604,1,50000,25611,34477,2119,33.2292,26.9784,0.1038,0.0283,0.0236
Herato1604,50001,100000,54922,6804,368,4.337,4.595,-0.0289,-0.0101,-0.0082
Herato1605,1,50000,25364,30832,1743,20.1966,17.7468,0.0646,0.0153,0.0125
Herato1605,50001,100000,74470,34505,2255,30.0569,26.1074,0.0703,0.0227,0.0191
Herato1605,100001,150000,124169,34087,2018,32.0058,29.0896,0.0477,0.0141,0.012
Herato1605,150001,200000,174393,36070,1915,17.8486,16.4616,0.0404,0.0057,0.0052
Herato1605,200001,250000,224017,36522,2168,36.3961,31.5512,0.0713,0.0213,0.0184
Herato1605,250001,300000,275753,33083,2129,27.9175,30.7453,-0.0482,-0.0204,-0.0156
Herato1605,300001,350000,323010,29636,1781,25.6684,24.1366,0.0308,0.0104,0.0084
Herato1605,350001,400000,375280,31707,1531,10.6948,10.6916,0.0001,0.0,0.0
Herato1605,400001,450000,425870,29877,1572,14.3979,13.7046,0.0247,0.0053,0.0044
Herato1605,450001,500000,474534,36302,1236,13.0727,11.646,0.0577,0.0101,0.0086
Herato1605,500001,550000,524188,30212,1121,11.4081,9.6851,0.0817,0.0164,0.0131
Herato1605,550001,600000,575363,34514,2030,26.6604,28.0771,-0.0259,-0.0091,-0.0074
Herato1605,600001,650000,624022,35170,2421,29.5884,29.9813,-0.0066,-0.0024,-0.0019
Herato1605,650001,700000,675883,32618,2656,37.1136,39.6804,-0.0334,-0.018,-0.0135
Herato1605,700001,750000,720071,24610,1362,21.9725,22.4289,-0.0103,-0.004,-0.0033
Herato1605,750001,800000,778756,31355,2140,25.2901,23.7562,0.0313,0.0119,0.0094
Herato1605,800001,850000,824270,37685,2491,36.0517,32.873,0.0461,0.0182,0.0151
Herato1605,850001,900000,874513,32892,1710,24.3453,24.0068,0.007,0.0029,0.0024
Herato1605,900001,950000,924557,35196,2463,27.6684,32.3279,-0.0777,-0.0248,-0.0201
Herato1605,950001,1000000,975073,34396,2165,36.8299,38.7902,-0.0259,-0.0124,-0.01
Herato1605,1000001,1050000,1028357,28248,1971,25.9875,27.3122,-0.0249,-0.0061,-0.0053
Herato1605,1050001,1100000,1075637,30338,1801,19.6111,20.1022,-0.0124,-0.003,-0.0024
Herato1605,1100001,1150000,1125200,34765,2404,35.9416,33.8154,0.0305,0.0085,0.0073
Herato1605,1150001,1200000,1175345,37640,2479,26.1755,23.1241,0.0619,0.0104,0.0092
Herato1605,1200001,1250000,1223029,33172,2032,20.01,20.0462,-0.0009,-0.0002,-0.0002
Herato1605,1250001,1300000,1275067,36562,2745,52.2599,46.6197,0.057,0.022,0.0188
Herato1605,1300001,1350000,1324633,34324,2801,41.2968,45.2164,-0.0453,-0.0187,-0.015
Herato1605,1350001,1400000,1376813,30789,2091,27.139,26.4258,0.0133,0.0048,0.004
Herato1605,1400001,1450000,1427068,23726,1740,21.9681,23.6799,-0.0375,-0.0145,-0.0109
Herato1605,1450001,1500000,1475439,34273,2395,31.9141,32.5039,-0.0092,-0.0035,-0.0029
Herato1605,1500001,1550000,1524836,34835,2504,25.7429,25.4503,0.0057,0.0017,0.0013
Herato1605,1550001,1600000,1575454,34116,2161,22.7072,25.9617,-0.0669,-0.0176,-0.0143
Herato1605,1600001,1650000,1627501,29995,1124,12.5762,10.5447,0.0879,0.0127,0.0113
Herato1605,1650001,1700000,1676530,32230,1436,15.9196,16.8241,-0.0276,-0.0053,-0.0046
Herato1605,1700001,1750000,1725017,34470,2228,21.7137,20.5222,0.0282,0.0057,0.0049
Herato1605,1750001,1800000,1775103,31637,1705,20.4262,21.8964,-0.0347,-0.0092,-0.0076
Herato1605,1800001,1850000,1826098,32588,2183,30.1251,29.7994,0.0054,0.0013,0.0011
Herato1605,1850001,1900000,1874260,30409,1789,19.628,18.0613,0.0416,0.0079,0.0068
Herato1605,1900001,1950000,1926720,30280,1482,19.2975,16.5528,0.0766,0.019,0.016
Herato1605,1950001,2000000,1975482,25817,989,11.6162,10.2489,0.0625,0.0139,0.0113
Herato1605,2000001,2050000,2025659,31046,1740,23.4048,23.5322,-0.0027,-0.001,-0.0008
Herato1605,2050001,2100000,2075763,24707,1051,12.3399,13.1598,-0.0322,-0.0087,-0.0074
Herato1605,2100001,2150000,2124353,33098,2359,32.4722,34.5012,-0.0303,-0.011,-0.0087
Herato1605,2150001,2200000,2175022,34642,2990,44.8202,46.0214,-0.0132,-0.0053,-0.0043
Herato1605,2200001,2250000,2224818,38032,2830,37.7437,40.9362,-0.0406,-0.0124,-0.0104
Herato1605,2250001,2300000,2275210,36365,2873,41.7779,39.4924,0.0281,0.0104,0.0084
Herato1605,2300001,2350000,2324692,34864,1838,19.6074,21.252,-0.0403,-0.0078,-0.0069
Herato1605,2350001,2400000,2375382,36328,2109,30.3939,28.6401,0.0297,0.0084,0.0068
Herato1605,2400001,2450000,2424656,33192,1977,23.5625,24.89,-0.0274,-0.0103,-0.0081
Herato1605,2450001,2500000,2476829,33562,2419,39.7584,37.0211,0.0357,0.014,0.0113
Herato1605,2500001,2550000,2524382,34027,2233,33.2456,29.8083,0.0545,0.0192,0.0161
Herato1605,2550001,2600000,2574385,34483,2066,26.2274,24.7951,0.0281,0.0087,0.0071
Herato1605,2600001,2650000,2625056,34831,2456,25.4271,23.7566,0.034,0.0084,0.0069
Herato1605,2650001,2700000,2675655,38396,2006,10.2428,9.6685,0.0288,0.0025,0.0023
Herato1605,2700001,2750000,2725758,33148,1153,6.2671,6.5838,-0.0246,-0.002,-0.0019
Herato1605,2750001,2800000,2775032,31597,1528,11.6737,13.5295,-0.0736,-0.0104,-0.009
Herato1605,2800001,2850000,2824180,29984,1804,20.9773,23.2014,-0.0503,-0.0131,-0.0109
Herato1605,2850001,2900000,2874643,36394,2236,23.3874,28.4265,-0.0973,-0.025,-0.0208
Herato1605,2900001,2950000,2925834,25124,1479,14.94,12.503,0.0888,0.0224,0.0187
Herato1605,2950001,3000000,2969046,19199,975,8.0916,8.4598,-0.0222,-0.0037,-0.003
Herato1605,3000001,3050000,3025505,34584,1941,26.961,23.5247,0.0681,0.0181,0.0148
Herato1605,3050001,3100000,3074831,33416,2078,23.5417,20.8554,0.0605,0.0115,0.0101
Herato1605,3100001,3150000,3123743,33109,2006,19.4111,18.4338,0.0258,0.005,0.0043
Herato1605,3150001,3200000,3172549,27379,1673,23.5667,22.1915,0.0301,0.0089,0.0077
Herato1605,3200001,3250000,3224990,33321,1790,21.8749,19.4778,0.058,0.013,0.0112
Herato1605,3250001,3300000,3275075,31428,1679,19.5178,23.3684,-0.0898,-0.0241,-0.0204
Herato1605,3300001,3350000,3325175,28718,1736,17.9017,18.057,-0.0043,-0.0011,-0.0009
Herato1605,3350001,3400000,3373658,31114,1813,19.242,21.5315,-0.0562,-0.0151,-0.0122
Herato1605,3400001,3450000,3424219,26368,1457,19.9583,24.5096,-0.1024,-0.0378,-0.0298
Herato1605,3450001,3500000,3470264,22168,777,5.9724,6.9558,-0.0761,-0.0159,-0.0134
Herato1605,3500001,3550000,3525652,30165,1660,17.5758,15.2388,0.0712,0.0192,0.016
Herato1605,3550001,3600000,3577653,30097,1644,18.6049,22.8977,-0.1034,-0.025,-0.0214
Herato1605,3600001,3650000,3623461,35571,2212,24.2138,24.3846,-0.0035,-0.0011,-0.0009
Herato1605,3650001,3700000,3671876,32813,1526,29.5545,22.1557,0.1431,0.0499,0.04
Herato1605,3700001,3750000,3725279,33570,2598,34.4109,32.7834,0.0242,0.0069,0.0056
Herato1605,3750001,3800000,3775054,32988,2041,23.2463,27.029,-0.0752,-0.0197,-0.0162
Herato1605,3800001,3850000,3825256,36141,2455,27.9415,26.3314,0.0297,0.0073,0.006
Herato1605,3850001,3900000,3874510,34812,2813,38.7225,34.4692,0.0581,0.02,0.0166
Herato1605,3900001,3950000,3925094,35714,2515,33.6821,30.1552,0.0552,0.0143,0.0121
Herato1605,3950001,4000000,3974176,33219,3086,42.1398,36.0738,0.0776,0.0273,0.0215
Herato1605,4000001,4050000,4025846,33190,2719,39.6243,32.5774,0.0976,0.0293,0.0239
Herato1605,4050001,4100000,4074295,32089,1865,23.9915,24.5586,-0.0117,-0.0032,-0.0027
Herato1605,4100001,4150000,4124329,32773,2299,24.4742,23.2387,0.0259,0.0092,0.0069
Herato1605,4150001,4200000,4174167,32405,2210,23.5803,22.4749,0.024,0.0055,0.0045
Herato1605,4200001,4250000,4224468,34914,1998,23.6432,26.135,-0.0501,-0.0134,-0.0114
Herato1605,4250001,4300000,4274776,35890,3044,39.321,47.2727,-0.0918,-0.0319,-0.0265
Herato1605,4300001,4350000,4325604,37759,2651,36.5544,38.3534,-0.024,-0.0059,-0.005
Herato1605,4350001,4400000,4373812,32322,2108,23.0805,30.054,-0.1312,-0.0328,-0.0263
Herato1605,4400001,4450000,4425379,34571,2251,27.5107,24.8355,0.0511,0.0124,0.0104
Herato1605,4450001,4500000,4473647,28184,1359,18.6575,17.0563,0.0448,0.0123,0.0102
Herato1605,4500001,4550000,4525327,34694,1675,15.23,18.7342,-0.1032,-0.02,-0.0165
Herato1605,4550001,4600000,4574160,35261,2005,27.6793,27.3598,0.0058,0.0015,0.0012
Herato1605,4600001,4650000,4624903,35758,2208,38.9009,38.4807,0.0054,0.0017,0.0014
Herato1605,4650001,4700000,4675372,34668,2325,38.4413,33.7993,0.0643,0.0207,0.0169
Herato1605,4700001,4750000,4729280,28924,1827,19.6904,19.2568,0.0111,0.0018,0.0015
Herato1605,4750001,4800000,4775166,36552,2269,14.2377,12.9283,0.0482,0.0043,0.0039
Herato1605,4800001,4850000,4824828,38498,1835,12.0453,9.898,0.0979,0.0073,0.0069
Herato1605,4850001,4900000,4874576,36377,1717,6.2435,4.2543,0.1895,0.0069,0.0066
Herato1605,4900001,4950000,4923605,34906,1407,2.6083,2.4006,0.0415,0.0008,0.0008
