scaffold,start,end,mid,sites,sitesUsed,ABBA,BABA,D,fd,fdM
Herato0601,1,50000,26977,35937,2235,21.7868,25.3341,-0.0753,-0.12,-0.0657
Herato0601,50001,100000,78118,31723,2898,43.5807,47.3859,-0.0418,-0.0731,-0.0375
Herato0601,100001,150000,125219,36320,3948,58.2392,67.529,-0.0739,-0.1117,-0.0628
Herato0601,150001,200000,175094,37417,4190,72.1189,64.7623,0.0537,0.0732,0.0467
Herato0601,200001,250000,224965,35112,4292,65.2803,61.611,0.0289,0.0474,0.0263
Herato0601,250001,300000,275066,33722,4643,66.6252,61.9912,0.036,0.053,0.0317
Herato0601,300001,350000,325160,36673,3910,56.7871,51.0234,0.0535,0.0732,0.0443
Herato0601,350001,400000,375213,36484,4543,66.7783,64.5148,0.0172,0.025,0.0149
Herato0601,400001,450000,423341,30171,3498,49.3961,51.3996,-0.0199,-0.0303,-0.0166
Herato0601,450001,500000,473264,32160,3152,38.6078,36.5707,0.0271,0.0337,0.0195
Herato0601,500001,550000,525436,31536,3607,45.1591,48.222,-0.0328,-0.0418,-0.0254
Herato0601,550001,600000,574693,33848,3723,48.8538,47.1292,0.018,0.024,0.014
Herato0601,600001,650000,624933,35576,3928,56.9476,63.8176,-0.0569,-0.0851,-0.0454
Herato0601,650001,700000,675329,36013,4217,59.2048,56.2353,0.0257,0.0354,0.0213
Herato0601,700001,750000,725147,35446,4500,64.3834,60.9094,0.0277,0.0392,0.0234
Herato0601,750001,800000,775665,33537,3692,51.8124,47.9392,0.0388,0.0514,0.0299
Herato0601,800001,850000,823962,30157,3376,47.7366,46.52,0.0129,0.0166,0.0102
Herato0601,850001,900000,875500,37367,5265,67.7294,67.7358,-0.0,-0.0001,-0.0
Herato0601,900001,950000,924546,37429,5381,69.1455,72.2137,-0.0217,-0.0331,-0.0183
Herato0601,950001,1000000,975168,36316,4667,60.2077,62.5895,-0.0194,-0.0277,-0.0159
Herato0601,1000001,1050000,1024819,35312,5010,74.7736,68.908,0.0408,0.0538,0.0326
Herato0601,1050001,1100000,1075302,36042,4914,68.0721,57.548,0.0838,0.0973,0.0626
Herato0601,1100001,1150000,1124786,36242,4295,58.1443,53.4179,0.0424,0.0564,0.0343
Herato0601,1150001,1200000,1175111,35179,4870,66.1767,66.6662,-0.0037,-0.0052,-0.003
Herato0601,1200001,1250000,1225046,36418,4823,68.6292,65.1092,0.0263,0.0342,0.0204
Herato0601,1250001,1300000,1274847,34273,4474,67.0236,70.9421,-0.0284,-0.0436,-0.0245
Herato0601,1300001,1350000,1324914,34971,4923,72.3685,85.8745,-0.0854,-0.1533,-0.0767
Herato0601,1350001,1400000,1374465,36129,4122,59.0906,67.4505,-0.0661,-0.1124,-0.0581
Herato0601,1400001,1450000,1424537,35923,5321,75.6585,84.7295,-0.0566,-0.0906,-0.05
Herato0601,1450001,1500000,1475013,35802,5259,72.9931,76.2259,-0.0217,-0.0326,-0.0183
Herato0601,1500001,1550000,1524958,35645,5177,74.9474,75.3625,-0.0028,-0.0039,-0.0022
Herato0601,1550001,1600000,1574705,35722,4793,75.9256,76.4801,-0.0036,-0.0061,-0.0033
Herato0601,1600001,1650000,1624537,34873,5359,75.8108,78.0495,-0.0146,-0.0239,-0.0131
Herato0601,1650001,1700000,1675900,35570,5116,72.7095,84.312,-0.0739,-0.1226,-0.0641
Herato0601,1700001,1750000,1726133,35305,4416,59.6273,63.8268,-0.034,-0.0581,-0.0305
Herato0601,1750001,1800000,1774095,38973,4707,72.2711,67.8521,0.0315,0.0498,0.0292
Herato0601,1800001,1850000,1824631,35369,4740,69.0752,72.1808,-0.022,-0.0312,-0.0183
Herato0601,1850001,1900000,1875445,36714,4862,78.7308,82.6929,-0.0245,-0.0371,-0.0207
Herato0601,1900001,1950000,1922299,33642,3348,57.6297,64.0613,-0.0529,-0.0707,-0.0409
Herato0601,1950001,2000000,1975329,35729,4171,72.5717,77.5357,-0.0331,-0.0492,-0.0281
Herato0601,2000001,2050000,2024540,35434,4005,58.7881,55.3712,0.0299,0.0358,0.022
Herato0601,2050001,2100000,2074976,32005,3861,56.1697,57.1862,-0.009,-0.0126,-0.0073
Herato0601,2100001,2150000,2124980,33240,3957,44.7857,52.1455,-0.0759,-0.1146,-0.061
Herato0601,2150001,2200000,2175710,34310,4316,60.0701,65.156,-0.0406,-0.0666,-0.0352
Herato0601,2200001,2250000,2225085,35507,4413,62.5887,63.4588,-0.0069,-0.0108,-0.0059
Herato0601,2250001,2300000,2274764,34688,3883,53.3989,55.2988,-0.0175,-0.0274,-0.0157
Herato0601,2300001,2350000,2325039,34066,3833,54.5013,56.0646,-0.0141,-0.0211,-0.0119
Herato0601,2350001,2400000,2374868,35094,3735,55.3458,55.982,-0.0057,-0.0081,-0.0046
Herato0601,2400001,2450000,2425966,33895,3864,48.9395,52.8016,-0.038,-0.0536,-0.0292
Herato0601,2450001,2500000,2474871,35126,3720,50.8226,50.3447,0.0047,0.0069,0.004
Herato0601,2500001,2550000,2525821,31788,3512,45.0328,46.6869,-0.018,-0.0265,-0.0142
Herato0601,2550001,2600000,2575416,34340,4178,55.8814,53.6167,0.0207,0.0289,0.017
Herato0601,2600001,2650000,2625159,35292,3541,47.7831,49.6924,-0.0196,-0.0286,-0.0161
Herato0601,2650001,2700000,2675237,35132,3767,52.6301,55.9347,-0.0304,-0.0449,-0.0252
Herato0601,2700001,2750000,2725337,35599,3809,55.5545,56.2536,-0.0063,-0.0096,-0.0053
Herato0601,2750001,2800000,2773867,39232,4118,55.5936,58.8351,-0.0283,-0.0413,-0.0233
Herato0601,2800001,2850000,2825244,35115,3881,58.2988,54.8507,0.0305,0.0431,0.0255
Herato0601,2850001,2900000,2875187,32164,2826,46.2717,48.0091,-0.0184,-0.029,-0.0154
Herato0601,2900001,2950000,2924479,36806,3224,54.4478,62.7658,-0.071,-0.113,-0.0616
Herato0601,2950001,3000000,2974168,38277,4273,50.3042,52.0713,-0.0173,-0.0225,-0.0131
Herato0601,3000001,3050000,3025065,36475,4153,56.778,64.7726,-0.0658,-0.0898,-0.0498
Herato0601,3050001,3100000,3075143,34938,3429,54.6099,48.5267,0.059,0.077,0.0462
Herato0601,3100001,3150000,3125040,35678,4099,64.3513,59.9702,0.0352,0.0435,0.0263
Herato0601,3150001,3200000,3175101,39077,3987,68.8122,60.0772,0.0678,0.0888,0.0519
Herato0601,3200001,3250000,3224912,35730,4603,63.325,61.7863,0.0123,0.0166,0.0098
Herato0601,3250001,3300000,3274789,34842,3984,56.1084,54.6135,0.0135,0.0189,0.0107
Herato0601,3300001,3350000,3325499,35162,4110,55.9474,63.5778,-0.0638,-0.1031,-0.053
Herato0601,3350001,3400000,3375018,35704,4212,57.8368,65.1221,-0.0592,-0.1006,-0.051
Herato0601,3400001,3450000,3423900,35163,3609,66.6687,74.1497,-0.0531,-0.1249,-0.0629
Herato0601,3450001,3500000,3474916,36009,4330,67.6869,66.0242,0.0124,0.0197,0.0114
Herato0601,3500001,3550000,3525405,33291,3234,37.9888,42.4747,-0.0558,-0.082,-0.0443
Herato0601,3550001,3600000,3574736,33641,4234,49.2181,53.3743,-0.0405,-0.0677,-0.0361
Herato0601,3600001,3650000,3624693,35686,3896,54.8061,52.9407,0.0173,0.0242,0.0139
Herato0601,3650001,3700000,3675750,38570,4483,62.5821,61.5616,0.0082,0.0126,0.0075
Herato0601,3700001,3750000,3725219,38908,3829,57.1652,61.5649,-0.0371,-0.0619,-0.0341
Herato0601,3750001,3800000,3774623,38401,4748,55.2241,61.8624,-0.0567,-0.0848,-0.0465
Herato0601,3800001,3850000,3821820,24546,1233,15.0683,15.5838,-0.0168,-0.0226,-0.0139
Herato0601,3850001,3900000,3874951,25520,1003,10.0298,11.758,-0.0793,-0.0923,-0.0567
Herato0601,3900001,3950000,3924291,25491,1683,21.1138,19.4002,0.0423,0.0574,0.0354
Herato0601,3950001,4000000,3973311,27209,1890,25.063,27.4472,-0.0454,-0.0789,-0.0449
Herato0601,4000001,4050000,4025309,33450,2925,32.306,34.7986,-0.0371,-0.0635,-0.0351
Herato0601,4050001,4100000,4075157,24813,2216,26.6295,29.7139,-0.0547,-0.094,-0.0508
Herato0601,4100001,4150000,4123841,19998,878,9.6407,10.1832,-0.0274,-0.0386,-0.0234
Herato0601,4150001,4200000,4172350,24743,1603,14.9121,17.4107,-0.0773,-0.1138,-0.0629
Herato0601,4200001,4250000,4225464,22263,1343,17.3652,18.2605,-0.0251,-0.0463,-0.0256
Herato0601,4250001,4300000,4275203,24897,1598,19.3802,21.382,-0.0491,-0.0816,-0.0451
Herato0601,4300001,4350000,4327934,23998,1854,19.2217,20.9336,-0.0426,-0.067,-0.0362
Herato0601,4350001,4400000,4375252,29252,2362,29.2407,31.7754,-0.0415,-0.0748,-0.0424
Herato0601,4400001,4450000,4422597,27103,1929,22.1708,24.0528,-0.0407,-0.0683,-0.0388
Herato0601,4450001,4500000,4476242,22952,1232,14.6757,14.9303,-0.0086,-0.0147,-0.0081
Herato0601,4500001,4550000,4524387,26171,2181,23.431,28.1137,-0.0908,-0.1623,-0.0825
Herato0601,4550001,4600000,4568020,14090,1033,11.3155,13.1994,-0.0768,-0.1058,-0.0613
Herato0602,1,50000,19524,18484,1607,16.0065,21.1775,-0.1391,-0.2362,-0.1159
Herato0603,1,50000,11439,13394,1007,11.495,10.9668,0.0235,0.0349,0.0196
Herato0604,1,50000,11004,10245,564,8.1589,9.3929,-0.0703,-0.1338,-0.0646
Herato0605,1,50000,24476,17327,842,9.1211,8.6101,0.0288,0.0389,0.0247
Herato0605,50001,100000,77641,22888,1344,16.6966,17.0779,-0.0113,-0.0164,-0.0102
Herato0605,100001,150000,125909,25573,2225,22.5719,26.1858,-0.0741,-0.1181,-0.0664
Herato0605,150001,200000,153952,3960,549,7.1265,9.5299,-0.1443,-0.3575,-0.1571
Herato0606,1,50000,26576,37482,3872,52.3771,56.1974,-0.0352,-0.0636,-0.0345
Herato0606,50001,100000,74092,37258,4608,65.4972,74.0626,-0.0614,-0.1102,-0.0575
Herato0606,100001,150000,124759,35520,3754,50.4676,55.91,-0.0512,-0.0704,-0.0406
Herato0606,150001,200000,174913,36733,2587,35.2529,41.3672,-0.0798,-0.1272,-0.0671
Herato0606,200001,250000,226387,32808,2147,26.5714,29.1706,-0.0466,-0.0545,-0.0324
Herato0606,250001,300000,274883,31490,1823,22.5624,25.4345,-0.0598,-0.0822,-0.0467
Herato0606,300001,350000,325707,33382,2418,32.3003,32.4677,-0.0026,-0.0034,-0.0021
Herato0606,350001,400000,374906,35889,4292,53.4462,55.0895,-0.0151,-0.0189,-0.011
Herato0606,400001,450000,425030,34908,3720,52.8304,62.6095,-0.0847,-0.1493,-0.0767
Herato0606,450001,500000,475439,35514,3731,50.5517,51.963,-0.0138,-0.0198,-0.0114
Herato0606,500001,550000,524647,34747,4022,52.5504,61.2693,-0.0766,-0.0964,-0.0554
Herato0606,550001,600000,573082,30437,3512,44.1605,43.2176,0.0108,0.0137,0.0082
Herato0606,600001,650000,624125,29456,3366,53.8751,47.937,0.0583,0.0699,0.0426
Herato0606,650001,700000,674236,35119,3597,44.8586,49.5117,-0.0493,-0.0694,-0.0389
Herato0606,700001,750000,724422,32306,2262,27.5683,28.8335,-0.0224,-0.027,-0.0157
Herato0606,750001,800000,775366,26858,1442,15.3687,18.8934,-0.1029,-0.1156,-0.0661
Herato0606,800001,850000,827003,33391,3282,44.6902,53.9651,-0.094,-0.1441,-0.0759
Herato0606,850001,900000,870920,28032,2919,38.4043,39.7871,-0.0177,-0.0238,-0.0139
Herato0606,900001,950000,926851,28939,2224,41.3498,44.6762,-0.0387,-0.0524,-0.0306
Herato0606,950001,1000000,974487,30008,2170,37.2812,40.0647,-0.036,-0.0507,-0.0285
Herato0606,1000001,1050000,1026236,35443,3772,51.8638,56.3822,-0.0417,-0.055,-0.0328
Herato0606,1050001,1100000,1074560,35513,4122,61.8516,64.1521,-0.0183,-0.0293,-0.0159
Herato0606,1100001,1150000,1126770,34958,3894,53.4125,53.4745,-0.0006,-0.0008,-0.0005
Herato0606,1150001,1200000,1174445,37552,3538,61.382,60.9238,0.0037,0.0054,0.0034
Herato0606,1200001,1250000,1224655,37397,4604,63.4471,64.5665,-0.0087,-0.0132,-0.0077
Herato0606,1250001,1300000,1275021,37246,4512,59.1586,65.0359,-0.0473,-0.0733,-0.0394
Herato0606,1300001,1350000,1324680,34179,3887,51.6569,52.2433,-0.0056,-0.0075,-0.0043
Herato0606,1350001,1400000,1374665,35911,3532,48.3209,47.494,0.0086,0.0121,0.0072
Herato0606,1400001,1450000,1424867,35878,3737,47.6298,52.1703,-0.0455,-0.0655,-0.0364
Herato0606,1450001,1500000,1474524,33259,4003,53.0905,57.2007,-0.0373,-0.0537,-0.0307
Herato0606,1500001,1550000,1525583,37178,4195,47.976,55.6308,-0.0739,-0.1067,-0.0582
Herato0606,1550001,1600000,1574942,36782,4757,61.3338,57.653,0.0309,0.0446,0.0262
Herato0606,1600001,1650000,1624719,37162,4678,58.1462,60.1516,-0.017,-0.0271,-0.0147
Herato0606,1650001,1700000,1675005,35162,3599,47.2175,45.2188,0.0216,0.0318,0.0175
Herato0606,1700001,1750000,1724159,36154,4762,60.1529,60.7446,-0.0049,-0.0075,-0.0042
Herato0606,1750001,1800000,1775451,34531,4290,59.034,58.0409,0.0085,0.0119,0.0071
Herato0606,1800001,1850000,1824900,34269,4295,56.242,53.0886,0.0288,0.0406,0.0233
Herato0606,1850001,1900000,1874759,36086,4531,65.9838,70.0133,-0.0296,-0.0482,-0.0265
Herato0606,1900001,1950000,1925852,38173,4167,52.4711,54.536,-0.0193,-0.0315,-0.0169
Herato0606,1950001,2000000,1975092,35632,4252,55.3876,57.0674,-0.0149,-0.0232,-0.0123
Herato0606,2000001,2050000,2025228,36755,4657,67.7415,68.7312,-0.0073,-0.0125,-0.0069
Herato0606,2050001,2100000,2075323,34377,4177,65.0626,67.192,-0.0161,-0.0269,-0.0144
Herato0606,2100001,2150000,2124047,33827,4138,58.3112,58.3947,-0.0007,-0.0011,-0.0007
Herato0606,2150001,2200000,2175130,36360,4500,61.3033,60.9573,0.0028,0.0044,0.0025
Herato0606,2200001,2250000,2224234,39706,4366,62.6719,67.8617,-0.0398,-0.0646,-0.0357
Herato0606,2250001,2300000,2274920,37440,4963,78.3011,76.7251,0.0102,0.0163,0.0094
Herato0606,2300001,2350000,2325210,36894,4609,65.5608,73.3993,-0.0564,-0.0977,-0.0512
Herato0606,2350001,2400000,2375013,39129,3974,69.7959,73.5539,-0.0262,-0.0341,-0.0204
Herato0606,2400001,2450000,2423463,35295,3912,59.7087,55.1554,0.0396,0.0598,0.035
Herato0606,2450001,2500000,2474691,34981,3719,49.0194,51.451,-0.0242,-0.0365,-0.0207
Herato0606,2500001,2550000,2524139,36252,4287,57.114,58.9322,-0.0157,-0.0248,-0.014
Herato0606,2550001,2600000,2575553,35353,4012,50.0662,54.1871,-0.0395,-0.0627,-0.0333
Herato0606,2600001,2650000,2625159,37108,4292,52.6194,49.4574,0.031,0.0443,0.0266
Herato0606,2650001,2700000,2675740,35301,4081,51.2165,52.0006,-0.0076,-0.0116,-0.0064
Herato0606,2700001,2750000,2724715,35309,3698,49.1445,51.1216,-0.0197,-0.0275,-0.0158
Herato0606,2750001,2800000,2774837,33018,3379,39.0752,42.9713,-0.0475,-0.0643,-0.0362
Herato0606,2800001,2850000,2826406,36866,3432,45.8602,51.0953,-0.054,-0.0757,-0.0457
Herato0606,2850001,2900000,2875239,39938,4286,64.7859,60.4134,0.0349,0.0624,0.0351
Herato0606,2900001,2950000,2924321,36596,3887,49.7131,55.9781,-0.0593,-0.0969,-0.0508
Herato0606,2950001,3000000,2975024,37106,4446,68.1853,67.2015,0.0073,0.0123,0.0067
Herato0606,3000001,3050000,3025369,37301,4294,59.1415,57.6195,0.013,0.0199,0.0114
Herato0606,3050001,3100000,3074749,37493,4026,52.2942,49.1606,0.0309,0.044,0.0265
Herato0606,3100001,3150000,3124598,36802,4333,55.4541,60.9718,-0.0474,-0.0841,-0.0425
Herato0606,3150001,3200000,3175290,36915,4682,62.7508,62.9415,-0.0015,-0.0024,-0.0013
Herato0606,3200001,3250000,3223421,32805,3759,42.4573,43.4966,-0.0121,-0.0178,-0.0097
Herato0606,3250001,3300000,3274814,30919,2893,29.1918,30.6636,-0.0246,-0.0341,-0.0197
Herato0606,3300001,3350000,3324761,32754,3098,38.9147,36.427,0.033,0.0432,0.0265
Herato0606,3350001,3400000,3372394,21666,1012,9.8674,9.7647,0.0052,0.0058,0.0037
Herato0606,3400001,3450000,3424996,34722,3484,40.5656,48.4019,-0.0881,-0.1418,-0.0695
Herato0606,3450001,3500000,3476055,32546,2642,38.5719,41.7879,-0.04,-0.0627,-0.0351
Herato0606,3500001,3550000,3525425,33634,3004,43.9006,43.3983,0.0058,0.0094,0.0052
Herato0606,3550001,3600000,3575115,29666,1939,30.402,38.1536,-0.1131,-0.133,-0.0881
Herato0606,3600001,3650000,3624724,32370,3217,49.7224,50.0893,-0.0037,-0.0053,-0.0031
Herato0606,3650001,3700000,3675623,36483,4544,57.1596,57.1834,-0.0002,-0.0003,-0.0002
Herato0606,3700001,3750000,3723682,38654,4632,67.9947,68.8604,-0.0063,-0.0106,-0.006
Herato0606,3750001,3800000,3775448,37690,4927,68.0969,72.6588,-0.0324,-0.0531,-0.029
Herato0606,3800001,3850000,3825648,38868,4083,46.5236,56.3968,-0.0959,-0.1603,-0.085
Herato0606,3850001,3900000,3875065,38166,4432,64.7657,60.4522,0.0344,0.0526,0.0313
Herato0606,3900001,3950000,3924950,36782,4485,61.5917,63.1505,-0.0125,-0.0194,-0.011
Herato0606,3950001,4000000,3974957,36531,5015,67.7403,67.5138,0.0017,0.0024,0.0014
Herato0606,4000001,4050000,4024564,37279,4886,62.7199,69.5603,-0.0517,-0.0782,-0.0417
Herato0606,4050001,4100000,4073842,33995,4804,56.9178,59.7153,-0.024,-0.0301,-0.0177
Herato0606,4100001,4150000,4122801,34944,4187,50.3676,49.9356,0.0043,0.0059,0.0034
Herato0606,4150001,4200000,4174991,39836,4252,56.0451,54.2179,0.0166,0.0227,0.0132
Herato0606,4200001,4250000,4225430,35380,3575,47.5806,49.7961,-0.0228,-0.0332,-0.0192
Herato0606,4250001,4300000,4275547,34447,3598,52.1548,48.4021,0.0373,0.0511,0.0303
Herato0606,4300001,4350000,4325000,34675,3665,46.0121,48.2421,-0.0237,-0.0363,-0.0199
Herato0606,4350001,4400000,4375391,38095,4298,70.9369,69.2533,0.012,0.0176,0.0106
Herato0606,4400001,4450000,4425874,35067,3940,59.6333,63.4531,-0.031,-0.0499,-0.0275
Herato0606,4450001,4500000,4475012,39238,4372,65.6343,66.2465,-0.0046,-0.0072,-0.0041
Herato0606,4500001,4550000,4525658,36706,4329,60.3122,59.1567,0.0097,0.0132,0.0079
Herato0606,4550001,4600000,4575313,34972,4339,55.7656,60.7608,-0.0429,-0.0656,-0.0358
Herato0606,4600001,4650000,4625048,37283,4177,67.2384,65.6461,0.012,0.0203,0.0113
Herato0606,4650001,4700000,4674948,35951,3683,58.3156,62.2288,-0.0325,-0.0541,-0.0294
Herato0606,4700001,4750000,4724971,37003,4702,64.7134,69.3032,-0.0342,-0.0515,-0.0287
Herato0606,4750001,4800000,4774799,36239,4205,59.9111,59.4732,0.0037,0.0055,0.0032
Herato0606,4800001,4850000,4825160,36344,3792,49.7732,53.7135,-0.0381,-0.0515,-0.0298
Herato0606,4850001,4900000,4875282,37314,4360,55.9247,59.5032,-0.031,-0.0424,-0.0247
Herato0606,4900001,4950000,4924179,37082,4381,71.6924,64.5672,0.0523,0.0689,0.0429
Herato0606,4950001,5000000,4975821,36389,3703,42.5487,49.3307,-0.0738,-0.1014,-0.0572
Herato0606,5000001,5050000,5024944,39217,3333,66.553,71.9111,-0.0387,-0.0681,-0.0374
Herato0606,5050001,5100000,5072945,32434,3140,63.1904,62.5236,0.0053,0.0094,0.0053
Herato0606,5100001,5150000,5127704,33771,3592,49.8679,56.9064,-0.0659,-0.1137,-0.0587
Herato0606,5150001,5200000,5173957,35496,3569,51.4876,52.2319,-0.0072,-0.0109,-0.0063
Herato0606,5200001,5250000,5224383,35689,3903,64.7395,59.3273,0.0436,0.0566,0.0348
Herato0606,5250001,5300000,5275524,38379,4376,61.109,64.3975,-0.0262,-0.0445,-0.0248
Herato0606,5300001,5350000,5324783,35640,4366,70.1037,64.891,0.0386,0.0642,0.0355
Herato0606,5350001,5400000,5374987,35418,4108,56.9721,58.9637,-0.0172,-0.0249,-0.0141
Herato0606,5400001,5450000,5425545,35951,4187,64.8464,66.181,-0.0102,-0.0151,-0.0086
Herato0606,5450001,5500000,5474774,37649,5083,70.3243,74.5364,-0.0291,-0.0447,-0.026
Herato0606,5500001,5550000,5523893,37641,4149,82.1909,74.1727,0.0513,0.08,0.0474
Herato0606,5550001,5600000,5575386,37446,4410,60.076,58.8218,0.0105,0.0165,0.0093
Herato0606,5600001,5650000,5624853,36064,4646,66.2975,65.7768,0.0039,0.0059,0.0033
Herato0606,5650001,5700000,5674825,36271,4020,63.1509,59.8544,0.0268,0.0387,0.0223
Herato0606,5700001,5750000,5725095,34970,3480,47.9012,46.2188,0.0179,0.0265,0.015
Herato0606,5750001,5800000,5775421,35558,4251,59.8283,63.6293,-0.0308,-0.0494,-0.0275
Herato0606,5800001,5850000,5824622,35873,3945,61.3386,59.8969,0.0119,0.0176,0.01
Herato0606,5850001,5900000,5874788,34207,4185,60.3621,53.2607,0.0625,0.0806,0.0508
Herato0606,5900001,5950000,5925188,36874,4393,66.982,70.6114,-0.0264,-0.039,-0.0215
Herato0606,5950001,6000000,5974896,36065,2854,58.2581,60.3282,-0.0175,-0.02,-0.0125
Herato0606,6000001,6050000,6024370,35140,1479,29.7479,24.9552,0.0876,0.1159,0.0768
Herato0606,6050001,6100000,6077380,34038,3475,55.3873,53.0878,0.0212,0.0302,0.0181
Herato0606,6100001,6150000,6125098,37399,4306,55.4065,58.0715,-0.0235,-0.0377,-0.0202
Herato0606,6150001,6200000,6174462,26498,3293,44.1424,46.3639,-0.0245,-0.0367,-0.0213
Herato0606,6200001,6250000,6225303,35917,4626,61.8403,65.1407,-0.026,-0.0382,-0.0222
Herato0606,6250001,6300000,6276774,29376,2415,36.4034,37.7505,-0.0182,-0.0277,-0.0167
Herato0606,6300001,6350000,6324504,39577,3518,47.1085,49.0767,-0.0205,-0.0286,-0.0175
Herato0606,6350001,6400000,6373824,35661,3821,54.036,59.4019,-0.0473,-0.0842,-0.0454
Herato0606,6400001,6450000,6425041,42341,3553,64.9353,73.2849,-0.0604,-0.1298,-0.067
Herato0606,6450001,6500000,6474044,28215,2268,32.233,33.2129,-0.015,-0.0223,-0.0128
Herato0606,6500001,6550000,6525686,31856,3328,53.2986,52.4027,0.0085,0.0117,0.0072
Herato0606,6550001,6600000,6575289,36114,3990,58.7857,58.7794,0.0001,0.0001,0.0
Herato0606,6600001,6650000,6625099,35992,4197,57.8421,58.4158,-0.0049,-0.0068,-0.0041
Herato0606,6650001,6700000,6672931,30547,2912,35.2577,35.8566,-0.0084,-0.0107,-0.0064
Herato0606,6700001,6750000,6725233,28995,2257,30.4883,30.6059,-0.0019,-0.0019,-0.0012
Herato0606,6750001,6800000,6773456,26649,1360,16.6043,22.1671,-0.1435,-0.1802,-0.0979
Herato0606,6800001,6850000,6823930,30384,2193,31.9907,34.9689,-0.0445,-0.0635,-0.0341
Herato0606,6850001,6900000,6873820,32991,3506,44.322,48.9288,-0.0494,-0.0664,-0.0377
Herato0606,6900001,6950000,6925574,31188,3587,43.4865,44.0476,-0.0064,-0.0087,-0.0049
Herato0606,6950001,7000000,6974592,35458,3972,51.234,59.5159,-0.0748,-0.1118,-0.0608
Herato0606,7000001,7050000,7026702,34037,3023,49.1797,53.771,-0.0446,-0.0632,-0.0354
Herato0606,7050001,7100000,7073183,26648,1353,26.5271,23.1212,0.0686,0.1027,0.0597
Herato0606,7100001,7150000,7128307,26491,1809,26.6602,34.9803,-0.135,-0.2563,-0.1197
Herato0606,7150001,7200000,7176576,39832,3015,42.6062,47.9854,-0.0594,-0.1141,-0.057
Herato0606,7200001,7250000,7223881,34102,4004,58.0177,56.5757,0.0126,0.0203,0.0114
Herato0606,7250001,7300000,7272345,24823,1727,32.2349,30.5477,0.0269,0.0791,0.0443
Herato0606,7300001,7350000,7324775,34735,3364,50.9465,53.9866,-0.029,-0.0524,-0.0288
Herato0606,7350001,7400000,7374681,35638,4247,59.9444,59.0628,0.0074,0.0101,0.006
Herato0606,7400001,7450000,7426128,29341,3584,49.7258,56.8584,-0.0669,-0.0982,-0.0563
Herato0606,7450001,7500000,7475588,31506,4259,51.7888,52.9184,-0.0108,-0.0145,-0.0082
Herato0606,7500001,7550000,7526026,31145,3728,45.0436,49.5115,-0.0473,-0.0689,-0.0375
Herato0606,7550001,7600000,7574701,35353,3703,50.4394,54.879,-0.0422,-0.0653,-0.0346
Herato0606,7600001,7650000,7625180,32681,3519,48.218,52.4125,-0.0417,-0.0521,-0.0314
Herato0606,7650001,7700000,7674857,35179,3668,48.7418,49.3728,-0.0064,-0.0082,-0.0048
Herato0606,7700001,7750000,7722035,20469,1488,16.2484,17.7783,-0.045,-0.0566,-0.0312
Herato0606,7750001,7800000,7775637,32720,3256,43.6009,44.1806,-0.0066,-0.0075,-0.0045
Herato0606,7800001,7850000,7827234,32166,3201,48.4555,48.2499,0.0021,0.003,0.0017
Herato0606,7850001,7900000,7874990,35570,4425,61.2701,61.3907,-0.001,-0.0014,-0.0008
Herato0606,7900001,7950000,7924308,34317,4202,54.5473,56.395,-0.0167,-0.0221,-0.0126
Herato0606,7950001,8000000,7975132,34445,3859,50.0273,51.2732,-0.0123,-0.016,-0.0091
Herato0606,8000001,8050000,8021795,30985,3281,48.752,45.8991,0.0301,0.0369,0.0224
Herato0606,8050001,8100000,8074622,33510,4093,56.4245,57.5762,-0.0101,-0.0146,-0.0085
Herato0606,8100001,8150000,8125196,35422,4508,69.2404,69.4072,-0.0012,-0.0017,-0.001
Herato0606,8150001,8200000,8170816,25681,3014,46.1891,48.6059,-0.0255,-0.0423,-0.023
Herato0606,8200001,8250000,8224842,36161,4137,56.9191,58.611,-0.0146,-0.0222,-0.0125
Herato0606,8250001,8300000,8276212,35091,4310,59.0787,53.8009,0.0468,0.0643,0.0379
Herato0606,8300001,8350000,8324882,33489,4925,68.1338,68.9426,-0.0059,-0.0085,-0.0048
Herato0606,8350001,8400000,8375007,33959,4336,68.6278,65.3278,0.0246,0.0371,0.0212
Herato0606,8400001,8450000,8425008,36147,4905,60.8456,64.6707,-0.0305,-0.0474,-0.0257
Herato0606,8450001,8500000,8472724,30534,3210,37.0045,35.0309,0.0274,0.0343,0.0202
Herato0606,8500001,8550000,8525352,34498,4456,69.1153,61.1481,0.0612,0.0813,0.05
Herato0606,8550001,8600000,8575173,35161,4396,55.1931,51.7906,0.0318,0.0431,0.0258
Herato0606,8600001,8650000,8625153,34620,4273,66.0725,69.3611,-0.0243,-0.0368,-0.0203
Herato0606,8650001,8700000,8674420,32002,3954,49.7531,52.1573,-0.0236,-0.0322,-0.018
Herato0606,8700001,8750000,8725455,35895,3656,57.3872,62.7656,-0.0448,-0.0628,-0.0345
Herato0606,8750001,8800000,8775053,35385,4534,67.1026,71.8403,-0.0341,-0.0496,-0.0276
Herato0606,8800001,8850000,8825613,35727,3978,62.5824,59.1344,0.0283,0.0421,0.0244
Herato0606,8850001,8900000,8873553,31463,3562,50.0737,55.9015,-0.055,-0.0878,-0.0456
Herato0606,8900001,8950000,8924927,35294,3301,69.4642,56.0899,0.1065,0.144,0.0934
Herato0606,8950001,9000000,8974356,37945,3076,68.5047,70.3253,-0.0131,-0.0235,-0.0132
Herato0606,9000001,9050000,9023502,31692,2909,58.6604,70.2418,-0.0898,-0.1892,-0.0898
Herato0606,9050001,9100000,9074068,33810,3149,62.4753,45.4699,0.1575,0.2225,0.143
Herato0606,9100001,9150000,9125828,34896,4591,61.5943,67.1343,-0.043,-0.0643,-0.0361
Herato0606,9150001,9200000,9175164,38601,4492,71.5907,76.549,-0.0335,-0.0694,-0.0334
Herato0606,9200001,9250000,9224577,37098,4577,75.4563,79.3895,-0.0254,-0.0419,-0.0231
Herato0606,9250001,9300000,9274798,35237,4076,55.8184,56.7033,-0.0079,-0.0109,-0.0063
Herato0606,9300001,9350000,9324723,34513,4009,48.9035,49.1992,-0.003,-0.0041,-0.0023
Herato0606,9350001,9400000,9375604,31584,3407,45.7378,49.4273,-0.0388,-0.0575,-0.0308
Herato0606,9400001,9450000,9425213,35804,3288,46.9009,49.4758,-0.0267,-0.0447,-0.0242
Herato0606,9450001,9500000,9475005,34429,4429,54.0671,56.7954,-0.0246,-0.0324,-0.0184
Herato0606,9500001,9550000,9524650,34909,4614,60.5802,60.0416,0.0045,0.0059,0.0035
Herato0606,9550001,9600000,9578909,24377,3302,42.0495,42.2026,-0.0018,-0.0023,-0.0014
Herato0606,9600001,9650000,9628979,26660,2362,29.5018,31.9068,-0.0392,-0.0518,-0.0294
Herato0606,9650001,9700000,9680591,23646,2112,32.1654,35.3006,-0.0465,-0.0747,-0.0398
Herato0606,9700001,9750000,9727012,32039,3230,46.2218,49.1449,-0.0307,-0.0458,-0.0251
Herato0606,9750001,9800000,9775057,30837,3812,37.4796,37.8186,-0.0045,-0.0057,-0.0033
Herato0606,9800001,9850000,9824953,35839,4633,58.5121,62.1318,-0.03,-0.0448,-0.0257
Herato0606,9850001,9900000,9873415,35634,4935,62.7482,70.379,-0.0573,-0.0911,-0.0518
Herato0606,9900001,9950000,9924926,34576,4256,55.8671,62.8211,-0.0586,-0.0873,-0.0472
Herato0606,9950001,10000000,9976028,34418,3403,50.9419,50.531,0.004,0.0061,0.0033
Herato0606,10000001,10050000,10025394,35187,3862,54.488,54.4753,0.0001,0.0002,0.0001
Herato0606,10050001,10100000,10075223,32282,3426,53.5317,48.2913,0.0515,0.0698,0.0426
Herato0606,10100001,10150000,10125154,36146,4054,57.7314,56.3584,0.012,0.0177,0.0101
Herato0606,10150001,10200000,10174974,31394,3246,46.2704,46.3186,-0.0005,-0.0007,-0.0004
Herato0606,10200001,10250000,10224881,35739,4692,75.013,64.3569,0.0765,0.1121,0.0662
Herato0606,10250001,10300000,10275428,37974,3272,52.5864,57.1517,-0.0416,-0.0738,-0.0372
Herato0606,10300001,10350000,10324314,38296,3942,46.8058,56.8935,-0.0973,-0.1595,-0.0784
Herato0606,10350001,10400000,10374110,37871,4076,74.3586,64.4676,0.0712,0.0954,0.0574
Herato0606,10400001,10450000,10424740,37803,3339,54.4545,57.232,-0.0249,-0.0391,-0.0217
Herato0606,10450001,10500000,10474649,36219,3780,70.9729,65.5918,0.0394,0.0779,0.0433
Herato0606,10500001,10550000,10525792,36505,3589,59.8573,63.4542,-0.0292,-0.0495,-0.0275
Herato0606,10550001,10600000,10576083,34635,4268,46.4883,52.3927,-0.0597,-0.0862,-0.0457
Herato0606,10600001,10650000,10625522,37831,4517,61.7346,65.0836,-0.0264,-0.0364,-0.0207
Herato0606,10650001,10700000,10674722,38572,4178,58.2559,65.6763,-0.0599,-0.1041,-0.0545
Herato0606,10700001,10750000,10725569,36387,4305,63.8208,52.9214,0.0934,0.1225,0.0723
Herato0606,10750001,10800000,10775438,38322,5185,72.4873,86.5507,-0.0884,-0.1634,-0.0866
Herato0606,10800001,10850000,10826768,33813,4699,57.9468,59.5893,-0.014,-0.0191,-0.0109
Herato0606,10850001,10900000,10877577,32603,3970,53.9041,51.0554,0.0271,0.0363,0.021
Herato0606,10900001,10950000,10924903,35798,4246,51.0232,51.7527,-0.0071,-0.0099,-0.0059
Herato0606,10950001,11000000,10975663,36843,4330,68.4642,63.4514,0.038,0.053,0.0328
Herato0606,11000001,11050000,11026213,39456,2232,31.6246,28.4725,0.0525,0.0764,0.0473
Herato0606,11050001,11100000,11074313,38270,1497,33.8408,25.4549,0.1414,0.1883,0.1379
Herato0606,11100001,11150000,11124336,40095,3030,53.3842,50.0623,0.0321,0.0567,0.0343
Herato0606,11150001,11200000,11174618,37177,4554,61.5531,63.8829,-0.0186,-0.0306,-0.0147
Herato0606,11200001,11250000,11224876,38509,3969,60.6247,64.5674,-0.0315,-0.0597,-0.0304
Herato0606,11250001,11300000,11275047,38149,3889,67.1289,69.7992,-0.0195,-0.0328,-0.0169
Herato0606,11300001,11350000,11324654,36982,5228,82.3256,79.381,0.0182,0.0289,0.0166
Herato0606,11350001,11400000,11377397,34219,4645,65.095,71.4286,-0.0464,-0.084,-0.0406
Herato0606,11400001,11450000,11425712,37780,4623,64.778,69.9676,-0.0385,-0.0647,-0.0344
Herato0606,11450001,11500000,11475070,35406,3930,57.2339,63.8958,-0.055,-0.0984,-0.0498
Herato0606,11500001,11550000,11524099,37640,3174,68.7229,56.3239,0.0992,0.1739,0.1009
Herato0606,11550001,11600000,11573586,37120,3658,57.4515,56.1821,0.0112,0.018,0.0096
Herato0606,11600001,11650000,11624928,23216,1402,23.0729,20.6289,0.0559,0.0717,0.0441
Herato0606,11650001,11700000,11676488,31187,2849,44.3509,44.3811,-0.0003,-0.0005,-0.0003
Herato0606,11700001,11750000,11726375,32228,2981,52.7119,43.1856,0.0993,0.1329,0.0801
Herato0606,11750001,11800000,11773007,35207,3586,59.2476,58.4155,0.0071,0.012,0.0065
Herato0606,11800001,11850000,11825260,37493,4406,71.3569,83.4992,-0.0784,-0.1276,-0.0674
Herato0606,11850001,11900000,11875703,38163,3744,86.5499,86.7374,-0.0011,-0.0019,-0.0011
Herato0606,11900001,11950000,11925308,41513,2361,69.0959,83.3741,-0.0936,-0.1537,-0.0973
Herato0606,11950001,12000000,11974384,37053,2123,48.0582,42.7017,0.059,0.0826,0.0589
Herato0606,12000001,12050000,12022802,18109,925,15.3288,13.5412,0.0619,0.0969,0.0549
Herato0606,12050001,12100000,12062869,18773,1359,23.5823,27.8157,-0.0824,-0.1426,-0.0775
Herato0606,12100001,12150000,12136379,7715,610,11.6264,14.6725,-0.1158,-0.1783,-0.1038
Herato0606,12150001,12200000,12175714,36628,4034,56.2843,61.0126,-0.0403,-0.0489,-0.0303
Herato0606,12200001,12250000,12225118,37456,4481,55.7553,62.0182,-0.0532,-0.0742,-0.0425
Herato0606,12250001,12300000,12274685,36215,4219,59.2942,60.4874,-0.01,-0.014,-0.0079
Herato0606,12300001,12350000,12325875,35637,3292,60.8973,63.7865,-0.0232,-0.0287,-0.0184
Herato0606,12350001,12400000,12371825,33863,3625,55.3897,51.0378,0.0409,0.055,0.034
Herato0606,12400001,12450000,12427925,35482,3527,54.9245,54.172,0.0069,0.0088,0.0056
Herato0606,12450001,12500000,12474477,36147,4683,64.419,64.1396,0.0022,0.0031,0.0017
Herato0606,12500001,12550000,12523983,35180,3089,48.7513,47.7726,0.0101,0.015,0.0089
Herato0606,12550001,12600000,12574522,36106,5284,77.5474,79.8654,-0.0147,-0.0223,-0.0126
Herato0606,12600001,12650000,12624383,35559,4015,56.2207,54.8051,0.0127,0.0165,0.0096
Herato0606,12650001,12700000,12674850,35578,5339,67.8834,74.1999,-0.0445,-0.0597,-0.0336
Herato0606,12700001,12750000,12724037,32671,4628,78.9215,70.8807,0.0537,0.0718,0.0446
Herato0606,12750001,12800000,12774082,38682,5060,76.1644,72.5517,0.0243,0.0366,0.0208
Herato0606,12800001,12850000,12825695,31488,3295,39.4847,55.392,-0.1677,-0.2521,-0.1231
Herato0606,12850001,12900000,12875405,35840,4494,67.7644,70.6292,-0.0207,-0.0283,-0.0163
Herato0606,12900001,12950000,12925181,35591,2471,37.3067,36.3818,0.0126,0.0117,0.0082
Herato0606,12950001,13000000,12973940,36056,4266,59.2478,60.523,-0.0106,-0.0151,-0.0085
Herato0606,13000001,13050000,13024672,37327,2197,54.5899,43.258,0.1158,0.187,0.1208
Herato0607,1,50000,15287,21517,363,4.8173,4.5539,0.0281,0.0453,0.03
Herato0608,1,50000,24833,39851,1856,25.2583,29.3187,-0.0744,-0.1242,-0.0696
Herato0609,1,50000,24198,37220,3079,48.2433,61.1101,-0.1177,-0.2401,-0.1049
Herato0609,50001,100000,74873,35417,3235,43.0916,43.9816,-0.0102,-0.013,-0.0076
Herato0609,100001,150000,125167,33150,2650,44.8689,52.3537,-0.077,-0.1105,-0.0639
Herato0609,150001,200000,175065,32995,2115,35.1329,41.1826,-0.0793,-0.1002,-0.0601
Herato0609,200001,250000,224841,38055,4589,71.1263,80.2697,-0.0604,-0.0968,-0.0519
Herato0609,250001,300000,274214,35755,3666,55.9454,65.3061,-0.0772,-0.1285,-0.069
Herato0609,300001,350000,324635,35152,1967,37.7195,34.7383,0.0411,0.0528,0.0351
Herato0609,350001,400000,374181,33912,1412,24.8504,20.5664,0.0943,0.1052,0.0702
Herato0609,400001,450000,425001,37729,3994,74.5472,62.6077,0.0871,0.1284,0.0751
Herato0609,450001,500000,473685,34567,3258,46.6401,53.6593,-0.07,-0.1159,-0.0587
Herato0609,500001,550000,525318,35430,3661,55.6752,54.6175,0.0096,0.0123,0.0072
Herato0609,550001,600000,574843,30226,4015,51.7155,62.1654,-0.0918,-0.1356,-0.0696
Herato0609,600001,650000,626638,35888,4111,51.9815,53.2561,-0.0121,-0.0192,-0.0106
Herato0609,650001,700000,675423,39024,4082,57.4036,58.2574,-0.0074,-0.0114,-0.0065
Herato0609,700001,750000,724023,35762,3037,49.3302,41.0949,0.0911,0.1433,0.0794
Herato0609,750001,800000,777775,22390,2929,37.2391,40.6221,-0.0434,-0.0619,-0.0347
Herato0609,800001,850000,825173,37236,5305,62.6162,67.5621,-0.038,-0.058,-0.0309
Herato0609,850001,900000,874052,36536,5034,72.9903,77.19,-0.028,-0.0445,-0.0244
Herato0609,900001,950000,926855,35066,3208,45.1833,41.3707,0.044,0.054,0.0317
Herato0609,950001,1000000,974097,36913,4316,64.5813,63.1062,0.0116,0.0177,0.01
Herato0609,1000001,1050000,1027141,35923,4758,73.3953,70.7688,0.0182,0.0255,0.0151
Herato0609,1050001,1100000,1074641,39588,3422,53.281,70.3634,-0.1382,-0.2399,-0.1195
Herato0609,1100001,1150000,1124603,37940,4598,62.3465,62.6292,-0.0023,-0.0035,-0.0019
Herato0609,1150001,1200000,1175627,39128,5061,62.9283,65.9899,-0.0237,-0.0379,-0.0195
Herato0609,1200001,1250000,1224823,39135,4041,65.7612,63.1199,0.0205,0.029,0.0162
Herato0609,1250001,1300000,1274262,35491,2780,53.7846,50.8553,0.028,0.0468,0.0258
Herato0609,1300001,1350000,1325244,39952,3463,73.7696,77.2574,-0.0231,-0.0476,-0.0223
Herato0609,1350001,1400000,1374991,36166,2985,44.4746,45.845,-0.0152,-0.0231,-0.0148
Herato0609,1400001,1450000,1424033,39037,2582,28.7369,29.3278,-0.0102,-0.0183,-0.0093
