scaffold,start,end,mid,sites,sitesUsed,ABBA,BABA,D,fd,fdM
Herato0401,1,50000,22301,30609,846,7.0102,9.4096,-0.1461,-0.0271,-0.0234
Herato0401,50001,100000,76455,32912,1580,12.5153,13.8835,-0.0518,-0.0057,-0.005
Herato0401,100001,150000,124610,32265,1546,9.2257,7.3766,0.1114,0.0115,0.0102
Herato0401,150001,200000,175895,31203,1601,8.1076,6.2601,0.1286,0.0121,0.011
Herato0401,200001,250000,225624,29732,1236,8.9479,7.9959,0.0562,0.0065,0.0057
Herato0401,250001,300000,275221,36474,2066,11.8618,13.22,-0.0541,-0.0071,-0.006
Herato0401,300001,350000,325965,33491,2434,26.5708,34.0514,-0.1234,-0.0309,-0.025
Herato0401,350001,400000,374936,35360,2455,24.74,23.9781,0.0156,0.0028,0.0024
Herato0401,400001,450000,423250,30214,1488,16.0482,19.5494,-0.0984,-0.0195,-0.017
Herato0401,450001,500000,474727,36459,2570,30.8782,37.4241,-0.0958,-0.0235,-0.0196
Herato0401,500001,550000,527718,27526,1628,17.6255,22.6503,-0.1248,-0.0264,-0.0223
Herato0401,550001,600000,574376,34608,2205,27.2084,30.2584,-0.0531,-0.0156,-0.0128
Herato0401,600001,650000,623861,32509,2063,30.1948,20.3686,0.1943,0.0504,0.0421
Herato0401,650001,700000,675821,32747,2334,31.7049,36.8504,-0.0751,-0.0197,-0.0165
Herato0401,700001,750000,725776,30549,2274,27.9629,31.6854,-0.0624,-0.0186,-0.0145
Herato0401,750001,800000,773265,36401,2512,46.9498,40.9275,0.0685,0.0293,0.0245
Herato0401,800001,850000,825221,31880,2320,32.9982,34.9093,-0.0281,-0.0095,-0.0078
Herato0401,850001,900000,874422,35222,2127,26.4865,23.2171,0.0658,0.0145,0.0124
Herato0401,900001,950000,925773,32384,2460,32.8115,34.5204,-0.0254,-0.0065,-0.0055
Herato0401,950001,1000000,973835,33674,2563,34.7508,33.7367,0.0148,0.0053,0.0042
Herato0401,1000001,1050000,1025039,33695,1958,27.0883,28.3564,-0.0229,-0.0093,-0.0072
Herato0401,1050001,1100000,1078853,29202,1768,22.7982,24.4046,-0.034,-0.0141,-0.0112
Herato0401,1100001,1150000,1124919,34897,2904,41.5961,41.1285,0.0057,0.002,0.0016
Herato0401,1150001,1200000,1175294,33520,2822,30.5909,41.3273,-0.1493,-0.0471,-0.037
Herato0401,1200001,1250000,1224026,33522,2639,35.5421,35.3039,0.0034,0.0013,0.0011
Herato0401,1250001,1300000,1272948,28968,1931,24.3753,28.7348,-0.0821,-0.0279,-0.0221
Herato0401,1300001,1350000,1323581,28268,1858,31.4764,30.8025,0.0108,0.0042,0.0034
Herato0401,1350001,1400000,1374382,34946,2455,37.8172,34.6418,0.0438,0.0173,0.0141
Herato0401,1400001,1450000,1424211,29717,2026,27.5106,27.2415,0.0049,0.0018,0.0015
Herato0401,1450001,1500000,1475367,35823,2414,34.5112,32.4599,0.0306,0.0077,0.0067
Herato0401,1500001,1550000,1525169,32168,1716,20.5276,23.962,-0.0772,-0.0159,-0.0136
Herato0401,1550001,1600000,1577231,33580,2421,41.8167,43.6002,-0.0209,-0.0082,-0.0063
Herato0401,1600001,1650000,1629542,30005,2116,28.6938,29.9839,-0.022,-0.0058,-0.0048
Herato0401,1650001,1700000,1673947,32200,2178,23.105,25.0598,-0.0406,-0.0083,-0.0069
Herato0401,1700001,1750000,1726646,36291,2380,32.4211,31.5506,0.0136,0.0035,0.003
Herato0401,1750001,1800000,1774464,37180,2919,41.8223,41.4717,0.0042,0.0013,0.0011
Herato0401,1800001,1850000,1824728,32930,1821,32.4346,31.2513,0.0186,0.0072,0.0059
Herato0401,1850001,1900000,1874069,30683,1979,29.6257,29.6351,-0.0002,-0.0001,-0.0001
Herato0401,1900001,1950000,1924059,33554,2252,33.0239,37.828,-0.0678,-0.0264,-0.0208
Herato0401,1950001,2000000,1974297,31235,1613,26.0878,22.6484,0.0706,0.0225,0.0188
Herato0401,2000001,2050000,2026114,35202,2306,35.7746,41.585,-0.0751,-0.0242,-0.0198
Herato0401,2050001,2100000,2076354,25983,1065,16.0582,13.6022,0.0828,0.0321,0.0253
Herato0401,2100001,2150000,2124815,34444,2242,29.0977,32.0713,-0.0486,-0.0128,-0.0108
Herato0401,2150001,2200000,2174455,34302,1953,39.1347,33.7238,0.0743,0.0283,0.0231
Herato0401,2200001,2250000,2225041,34593,2270,25.8194,26.1806,-0.0069,-0.0019,-0.0016
Herato0401,2250001,2300000,2275293,34526,1938,24.3851,27.3029,-0.0565,-0.015,-0.0124
Herato0401,2300001,2350000,2324587,35845,2459,27.8554,33.917,-0.0981,-0.0267,-0.0215
Herato0401,2350001,2400000,2375014,34567,2214,30.8045,34.0197,-0.0496,-0.0118,-0.01
Herato0401,2400001,2450000,2421411,28563,1580,21.8713,17.1112,0.1221,0.0278,0.0232
Herato0401,2450001,2500000,2475059,34107,2524,34.155,32.3739,0.0268,0.0088,0.007
Herato0401,2500001,2550000,2524540,36678,2631,30.9618,33.727,-0.0427,-0.0112,-0.0093
Herato0401,2550001,2600000,2575783,31124,1716,18.1928,18.1477,0.0012,0.0002,0.0002
Herato0401,2600001,2650000,2625567,32827,1716,24.2782,20.3962,0.0869,0.0216,0.0182
Herato0401,2650001,2700000,2666218,22266,1344,18.7266,21.349,-0.0654,-0.02,-0.0166
Herato0402,1,50000,25932,32145,1732,28.4798,27.36,0.0201,0.0078,0.0063
Herato0402,50001,100000,73785,33137,1960,31.5885,30.725,0.0139,0.0045,0.0037
Herato0403,1,50000,24456,34992,2107,25.7756,31.4376,-0.099,-0.0341,-0.0271
Herato0403,50001,100000,74679,32734,2059,21.5533,17.1524,0.1137,0.0225,0.0185
Herato0403,100001,150000,125092,35589,2272,31.9651,32.0579,-0.0014,-0.0004,-0.0003
Herato0403,150001,200000,175275,35113,2155,27.2155,25.5867,0.0308,0.0097,0.0079
Herato0403,200001,250000,224959,31772,1898,20.5824,32.9767,-0.2314,-0.0685,-0.0532
Herato0403,250001,300000,275638,32124,2017,25.8405,33.0268,-0.1221,-0.041,-0.0333
Herato0403,300001,350000,325248,34779,2046,31.9685,28.4519,0.0582,0.0158,0.0135
Herato0403,350001,400000,375493,35037,1958,30.1752,27.0152,0.0553,0.0187,0.0152
Herato0403,400001,450000,425335,34962,2088,29.9351,24.5797,0.0982,0.0284,0.0241
Herato0403,450001,500000,475120,34931,2003,23.0779,21.334,0.0393,0.0088,0.0076
Herato0403,500001,550000,524322,33580,2009,38.1201,23.7059,0.2331,0.0889,0.0701
Herato0403,550001,600000,575421,32467,2173,38.6953,21.0327,0.2957,0.1111,0.0858
Herato0403,600001,650000,625220,33742,2324,40.7568,25.4033,0.2321,0.0846,0.0678
Herato0403,650001,700000,675636,32671,2132,31.8532,28.9132,0.0484,0.014,0.0118
Herato0403,700001,750000,725503,33565,2179,26.9805,30.9051,-0.0678,-0.0179,-0.0147
Herato0403,750001,800000,776087,32463,2068,25.085,26.6554,-0.0304,-0.0081,-0.0068
Herato0403,800001,850000,826315,34617,2422,35.8343,36.7341,-0.0124,-0.005,-0.0039
Herato0403,850001,900000,874924,35247,1972,34.7333,30.4391,0.0659,0.0252,0.0201
Herato0403,900001,950000,924396,34182,1887,23.5209,23.3844,0.0029,0.001,0.0008
Herato0403,950001,1000000,975170,36400,2019,32.9052,37.5871,-0.0664,-0.0232,-0.0182
Herato0403,1000001,1050000,1023876,34620,1731,18.3025,19.4862,-0.0313,-0.0052,-0.0046
Herato0403,1050001,1100000,1068945,25835,1488,19.7812,24.8951,-0.1145,-0.0309,-0.0262
Herato0404,1,50000,24643,35483,2895,64.5729,36.6832,0.2754,0.1072,0.0863
Herato0404,50001,100000,74278,31527,2026,32.3818,26.1927,0.1057,0.0505,0.0383
Herato0404,100001,150000,110754,14838,1062,22.4299,12.4622,0.2857,0.1015,0.0814
Herato0405,1,50000,25839,30721,1217,14.7905,18.3899,-0.1085,-0.0252,-0.021
Herato0405,50001,100000,74400,39145,2538,39.4867,46.4559,-0.0811,-0.0272,-0.0223
Herato0405,100001,150000,125123,34502,2262,36.3852,33.0237,0.0484,0.0172,0.0142
Herato0405,150001,200000,175227,34127,2082,35.2892,34.4972,0.0113,0.004,0.0033
Herato0405,200001,250000,222175,17007,523,6.7857,4.9015,0.1612,0.0467,0.0387
Herato0405,250001,300000,276467,35790,2593,32.378,40.5093,-0.1116,-0.0369,-0.0297
Herato0405,300001,350000,324096,36466,2558,39.2316,34.6271,0.0623,0.0199,0.0161
Herato0405,350001,400000,375539,38140,2361,35.1255,31.4789,0.0547,0.0136,0.0118
Herato0405,400001,450000,425187,35833,2488,32.6496,31.5569,0.017,0.005,0.0042
Herato0405,450001,500000,474563,34312,1775,26.0362,19.7155,0.1382,0.035,0.0301
Herato0405,500001,550000,526514,26656,1190,14.5035,13.2849,0.0439,0.0115,0.0095
Herato0405,550001,600000,573760,32648,1880,27.7085,25.7018,0.0376,0.0115,0.0096
Herato0405,600001,650000,625840,23366,377,4.9983,6.0359,-0.094,-0.0274,-0.0227
Herato0405,650001,700000,675573,34872,1840,19.9796,19.9119,0.0017,0.0004,0.0003
Herato0405,700001,750000,726469,29810,1903,23.1868,26.9238,-0.0746,-0.0181,-0.0153
Herato0405,750001,800000,778245,30493,1687,17.2406,22.6215,-0.135,-0.037,-0.0292
Herato0405,800001,850000,824586,33797,2274,22.2263,24.3368,-0.0453,-0.013,-0.0107
Herato0405,850001,900000,875656,32487,1650,22.3724,26.4741,-0.084,-0.0185,-0.016
Herato0405,900001,950000,926363,36919,1612,26.0412,22.767,0.0671,0.0187,0.016
Herato0405,950001,1000000,973256,32761,1756,23.3577,23.1367,0.0048,0.0013,0.0011
Herato0405,1000001,1050000,1026081,32012,1806,26.4856,21.7535,0.0981,0.0304,0.0252
Herato0405,1050001,1100000,1077644,29659,1492,13.7204,12.0148,0.0663,0.0195,0.0159
Herato0405,1100001,1150000,1125512,31617,1896,19.7207,19.153,0.0146,0.0045,0.0037
Herato0405,1150001,1200000,1170077,27287,1445,17.7185,15.8293,0.0563,0.0168,0.0144
Herato0405,1200001,1250000,1228621,24534,799,5.5055,8.6671,-0.2231,-0.0443,-0.0384
Herato0405,1250001,1300000,1272889,27754,1564,30.0053,31.0665,-0.0174,-0.0065,-0.0053
Herato0405,1300001,1350000,1326709,30551,1330,13.4564,9.8419,0.1551,0.0228,0.0205
Herato0405,1350001,1400000,1373406,33943,2149,27.8692,30.1366,-0.0391,-0.0109,-0.0093
Herato0405,1400001,1450000,1425178,36386,3112,51.6439,44.9215,0.0696,0.0244,0.0201
Herato0405,1450001,1500000,1474154,35462,2820,32.4487,36.1235,-0.0536,-0.0156,-0.0129
Herato0405,1500001,1550000,1524494,34409,2628,32.5508,31.4812,0.0167,0.0042,0.0035
Herato0405,1550001,1600000,1575053,31460,2109,21.5679,21.444,0.0029,0.0009,0.0007
Herato0405,1600001,1650000,1626648,19875,471,3.7881,4.5526,-0.0917,-0.0252,-0.0208
Herato0405,1650001,1700000,1673387,24042,851,8.7617,8.5581,0.0118,0.0021,0.0018
Herato0405,1700001,1750000,1713191,18191,361,2.3809,2.16,0.0486,0.0109,0.0099
Herato0406,1,50000,23923,30999,1087,11.0331,10.6646,0.017,0.0058,0.0047
Herato0406,50001,100000,75973,26958,1223,11.2528,10.6524,0.0274,0.0081,0.0067
Herato0407,1,50000,16187,12577,513,4.801,4.906,-0.0108,-0.0029,-0.0025
Herato0408,1,50000,24407,25531,538,3.8702,4.0318,-0.0205,-0.0051,-0.0042
Herato0409,1,50000,16668,17879,494,3.0187,1.5777,0.3135,0.0488,0.0415
Herato0411,1,50000,23147,25045,678,6.8547,7.1905,-0.0239,-0.0073,-0.0061
Herato0411,50001,100000,76919,26666,966,5.5162,6.8186,-0.1056,-0.0103,-0.0086
Herato0411,100001,150000,125686,29224,1110,15.2331,12.6463,0.0928,0.031,0.0251
Herato0411,150001,200000,177955,20013,563,2.6384,2.6591,-0.0039,-0.0004,-0.0004
Herato0411,200001,250000,226288,27831,950,7.6868,8.5645,-0.054,-0.0086,-0.0075
Herato0411,250001,300000,276105,30836,767,1.9749,1.9266,0.0124,0.0006,0.0005
Herato0411,300001,350000,324213,35220,2073,24.3467,23.938,0.0085,0.0018,0.0015
Herato0411,350001,400000,373806,29707,1992,25.3618,26.8015,-0.0276,-0.0081,-0.0067
Herato0411,400001,450000,423974,33149,1736,18.6012,17.3995,0.0334,0.009,0.0077
Herato0411,450001,500000,478460,20995,444,7.1229,3.9626,0.2851,0.0715,0.0619
Herato0411,500001,550000,525596,32091,1275,15.2094,16.2675,-0.0336,-0.0091,-0.0076
Herato0411,550001,600000,572224,30022,1508,20.2281,19.3917,0.0211,0.0055,0.0045
Herato0411,600001,650000,626140,31715,1989,20.7887,25.0444,-0.0929,-0.0237,-0.0194
Herato0411,650001,700000,675076,34457,2046,16.8746,15.71,0.0357,0.0087,0.0072
Herato0411,700001,750000,724617,33206,1487,12.6409,13.3389,-0.0269,-0.0049,-0.0042
Herato0411,750001,800000,775290,31523,1240,10.7454,12.1017,-0.0594,-0.012,-0.0103
Herato0411,800001,850000,825052,32041,1829,19.466,18.3269,0.0301,0.0082,0.0067
Herato0411,850001,900000,875722,30609,1946,17.8005,19.5913,-0.0479,-0.0158,-0.0118
Herato0411,900001,950000,920779,24612,1529,16.4927,13.4331,0.1022,0.0328,0.0255
Herato0411,950001,1000000,974814,36928,3194,53.0829,55.0269,-0.018,-0.0083,-0.0066
Herato0411,1000001,1050000,1025351,38783,2974,37.9704,39.8414,-0.024,-0.0085,-0.0069
Herato0411,1050001,1100000,1075238,33289,2371,35.6175,34.4533,0.0166,0.0057,0.0048
Herato0411,1100001,1150000,1125275,34810,2438,35.4668,34.8525,0.0087,0.003,0.0025
Herato0411,1150001,1200000,1174923,28715,1755,23.3168,21.2489,0.0464,0.0104,0.0087
Herato0411,1200001,1250000,1224255,36453,2504,37.4504,38.0006,-0.0073,-0.0025,-0.0021
Herato0411,1250001,1300000,1275034,35934,2801,42.9133,45.6531,-0.0309,-0.0151,-0.0117
Herato0411,1300001,1350000,1325139,32620,2329,33.385,32.4655,0.014,0.006,0.0048
Herato0411,1350001,1400000,1375281,34314,2534,42.2932,40.596,0.0205,0.0077,0.0064
Herato0411,1400001,1450000,1424543,33589,2362,30.9938,34.0561,-0.0471,-0.0185,-0.0149
Herato0411,1450001,1500000,1475583,31331,1789,23.0765,22.7851,0.0064,0.0018,0.0016
Herato0411,1500001,1550000,1524955,33330,2183,30.4678,32.9227,-0.0387,-0.0102,-0.0085
Herato0411,1550001,1600000,1573501,30624,1614,25.9054,23.1407,0.0564,0.014,0.0119
Herato0411,1600001,1650000,1624229,32350,1979,23.9676,30.0347,-0.1123,-0.0276,-0.0233
Herato0411,1650001,1700000,1674913,34777,2734,32.1685,30.4097,0.0281,0.0097,0.008
Herato0411,1700001,1750000,1724171,30659,2045,25.7312,31.0984,-0.0944,-0.0294,-0.0242
Herato0411,1750001,1800000,1774763,35359,1899,29.519,27.5749,0.0341,0.0112,0.0094
Herato0411,1800001,1850000,1826020,33936,1429,17.529,15.1286,0.0735,0.022,0.018
Herato0411,1850001,1900000,1875237,33590,2023,32.5106,29.1207,0.055,0.0213,0.0166
Herato0411,1900001,1950000,1923724,34045,1432,12.2111,15.0561,-0.1043,-0.0316,-0.024
Herato0411,1950001,2000000,1977727,26627,734,7.563,7.5705,-0.0005,-0.0001,-0.0001
Herato0411,2000001,2050000,2022291,28846,1521,24.7234,22.5502,0.046,0.0147,0.0119
Herato0411,2050001,2100000,2079645,24868,1175,14.0012,13.41,0.0216,0.0047,0.004
Herato0411,2100001,2150000,2124969,34961,1727,18.6479,19.6697,-0.0267,-0.007,-0.0055
Herato0411,2150001,2200000,2175248,33741,2144,30.6818,24.8732,0.1046,0.0351,0.0292
Herato0411,2200001,2250000,2223020,32355,2030,21.0039,22.4022,-0.0322,-0.008,-0.0068
Herato0411,2250001,2300000,2275678,26989,819,6.9942,10.0599,-0.1798,-0.0395,-0.031
Herato0411,2300001,2350000,2325024,34621,2111,16.6807,21.0795,-0.1165,-0.0232,-0.0196
Herato0411,2350001,2400000,2374673,29766,1575,18.2346,16.6898,0.0442,0.0118,0.01
Herato0411,2400001,2450000,2422469,22662,636,5.2182,4.4458,0.0799,0.0143,0.0112
Herato0411,2450001,2500000,2475038,33615,1911,24.7065,22.0899,0.0559,0.0167,0.0139
Herato0411,2500001,2550000,2526938,25607,1017,15.2879,14.035,0.0427,0.0143,0.012
Herato0411,2550001,2600000,2575148,27706,1523,14.6287,13.2998,0.0476,0.0122,0.0106
Herato0411,2600001,2650000,2625238,29623,1733,19.8718,25.2235,-0.1187,-0.0499,-0.0379
Herato0411,2650001,2700000,2675734,37914,2571,45.3346,46.1795,-0.0092,-0.0034,-0.0028
Herato0411,2700001,2750000,2726477,33378,2437,29.0787,37.3127,-0.124,-0.043,-0.0351
Herato0411,2750001,2800000,2774703,36362,2450,36.5438,36.1959,0.0048,0.0019,0.0015
Herato0411,2800001,2850000,2825960,36300,2536,36.9068,34.6505,0.0315,0.0093,0.0078
Herato0411,2850001,2900000,2874756,30251,1731,20.3299,18.8212,0.0385,0.0099,0.0082
Herato0411,2900001,2950000,2924874,35924,2460,25.6634,26.9957,-0.0253,-0.0082,-0.0065
Herato0411,2950001,3000000,2974920,33795,1581,20.0493,20.7613,-0.0174,-0.0043,-0.0036
Herato0411,3000001,3050000,3027335,29279,1190,11.375,10.505,0.0398,0.0075,0.0065
Herato0411,3050001,3100000,3075408,35647,2202,26.8992,26.9413,-0.0008,-0.0002,-0.0002
Herato0411,3100001,3150000,3122292,30293,1667,23.2067,20.8711,0.053,0.0125,0.0106
Herato0411,3150001,3200000,3175059,35805,2391,30.2656,32.1864,-0.0308,-0.012,-0.0092
Herato0411,3200001,3250000,3225341,35486,2085,30.5322,33.9215,-0.0526,-0.0184,-0.0146
Herato0411,3250001,3300000,3274793,36512,2166,24.6498,30.1202,-0.0999,-0.0284,-0.0231
Herato0411,3300001,3350000,3324642,36289,2444,47.2853,50.1234,-0.0291,-0.0107,-0.0088
Herato0411,3350001,3400000,3375354,36745,2067,31.1873,32.2554,-0.0168,-0.0055,-0.0046
Herato0411,3400001,3450000,3426064,36967,2175,34.0286,30.2282,0.0591,0.0146,0.0123
Herato0411,3450001,3500000,3474499,32786,1544,24.0618,19.8087,0.0969,0.0201,0.0179
Herato0411,3500001,3550000,3524554,37733,2595,41.5722,45.1444,-0.0412,-0.0132,-0.0107
Herato0411,3550001,3600000,3562889,14535,920,9.1201,10.6649,-0.0781,-0.0224,-0.0184
Herato0411,3600001,3650000,3626401,37849,2647,29.6085,29.576,0.0005,0.0001,0.0001
Herato0411,3650001,3700000,3675132,34430,2315,34.0397,34.3502,-0.0045,-0.0015,-0.0012
Herato0411,3700001,3750000,3724053,41551,2182,22.022,17.3967,0.1173,0.0183,0.016
Herato0411,3750001,3800000,3777388,34364,2586,42.1606,39.2581,0.0356,0.0097,0.0077
Herato0411,3800001,3850000,3824141,36512,2509,31.9791,31.6465,0.0052,0.0013,0.001
Herato0411,3850001,3900000,3874556,35655,2333,21.956,24.6667,-0.0581,-0.0132,-0.011
Herato0411,3900001,3950000,3924563,35074,2098,23.86,25.2805,-0.0289,-0.0072,-0.006
Herato0411,3950001,4000000,3972427,30774,2050,35.8377,31.8935,0.0582,0.022,0.0184
Herato0411,4000001,4050000,4025258,33690,2367,29.1037,28.8031,0.0052,0.0015,0.0013
Herato0411,4050001,4100000,4074784,34740,2560,34.6019,36.1604,-0.022,-0.0083,-0.0068
Herato0411,4100001,4150000,4125925,35872,2539,32.8936,31.2265,0.026,0.0074,0.0064
Herato0411,4150001,4200000,4175631,31490,1687,25.938,23.8267,0.0424,0.0126,0.0104
Herato0411,4200001,4250000,4225055,33470,1796,30.5582,26.8889,0.0639,0.02,0.0169
Herato0411,4250001,4300000,4272018,29110,985,12.4723,14.8749,-0.0879,-0.0229,-0.0193
Herato0411,4300001,4350000,4324433,24013,799,9.7147,11.2215,-0.072,-0.0171,-0.0145
Herato0411,4350001,4400000,4374227,34875,2215,32.6767,34.3667,-0.0252,-0.0071,-0.006
Herato0411,4400001,4450000,4425922,35547,2319,31.9608,32.6836,-0.0112,-0.0046,-0.0036
Herato0411,4450001,4500000,4475042,34282,2393,34.5684,29.5959,0.0775,0.0309,0.0251
Herato0411,4500001,4550000,4524591,31153,2003,32.1921,27.6973,0.0751,0.0302,0.0252
Herato0411,4550001,4600000,4575002,34093,2520,34.9447,35.175,-0.0033,-0.0015,-0.0012
Herato0411,4600001,4650000,4624817,34662,2255,33.1737,31.2553,0.0298,0.0136,0.0102
Herato0411,4650001,4700000,4674955,34458,2534,38.1067,36.7148,0.0186,0.0071,0.0058
Herato0411,4700001,4750000,4724081,34146,2503,35.169,33.7685,0.0203,0.0094,0.0074
Herato0411,4750001,4800000,4781376,24760,1440,21.2138,19.7923,0.0347,0.0117,0.0096
Herato0411,4800001,4850000,4824834,35361,2475,35.0127,35.5363,-0.0074,-0.0034,-0.0026
Herato0411,4850001,4900000,4875351,31536,1807,28.2682,25.8009,0.0456,0.0175,0.0144
Herato0411,4900001,4950000,4925816,33791,2122,29.7045,25.4444,0.0772,0.0342,0.0279
Herato0411,4950001,5000000,4975144,34998,2406,32.5994,33.86,-0.019,-0.0065,-0.0052
Herato0411,5000001,5050000,5023891,34602,1934,23.1236,27.391,-0.0845,-0.0166,-0.0146
Herato0411,5050001,5100000,5075379,37739,2728,46.7841,38.8943,0.0921,0.0431,0.0331
Herato0411,5100001,5150000,5124468,31639,2168,47.9991,30.0043,0.2307,0.1032,0.0778
Herato0411,5150001,5200000,5174706,33546,2600,52.7419,35.6193,0.1938,0.0931,0.0727
Herato0411,5200001,5250000,5223609,32336,2280,42.4288,36.548,0.0745,0.0421,0.0313
Herato0411,5250001,5300000,5277335,33270,2470,44.7274,38.8573,0.0702,0.0273,0.0216
Herato0411,5300001,5350000,5324438,35689,2664,43.8489,42.6607,0.0137,0.006,0.0047
Herato0411,5350001,5400000,5375016,36572,2682,44.3279,41.0502,0.0384,0.0169,0.0136
Herato0411,5400001,5450000,5425335,37221,2941,42.5899,35.2556,0.0942,0.0277,0.0227
Herato0411,5450001,5500000,5474632,35773,2954,44.295,47.4256,-0.0341,-0.0165,-0.0126
Herato0411,5500001,5550000,5525171,33720,2372,35.986,28.3445,0.1188,0.0509,0.0388
Herato0411,5550001,5600000,5574691,28331,1509,21.5362,13.5829,0.2265,0.0976,0.0671
Herato0411,5600001,5650000,5622537,26933,871,12.7514,10.6378,0.0904,0.0447,0.0325
Herato0411,5650001,5700000,5679720,25349,895,14.2191,10.6593,0.1431,0.0696,0.048
Herato0411,5700001,5750000,5726527,33066,1716,33.0172,20.003,0.2455,0.0793,0.0632
Herato0411,5750001,5800000,5777079,31897,1585,39.1833,20.8119,0.3062,0.1162,0.0966
Herato0411,5800001,5850000,5821699,26148,1201,28.6418,16.959,0.2562,0.1051,0.0844
Herato0411,5850001,5900000,5874785,32074,2018,39.3451,26.9321,0.1873,0.0717,0.0555
Herato0411,5900001,5950000,5924883,35146,2390,50.2307,25.6326,0.3242,0.111,0.0888
Herato0411,5950001,6000000,5973080,27458,676,13.7099,7.1876,0.3121,0.1049,0.0806
Herato0411,6000001,6050000,6029475,22362,553,12.1524,5.1375,0.4057,0.1427,0.1164
Herato0411,6050001,6100000,6068261,23766,1104,23.9121,12.9403,0.2977,0.092,0.0738
Herato0411,6100001,6150000,6127661,24523,1086,29.1822,14.7129,0.3296,0.1155,0.0936
Herato0411,6150001,6200000,6175248,34533,1950,47.8406,23.9102,0.3335,0.1238,0.1022
Herato0411,6200001,6250000,6225243,32958,1733,41.9424,20.9719,0.3333,0.1212,0.0999
Herato0411,6250001,6300000,6274769,33903,1676,35.9354,19.2189,0.3031,0.0956,0.0747
Herato0411,6300001,6350000,6325212,34853,1893,36.8745,22.1551,0.2494,0.0919,0.0729
Herato0411,6350001,6400000,6375154,35586,2446,46.3539,34.0299,0.1533,0.0625,0.0489
Herato0411,6400001,6450000,6423250,27365,1088,17.2214,10.6251,0.2369,0.1014,0.0814
Herato0412,1,50000,25995,30904,776,6.847,5.3016,0.1272,0.0468,0.037
Herato0412,50001,100000,74421,16614,879,10.4081,8.6955,0.0896,0.046,0.0352
Herato0412,100001,150000,125872,25813,1165,17.4161,13.9409,0.1108,0.065,0.0509
Herato0412,150001,200000,175828,30158,1472,27.156,21.6232,0.1134,0.0685,0.0538
Herato0412,200001,250000,224993,25179,1260,18.0073,14.008,0.1249,0.0685,0.0524
Herato0412,250001,300000,274701,27385,621,5.9555,5.1408,0.0734,0.0318,0.0244
Herato0413,1,50000,24739,32209,679,8.1083,4.5986,0.2762,0.105,0.084
Herato0413,50001,100000,71554,28687,975,13.1741,10.94,0.0926,0.0549,0.0394
Herato0413,100001,150000,126107,29830,943,12.7871,9.2935,0.1582,0.0685,0.0512
Herato0413,150001,200000,174504,28804,808,5.4178,6.7605,-0.1103,-0.0376,-0.0309
Herato0413,200001,250000,227033,30746,853,7.5918,6.495,0.0779,0.0215,0.017
Herato0413,250001,300000,256908,9468,321,2.7955,2.2508,0.1079,0.0373,0.0298
Herato0414,1,50000,11743,11321,321,1.9551,2.3915,-0.1004,-0.0342,-0.0256
Herato0415,1,50000,24332,29928,1033,9.2036,11.0626,-0.0917,-0.0489,-0.0355
Herato0415,50001,100000,53406,4468,255,3.3441,3.1908,0.0234,0.0072,0.006
Herato0416,1,50000,21637,17008,546,8.0678,3.6193,0.3806,0.1052,0.0933
Herato0417,1,50000,27484,24255,520,7.4695,7.1305,0.0232,0.0112,0.0091
Herato0417,50001,100000,74258,26597,778,9.3606,10.0607,-0.036,-0.0184,-0.0146
Herato0417,100001,150000,126257,27806,1819,22.7782,19.174,0.0859,0.0436,0.0333
Herato0417,150001,200000,154608,5885,284,6.7077,2.931,0.3918,0.1499,0.1139
Herato0418,1,50000,24381,26240,545,3.4497,3.8806,-0.0588,-0.0208,-0.0148
Herato0418,50001,100000,65688,19103,1226,19.3992,12.3704,0.2212,0.1284,0.0999
Herato0419,1,50000,25744,32844,2468,34.9701,32.0657,0.0433,0.0124,0.0104
Herato0419,50001,100000,74787,32807,2185,25.1331,26.933,-0.0346,-0.009,-0.0076
Herato0419,100001,150000,125461,27132,1489,15.6964,12.9488,0.0959,0.0197,0.0164
Herato0419,150001,200000,174196,26125,952,12.1071,12.3192,-0.0087,-0.0023,-0.0019
Herato0419,200001,250000,225609,33015,1790,18.6106,19.8803,-0.033,-0.0086,-0.0073
Herato0419,250001,300000,274546,33015,1902,19.1797,22.1467,-0.0718,-0.0251,-0.02
Herato0419,300001,350000,324724,31820,2175,22.7721,22.3275,0.0099,0.0029,0.0023
Herato0419,350001,400000,375110,33497,1647,20.0339,17.2748,0.074,0.0191,0.0156
Herato0419,400001,450000,425435,33366,1653,16.5897,18.2836,-0.0486,-0.0125,-0.0102
Herato0419,450001,500000,475395,34109,1932,19.5436,22.862,-0.0783,-0.0174,-0.0142
Herato0419,500001,550000,525515,32597,1199,9.495,10.9573,-0.0715,-0.0091,-0.0082
Herato0419,550001,600000,574386,34677,1760,21.1804,22.9549,-0.0402,-0.0076,-0.0067
Herato0419,600001,650000,625322,36642,2297,40.2358,36.4699,0.0491,0.0159,0.0132
Herato0419,650001,700000,674585,34098,2084,22.8147,24.7153,-0.04,-0.0068,-0.006
Herato0419,700001,750000,723816,35207,1531,9.0161,6.3023,0.1772,0.0117,0.0106
Herato0419,750001,800000,773523,31017,1195,11.949,8.9215,0.1451,0.0228,0.0196
Herato0419,800001,850000,825333,33795,1139,8.807,7.747,0.064,0.0089,0.0077
Herato0419,850001,900000,875449,33764,1344,8.843,9.1774,-0.0186,-0.0028,-0.0024
Herato0419,900001,950000,925666,34552,1587,17.3269,15.5319,0.0546,0.0106,0.0091
Herato0419,950001,1000000,977094,28941,1564,22.6726,23.0692,-0.0087,-0.0024,-0.0021
Herato0419,1000001,1050000,1024800,36854,2075,21.5463,18.1137,0.0866,0.0145,0.0127
Herato0419,1050001,1100000,1075085,35158,2464,30.7598,28.8065,0.0328,0.0085,0.0072
Herato0419,1100001,1150000,1123745,34052,2283,28.7119,25.6989,0.0554,0.0122,0.0102
Herato0419,1150001,1200000,1176125,34648,1704,21.9871,22.0648,-0.0018,-0.0006,-0.0005
Herato0419,1200001,1250000,1224976,34729,2102,31.3859,28.2273,0.053,0.0191,0.0151
Herato0419,1250001,1300000,1274401,34121,2140,28.4071,26.5396,0.034,0.0109,0.0087
Herato0419,1300001,1350000,1325907,33462,2483,40.1657,37.2228,0.038,0.0137,0.0114
Herato0419,1350001,1400000,1375111,35940,2995,45.1199,44.646,0.0053,0.0014,0.0012
Herato0419,1400001,1450000,1426272,30345,1836,22.4799,19.2905,0.0764,0.0167,0.0141
Herato0419,1450001,1500000,1473144,38453,2414,25.8286,27.9426,-0.0393,-0.0089,-0.0078
Herato0419,1500001,1550000,1525045,35737,2321,33.7505,29.4657,0.0678,0.0167,0.0146
Herato0419,1550001,1600000,1574611,31099,1510,16.2493,15.1004,0.0366,0.0073,0.0064
Herato0419,1600001,1650000,1625045,32484,1613,21.9314,20.4412,0.0352,0.0079,0.0067
Herato0419,1650001,1700000,1675033,35005,1844,28.8884,18.804,0.2114,0.0375,0.0332
Herato0419,1700001,1750000,1724220,36682,1570,18.0292,17.1801,0.0241,0.0045,0.004
Herato0419,1750001,1800000,1776848,29091,1383,14.0557,16.1905,-0.0706,-0.0156,-0.0129
Herato0419,1800001,1850000,1824904,35571,2396,27.1941,23.7532,0.0675,0.0152,0.013
Herato0419,1850001,1900000,1873471,32526,2095,19.4625,21.4962,-0.0497,-0.0091,-0.0078
Herato0419,1900001,1950000,1927032,32475,1905,13.856,17.5091,-0.1165,-0.016,-0.0143
Herato0419,1950001,2000000,1974911,35563,2257,17.5166,20.0173,-0.0666,-0.0094,-0.0081
Herato0419,2000001,2050000,2026261,20078,748,5.2732,6.4326,-0.099,-0.0175,-0.0147
Herato0419,2050001,2100000,2075144,32428,1825,12.5193,12.4744,0.0018,0.0002,0.0002
Herato0419,2100001,2150000,2125170,36799,2304,10.9053,10.7709,0.0062,0.0005,0.0005
Herato0419,2150001,2200000,2175466,35493,2145,6.6708,9.6683,-0.1835,-0.0083,-0.0078
Herato0419,2200001,2250000,2224607,36454,2058,12.1419,8.7772,0.1608,0.0103,0.0097
Herato0419,2250001,2300000,2274980,37493,2054,3.9814,3.9991,-0.0022,-0.0001,-0.0001
Herato0419,2300001,2350000,2317320,23728,780,7.6968,3.916,0.3256,0.0361,0.0339
