scaffold,start,end,mid,sites,sitesUsed,ABBA,BABA,D,fd,fdM
Herato1601,1,50000,25342,40436,2365,16.1036,23.8012,-0.1929,-0.3048,-0.1573
Herato1601,50001,100000,74986,42725,2513,32.2615,30.0311,0.0358,0.058,0.0352
Herato1601,100001,150000,124780,38807,4528,84.1542,89.0698,-0.0284,-0.0509,-0.0283
Herato1601,150001,200000,175899,34698,4345,74.5326,77.2555,-0.0179,-0.028,-0.0159
Herato1601,200001,250000,225331,38620,5412,79.6696,76.2695,0.0218,0.0314,0.0185
Herato1601,250001,300000,274974,37252,5274,78.8321,82.9226,-0.0253,-0.0404,-0.0215
Herato1601,300001,350000,325204,35677,4849,89.6174,89.3486,0.0015,0.0024,0.0014
Herato1601,350001,400000,375263,37384,4503,66.1283,77.1488,-0.0769,-0.1074,-0.0628
Herato1601,400001,450000,425414,40843,4360,69.7473,72.5693,-0.0198,-0.03,-0.0175
Herato1601,450001,500000,473563,34671,5653,73.4877,76.3966,-0.0194,-0.0292,-0.0164
Herato1601,500001,550000,525862,36171,4784,67.4362,66.3625,0.008,0.0111,0.0066
Herato1601,550001,600000,575152,36797,4336,70.8248,79.2772,-0.0563,-0.0945,-0.0507
Herato1601,600001,650000,625078,34947,3285,55.702,61.798,-0.0519,-0.0824,-0.046
Herato1601,650001,700000,674962,36536,4520,57.2662,63.3032,-0.0501,-0.0826,-0.0449
Herato1601,700001,750000,726244,32180,4161,64.5654,63.3149,0.0098,0.0133,0.0076
Herato1601,750001,800000,774893,33782,4558,60.9958,69.2056,-0.0631,-0.0912,-0.0489
Herato1601,800001,850000,825243,35231,4634,69.7427,66.9087,0.0207,0.0285,0.0166
Herato1601,850001,900000,874738,34344,4905,67.5437,67.0261,0.0038,0.0051,0.0031
Herato1601,900001,950000,926214,32120,3769,57.994,50.3383,0.0707,0.0844,0.0521
Herato1601,950001,1000000,975547,31124,3562,48.0919,53.5582,-0.0538,-0.0801,-0.0441
Herato1601,1000001,1050000,1024806,27832,2700,39.3544,40.4092,-0.0132,-0.0183,-0.0107
Herato1601,1050001,1100000,1074858,33195,3662,52.6237,55.2307,-0.0242,-0.035,-0.02
Herato1601,1100001,1150000,1123742,34330,3490,50.0986,50.8253,-0.0072,-0.0103,-0.0059
Herato1601,1150001,1200000,1174742,33196,3760,51.5509,56.1076,-0.0423,-0.0643,-0.0354
Herato1601,1200001,1250000,1223435,32134,4100,56.1224,54.1577,0.0178,0.0218,0.0131
Herato1601,1250001,1300000,1275508,33871,3973,57.7006,56.5866,0.0097,0.013,0.0077
Herato1601,1300001,1350000,1324698,33570,3995,56.7787,55.9945,0.007,0.0099,0.0056
Herato1601,1350001,1400000,1374816,34445,4312,54.8922,56.1118,-0.011,-0.0153,-0.0086
Herato1601,1400001,1450000,1424971,35183,4317,61.6163,55.6579,0.0508,0.0638,0.0397
Herato1601,1450001,1500000,1474965,34256,3686,51.3695,50.6593,0.007,0.0087,0.0052
Herato1601,1500001,1550000,1525796,35666,3553,43.9944,48.2985,-0.0466,-0.0683,-0.037
Herato1601,1550001,1600000,1574846,34384,4293,61.7947,67.3082,-0.0427,-0.0639,-0.0358
Herato1601,1600001,1650000,1627124,29546,2844,38.1467,40.1832,-0.026,-0.0331,-0.0199
Herato1601,1650001,1700000,1674717,33355,4029,56.262,60.133,-0.0333,-0.043,-0.0252
Herato1601,1700001,1750000,1723330,32532,3732,51.9566,59.4586,-0.0673,-0.0954,-0.0525
Herato1601,1750001,1800000,1774849,32246,3670,49.025,48.3643,0.0068,0.0083,0.0049
Herato1601,1800001,1850000,1825188,35195,4298,54.0197,57.6928,-0.0329,-0.0442,-0.0249
Herato1601,1850001,1900000,1874592,35992,4154,53.3526,55.917,-0.0235,-0.0294,-0.0174
Herato1601,1900001,1950000,1923479,30009,1851,24.9926,29.7899,-0.0876,-0.1391,-0.0703
Herato1601,1950001,2000000,1973019,30176,2936,45.4121,47.492,-0.0224,-0.0322,-0.017
Herato1601,2000001,2050000,2026863,29529,2897,38.3118,37.1463,0.0154,0.0185,0.0109
Herato1601,2050001,2100000,2075203,34734,3851,44.5494,47.3688,-0.0307,-0.0338,-0.02
Herato1601,2100001,2150000,2126043,29807,2771,36.9057,38.9889,-0.0274,-0.0318,-0.0191
Herato1601,2150001,2200000,2174831,28014,3643,50.3903,48.4237,0.0199,0.0257,0.0152
Herato1601,2200001,2250000,2223435,31719,3811,51.9909,51.0313,0.0093,0.0105,0.0064
Herato1601,2250001,2300000,2274961,34916,3841,48.3125,46.0556,0.0239,0.0309,0.0173
Herato1601,2300001,2350000,2324798,31502,3722,54.6757,52.1796,0.0234,0.0314,0.0186
Herato1601,2350001,2400000,2374657,30385,2660,37.2899,37.0059,0.0038,0.0049,0.0027
Herato1601,2400001,2450000,2424237,26261,2796,37.748,41.0013,-0.0413,-0.0565,-0.0331
Herato1601,2450001,2500000,2474097,32329,2953,40.4362,38.6962,0.022,0.0268,0.0157
Herato1601,2500001,2550000,2525290,33692,2403,29.5228,32.0635,-0.0413,-0.0519,-0.03
Herato1601,2550001,2600000,2575858,33210,3318,41.698,43.9627,-0.0264,-0.0353,-0.0198
Herato1601,2600001,2650000,2625857,30764,3076,43.0328,43.0937,-0.0007,-0.0009,-0.0005
Herato1601,2650001,2700000,2675529,32229,2891,39.9316,37.9562,0.0254,0.033,0.0191
Herato1601,2700001,2750000,2724992,36486,3656,55.928,58.5675,-0.0231,-0.0365,-0.0198
Herato1601,2750001,2800000,2776038,31210,2811,42.4729,41.6716,0.0095,0.0123,0.0074
Herato1601,2800001,2850000,2824717,34240,3691,51.567,56.1912,-0.0429,-0.0548,-0.032
Herato1601,2850001,2900000,2874528,31698,3201,46.7518,43.7667,0.033,0.0446,0.0257
Herato1601,2900001,2950000,2925219,33382,3444,47.1742,44.9404,0.0243,0.0336,0.0197
Herato1601,2950001,3000000,2972484,28700,3324,43.3857,45.4287,-0.023,-0.0331,-0.019
Herato1601,3000001,3050000,3024546,32854,3698,49.7824,48.7169,0.0108,0.0145,0.0084
Herato1601,3050001,3100000,3075969,34688,4037,57.2153,56.4013,0.0072,0.0096,0.0058
Herato1601,3100001,3150000,3124538,30761,2640,31.361,33.2637,-0.0294,-0.0387,-0.0218
Herato1601,3150001,3200000,3176176,31666,2880,37.1963,40.9456,-0.048,-0.0637,-0.0372
Herato1601,3200001,3250000,3223512,31467,3089,42.9504,46.3396,-0.038,-0.055,-0.0316
Herato1601,3250001,3300000,3273203,32311,3028,44.775,45.7429,-0.0107,-0.016,-0.0089
Herato1601,3300001,3350000,3325074,32405,2344,36.1326,35.663,0.0065,0.0098,0.0056
Herato1601,3350001,3400000,3377204,27428,2631,36.0035,37.7631,-0.0239,-0.0304,-0.0186
Herato1601,3400001,3450000,3425193,34302,3276,43.0466,45.7536,-0.0305,-0.0359,-0.022
Herato1601,3450001,3500000,3475469,34607,4100,53.1901,57.1895,-0.0362,-0.0523,-0.0291
Herato1601,3500001,3550000,3524900,34606,3794,49.1849,51.9517,-0.0274,-0.0375,-0.0212
Herato1601,3550001,3600000,3575440,33435,3298,41.4952,41.5443,-0.0006,-0.0008,-0.0005
Herato1601,3600001,3650000,3624710,29529,3055,45.2457,37.6766,0.0913,0.1167,0.0714
Herato1601,3650001,3700000,3672694,31510,3157,43.4742,40.9102,0.0304,0.0425,0.0241
Herato1601,3700001,3750000,3725484,29461,3630,43.1279,46.1181,-0.0335,-0.052,-0.0291
Herato1601,3750001,3800000,3775499,29365,3638,44.475,44.8599,-0.0043,-0.0067,-0.004
Herato1601,3800001,3850000,3825215,22682,2662,31.3126,28.7258,0.0431,0.0637,0.0374
Herato1601,3850001,3900000,3874569,28310,2173,28.4647,27.3704,0.0196,0.0265,0.0158
Herato1601,3900001,3950000,3924805,27506,2160,28.0473,25.562,0.0464,0.0647,0.0377
Herato1601,3950001,4000000,3974114,26050,2690,26.7165,27.2638,-0.0101,-0.0121,-0.0066
Herato1601,4000001,4050000,4027622,26276,2120,26.0742,27.657,-0.0295,-0.0413,-0.0245
Herato1601,4050001,4100000,4074926,29281,1859,22.8647,25.6909,-0.0582,-0.1064,-0.055
Herato1601,4100001,4150000,4126370,31225,1835,20.6493,20.8786,-0.0055,-0.0065,-0.0038
Herato1601,4150001,4200000,4177068,31691,1351,13.3642,15.6553,-0.079,-0.0915,-0.0531
Herato1601,4200001,4250000,4225527,28181,1522,11.3405,12.7232,-0.0575,-0.0522,-0.0319
Herato1601,4250001,4300000,4278491,27620,1621,19.6289,22.106,-0.0594,-0.0872,-0.0451
Herato1601,4300001,4350000,4328569,21410,785,8.7064,7.8568,0.0513,0.0611,0.035
Herato1601,4350001,4400000,4375426,31081,2438,28.5784,27.781,0.0141,0.0183,0.0108
Herato1601,4400001,4450000,4424719,33275,3867,48.849,45.5537,0.0349,0.0446,0.0262
Herato1601,4450001,4500000,4476988,32850,2978,43.7089,48.9776,-0.0568,-0.1037,-0.0551
Herato1601,4500001,4550000,4522817,36803,3713,46.5309,50.3731,-0.0396,-0.0524,-0.0295
Herato1601,4550001,4600000,4574002,34968,4426,60.949,62.9316,-0.016,-0.0235,-0.0135
Herato1601,4600001,4650000,4625215,35111,3820,51.5829,49.6033,0.0196,0.0276,0.0166
Herato1601,4650001,4700000,4674059,33597,3883,53.597,47.5527,0.0598,0.0762,0.0464
Herato1601,4700001,4750000,4725375,36328,4139,56.7018,66.2997,-0.078,-0.1235,-0.0662
Herato1601,4750001,4800000,4775317,36317,4271,60.1655,60.3982,-0.0019,-0.0028,-0.0016
Herato1601,4800001,4850000,4825001,36315,4700,57.4912,61.6328,-0.0348,-0.0524,-0.0287
Herato1601,4850001,4900000,4876779,33578,3500,51.8891,42.852,0.0954,0.1288,0.0827
Herato1601,4900001,4950000,4925850,31617,3220,38.6768,41.1296,-0.0307,-0.0401,-0.0226
Herato1601,4950001,5000000,4975618,35304,3963,60.6389,65.2629,-0.0367,-0.0586,-0.0308
Herato1601,5000001,5050000,5025828,32479,3908,52.8433,56.2409,-0.0311,-0.0417,-0.0242
Herato1601,5050001,5100000,5076347,35914,3923,71.178,67.0282,0.03,0.047,0.0281
Herato1601,5100001,5150000,5124979,35176,4424,64.8967,65.5737,-0.0052,-0.0077,-0.0043
Herato1601,5150001,5200000,5175142,33081,3031,50.5473,54.7526,-0.0399,-0.0606,-0.0344
Herato1601,5200001,5250000,5225187,35374,3129,47.4758,50.5284,-0.0311,-0.0443,-0.0246
Herato1601,5250001,5300000,5274041,34983,3265,43.1152,54.6579,-0.1181,-0.1791,-0.0962
Herato1601,5300001,5350000,5325512,35653,3607,46.9821,53.9094,-0.0687,-0.0961,-0.0545
Herato1601,5350001,5400000,5374370,33849,3331,41.1695,45.6032,-0.0511,-0.0704,-0.038
Herato1601,5400001,5450000,5426907,27517,1785,23.0356,23.4908,-0.0098,-0.0119,-0.0074
Herato1601,5450001,5500000,5475848,34233,3636,51.8236,54.043,-0.021,-0.0294,-0.0173
Herato1601,5500001,5550000,5525210,35437,2973,48.9306,47.7826,0.0119,0.016,0.0096
Herato1601,5550001,5600000,5575052,32684,2235,31.8257,35.1649,-0.0498,-0.0643,-0.0391
Herato1601,5600001,5650000,5625360,28160,1582,29.8224,34.3755,-0.0709,-0.099,-0.0636
Herato1601,5650001,5700000,5674762,31648,2640,42.5297,38.146,0.0543,0.0676,0.0398
Herato1601,5700001,5750000,5728388,31297,3572,46.4669,43.9555,0.0278,0.0372,0.0214
Herato1601,5750001,5800000,5775024,35932,4480,63.7402,70.2354,-0.0485,-0.0763,-0.042
Herato1601,5800001,5850000,5824644,35584,4578,61.7275,62.1249,-0.0032,-0.0046,-0.0026
Herato1601,5850001,5900000,5876541,31335,3055,37.904,40.3895,-0.0317,-0.0432,-0.0246
Herato1601,5900001,5950000,5914675,18375,1429,27.2389,29.5159,-0.0401,-0.0626,-0.0371
Herato1602,1,50000,25088,37002,4486,64.0328,67.2365,-0.0244,-0.0338,-0.0207
Herato1602,50001,100000,76448,33326,2971,52.3593,48.923,0.0339,0.0484,0.0296
Herato1602,100001,150000,125694,22692,1259,15.8349,16.7152,-0.027,-0.0322,-0.0194
Herato1602,150001,200000,177200,28228,2475,29.7587,28.0105,0.0303,0.0289,0.0183
Herato1602,200001,250000,225156,33691,3697,46.2207,48.958,-0.0288,-0.0383,-0.0219
Herato1602,250001,300000,259833,13314,1239,18.6979,16.9125,0.0501,0.0623,0.0373
Herato1603,1,50000,26023,22872,1706,17.6028,17.7061,-0.0029,-0.0039,-0.0022
Herato1603,50001,100000,74432,28460,1248,10.5217,13.202,-0.113,-0.1402,-0.0786
Herato1603,100001,150000,125984,28406,1474,17.5532,15.5441,0.0607,0.0724,0.0478
Herato1603,150001,200000,176986,24805,1191,8.2739,11.2398,-0.152,-0.1682,-0.092
Herato1603,200001,250000,222516,20520,959,10.1787,10.3473,-0.0082,-0.0103,-0.0062
Herato1603,250001,300000,275572,18560,839,5.8215,7.3214,-0.1141,-0.1109,-0.0671
Herato1603,300001,350000,327539,23402,647,4.3928,5.1932,-0.0835,-0.0907,-0.0506
Herato1603,350001,400000,377043,18304,623,6.1215,7.1119,-0.0748,-0.0969,-0.0538
Herato1603,400001,450000,425295,29525,1399,15.3663,17.0851,-0.053,-0.0668,-0.0386
Herato1603,450001,500000,475007,28268,1765,17.8998,18.8908,-0.0269,-0.0326,-0.0199
Herato1603,500001,550000,525717,33006,1756,25.9355,25.4248,0.0099,0.0137,0.0086
Herato1603,550001,600000,575155,33441,3817,53.8004,53.883,-0.0008,-0.001,-0.0006
Herato1603,600001,650000,625414,36910,4112,62.6813,52.9973,0.0837,0.1032,0.065
Herato1603,650001,700000,673812,34479,3791,58.0794,59.2296,-0.0098,-0.015,-0.0085
Herato1603,700001,750000,725659,27073,2449,39.077,36.9298,0.0282,0.0418,0.0238
Herato1603,750001,800000,774074,30253,3408,51.1727,45.101,0.0631,0.0926,0.0545
Herato1603,800001,850000,825704,37989,3963,60.688,67.6959,-0.0546,-0.0828,-0.0451
Herato1603,850001,900000,872347,29886,3464,51.1115,53.6533,-0.0243,-0.0304,-0.0186
Herato1603,900001,950000,924850,36482,4034,53.449,59.6568,-0.0549,-0.069,-0.0426
Herato1603,950001,1000000,975803,35334,4060,53.0867,54.5771,-0.0138,-0.0178,-0.0107
Herato1603,1000001,1050000,1027038,34448,2357,39.2256,42.1606,-0.0361,-0.0516,-0.0297
Herato1603,1050001,1100000,1074554,36349,3278,51.8817,54.0438,-0.0204,-0.0276,-0.0156
Herato1603,1100001,1150000,1125369,33116,3821,53.7059,61.0691,-0.0642,-0.0732,-0.0437
Herato1603,1150001,1200000,1173019,29539,3184,42.2705,41.3728,0.0107,0.0129,0.0076
Herato1603,1200001,1250000,1225865,32041,3230,39.2079,42.8547,-0.0444,-0.053,-0.0308
Herato1603,1250001,1300000,1275005,31825,3110,39.8937,39.9877,-0.0012,-0.0013,-0.0008
Herato1603,1300001,1350000,1325425,33121,3039,42.0742,40.9223,0.0139,0.0147,0.0093
Herato1603,1350001,1400000,1376530,34868,3616,50.2653,50.5344,-0.0027,-0.0031,-0.0019
Herato1603,1400001,1450000,1426336,36043,4116,62.4664,64.5016,-0.016,-0.0211,-0.0126
Herato1603,1450001,1500000,1475885,35869,3835,55.9144,63.3207,-0.0621,-0.079,-0.0456
Herato1603,1500001,1550000,1525191,35899,3668,53.3974,54.4196,-0.0095,-0.0113,-0.0068
Herato1603,1550001,1600000,1574710,36194,3476,53.3671,55.3067,-0.0178,-0.0211,-0.0127
Herato1603,1600001,1650000,1628976,25865,656,13.9748,10.1818,0.157,0.1873,0.123
Herato1603,1650001,1700000,1678098,30062,1294,31.6718,24.4624,0.1284,0.201,0.1287
Herato1603,1700001,1750000,1725986,35349,3427,51.5179,48.7424,0.0277,0.0342,0.0209
Herato1603,1750001,1800000,1774871,34817,3180,58.3366,49.8248,0.0787,0.0926,0.0605
Herato1603,1800001,1850000,1824933,36258,3817,55.3721,56.9354,-0.0139,-0.0178,-0.0107
Herato1603,1850001,1900000,1873605,37483,3594,51.671,51.6727,-0.0,-0.0,-0.0
Herato1603,1900001,1950000,1925309,33605,3734,55.2941,55.8598,-0.0051,-0.0055,-0.0034
Herato1603,1950001,2000000,1975066,35837,3844,64.1809,58.4327,0.0469,0.0519,0.0342
Herato1603,2000001,2050000,2025403,38101,4084,54.0082,59.0396,-0.0445,-0.0622,-0.0355
Herato1603,2050001,2100000,2072343,30570,3323,48.5345,51.4316,-0.029,-0.039,-0.0225
Herato1603,2100001,2150000,2125503,32767,3471,50.149,48.3194,0.0186,0.0213,0.0135
Herato1603,2150001,2200000,2175225,34287,3596,49.2338,50.2687,-0.0104,-0.0139,-0.0079
Herato1603,2200001,2250000,2223515,18339,1114,15.2471,16.9499,-0.0529,-0.0681,-0.0403
Herato1603,2250001,2300000,2274751,36296,4014,55.4644,57.0308,-0.0139,-0.0171,-0.0105
Herato1603,2300001,2350000,2324444,32944,2993,43.4461,46.0279,-0.0289,-0.0376,-0.0224
Herato1603,2350001,2400000,2373172,32312,3368,47.839,50.2834,-0.0249,-0.0367,-0.0201
Herato1603,2400001,2450000,2426271,35093,3083,49.4197,56.212,-0.0643,-0.1073,-0.0605
Herato1603,2450001,2500000,2474814,37689,3604,62.4993,67.8643,-0.0412,-0.0594,-0.0336
Herato1603,2500001,2550000,2524024,37183,4211,60.7166,61.7266,-0.0082,-0.0138,-0.0075
Herato1603,2550001,2600000,2574733,38681,4939,74.998,76.6825,-0.0111,-0.0169,-0.0095
Herato1603,2600001,2650000,2624988,35153,3608,52.9213,52.5508,0.0035,0.0043,0.0027
Herato1603,2650001,2700000,2675481,34536,3769,53.0951,58.9307,-0.0521,-0.0702,-0.0394
Herato1603,2700001,2750000,2725023,34552,3677,48.7572,43.6713,0.055,0.0615,0.0391
Herato1603,2750001,2800000,2773651,33258,3733,43.616,54.0805,-0.1071,-0.1421,-0.08
Herato1603,2800001,2850000,2825553,34326,3511,51.5275,44.9044,0.0687,0.0842,0.0548
Herato1603,2850001,2900000,2874700,34842,3880,47.7902,47.3508,0.0046,0.0056,0.0033
Herato1603,2900001,2950000,2926819,34007,3614,48.5017,51.7758,-0.0327,-0.0451,-0.0262
Herato1603,2950001,3000000,2974790,36820,4298,65.2669,64.4338,0.0064,0.0087,0.0052
Herato1603,3000001,3050000,3024692,34829,3689,51.4683,50.5223,0.0093,0.0121,0.0074
Herato1603,3050001,3100000,3075243,33628,3490,49.0494,48.3023,0.0077,0.0093,0.0058
Herato1603,3100001,3150000,3125220,35345,4014,56.1789,53.6629,0.0229,0.0275,0.0169
Herato1603,3150001,3200000,3174738,33647,3439,48.9136,50.6922,-0.0179,-0.0231,-0.0139
Herato1603,3200001,3250000,3222823,32553,2971,42.0156,42.7931,-0.0092,-0.0129,-0.0076
Herato1603,3250001,3300000,3275250,34651,3292,45.2555,46.2081,-0.0104,-0.0124,-0.0075
Herato1603,3300001,3350000,3324569,34536,3886,60.259,52.8207,0.0658,0.0818,0.0519
Herato1603,3350001,3400000,3374491,33454,3742,50.8042,51.6213,-0.008,-0.0108,-0.0064
Herato1603,3400001,3450000,3425240,34707,3827,57.1461,58.9387,-0.0154,-0.0196,-0.012
Herato1603,3450001,3500000,3476440,33438,3841,54.4217,63.6406,-0.0781,-0.1097,-0.0633
Herato1603,3500001,3550000,3525315,34855,2926,48.7393,52.7991,-0.04,-0.0575,-0.0327
Herato1603,3550001,3600000,3578014,35977,3908,51.2487,63.5006,-0.1068,-0.164,-0.0887
Herato1603,3600001,3650000,3624361,36649,4359,63.9954,63.3774,0.0049,0.0063,0.0038
Herato1603,3650001,3700000,3674863,37330,3640,58.7853,59.1543,-0.0031,-0.0043,-0.0025
Herato1603,3700001,3750000,3723533,35018,3568,58.3792,52.3681,0.0543,0.0697,0.0424
Herato1603,3750001,3800000,3775062,35340,4071,63.8134,56.0118,0.0651,0.0816,0.0504
Herato1603,3800001,3850000,3826443,30415,3016,43.9872,46.4531,-0.0273,-0.0356,-0.0217
Herato1603,3850001,3900000,3876465,32055,3846,52.9665,46.9043,0.0607,0.073,0.0459
Herato1603,3900001,3950000,3924350,28782,2965,35.8972,37.7901,-0.0257,-0.031,-0.0182
Herato1603,3950001,4000000,3975330,35726,3701,52.2228,52.9055,-0.0065,-0.009,-0.0052
Herato1603,4000001,4050000,4025947,26782,2890,43.4104,43.6087,-0.0023,-0.003,-0.0018
Herato1604,1,50000,25289,35457,3871,59.4218,60.4433,-0.0085,-0.0117,-0.0068
Herato1604,50001,100000,54952,6864,583,8.2687,9.475,-0.068,-0.1148,-0.0576
Herato1605,1,50000,25525,31136,2805,45.8109,46.8984,-0.0117,-0.0176,-0.0103
Herato1605,50001,100000,74307,34981,3948,57.4363,61.2788,-0.0324,-0.0486,-0.0268
Herato1605,100001,150000,124267,34535,3657,57.2106,61.2261,-0.0339,-0.0511,-0.0296
Herato1605,150001,200000,174532,37849,3369,55.568,58.3984,-0.0248,-0.0403,-0.0215
Herato1605,200001,250000,223922,36522,3724,57.5404,54.7083,0.0252,0.0356,0.0224
Herato1605,250001,300000,275943,33014,3225,49.7931,54.8303,-0.0481,-0.0736,-0.0399
Herato1605,300001,350000,322709,30028,3105,46.8178,44.038,0.0306,0.0392,0.0235
Herato1605,350001,400000,374523,30859,2971,33.3548,33.0511,0.0046,0.0047,0.003
Herato1605,400001,450000,425928,30011,3069,36.7064,34.5402,0.0304,0.0395,0.0227
Herato1605,450001,500000,475334,32359,2467,30.3819,31.1136,-0.0119,-0.0134,-0.008
Herato1605,500001,550000,524544,31282,2886,32.5325,36.5098,-0.0576,-0.0711,-0.0414
Herato1605,550001,600000,575409,34863,3677,47.6374,56.5884,-0.0859,-0.1258,-0.0687
Herato1605,600001,650000,624213,35695,3773,49.7649,53.4775,-0.036,-0.0489,-0.0282
Herato1605,650001,700000,675804,33067,3703,49.4386,48.8312,0.0062,0.0084,0.005
Herato1605,700001,750000,720886,25690,2231,36.079,36.5479,-0.0065,-0.0089,-0.0052
Herato1605,750001,800000,778145,32185,3220,37.2853,39.2702,-0.0259,-0.0374,-0.0204
Herato1605,800001,850000,824265,37614,3930,50.197,48.3836,0.0184,0.024,0.0145
Herato1605,850001,900000,874477,32405,2760,36.2533,37.2257,-0.0132,-0.0172,-0.0102
Herato1605,900001,950000,924594,35766,3709,46.8928,46.1118,0.0084,0.0106,0.0062
Herato1605,950001,1000000,974914,34984,3636,51.8058,61.2748,-0.0837,-0.1302,-0.0684
Herato1605,1000001,1050000,1028543,28863,3317,49.1262,52.3244,-0.0315,-0.0393,-0.024
Herato1605,1050001,1100000,1075620,30666,3123,37.8409,42.4993,-0.058,-0.0715,-0.0416
Herato1605,1100001,1150000,1124669,33497,4527,69.6833,64.391,0.0395,0.049,0.0303
Herato1605,1150001,1200000,1175057,37793,4422,68.0706,66.1641,0.0142,0.0213,0.0125
Herato1605,1200001,1250000,1222837,33149,3658,51.1226,51.9631,-0.0082,-0.0107,-0.0065
Herato1605,1250001,1300000,1275153,36683,4356,61.1266,74.9205,-0.1014,-0.1375,-0.0748
Herato1605,1300001,1350000,1324558,34846,4005,54.5483,54.1962,0.0032,0.0038,0.0023
Herato1605,1350001,1400000,1376998,31253,3315,38.5379,41.1371,-0.0326,-0.0377,-0.0224
Herato1605,1400001,1450000,1427051,24233,2773,37.4162,40.2953,-0.037,-0.0473,-0.0281
Herato1605,1450001,1500000,1475122,33723,3849,49.9674,48.2763,0.0172,0.0208,0.0122
Herato1605,1500001,1550000,1524972,34153,3995,52.2451,50.9195,0.0128,0.016,0.0096
Herato1605,1550001,1600000,1575101,35384,3482,46.4818,46.5472,-0.0007,-0.001,-0.0006
Herato1605,1600001,1650000,1627217,30700,2041,42.2425,45.2508,-0.0344,-0.0713,-0.04
Herato1605,1650001,1700000,1676708,32468,2709,44.6144,43.7212,0.0101,0.0154,0.0093
Herato1605,1700001,1750000,1724696,34870,3888,54.7168,51.1996,0.0332,0.044,0.0268
Herato1605,1750001,1800000,1775102,32203,3221,47.4112,44.9449,0.0267,0.0347,0.021
Herato1605,1800001,1850000,1826033,33901,3856,54.062,55.8506,-0.0163,-0.0216,-0.0128
Herato1605,1850001,1900000,1874471,32118,3474,49.6475,42.9073,0.0728,0.077,0.0502
Herato1605,1900001,1950000,1926680,31388,2887,37.414,39.5605,-0.0279,-0.0363,-0.0205
Herato1605,1950001,2000000,1974959,26835,1860,26.4839,23.1836,0.0664,0.0683,0.0454
Herato1605,2000001,2050000,2024994,30395,2763,36.1103,36.9874,-0.012,-0.0162,-0.0101
Herato1605,2050001,2100000,2077496,23708,1894,34.244,34.6026,-0.0052,-0.0079,-0.0048
Herato1605,2100001,2150000,2124338,33427,4014,58.7259,57.7754,0.0082,0.0104,0.0064
Herato1605,2150001,2200000,2175105,34347,4506,62.8638,65.4596,-0.0202,-0.0255,-0.0154
Herato1605,2200001,2250000,2224728,38250,4465,64.6049,72.0583,-0.0545,-0.0817,-0.0457
Herato1605,2250001,2300000,2275171,36306,4470,63.4364,62.5192,0.0073,0.0097,0.0058
Herato1605,2300001,2350000,2324909,36427,3578,55.5917,50.4933,0.0481,0.05,0.032
Herato1605,2350001,2400000,2375096,36117,3896,52.2636,60.7451,-0.0751,-0.0954,-0.0553
Herato1605,2400001,2450000,2424726,32626,2992,38.9436,41.9527,-0.0372,-0.0503,-0.0291
Herato1605,2450001,2500000,2476553,33843,3958,58.4371,59.2348,-0.0068,-0.0087,-0.0053
Herato1605,2500001,2550000,2524545,34941,3703,57.0781,53.3694,0.0336,0.0449,0.0267
Herato1605,2550001,2600000,2574529,33775,3569,50.1829,52.5595,-0.0231,-0.0299,-0.0182
Herato1605,2600001,2650000,2625293,34802,4048,53.7409,59.085,-0.0474,-0.0588,-0.0347
Herato1605,2650001,2700000,2675533,40025,4269,60.5701,70.6657,-0.0769,-0.0956,-0.0583
Herato1605,2700001,2750000,2725057,26402,1628,21.3949,29.3461,-0.1567,-0.2326,-0.1332
Herato1605,2750001,2800000,2774773,32990,3163,45.2254,54.8197,-0.0959,-0.1604,-0.0831
Herato1605,2800001,2850000,2825612,27417,2804,44.2198,53.9811,-0.0994,-0.1927,-0.1009
Herato1605,2850001,2900000,2874784,36041,4147,61.3906,62.2687,-0.0071,-0.0087,-0.0052
Herato1605,2900001,2950000,2926101,26167,2637,33.5691,36.2766,-0.0388,-0.055,-0.0307
Herato1605,2950001,3000000,2969722,21134,1880,22.2147,21.2836,0.0214,0.0232,0.0142
Herato1605,3000001,3050000,3025392,34283,3504,41.8698,44.482,-0.0302,-0.0343,-0.0204
Herato1605,3050001,3100000,3074716,34215,4005,50.0929,53.3972,-0.0319,-0.0404,-0.0236
Herato1605,3100001,3150000,3123102,32799,3647,41.3108,38.3838,0.0367,0.0381,0.0244
Herato1605,3150001,3200000,3173310,27267,2783,32.1093,37.3328,-0.0752,-0.1025,-0.0572
Herato1605,3200001,3250000,3225550,32745,3182,37.478,40.8068,-0.0425,-0.0493,-0.0288
Herato1605,3250001,3300000,3275286,32195,3064,32.3085,36.2049,-0.0569,-0.062,-0.0365
Herato1605,3300001,3350000,3325472,29006,2958,31.6545,34.483,-0.0428,-0.0468,-0.0275
Herato1605,3350001,3400000,3373542,30113,3229,37.9064,37.3716,0.0071,0.0079,0.0045
Herato1605,3400001,3450000,3424394,26790,2700,36.7221,30.7542,0.0884,0.0837,0.0528
Herato1605,3450001,3500000,3470413,24764,1272,16.1348,19.5977,-0.0969,-0.1162,-0.0644
Herato1605,3500001,3550000,3525463,30863,3145,41.0921,38.909,0.0273,0.0305,0.0183
Herato1605,3550001,3600000,3577365,30410,2990,40.4071,40.642,-0.0029,-0.0038,-0.0022
Herato1605,3600001,3650000,3623524,35274,3256,45.8638,46.3647,-0.0054,-0.0072,-0.0043
Herato1605,3650001,3700000,3672238,33323,2508,41.3148,37.0931,0.0538,0.0733,0.0452
Herato1605,3700001,3750000,3725176,34179,4511,65.3966,66.6495,-0.0095,-0.013,-0.0077
Herato1605,3750001,3800000,3775057,33113,3762,47.1633,45.7095,0.0157,0.0185,0.0113
Herato1605,3800001,3850000,3825042,36762,4709,61.2078,73.2637,-0.0897,-0.1317,-0.069
Herato1605,3850001,3900000,3874521,34989,5001,65.1421,70.667,-0.0407,-0.0563,-0.0324
Herato1605,3900001,3950000,3924575,35033,4433,64.9482,60.914,0.0321,0.0382,0.0244
Herato1605,3950001,4000000,3974148,33160,5086,74.1488,67.8432,0.0444,0.0577,0.0347
Herato1605,4000001,4050000,4025761,33397,4612,64.7286,65.5062,-0.006,-0.009,-0.0052
Herato1605,4050001,4100000,4074670,33907,3638,50.0141,54.9955,-0.0474,-0.0652,-0.0375
Herato1605,4100001,4150000,4124935,33463,4147,49.6924,55.4939,-0.0552,-0.0726,-0.0411
Herato1605,4150001,4200000,4174587,33897,4344,61.2981,60.3514,0.0078,0.0094,0.0055
Herato1605,4200001,4250000,4224737,35339,3581,53.3964,53.2118,0.0017,0.0026,0.0015
Herato1605,4250001,4300000,4274666,35346,4915,67.535,66.7524,0.0058,0.0079,0.0048
Herato1605,4300001,4350000,4325752,38741,4397,75.7521,78.8569,-0.0201,-0.0348,-0.0187
Herato1605,4350001,4400000,4373956,33300,3912,54.5104,61.0671,-0.0567,-0.0834,-0.0442
Herato1605,4400001,4450000,4425629,34837,3863,48.9632,55.0515,-0.0585,-0.0798,-0.0465
Herato1605,4450001,4500000,4473715,28135,2820,44.8957,47.6341,-0.0296,-0.0489,-0.0268
Herato1605,4500001,4550000,4525556,33608,3078,49.8987,55.7958,-0.0558,-0.0948,-0.0525
Herato1605,4550001,4600000,4573706,36916,3447,61.8671,59.5093,0.0194,0.0275,0.0167
Herato1605,4600001,4650000,4625159,36398,4095,71.0724,74.7661,-0.0253,-0.0402,-0.0234
Herato1605,4650001,4700000,4675213,36601,4330,67.8983,65.6675,0.0167,0.0231,0.0135
Herato1605,4700001,4750000,4729017,29456,3034,54.2433,50.6446,0.0343,0.0552,0.0316
Herato1605,4750001,4800000,4775568,36765,4685,70.0237,67.905,0.0154,0.0214,0.013
Herato1605,4800001,4850000,4824959,38991,3319,61.9274,63.1496,-0.0098,-0.0164,-0.0098
Herato1605,4850001,4900000,4875057,38017,3099,62.5136,60.4714,0.0166,0.0314,0.0186
Herato1605,4900001,4950000,4924331,37171,2226,38.023,42.2717,-0.0529,-0.0854,-0.0501
