scaffold,start,end,mid,sites,sitesUsed,ABBA,BABA,D,fd,fdM
Herato0201,1,50000,13898,13402,390,12.5339,8.6555,0.183,0.1415,0.1121
Herato0202,1,50000,24398,32238,2583,44.5872,42.4248,0.0249,0.0155,0.0118
Herato0202,50001,100000,74914,35511,3106,49.7249,49.3349,0.0039,0.0021,0.0015
Herato0202,100001,150000,124816,30964,1870,25.6891,24.9743,0.0141,0.0075,0.0056
Herato0202,150001,200000,162461,15213,763,16.3348,11.6793,0.1662,0.0949,0.0733
Herato0203,1,50000,24178,35555,1576,34.8014,36.5791,-0.0249,-0.0142,-0.0109
Herato0203,50001,100000,74265,36418,3040,68.915,73.1583,-0.0299,-0.0178,-0.0135
Herato0203,100001,150000,124968,37373,2771,48.5779,55.1451,-0.0633,-0.0303,-0.0239
Herato0203,150001,200000,177858,27061,1614,29.5308,29.8723,-0.0057,-0.0024,-0.0019
Herato0203,200001,250000,225499,32791,2627,48.212,35.4668,0.1523,0.0767,0.0609
Herato0203,250001,300000,275438,33195,2567,49.9187,44.5151,0.0572,0.0233,0.0189
Herato0203,300001,350000,324501,30987,2060,40.7232,33.0219,0.1044,0.047,0.0378
Herato0203,350001,400000,372785,16337,1305,24.7864,33.5385,-0.1501,-0.0852,-0.0628
Herato0204,1,50000,24251,23027,496,11.2862,6.2508,0.2871,0.139,0.1148
Herato0204,50001,100000,74990,36322,1948,48.1692,37.8591,0.1198,0.0533,0.0428
Herato0204,100001,150000,125596,37369,2127,41.7962,52.6675,-0.1151,-0.0752,-0.059
Herato0204,150001,200000,174114,36887,2167,41.7049,59.6302,-0.1769,-0.1109,-0.0839
Herato0204,200001,250000,225054,35701,2681,36.6422,63.9183,-0.2712,-0.1102,-0.0867
Herato0204,250001,300000,275478,36870,1932,24.621,49.574,-0.3363,-0.1077,-0.0868
Herato0204,300001,350000,324521,31851,2427,42.0606,55.951,-0.1417,-0.0562,-0.0455
Herato0204,350001,400000,373680,38065,2872,55.0864,70.8039,-0.1249,-0.0658,-0.0509
Herato0204,400001,450000,424740,37119,2315,34.6057,47.3626,-0.1556,-0.0692,-0.0555
Herato0204,450001,500000,475811,37992,2838,43.5709,56.0906,-0.1256,-0.036,-0.0305
Herato0204,500001,550000,524778,39793,3836,58.3794,84.6843,-0.1839,-0.0815,-0.064
Herato0204,550001,600000,574697,29708,2209,30.554,45.1253,-0.1925,-0.0848,-0.0673
Herato0204,600001,650000,624634,38534,3936,56.9476,74.6929,-0.1348,-0.0498,-0.0403
Herato0204,650001,700000,674950,36630,3412,60.8179,65.1061,-0.0341,-0.0157,-0.012
Herato0204,700001,750000,725030,35233,3141,43.6077,61.7164,-0.1719,-0.0768,-0.0583
Herato0204,750001,800000,774807,34936,2930,42.8442,55.351,-0.1274,-0.0623,-0.0476
Herato0204,800001,850000,824866,36341,3474,53.9422,67.1437,-0.109,-0.0489,-0.0378
Herato0204,850001,900000,875772,33656,2679,40.7719,54.4129,-0.1433,-0.0652,-0.05
Herato0204,900001,950000,924417,30780,2045,26.9111,37.8007,-0.1683,-0.0599,-0.0475
Herato0204,950001,1000000,974207,34284,2636,37.4087,50.723,-0.1511,-0.0671,-0.052
Herato0204,1000001,1050000,1025515,34316,2322,37.5707,42.3683,-0.06,-0.0238,-0.0186
Herato0204,1050001,1100000,1076262,34409,2501,36.0854,51.6487,-0.1774,-0.0752,-0.0579
Herato0204,1100001,1150000,1124830,38356,1944,27.7152,44.1383,-0.2286,-0.0822,-0.0666
Herato0204,1150001,1200000,1174429,38823,2794,39.6889,58.9901,-0.1956,-0.0702,-0.0576
Herato0204,1200001,1250000,1224675,36582,2629,42.7173,56.0215,-0.1347,-0.0573,-0.0452
Herato0204,1250001,1300000,1274939,37950,2176,35.8974,35.0192,0.0124,0.0046,0.0035
Herato0204,1300001,1350000,1324967,35712,3035,67.9555,51.6546,0.1363,0.0743,0.0547
Herato0204,1350001,1400000,1375156,31926,2943,56.9328,47.9911,0.0852,0.0443,0.0321
Herato0204,1400001,1450000,1427792,27955,1741,39.1459,28.3373,0.1602,0.0785,0.0611
Herato0204,1450001,1500000,1475306,36682,2425,62.5472,50.4526,0.107,0.0704,0.0507
Herato0204,1500001,1550000,1524815,36037,2277,74.825,43.7825,0.2617,0.1618,0.1222
Herato0204,1550001,1600000,1571145,31839,2196,49.109,43.3179,0.0627,0.0258,0.0198
Herato0205,1,50000,25863,36276,2227,57.1909,39.9451,0.1775,0.0704,0.0559
Herato0205,50001,100000,68841,25548,1622,41.2959,42.761,-0.0174,-0.0126,-0.0084
Herato0206,1,50000,24187,33963,2691,54.6013,46.7315,0.0777,0.0331,0.0261
Herato0206,50001,100000,75302,36394,2984,60.9959,56.6565,0.0369,0.019,0.0142
Herato0206,100001,150000,124934,32548,2328,54.5993,45.2218,0.0939,0.0507,0.0379
Herato0206,150001,200000,175668,34928,2233,53.5549,31.5514,0.2585,0.114,0.086
Herato0206,200001,250000,220865,28361,1667,45.9668,40.8369,0.0591,0.0314,0.0238
Herato0206,250001,300000,274307,34122,2639,56.2798,45.8979,0.1016,0.051,0.0379
Herato0206,300001,350000,323677,34411,2024,38.5843,33.2781,0.0738,0.0301,0.0233
Herato0206,350001,400000,374764,31187,1928,30.1174,28.4131,0.0291,0.01,0.0078
Herato0206,400001,450000,426294,31523,872,28.0855,10.777,0.4454,0.1656,0.1264
Herato0206,450001,500000,474226,31314,1216,15.7101,27.9263,-0.28,-0.1465,-0.1039
Herato0206,500001,550000,523906,27822,1069,36.0249,21.2174,0.2587,0.1151,0.0903
Herato0206,550001,600000,576532,33083,1911,44.9924,30.2615,0.1957,0.0787,0.0626
Herato0206,600001,650000,625590,31231,1741,32.096,31.2896,0.0127,0.0051,0.0039
Herato0206,650001,700000,675128,38509,2830,68.4063,44.8599,0.2079,0.0911,0.0724
Herato0206,700001,750000,725248,31977,972,30.6001,34.7585,-0.0636,-0.0488,-0.0281
Herato0206,750001,800000,775288,37209,2742,61.1494,46.9598,0.1313,0.0514,0.0401
Herato0206,800001,850000,825758,26809,1445,32.3356,25.224,0.1236,0.0566,0.0428
Herato0206,850001,900000,873754,32949,2090,74.4569,31.6993,0.4028,0.2363,0.1802
Herato0206,900001,950000,923349,29952,1809,49.6383,40.4882,0.1015,0.0557,0.0419
Herato0206,950001,1000000,977027,32406,2038,42.1094,34.9986,0.0922,0.0429,0.0322
Herato0206,1000001,1050000,1024690,36191,2750,46.2329,44.7944,0.0158,0.0069,0.0051
Herato0206,1050001,1100000,1075401,28778,1241,33.9956,21.2241,0.2313,0.1247,0.098
Herato0208,1,50000,23527,30057,423,18.2266,8.9239,0.3426,0.1942,0.1269
Herato0208,50001,100000,75066,32490,1901,69.957,30.2291,0.3965,0.2132,0.1526
Herato0208,100001,150000,124168,20960,892,31.2142,13.6134,0.3926,0.1867,0.1387
Herato0208,150001,200000,176454,29804,1472,38.6413,16.6126,0.3987,0.1537,0.1146
Herato0208,200001,250000,224740,33994,1676,52.8117,22.1333,0.4093,0.1868,0.1349
Herato0208,250001,300000,274446,32921,1958,64.0787,25.7825,0.4262,0.2264,0.1544
Herato0208,300001,350000,326813,32260,2028,56.2368,24.3816,0.3951,0.1698,0.118
Herato0208,350001,400000,374819,31929,1936,55.3152,19.7665,0.4735,0.2038,0.1375
Herato0208,400001,450000,424394,33454,2415,73.073,31.9117,0.3921,0.1651,0.121
Herato0208,450001,500000,475001,35114,1795,53.8545,21.3304,0.4326,0.1799,0.1303
Herato0208,500001,550000,524032,20280,404,16.8631,6.6434,0.4348,0.1675,0.134
Herato0208,550001,600000,571918,29311,1597,45.9304,20.7407,0.3778,0.1422,0.1084
Herato0209,1,50000,28390,26253,1323,46.4174,16.7283,0.4702,0.2507,0.1811
Herato0209,50001,100000,76990,32947,2177,72.6324,30.4914,0.4086,0.1834,0.1333
Herato0209,100001,150000,124728,34879,1486,49.2153,22.4657,0.3732,0.2117,0.1551
Herato0209,150001,200000,174617,32714,1193,36.3309,20.8351,0.2711,0.1268,0.0922
Herato0209,200001,250000,224412,34420,909,35.3726,13.9481,0.4344,0.2618,0.1826
Herato0209,250001,300000,274010,29833,893,29.9379,11.5401,0.4436,0.2447,0.1785
Herato0209,300001,350000,325419,33421,797,24.8661,8.0109,0.5127,0.2225,0.1775
Herato0209,350001,400000,374912,30423,1530,45.2723,21.6398,0.3532,0.148,0.1121
Herato0209,400001,450000,424572,36391,2334,82.8468,34.2188,0.4154,0.1838,0.1371
Herato0209,450001,500000,475163,33015,1877,57.9384,28.6621,0.3381,0.1543,0.1168
Herato0209,500001,550000,525761,38859,2437,96.6079,36.5208,0.4513,0.2256,0.1653
Herato0209,550001,600000,574556,25288,771,28.9751,13.6849,0.3584,0.1433,0.1032
Herato0209,600001,650000,626054,32461,1331,38.1157,21.7792,0.2728,0.1004,0.0747
Herato0209,650001,700000,673693,31990,1764,60.8953,22.5933,0.4588,0.1436,0.1122
Herato0209,700001,750000,723172,26556,829,21.7318,11.7076,0.2998,0.1378,0.1019
Herato0209,750001,800000,776162,35606,2014,56.4048,20.6798,0.4635,0.1623,0.1201
Herato0209,800001,850000,824957,36892,2637,88.4288,35.799,0.4237,0.1695,0.131
Herato0209,850001,900000,874534,32732,2021,76.705,32.2064,0.4086,0.1872,0.1437
Herato0209,900001,950000,924889,35074,2363,69.1807,33.0427,0.3535,0.1415,0.1084
Herato0209,950001,1000000,974764,35206,3020,73.0073,45.2369,0.2349,0.1146,0.082
Herato0209,1000001,1050000,1023426,34508,2462,69.3494,32.2835,0.3647,0.1939,0.1416
Herato0209,1050001,1100000,1075346,32665,1497,40.8491,19.8703,0.3455,0.1367,0.1047
Herato0209,1100001,1150000,1125005,33934,2273,55.941,31.1897,0.2841,0.0922,0.0711
Herato0209,1150001,1200000,1157480,6624,301,12.6549,3.4364,0.5729,0.3018,0.237
Herato0210,1,50000,25087,30280,1598,64.0647,26.6743,0.4121,0.1988,0.1473
Herato0210,50001,100000,74371,29408,1833,43.4706,22.0068,0.3278,0.1529,0.1122
Herato0210,100001,150000,125045,34799,2262,75.6509,37.1561,0.3412,0.1836,0.124
Herato0210,150001,200000,168098,20308,938,18.141,13.3457,0.1523,0.0739,0.0478
Herato0210,200001,250000,214020,19426,1310,36.4769,20.1748,0.2878,0.1475,0.0989
Herato0211,1,50000,31966,23963,1394,36.0992,19.8723,0.2899,0.1206,0.0865
Herato0211,50001,100000,75496,33778,2105,66.6539,27.6075,0.4142,0.2062,0.1498
Herato0211,100001,150000,124341,34664,2649,78.4973,38.9075,0.3372,0.1685,0.1164
Herato0211,150001,200000,177911,30341,1638,46.0893,24.2546,0.3104,0.1438,0.0997
Herato0211,200001,250000,224750,34181,2463,65.8938,36.8082,0.2832,0.1741,0.1111
Herato0211,250001,300000,275700,29182,1735,49.4594,25.3034,0.3231,0.1684,0.1157
Herato0211,300001,350000,325585,37330,2780,102.3291,41.2899,0.425,0.1895,0.1368
Herato0211,350001,400000,374806,35379,2568,58.7113,37.041,0.2263,0.1024,0.0752
Herato0211,400001,450000,426674,31118,1484,39.1831,20.7588,0.3074,0.1366,0.102
Herato0211,450001,500000,476259,33624,2462,64.7107,36.1254,0.2835,0.1151,0.0825
Herato0211,500001,550000,522259,32274,2238,59.5912,31.2144,0.3125,0.121,0.0867
Herato0211,550001,600000,576123,36573,2597,84.1605,38.0813,0.377,0.1544,0.1126
Herato0211,600001,650000,625452,34885,2221,60.4108,29.295,0.3469,0.1555,0.1132
Herato0211,650001,700000,675298,33259,1677,60.451,23.4751,0.4406,0.197,0.1477
Herato0211,700001,750000,724427,35954,2240,66.9139,36.6795,0.2919,0.1191,0.09
Herato0211,750001,800000,775409,36600,2135,80.3744,36.9567,0.37,0.1711,0.1288
Herato0211,800001,850000,825649,36353,2116,67.8576,25.1076,0.4598,0.2098,0.1432
Herato0211,850001,900000,875033,38749,2562,90.7416,52.3725,0.2681,0.1694,0.1199
Herato0211,900001,950000,923279,34055,2183,64.8577,37.9086,0.2622,0.1626,0.1121
Herato0211,950001,1000000,973469,36961,1234,20.8688,14.3022,0.1867,0.0897,0.049
Herato0211,1100001,1150000,1123654,30596,1416,42.8477,24.0312,0.2814,0.1213,0.089
Herato0211,1150001,1200000,1174537,30466,1210,27.0711,19.2131,0.1698,0.0683,0.0531
Herato0211,1200001,1250000,1226787,23472,363,6.7471,6.5217,0.017,0.0064,0.0049
Herato0211,1300001,1350000,1322773,22356,349,6.6172,3.0643,0.367,0.198,0.1555
Herato0211,1350001,1400000,1375967,26942,875,23.6166,9.4437,0.4287,0.2531,0.1756
Herato0211,1400001,1450000,1424802,33491,499,20.0174,6.7038,0.4982,0.1783,0.1404
Herato0211,1450001,1500000,1475863,34085,1826,55.6209,23.0213,0.4145,0.1948,0.144
Herato0211,1500001,1550000,1526511,35349,2115,69.0902,30.1217,0.3928,0.1805,0.1346
Herato0211,1550001,1600000,1574247,37001,2273,72.3752,45.4733,0.2283,0.1027,0.0749
Herato0211,1600001,1650000,1624663,32676,2520,83.4428,32.5254,0.4391,0.2227,0.1589
Herato0211,1650001,1700000,1675591,34305,2348,73.2793,33.5373,0.3721,0.1744,0.1209
Herato0211,1700001,1750000,1725171,34645,2239,79.5245,32.0417,0.4256,0.2235,0.1568
Herato0211,1750001,1800000,1774598,37321,2794,96.1877,36.0529,0.4547,0.2388,0.1604
Herato0211,1800001,1850000,1824669,37229,3069,113.8843,45.1505,0.4322,0.2791,0.1819
Herato0211,1850001,1900000,1875122,35452,2389,83.4676,35.7793,0.3999,0.184,0.1325
Herato0211,1900001,1950000,1923147,31892,1486,52.6706,23.6839,0.3796,0.2142,0.1519
Herato0211,1950001,2000000,1975307,36719,2775,111.7911,40.8513,0.4647,0.2896,0.2011
Herato0211,2000001,2050000,2025713,35022,1672,67.501,25.9743,0.4443,0.2869,0.1946
Herato0211,2050001,2100000,2075761,34094,1987,65.8798,23.1009,0.4808,0.2769,0.191
Herato0211,2100001,2150000,2123434,30936,1684,46.9154,21.5945,0.3696,0.1803,0.124
Herato0211,2150001,2200000,2175599,33852,1982,50.3541,21.6743,0.3982,0.2029,0.1385
Herato0211,2200001,2250000,2225300,30515,2093,60.4026,25.7772,0.4018,0.2004,0.139
Herato0211,2250001,2300000,2275174,26298,1442,42.3335,16.7277,0.4335,0.2095,0.1456
Herato0211,2300001,2350000,2325319,34992,1765,42.2167,20.4426,0.3475,0.1642,0.1087
Herato0211,2350001,2400000,2375724,32005,1928,63.1353,28.1594,0.3831,0.2016,0.1458
Herato0211,2400001,2450000,2424384,32462,1538,43.0071,18.4889,0.3987,0.168,0.1217
Herato0211,2450001,2500000,2474615,34612,1831,55.2368,27.4985,0.3353,0.1515,0.1092
Herato0211,2500001,2550000,2523430,31747,1436,46.4108,20.6899,0.3833,0.1527,0.1182
Herato0211,2550001,2600000,2576245,33448,1338,53.6899,14.9289,0.5649,0.2491,0.1866
Herato0211,2600001,2650000,2622364,32103,1317,49.0876,16.8107,0.4898,0.2075,0.1588
Herato0211,2650001,2700000,2672852,31232,1338,34.8514,20.1627,0.267,0.1261,0.0907
Herato0211,2700001,2750000,2727310,28932,1237,35.0436,16.2523,0.3663,0.155,0.118
Herato0211,2750001,2800000,2775041,33727,1966,52.4804,22.8261,0.3938,0.1741,0.13
Herato0211,2800001,2850000,2822418,30150,1411,47.5737,16.1016,0.4943,0.2365,0.1687
Herato0211,2850001,2900000,2877005,23084,315,7.4673,2.4221,0.5102,0.2074,0.1695
Herato0211,2900001,2950000,2924973,30317,1530,40.1583,13.1788,0.5058,0.2363,0.1694
Herato0211,2950001,3000000,2977978,30613,1755,58.5763,19.2276,0.5057,0.2607,0.1816
Herato0211,3000001,3050000,3025196,32934,1447,37.1649,16.8314,0.3766,0.1493,0.1096
Herato0211,3050001,3100000,3075751,34321,1772,62.7963,30.0447,0.3528,0.1748,0.1354
Herato0211,3100001,3150000,3107330,9681,638,18.1104,9.708,0.302,0.1113,0.0902
Herato0212,1,50000,24874,28963,1751,43.5366,19.6395,0.3783,0.1513,0.109
Herato0212,50001,100000,76250,32283,963,39.051,11.506,0.5448,0.2032,0.1488
Herato0213,50001,100000,74554,27351,785,27.8474,9.5274,0.4902,0.2221,0.1696
Herato0214,1,50000,24240,37481,1683,65.0582,28.4756,0.3911,0.2857,0.2076
Herato0214,50001,100000,75704,32515,2084,81.4931,33.1334,0.4219,0.2441,0.1712
Herato0214,100001,150000,124845,35705,2099,69.5318,32.9214,0.3573,0.2081,0.1406
Herato0214,150001,200000,174405,36174,1987,64.8903,26.2551,0.4239,0.1882,0.1404
Herato0214,200001,250000,226176,32406,2075,63.0544,31.7994,0.3295,0.2063,0.1344
Herato0214,250001,300000,275462,32383,1888,51.6688,19.539,0.4512,0.2379,0.1641
Herato0214,300001,350000,325189,34800,2559,71.6913,30.5823,0.402,0.2328,0.1573
Herato0214,350001,400000,375465,31090,1705,55.0512,29.7455,0.2984,0.1603,0.1118
Herato0214,400001,450000,425979,34945,2985,99.0014,40.861,0.4157,0.2588,0.1728
Herato0214,450001,500000,474811,35073,2085,63.1514,28.5894,0.3767,0.196,0.1302
Herato0214,500001,550000,525809,38602,2371,108.1396,36.3985,0.4963,0.2608,0.1911
Herato0214,550001,600000,575254,37288,2179,79.4348,33.9397,0.4013,0.2058,0.1491
Herato0214,600001,650000,625455,32757,2026,60.2091,34.8938,0.2662,0.1484,0.105
Herato0214,650001,700000,675063,35929,2722,78.1933,37.0582,0.3569,0.1834,0.1316
Herato0214,700001,750000,725062,36299,2390,79.8516,34.6026,0.3953,0.2103,0.1527
Herato0214,750001,800000,775432,34809,2663,72.934,38.92,0.3041,0.161,0.1138
Herato0214,800001,850000,824005,33513,2049,57.1711,26.8675,0.3606,0.1644,0.1191
Herato0214,850001,900000,875949,33865,1633,47.7642,24.9184,0.3143,0.1496,0.109
Herato0214,900001,950000,924993,35269,1650,61.7822,25.0373,0.4232,0.1573,0.1259
Herato0214,950001,1000000,975152,33677,1651,48.7617,24.9022,0.3239,0.1248,0.0939
Herato0214,1000001,1050000,1022273,25258,1158,33.3713,17.6634,0.3078,0.1139,0.0867
Herato0214,1050001,1100000,1071043,19845,476,14.577,6.9515,0.3542,0.1461,0.1167
Herato0215,1,50000,26053,31626,2016,50.7203,27.3049,0.3001,0.1206,0.09
Herato0215,50001,100000,71943,30355,1826,53.3626,21.579,0.4241,0.1862,0.1388
Herato0215,100001,150000,128085,23740,703,25.5259,7.6078,0.5408,0.2651,0.1932
Herato0215,150001,200000,175433,31176,1849,52.839,24.4148,0.3679,0.1472,0.1195
Herato0215,200001,250000,223310,30109,969,18.8497,12.5251,0.2016,0.0842,0.0696
Herato0215,250001,300000,277138,35385,663,14.5347,14.583,-0.0017,-0.0008,-0.0006
Herato0215,300001,350000,325888,26617,465,4.9807,4.8412,0.0142,0.0041,0.0032
Herato0215,350001,400000,375397,32820,911,15.4482,16.629,-0.0368,-0.0123,-0.0097
Herato0215,400001,450000,425117,34822,2303,41.4165,46.5383,-0.0582,-0.0272,-0.0215
Herato0215,450001,500000,474871,34653,2813,56.704,44.0823,0.1252,0.0557,0.0438
Herato0215,500001,550000,525271,32526,1783,36.1453,27.0617,0.1437,0.0731,0.0554
Herato0215,550001,600000,574431,30465,1721,23.9525,26.315,-0.047,-0.0217,-0.0164
Herato0215,600001,650000,625030,36674,3379,59.3897,57.7187,0.0143,0.007,0.0053
Herato0215,650001,700000,674592,32770,2077,36.6253,28.6067,0.1229,0.0539,0.0432
Herato0215,700001,750000,722917,31461,1468,26.8872,18.8777,0.175,0.0852,0.0664
Herato0215,750001,800000,775482,36252,2578,46.2519,43.7483,0.0278,0.0135,0.0106
Herato0215,800001,850000,825368,36009,3174,55.6268,52.4136,0.0297,0.0133,0.0105
Herato0215,850001,900000,875621,37266,2666,53.0101,44.2602,0.09,0.0439,0.0351
Herato0215,900001,950000,925018,34384,2964,54.9098,54.0717,0.0077,0.0038,0.003
Herato0215,950001,1000000,974330,35124,2884,46.1287,54.0184,-0.0788,-0.0397,-0.0305
Herato0215,1000001,1050000,1023810,33342,2779,57.3806,51.1023,0.0579,0.0291,0.023
Herato0215,1050001,1100000,1072826,38002,2421,52.5772,42.878,0.1016,0.0589,0.0444
Herato0215,1100001,1150000,1126953,32015,2611,43.8508,34.8737,0.114,0.0561,0.0437
Herato0215,1150001,1200000,1174016,33011,2798,53.652,42.4397,0.1167,0.0665,0.05
Herato0215,1200001,1250000,1225967,30439,2559,33.2791,35.1931,-0.028,-0.0104,-0.0081
Herato0215,1250001,1300000,1275479,30620,1707,18.2418,20.8316,-0.0663,-0.0245,-0.0196
Herato0215,1300001,1350000,1325153,31859,2026,31.0296,26.3958,0.0807,0.0334,0.0264
Herato0215,1350001,1400000,1374971,34146,3460,55.1286,61.3874,-0.0537,-0.0244,-0.019
Herato0215,1400001,1450000,1427977,27466,2386,42.8979,45.1664,-0.0258,-0.013,-0.01
Herato0215,1450001,1500000,1475473,36484,3095,46.5248,45.2285,0.0141,0.006,0.0047
Herato0215,1500001,1550000,1525380,36696,2974,50.9453,59.7572,-0.0796,-0.0357,-0.0282
Herato0215,1550001,1600000,1574363,33390,2306,48.5207,46.3076,0.0233,0.0106,0.0085
Herato0215,1600001,1650000,1624974,36527,3402,66.1087,71.5219,-0.0393,-0.0261,-0.0186
Herato0215,1650001,1700000,1674593,36390,3172,72.3155,62.3316,0.0741,0.0431,0.034
Herato0215,1700001,1750000,1724928,35093,2759,52.0277,54.449,-0.0227,-0.0126,-0.0093
Herato0215,1750001,1800000,1774966,32951,3406,67.2855,63.3706,0.03,0.0208,0.015
Herato0215,1800001,1850000,1822560,31400,2715,44.3727,46.9658,-0.0284,-0.0146,-0.0111
Herato0215,1850001,1900000,1875621,33135,2574,51.0503,37.343,0.1551,0.0586,0.0475
Herato0215,1900001,1950000,1924962,33891,2690,42.7044,54.3507,-0.12,-0.0545,-0.0422
Herato0215,1950001,2000000,1973508,30173,1676,36.3779,31.4918,0.072,0.0311,0.0254
Herato0215,2000001,2050000,2024917,36689,3681,60.3383,71.0323,-0.0814,-0.0379,-0.0297
Herato0215,2050001,2100000,2074835,37201,3254,63.6331,67.0137,-0.0259,-0.0121,-0.0096
Herato0215,2100001,2150000,2125320,35436,3764,61.0564,62.9146,-0.015,-0.007,-0.0054
Herato0215,2150001,2200000,2160134,14613,1498,32.9094,30.4901,0.0382,0.023,0.0179
Herato0215,2200001,2250000,2234550,17515,1812,35.4992,31.2524,0.0636,0.0348,0.0274
Herato0215,2250001,2300000,2275379,36397,2859,62.1722,51.4186,0.0947,0.0428,0.0351
Herato0215,2300001,2350000,2325241,32489,1721,28.0799,38.1892,-0.1525,-0.0808,-0.0602
Herato0215,2350001,2400000,2374391,31379,2919,48.1802,55.4209,-0.0699,-0.0353,-0.0265
Herato0215,2400001,2450000,2422656,30556,2316,43.1532,43.0076,0.0017,0.001,0.0007
Herato0215,2450001,2500000,2475172,35171,2843,49.6379,50.9039,-0.0126,-0.0063,-0.0049
Herato0215,2500001,2550000,2525034,37028,3481,71.2544,56.4749,0.1157,0.0594,0.0478
Herato0215,2550001,2600000,2575107,34771,3071,57.5895,55.6878,0.0168,0.009,0.0071
Herato0215,2600001,2650000,2624936,34855,3064,45.451,61.0642,-0.1466,-0.0657,-0.0504
Herato0215,2650001,2700000,2675163,36126,3180,59.8233,58.4831,0.0113,0.0064,0.0049
Herato0215,2700001,2750000,2724891,30107,1726,38.9899,31.5128,0.1061,0.0801,0.06
Herato0215,2750001,2800000,2775366,35969,3354,56.0119,53.1625,0.0261,0.0127,0.01
Herato0215,2800001,2850000,2823610,37731,3899,72.2755,70.7309,0.0108,0.0067,0.0052
Herato0215,2850001,2900000,2874916,35861,3470,65.7449,66.3443,-0.0045,-0.003,-0.0022
Herato0215,2900001,2950000,2925116,35290,3099,56.4609,57.068,-0.0053,-0.0029,-0.0022
Herato0215,2950001,3000000,2974727,35226,3759,65.0967,62.098,0.0236,0.0129,0.0097
Herato0215,3000001,3050000,3025321,34900,4088,70.5688,67.0324,0.0257,0.0151,0.0114
Herato0215,3050001,3100000,3074776,34160,2917,49.9015,49.9555,-0.0005,-0.0003,-0.0002
Herato0215,3100001,3150000,3124321,34458,3393,53.9234,60.5687,-0.058,-0.0256,-0.0201
Herato0215,3150001,3200000,3176541,31687,2608,42.7785,36.6557,0.0771,0.0404,0.0304
Herato0215,3200001,3250000,3225653,27322,1292,17.095,18.8402,-0.0486,-0.024,-0.0172
Herato0215,3250001,3300000,3273394,26109,1779,28.4005,31.7673,-0.056,-0.0273,-0.0207
Herato0215,3300001,3350000,3325354,35225,3501,59.5243,61.7776,-0.0186,-0.0086,-0.0066
Herato0215,3350001,3400000,3374941,35533,2701,65.2581,59.7348,0.0442,0.0298,0.0218
Herato0215,3400001,3450000,3424863,37017,3678,79.426,85.3763,-0.0361,-0.0175,-0.0139
Herato0215,3450001,3500000,3474727,34050,2688,43.3921,44.2744,-0.0101,-0.0039,-0.0031
Herato0215,3500001,3550000,3523347,31158,2484,41.4522,43.8497,-0.0281,-0.0104,-0.0084
Herato0215,3550001,3600000,3575005,31458,2371,46.955,39.0542,0.0919,0.0483,0.0367
Herato0215,3600001,3650000,3619637,28687,2543,52.0151,46.5531,0.0554,0.0306,0.0233
Herato0215,3650001,3700000,3674708,33967,3992,72.8927,78.0812,-0.0344,-0.0181,-0.0137
Herato0215,3700001,3750000,3725758,35271,3870,81.4645,87.7879,-0.0374,-0.0189,-0.015
