scaffold,start,end,mid,sites,sitesUsed,ABBA,BABA,D,fd,fdM
Herato2101,1,50000,26155,41650,1580,8.4282,8.6406,-0.0124,-0.0021,-0.0019
Herato2101,50001,100000,75339,41772,1823,19.2769,19.6005,-0.0083,-0.0025,-0.0021
Herato2101,100001,150000,123372,38020,1976,36.0017,25.2848,0.1749,0.063,0.0521
Herato2101,150001,200000,174710,35409,1619,31.5761,25.7178,0.1022,0.0407,0.0315
Herato2101,200001,250000,223604,36876,1623,25.2804,27.1593,-0.0358,-0.0128,-0.0098
Herato2101,250001,300000,275525,33642,1634,38.2804,23.0122,0.2491,0.1021,0.0816
Herato2101,300001,350000,324710,34118,1925,42.7366,51.6697,-0.0946,-0.0503,-0.0382
Herato2101,350001,400000,375097,30936,1413,23.828,24.9114,-0.0222,-0.0075,-0.006
Herato2101,400001,450000,425557,36589,1863,27.7843,30.5641,-0.0476,-0.0128,-0.0105
Herato2101,450001,500000,471940,34284,2057,29.1405,30.4955,-0.0227,-0.0075,-0.0062
Herato2101,500001,550000,525175,36267,2807,59.4726,52.8867,0.0586,0.0239,0.019
Herato2101,550001,600000,574849,37523,2255,36.5,44.4933,-0.0987,-0.0301,-0.0242
Herato2101,600001,650000,625623,38488,2911,56.934,47.884,0.0863,0.0247,0.0207
Herato2101,650001,700000,677624,30548,1578,31.3412,26.4471,0.0847,0.025,0.0214
Herato2101,700001,750000,725136,38595,3572,72.0346,63.5189,0.0628,0.0196,0.0161
Herato2101,750001,800000,773741,38021,2272,30.5935,43.8206,-0.1778,-0.0423,-0.035
Herato2101,800001,850000,824873,37934,2783,49.7657,49.8144,-0.0005,-0.0001,-0.0001
Herato2101,850001,900000,875885,39400,1751,33.4415,26.2856,0.1198,0.0392,0.0317
Herato2101,900001,950000,925112,36667,2580,59.8021,60.1137,-0.0026,-0.0009,-0.0007
Herato2101,950001,1000000,975443,35610,2656,55.0463,53.6138,0.0132,0.0051,0.0039
Herato2101,1000001,1050000,1024581,37327,3422,59.2852,65.3889,-0.049,-0.0149,-0.012
Herato2101,1050001,1100000,1075334,34028,2121,43.9486,38.3643,0.0678,0.0253,0.02
Herato2101,1100001,1150000,1126781,34905,2469,68.152,40.5018,0.2545,0.1064,0.0849
Herato2101,1150001,1200000,1174624,37641,3072,54.2745,64.5925,-0.0868,-0.0298,-0.0235
Herato2101,1200001,1250000,1225286,36041,3477,68.981,69.9245,-0.0068,-0.0028,-0.0022
Herato2101,1250001,1300000,1274929,35425,3246,62.7183,64.8307,-0.0166,-0.0059,-0.0046
Herato2101,1300001,1350000,1325660,36804,2945,52.1005,54.9468,-0.0266,-0.0079,-0.0063
Herato2101,1350001,1400000,1374711,34452,2170,44.7757,39.371,0.0642,0.0196,0.016
Herato2101,1400001,1450000,1422784,21749,1330,22.3657,25.0189,-0.056,-0.0151,-0.0125
Herato2101,1450001,1500000,1475788,33995,2209,35.7873,39.8015,-0.0531,-0.0149,-0.0121
Herato2101,1500001,1550000,1527068,32066,2378,46.9467,50.6243,-0.0377,-0.0157,-0.012
Herato2101,1550001,1600000,1575290,38834,4027,75.2219,81.0086,-0.037,-0.0139,-0.0108
Herato2101,1600001,1650000,1624343,37537,3268,72.2532,65.3055,0.0505,0.0186,0.0146
Herato2101,1650001,1700000,1674543,37051,2916,59.706,61.7132,-0.0165,-0.0056,-0.0045
Herato2101,1700001,1750000,1724751,37757,2703,63.1639,56.2421,0.058,0.0192,0.0156
Herato2101,1750001,1800000,1775058,36191,2446,49.331,43.5307,0.0625,0.0177,0.0149
Herato2101,1800001,1850000,1822939,34051,2595,57.6984,45.9202,0.1137,0.0363,0.0314
Herato2101,1850001,1900000,1874829,40034,3183,44.2828,45.3033,-0.0114,-0.0027,-0.0022
Herato2101,1900001,1950000,1924731,36579,2896,53.5973,51.1482,0.0234,0.0071,0.0058
Herato2101,1950001,2000000,1974533,36704,2767,58.9364,60.2839,-0.0113,-0.004,-0.0032
Herato2101,2000001,2050000,2025259,35907,2525,40.0338,53.6071,-0.145,-0.0465,-0.0364
Herato2101,2050001,2100000,2075641,35869,2121,57.2275,34.6634,0.2456,0.0733,0.0618
Herato2101,2100001,2150000,2124587,37222,2879,52.6699,51.5263,0.011,0.0035,0.0028
Herato2101,2150001,2200000,2175203,39229,2830,48.5404,58.4046,-0.0922,-0.0286,-0.0222
Herato2101,2200001,2250000,2223760,30387,1938,52.0813,44.5948,0.0774,0.0265,0.0212
Herato2101,2250001,2300000,2275313,40303,2669,54.0251,54.0736,-0.0004,-0.0001,-0.0001
Herato2101,2300001,2350000,2325092,40170,3173,62.58,62.8136,-0.0019,-0.0006,-0.0005
Herato2101,2350001,2400000,2373900,42321,2856,56.0692,47.526,0.0825,0.0254,0.0206
Herato2101,2400001,2450000,2424827,40089,3143,57.9565,48.8247,0.0855,0.0261,0.0217
Herato2101,2450001,2500000,2474896,39950,3229,53.4843,63.5382,-0.0859,-0.0271,-0.0221
Herato2101,2500001,2550000,2524562,39666,2261,44.1347,38.7822,0.0646,0.0189,0.0153
Herato2101,2550001,2600000,2575777,40456,2363,33.5626,43.6786,-0.131,-0.0391,-0.0305
Herato2101,2600001,2650000,2624786,41809,1731,24.2574,14.5244,0.251,0.0442,0.0366
Herato2101,2650001,2700000,2674308,40072,2947,68.2803,70.8295,-0.0183,-0.0078,-0.006
Herato2101,2700001,2750000,2725464,38697,2608,46.165,49.4241,-0.0341,-0.0116,-0.0091
Herato2101,2750001,2800000,2774846,37240,2736,65.5961,67.778,-0.0164,-0.007,-0.0054
Herato2101,2800001,2850000,2823918,35610,2575,43.3967,50.9479,-0.08,-0.0259,-0.0207
Herato2101,2850001,2900000,2871294,27164,1571,31.0071,33.171,-0.0337,-0.0109,-0.0085
Herato2101,2900001,2950000,2921062,30661,1816,39.707,35.473,0.0563,0.0172,0.0142
Herato2101,2950001,3000000,2982168,25108,1483,23.9479,27.8813,-0.0759,-0.0228,-0.0187
Herato2101,3000001,3050000,3025126,36200,2866,50.6969,64.9359,-0.1231,-0.039,-0.031
Herato2101,3050001,3100000,3076745,33157,2336,47.915,52.2993,-0.0437,-0.0149,-0.0117
Herato2101,3100001,3150000,3124149,31436,2439,50.4638,46.6087,0.0397,0.0141,0.011
Herato2101,3150001,3200000,3174910,34492,2281,44.6119,38.8558,0.069,0.0205,0.0166
Herato2101,3200001,3250000,3225140,34961,2409,38.7808,40.0464,-0.0161,-0.0047,-0.0038
Herato2101,3250001,3300000,3274934,33261,989,20.4646,18.3032,0.0558,0.0181,0.0147
Herato2101,3300001,3350000,3325419,34889,2451,43.9841,41.1004,0.0339,0.01,0.0081
Herato2101,3350001,3400000,3377196,29889,1765,28.8024,27.7476,0.0187,0.005,0.0041
Herato2101,3400001,3450000,3426083,32030,2121,31.0911,34.1926,-0.0475,-0.014,-0.0111
Herato2101,3450001,3500000,3474658,32672,2363,41.0481,31.22,0.136,0.0421,0.0349
Herato2101,3500001,3550000,3526015,35070,1811,25.5627,24.6395,0.0184,0.0047,0.0039
Herato2101,3550001,3600000,3575253,39922,3055,57.9621,55.6534,0.0203,0.0066,0.0053
Herato2101,3600001,3650000,3623857,38174,2439,53.9785,48.3398,0.0551,0.0197,0.016
Herato2101,3650001,3700000,3675214,36824,2659,48.6936,58.6843,-0.093,-0.0344,-0.0268
Herato2101,3700001,3750000,3725177,36910,2362,41.1022,49.1132,-0.0888,-0.0302,-0.0241
Herato2101,3750001,3800000,3775089,36986,2432,51.703,40.935,0.1162,0.0384,0.031
Herato2101,3800001,3850000,3825219,37323,2944,51.5105,50.2395,0.0125,0.0038,0.0031
Herato2101,3850001,3900000,3872851,31919,2285,50.4152,41.5944,0.0959,0.0313,0.0254
Herato2101,3900001,3950000,3925221,37273,2510,46.743,54.5381,-0.077,-0.0263,-0.0214
Herato2101,3950001,4000000,3975145,36658,2615,48.7425,49.9418,-0.0122,-0.0042,-0.0033
Herato2101,4000001,4050000,4024406,38934,3409,60.9453,63.4849,-0.0204,-0.0063,-0.0051
Herato2101,4050001,4100000,4074260,38826,2822,53.4927,53.5798,-0.0008,-0.0002,-0.0002
Herato2101,4100001,4150000,4123954,36339,2876,50.9796,51.2514,-0.0027,-0.0009,-0.0007
Herato2101,4150001,4200000,4175481,41292,2611,39.3736,47.4292,-0.0928,-0.0235,-0.0188
Herato2101,4200001,4250000,4224538,40407,2140,31.8571,23.5755,0.1494,0.025,0.0213
Herato2101,4250001,4300000,4275535,37145,2552,50.7134,54.5477,-0.0364,-0.013,-0.0104
Herato2101,4300001,4350000,4324565,37509,3086,62.9725,50.7575,0.1074,0.0379,0.0302
Herato2101,4350001,4400000,4374634,36271,2599,50.1353,45.3571,0.05,0.0185,0.0145
Herato2101,4400001,4450000,4425079,38801,2804,56.8925,46.7857,0.0975,0.0302,0.0247
Herato2101,4450001,4500000,4474913,37677,2499,43.9528,37.4438,0.08,0.0189,0.0156
Herato2101,4500001,4550000,4527222,31002,1722,31.1789,34.7881,-0.0547,-0.0195,-0.0153
Herato2101,4550001,4600000,4575918,37586,2697,45.7722,49.6958,-0.0411,-0.0115,-0.0091
Herato2101,4600001,4650000,4625214,39466,2773,61.3152,57.6527,0.0308,0.0108,0.0088
Herato2101,4650001,4700000,4674274,40119,2744,60.266,44.5703,0.1497,0.0441,0.036
Herato2101,4700001,4750000,4724648,37951,2349,36.6694,38.4153,-0.0233,-0.0063,-0.0051
Herato2101,4750001,4800000,4774230,40649,3205,52.1557,61.863,-0.0851,-0.0222,-0.0176
Herato2101,4800001,4850000,4823378,35073,2360,37.0357,45.783,-0.1056,-0.028,-0.022
Herato2101,4850001,4900000,4874966,38674,2765,62.8727,52.3823,0.091,0.028,0.0227
Herato2101,4900001,4950000,4923888,38529,2226,38.6513,37.4523,0.0158,0.0048,0.0037
Herato2101,4950001,5000000,4975345,37854,2685,60.0555,50.6116,0.0853,0.0291,0.0223
Herato2101,5000001,5050000,5028564,27829,2226,41.5602,41.4226,0.0017,0.0005,0.0004
Herato2101,5050001,5100000,5074722,36871,2793,69.1919,44.9863,0.212,0.0736,0.0589
Herato2101,5100001,5150000,5124291,39771,2648,53.1548,53.91,-0.0071,-0.0025,-0.002
Herato2101,5150001,5200000,5176585,27783,2242,40.4018,39.6779,0.009,0.0033,0.0026
Herato2101,5200001,5250000,5225637,38344,2535,52.2997,55.1479,-0.0265,-0.0098,-0.0077
Herato2101,5250001,5300000,5275657,37300,2471,52.8123,44.2123,0.0886,0.0319,0.0253
Herato2101,5300001,5350000,5325407,37367,2764,57.8251,52.5533,0.0478,0.0156,0.0127
Herato2101,5350001,5400000,5374926,37280,2761,50.378,58.768,-0.0769,-0.0245,-0.0195
Herato2101,5400001,5450000,5425063,37482,2509,52.9704,46.7515,0.0624,0.0208,0.0167
Herato2101,5450001,5500000,5475132,38664,3324,60.7961,70.4289,-0.0734,-0.0254,-0.0199
Herato2101,5500001,5550000,5525128,37751,2476,122.6399,37.839,0.5284,0.3012,0.229
Herato2101,5550001,5600000,5574716,39176,2653,110.9356,39.9509,0.4705,0.2593,0.2042
Herato2101,5600001,5650000,5625253,32408,2736,47.0055,44.6126,0.0261,0.0078,0.0062
Herato2101,5650001,5700000,5675743,36426,2358,39.3957,28.4569,0.1612,0.0426,0.0354
Herato2101,5700001,5750000,5725189,38843,3066,42.7364,43.392,-0.0076,-0.0024,-0.0019
Herato2101,5750001,5800000,5775193,38033,3127,47.9099,49.3166,-0.0145,-0.004,-0.0032
Herato2101,5800001,5850000,5823673,38102,2891,57.4513,53.8178,0.0327,0.0096,0.0079
Herato2101,5850001,5900000,5874342,37561,2793,53.0093,64.2127,-0.0956,-0.0401,-0.0305
Herato2101,5900001,5950000,5925014,39048,3144,70.5101,55.1196,0.1225,0.045,0.0366
Herato2101,5950001,6000000,5974409,38109,2754,52.622,43.7849,0.0917,0.0302,0.0245
Herato2101,6000001,6050000,6024931,38877,3996,53.9619,53.6184,0.0032,0.0009,0.0007
Herato2101,6050001,6100000,6074700,38777,3196,63.7829,51.4224,0.1073,0.0331,0.0272
Herato2101,6100001,6150000,6124758,38056,2733,46.3928,38.0562,0.0987,0.0245,0.0207
Herato2101,6150001,6200000,6181155,27602,1306,17.6423,18.5817,-0.0259,-0.0062,-0.005
Herato2101,6200001,6250000,6224387,38178,2930,51.9127,49.95,0.0193,0.0055,0.0045
Herato2101,6250001,6300000,6274027,35796,2361,42.6146,33.4227,0.1209,0.03,0.0253
Herato2101,6300001,6350000,6324934,36788,2072,31.0203,35.2107,-0.0633,-0.0132,-0.011
Herato2101,6350001,6400000,6375643,37184,2507,53.8545,38.0654,0.1718,0.0427,0.0356
Herato2101,6400001,6450000,6425288,38093,3005,50.9199,71.453,-0.1678,-0.0527,-0.0412
Herato2101,6450001,6500000,6475232,40095,3000,61.3166,52.6781,0.0758,0.023,0.0189
Herato2101,6500001,6550000,6524992,39753,3158,52.5613,49.0338,0.0347,0.0092,0.0074
Herato2101,6550001,6600000,6575487,41001,2154,26.8285,23.0232,0.0763,0.0162,0.013
Herato2101,6600001,6650000,6624799,35585,1655,20.5289,16.9795,0.0946,0.0153,0.0129
Herato2101,6650001,6700000,6676030,38719,2179,33.6884,29.2298,0.0709,0.0158,0.0128
Herato2101,6700001,6750000,6725392,39917,2308,55.7137,30.3789,0.2943,0.0732,0.0622
Herato2101,6750001,6800000,6775593,39208,2350,40.0587,52.2868,-0.1324,-0.0421,-0.033
Herato2101,6800001,6850000,6824245,38924,2748,45.5887,45.2887,0.0033,0.0008,0.0007
Herato2101,6850001,6900000,6874867,35661,2227,36.3605,39.2427,-0.0381,-0.0106,-0.0084
Herato2101,6900001,6950000,6925595,38719,2623,45.6138,37.0801,0.1032,0.0275,0.0228
Herato2101,6950001,7000000,6976223,38525,2427,41.0445,39.4284,0.0201,0.0053,0.0043
Herato2101,7000001,7050000,7025033,39789,2175,20.2435,25.1705,-0.1085,-0.0156,-0.0132
Herato2101,7050001,7100000,7075169,41688,2880,47.2502,50.1431,-0.0297,-0.0076,-0.006
Herato2101,7100001,7150000,7124275,40628,3264,58.5111,70.7781,-0.0949,-0.031,-0.0239
Herato2101,7150001,7200000,7176286,35427,2926,58.4151,59.2333,-0.007,-0.0024,-0.0018
Herato2101,7200001,7250000,7225799,39326,2213,42.7615,32.2211,0.1406,0.0337,0.0278
Herato2101,7250001,7300000,7274574,37860,2565,44.4744,53.4844,-0.092,-0.0302,-0.0239
Herato2101,7300001,7350000,7324489,37184,2872,54.2991,47.0736,0.0713,0.0189,0.0157
Herato2101,7350001,7400000,7373432,36577,2476,55.2677,46.29,0.0884,0.0266,0.0207
Herato2101,7400001,7450000,7424733,36510,2885,62.1211,68.6838,-0.0502,-0.0165,-0.0132
Herato2101,7450001,7500000,7474956,38812,2496,44.4274,54.309,-0.1001,-0.0307,-0.0246
Herato2101,7500001,7550000,7526246,36870,2386,52.9159,49.5078,0.0333,0.011,0.009
Herato2101,7550001,7600000,7574425,41777,2546,71.3349,63.6805,0.0567,0.0243,0.0185
Herato2101,7600001,7650000,7626862,31697,1409,29.0431,25.6228,0.0626,0.0165,0.0138
Herato2101,7650001,7700000,7674964,35895,2537,47.8444,44.0837,0.0409,0.0121,0.0096
Herato2101,7700001,7750000,7724679,37848,2498,42.5462,46.5155,-0.0446,-0.014,-0.011
Herato2101,7750001,7800000,7774733,36497,2870,43.0722,48.5586,-0.0599,-0.0181,-0.0146
Herato2101,7800001,7850000,7822651,32840,2268,41.7578,52.019,-0.1094,-0.04,-0.031
Herato2101,7850001,7900000,7875177,33345,1916,28.516,30.1448,-0.0278,-0.0082,-0.0065
Herato2101,7900001,7950000,7925444,35980,2498,49.5623,45.6711,0.0409,0.0155,0.0121
Herato2101,7950001,8000000,7974306,33096,2058,46.7916,36.6838,0.1211,0.0423,0.0339
Herato2101,8000001,8050000,8025142,39105,2815,56.5438,53.6814,0.026,0.0087,0.0069
Herato2101,8050001,8100000,8075743,33024,1874,37.0454,42.2515,-0.0657,-0.0253,-0.0197
Herato2101,8100001,8150000,8125183,39036,2947,52.4645,57.2584,-0.0437,-0.0133,-0.0106
Herato2101,8150001,8200000,8174614,25520,1520,28.3216,27.2306,0.0196,0.0052,0.0043
Herato2101,8200001,8250000,8225391,38544,2644,47.1136,51.1876,-0.0414,-0.0126,-0.0102
Herato2101,8250001,8300000,8276008,35933,3030,45.6867,44.3937,0.0144,0.0037,0.0031
Herato2101,8300001,8350000,8327060,35063,2141,41.3249,45.1403,-0.0441,-0.0156,-0.0124
Herato2101,8350001,8400000,8374676,37743,3179,58.1671,59.925,-0.0149,-0.0047,-0.0038
Herato2101,8400001,8450000,8425651,37893,2965,46.0052,60.069,-0.1326,-0.0361,-0.0285
Herato2101,8450001,8500000,8475530,35806,2431,43.9258,40.6119,0.0392,0.0117,0.0098
Herato2101,8500001,8550000,8524257,37797,3366,59.4084,53.0371,0.0567,0.0189,0.0154
Herato2101,8550001,8600000,8574487,37209,2913,48.3845,48.1113,0.0028,0.0008,0.0006
Herato2101,8600001,8650000,8625402,36806,3090,53.7896,48.3345,0.0534,0.0149,0.012
Herato2101,8650001,8700000,8674731,35727,2629,47.2856,49.6682,-0.0246,-0.0074,-0.006
Herato2101,8700001,8750000,8724900,32160,1714,35.5232,28.7184,0.1059,0.0371,0.0305
Herato2101,8750001,8800000,8776510,31409,1855,35.1418,36.0985,-0.0134,-0.0044,-0.0035
Herato2101,8800001,8850000,8824712,36354,2537,52.9165,51.4269,0.0143,0.005,0.004
Herato2101,8850001,8900000,8874985,36909,2647,41.3086,44.7489,-0.04,-0.0113,-0.0093
Herato2101,8900001,8950000,8924308,39621,2874,43.2315,54.6333,-0.1165,-0.0386,-0.0307
Herato2101,8950001,9000000,8975186,39472,2812,55.0806,48.5755,0.0628,0.0227,0.0179
Herato2101,9000001,9050000,9025022,39593,2544,52.7082,51.641,0.0102,0.004,0.0031
Herato2101,9050001,9100000,9074754,38341,3026,62.1292,58.0956,0.0336,0.0127,0.0102
Herato2101,9100001,9150000,9125192,36431,2692,50.0948,44.4193,0.06,0.0189,0.0152
Herato2101,9150001,9200000,9175799,38707,2786,51.9483,48.1085,0.0384,0.0127,0.0103
Herato2101,9200001,9250000,9224792,37977,2546,42.9696,38.5498,0.0542,0.0176,0.0141
Herato2101,9250001,9300000,9274818,30614,2190,35.207,31.1566,0.061,0.0199,0.0166
Herato2101,9300001,9350000,9327899,33950,1535,20.8142,21.1044,-0.0069,-0.0016,-0.0013
Herato2101,9350001,9400000,9373860,23640,487,19.3284,17.3873,0.0529,0.0192,0.0125
Herato2101,9400001,9450000,9431055,22276,752,16.0698,14.565,0.0491,0.0147,0.0112
Herato2101,9500001,9550000,9524655,30184,1024,13.6346,11.4811,0.0857,0.0161,0.0133
Herato2101,9550001,9600000,9576740,36560,2604,51.1151,51.3507,-0.0023,-0.0007,-0.0006
Herato2101,9600001,9650000,9625189,39376,3041,60.2755,55.1417,0.0445,0.0132,0.0109
Herato2101,9650001,9700000,9674497,39506,2593,56.7556,56.4841,0.0024,0.0007,0.0006
Herato2101,9700001,9750000,9724200,35730,2017,33.0892,26.5561,0.1095,0.026,0.0214
Herato2101,9750001,9800000,9774478,41114,2523,56.7832,48.1775,0.082,0.0265,0.0215
Herato2101,9800001,9850000,9824792,38295,2684,45.5472,47.6049,-0.0221,-0.006,-0.0048
Herato2101,9850001,9900000,9874584,37594,2648,46.8794,42.2588,0.0518,0.0141,0.0115
Herato2101,9900001,9950000,9925742,39131,2210,33.1216,35.9034,-0.0403,-0.0092,-0.0077
Herato2101,9950001,10000000,9961488,18755,1216,28.6985,16.386,0.2731,0.0833,0.066
Herato2101,10000001,10050000,10041092,11036,576,7.8331,13.5569,-0.2676,-0.0882,-0.0675
Herato2101,10050001,10100000,10076077,35957,2630,55.2865,63.3548,-0.068,-0.0257,-0.0205
Herato2101,10100001,10150000,10124910,40535,2165,32.284,29.9902,0.0368,0.0094,0.0078
Herato2101,10150001,10200000,10175523,36439,2463,39.8591,31.3802,0.119,0.0299,0.0255
Herato2101,10200001,10250000,10226979,33307,1934,40.1235,38.4519,0.0213,0.0067,0.0053
Herato2101,10250001,10300000,10275053,38611,2548,41.9823,54.357,-0.1284,-0.0417,-0.0327
Herato2101,10300001,10350000,10325030,38038,2915,63.6916,59.0437,0.0379,0.014,0.0111
Herato2101,10350001,10400000,10375177,36188,2619,46.1365,43.4159,0.0304,0.0081,0.0067
Herato2101,10400001,10450000,10427327,33514,2113,35.9376,33.2691,0.0386,0.0117,0.0094
Herato2101,10450001,10500000,10476401,32935,1654,27.5492,20.3726,0.1498,0.0503,0.0392
Herato2101,10500001,10550000,10527437,36539,1949,36.795,36.1988,0.0082,0.0024,0.002
Herato2101,10550001,10600000,10575640,35381,2616,35.4739,46.1008,-0.1303,-0.04,-0.0314
Herato2101,10600001,10650000,10625263,37665,2899,48.2684,51.0209,-0.0277,-0.008,-0.0065
Herato2101,10650001,10700000,10674909,38230,3483,57.21,60.113,-0.0247,-0.0082,-0.0064
Herato2101,10700001,10750000,10725076,34460,2745,63.4102,52.3559,0.0955,0.0318,0.025
Herato2101,10750001,10800000,10775514,40487,3202,58.5962,70.1841,-0.09,-0.031,-0.0244
Herato2101,10800001,10850000,10824848,39251,3335,65.2572,77.4342,-0.0853,-0.0291,-0.0221
Herato2101,10850001,10900000,10875194,41134,3161,55.9415,68.5194,-0.1011,-0.0309,-0.0247
Herato2101,10900001,10950000,10924450,38857,2865,52.62,51.9311,0.0066,0.002,0.0016
Herato2101,10950001,11000000,10974516,39497,3066,60.4666,61.5264,-0.0087,-0.0031,-0.0024
Herato2101,11000001,11050000,11024960,37886,3265,75.4208,75.3491,0.0005,0.0002,0.0001
Herato2101,11050001,11100000,11075268,39421,3307,65.0607,63.6539,0.0109,0.0042,0.0033
Herato2101,11100001,11150000,11124499,38866,2937,61.0166,61.0047,0.0001,0.0,0.0
Herato2101,11150001,11200000,11174842,37203,2786,60.3123,59.3991,0.0076,0.0027,0.0021
Herato2101,11200001,11250000,11224802,38691,3168,58.9006,60.4005,-0.0126,-0.0049,-0.0038
Herato2101,11250001,11300000,11274502,38181,3103,59.6129,53.162,0.0572,0.02,0.0157
Herato2101,11300001,11350000,11324795,37059,2641,42.9896,45.6187,-0.0297,-0.0107,-0.0083
Herato2101,11350001,11400000,11376344,32468,2208,42.3363,35.9599,0.0814,0.0247,0.0198
Herato2101,11400001,11450000,11423089,34623,2297,50.7384,44.9374,0.0606,0.0222,0.0175
Herato2101,11450001,11500000,11474898,35834,2118,39.2775,35.6996,0.0477,0.0131,0.0102
Herato2101,11500001,11550000,11524081,32321,1345,14.0763,18.7992,-0.1437,-0.0244,-0.0194
Herato2101,11550001,11600000,11576919,32250,1976,30.4267,38.1759,-0.113,-0.0343,-0.0269
Herato2101,11600001,11650000,11624793,36685,2747,49.9947,54.6989,-0.0449,-0.0158,-0.0123
Herato2101,11650001,11700000,11674886,36174,2443,41.8424,47.4667,-0.063,-0.018,-0.0145
Herato2101,11700001,11750000,11724911,34634,2391,37.8108,41.5629,-0.0473,-0.0144,-0.0115
Herato2101,11750001,11800000,11774574,36777,2941,48.3624,47.111,0.0131,0.0039,0.0032
Herato2101,11800001,11850000,11825162,36237,3004,57.1512,52.376,0.0436,0.0141,0.0113
Herato2101,11850001,11900000,11874714,37024,2504,40.4281,40.4074,0.0003,0.0001,0.0001
Herato2101,11900001,11950000,11924862,38872,2902,57.2239,60.5169,-0.028,-0.0098,-0.0078
Herato2101,11950001,12000000,11975315,28855,1918,35.1821,40.1696,-0.0662,-0.0218,-0.0171
Herato2101,12000001,12050000,12023833,29025,1371,26.2172,21.9944,0.0876,0.0254,0.0201
Herato2101,12050001,12100000,12074776,33932,1538,30.7377,19.7691,0.2172,0.0692,0.0543
Herato2101,12100001,12150000,12125687,37523,2348,48.7013,33.0366,0.1916,0.0609,0.0489
Herato2101,12200001,12250000,12225895,35757,1152,14.9117,13.1762,0.0618,0.0152,0.0127
Herato2101,12250001,12300000,12275602,33486,2163,36.5315,49.7662,-0.1534,-0.0498,-0.0399
Herato2101,12300001,12350000,12325072,36069,2261,36.7021,31.2182,0.0807,0.0241,0.0193
Herato2101,12350001,12400000,12375580,35977,2609,44.0918,49.3454,-0.0562,-0.0191,-0.0147
Herato2101,12400001,12450000,12425115,37283,2688,53.1121,41.6065,0.1215,0.0366,0.03
Herato2101,12450001,12500000,12474456,37427,2571,39.6341,31.738,0.1106,0.0285,0.0231
Herato2101,12500001,12550000,12524958,37413,2434,29.7739,33.9207,-0.0651,-0.0171,-0.0132
Herato2101,12550001,12600000,12575001,37390,2017,30.08,27.9513,0.0367,0.011,0.0088
Herato2101,12600001,12650000,12625583,36304,2514,32.1646,36.1148,-0.0579,-0.0175,-0.0138
Herato2101,12650001,12700000,12675363,36444,2551,42.977,43.0153,-0.0004,-0.0001,-0.0001
Herato2101,12700001,12750000,12725905,31953,2223,42.1169,40.5257,0.0193,0.0071,0.0056
Herato2101,12750001,12800000,12775820,36250,2655,43.4884,44.4155,-0.0105,-0.0037,-0.0029
Herato2101,12800001,12850000,12825277,35863,2561,39.5563,42.754,-0.0388,-0.0143,-0.0112
Herato2101,12850001,12900000,12875913,35199,2038,36.5546,38.1228,-0.021,-0.0074,-0.0056
Herato2101,12900001,12950000,12921587,26971,1275,24.1919,21.9091,0.0495,0.0166,0.0136
Herato2101,12950001,13000000,12975394,33686,1898,32.162,29.9556,0.0355,0.0127,0.0099
Herato2101,13000001,13050000,13025107,37073,3002,53.5802,54.4798,-0.0083,-0.0031,-0.0023
Herato2101,13050001,13100000,13073633,34075,2000,31.944,32.0867,-0.0022,-0.0007,-0.0005
Herato2101,13150001,13200000,13177744,26264,988,16.8382,16.6755,0.0049,0.0014,0.0011
Herato2101,13200001,13250000,13222881,31062,1856,33.0625,30.4797,0.0406,0.0141,0.0112
Herato2101,13250001,13300000,13274709,30768,2053,39.8931,36.7767,0.0406,0.0148,0.012
Herato2101,13300001,13350000,13325142,34846,3004,44.9081,43.5256,0.0156,0.0049,0.0039
Herato2101,13350001,13400000,13373837,30851,1878,37.2927,29.1326,0.1228,0.0455,0.0367
Herato2101,13400001,13450000,13424902,35821,2635,47.6391,47.3595,0.0029,0.0011,0.0009
Herato2101,13450001,13500000,13474969,36273,3035,44.1509,49.9223,-0.0614,-0.0217,-0.0168
Herato2101,13500001,13550000,13524024,36174,2364,27.7958,35.5127,-0.1219,-0.0391,-0.0304
Herato2101,13550001,13600000,13575335,36925,2317,27.6607,28.8582,-0.0212,-0.0059,-0.0048
Herato2101,13600001,13650000,13624944,35382,2302,41.7692,39.7544,0.0247,0.007,0.0059
Herato2101,13650001,13700000,13675539,37814,2521,46.1488,50.6861,-0.0469,-0.0186,-0.0144
Herato2101,13700001,13750000,13725479,34565,2226,47.7999,44.08,0.0405,0.0122,0.0099
Herato2101,13750001,13800000,13776936,30678,1840,31.9724,34.0273,-0.0311,-0.0084,-0.0069
Herato2101,13800001,13850000,13826771,31448,1933,33.7173,34.5807,-0.0126,-0.0042,-0.0034
Herato2101,13850001,13900000,13874898,36027,2529,47.5084,44.6361,0.0312,0.011,0.0089
Herato2101,13900001,13950000,13925286,36403,2503,45.6181,47.5247,-0.0205,-0.0072,-0.0057
Herato2101,13950001,14000000,13974727,36608,2628,53.5746,56.9633,-0.0307,-0.0112,-0.0091
Herato2101,14000001,14050000,14025032,35620,2632,48.4835,42.5482,0.0652,0.0259,0.0205
Herato2101,14050001,14100000,14074740,37852,3189,54.6569,66.8999,-0.1007,-0.0355,-0.0284
Herato2101,14100001,14150000,14125814,34346,2410,48.4841,39.555,0.1014,0.0356,0.0282
Herato2101,14150001,14200000,14174198,34462,2095,32.1743,30.7467,0.0227,0.0073,0.0058
Herato2101,14200001,14250000,14223981,33507,2320,39.2298,42.2514,-0.0371,-0.0116,-0.0096
Herato2101,14250001,14300000,14274420,36417,2613,51.0686,49.495,0.0156,0.006,0.0048
Herato2101,14300001,14350000,14324109,36513,2346,49.7732,48.7865,0.01,0.0036,0.0029
Herato2101,14350001,14400000,14374729,34726,2285,44.3262,49.2341,-0.0525,-0.0192,-0.0155
Herato2101,14400001,14450000,14425207,37419,3129,44.2705,53.2129,-0.0917,-0.0256,-0.0202
Herato2101,14450001,14500000,14474236,36175,2679,47.5225,48.3097,-0.0082,-0.0026,-0.0021
Herato2101,14500001,14550000,14525910,35702,2297,35.941,39.5999,-0.0484,-0.0151,-0.012
Herato2101,14550001,14600000,14574851,37278,3159,63.2788,56.5323,0.0563,0.0212,0.0169
Herato2101,14600001,14650000,14625078,35438,2564,44.6095,39.5574,0.06,0.0182,0.0147
Herato2101,14650001,14700000,14675287,37971,2753,48.8813,47.2358,0.0171,0.0054,0.0044
Herato2101,14700001,14750000,14724158,36188,2393,54.6553,60.9942,-0.0548,-0.0203,-0.016
Herato2101,14750001,14800000,14774799,34842,2830,54.8889,59.4684,-0.04,-0.0135,-0.0106
Herato2101,14800001,14850000,14825062,36818,3088,69.9851,52.8683,0.1393,0.045,0.037
Herato2101,14850001,14900000,14876146,35132,2623,42.8998,47.487,-0.0508,-0.0138,-0.0113
Herato2101,14900001,14950000,14924907,32099,2077,50.0762,65.8948,-0.1364,-0.0567,-0.044
Herato2101,14950001,15000000,14974164,34429,1753,41.1603,30.752,0.1447,0.0429,0.036
Herato2101,15000001,15050000,15027804,34289,2393,53.4334,51.9328,0.0142,0.0045,0.0037
Herato2101,15050001,15100000,15075020,37585,2854,55.3331,56.8774,-0.0138,-0.0042,-0.0033
Herato2101,15100001,15150000,15124994,37301,2031,38.2552,49.9897,-0.133,-0.0451,-0.0358
Herato2101,15150001,15200000,15175592,36258,2821,55.155,66.9992,-0.097,-0.0329,-0.0258
Herato2101,15200001,15250000,15226082,36076,2760,51.1422,43.802,0.0773,0.0209,0.0173
Herato2101,15250001,15300000,15275603,38713,3255,68.2931,68.8302,-0.0039,-0.0013,-0.001
Herato2101,15300001,15350000,15324838,37676,3701,71.0199,64.437,0.0486,0.0156,0.0126
Herato2101,15350001,15400000,15374077,37071,3461,56.6073,57.5958,-0.0087,-0.0027,-0.0021
Herato2101,15400001,15450000,15426029,34557,3251,60.5824,61.7755,-0.0098,-0.0035,-0.0027
Herato2101,15450001,15500000,15472936,31039,1917,39.1935,40.9933,-0.0224,-0.008,-0.0064
Herato2101,15500001,15550000,15522125,26881,712,7.1224,12.1879,-0.2623,-0.083,-0.0657
Herato2101,15550001,15600000,15575811,34999,3346,53.1548,60.0969,-0.0613,-0.0203,-0.0166
Herato2101,15600001,15650000,15626319,34930,3119,52.7265,49.0219,0.0364,0.0113,0.0092
Herato2101,15650001,15700000,15671767,29325,2598,39.2449,40.7583,-0.0189,-0.0061,-0.005
Herato2101,15700001,15750000,15726622,31577,2231,38.6558,32.313,0.0894,0.0299,0.0245
Herato2101,15750001,15800000,15775339,39108,2770,55.9586,51.3494,0.043,0.0178,0.0142
Herato2101,15800001,15850000,15823214,29793,1652,31.2211,27.8077,0.0578,0.0256,0.0201
Herato2101,15850001,15900000,15878651,20747,587,9.6559,6.2045,0.2176,0.0726,0.0606
Herato2101,15900001,15950000,15925285,36408,2745,45.6112,47.0725,-0.0158,-0.0056,-0.0044
Herato2101,15950001,16000000,15976769,32562,2256,45.4616,36.2755,0.1124,0.0363,0.0294
Herato2101,16000001,16050000,16024928,37899,3296,58.508,59.8553,-0.0114,-0.0036,-0.003
Herato2101,16050001,16100000,16075161,38132,3218,62.1643,63.0989,-0.0075,-0.0024,-0.002
Herato2101,16100001,16150000,16125067,37510,3043,55.8469,51.4635,0.0408,0.0117,0.0097
Herato2101,16150001,16200000,16174170,36834,2855,53.7504,54.0646,-0.0029,-0.0009,-0.0007
Herato2101,16200001,16250000,16224692,35998,2752,47.3363,41.8857,0.0611,0.0152,0.0124
Herato2101,16250001,16300000,16273122,33980,2357,45.7308,43.7052,0.0226,0.0068,0.0056
Herato2101,16300001,16350000,16327779,32023,1673,31.0057,30.0341,0.0159,0.005,0.004
Herato2101,16350001,16400000,16374744,37679,2803,50.5972,55.2006,-0.0435,-0.014,-0.0113
Herato2101,16400001,16450000,16424432,43403,1971,36.5887,34.0556,0.0359,0.0139,0.0108
Herato2101,16450001,16500000,16473246,40781,2298,34.5148,41.2038,-0.0883,-0.0266,-0.0218
Herato2101,16500001,16550000,16525384,34690,3075,66.241,59.8179,0.051,0.0182,0.0151
Herato2101,16550001,16600000,16574780,38026,3188,50.0703,56.1273,-0.057,-0.0229,-0.0176
Herato2101,16600001,16650000,16624852,37213,3507,71.0699,61.3695,0.0732,0.0342,0.0271
Herato2101,16650001,16700000,16675385,36699,3368,57.3133,60.4374,-0.0265,-0.0089,-0.0073
Herato2101,16700001,16750000,16725316,36640,3314,67.623,58.6218,0.0713,0.0259,0.021
Herato2101,16750001,16800000,16775740,36256,2381,41.542,40.5832,0.0117,0.0037,0.0031
Herato2101,16800001,16850000,16824930,39289,3606,59.3222,64.6188,-0.0427,-0.0146,-0.0117
Herato2101,16850001,16900000,16874970,35622,3784,79.282,76.7876,0.016,0.0064,0.005
Herato2101,16900001,16950000,16925100,35750,3411,62.5109,60.4691,0.0166,0.0058,0.0047
Herato2101,16950001,17000000,16976903,35879,3220,63.8124,56.4552,0.0612,0.0217,0.0176
Herato2101,17000001,17050000,17024981,38588,3816,75.3635,70.8186,0.0311,0.0121,0.0095
Herato2101,17050001,17100000,17075552,38332,2997,41.9438,43.7146,-0.0207,-0.006,-0.0049
Herato2101,17100001,17150000,17123234,30020,1650,26.9083,36.3219,-0.1489,-0.0486,-0.0397
Herato2101,17150001,17200000,17181640,26742,1935,26.958,20.448,0.1373,0.0353,0.0306
Herato2101,17200001,17250000,17225488,35779,2936,37.9685,35.1363,0.0387,0.0103,0.0084
Herato2101,17250001,17300000,17276044,36892,3225,38.6439,49.4431,-0.1226,-0.0357,-0.0285
Herato2101,17300001,17350000,17324705,37383,2356,30.6991,35.0862,-0.0667,-0.019,-0.0157
Herato2101,17350001,17400000,17375303,39539,3043,41.1665,51.972,-0.116,-0.0415,-0.0321
Herato2101,17400001,17450000,17422640,36520,1619,27.8321,24.0279,0.0734,0.0252,0.02
Herato2101,17450001,17500000,17464238,22004,944,10.2746,41.2227,-0.601,-0.3594,-0.2204
