scaffold,start,end,mid,sites,sitesUsed,ABBA,BABA,D,fd,fdM
Herato0301,1,50000,24994,39664,1755,24.3769,27.1865,-0.0545,-0.0321,-0.0234
Herato0301,50001,100000,74231,38338,3376,59.2609,58.131,0.0096,0.0073,0.0054
Herato0301,100001,150000,126449,36871,3619,60.7418,62.2916,-0.0126,-0.0066,-0.005
Herato0301,150001,200000,167119,23512,2353,43.9104,46.8727,-0.0326,-0.0152,-0.0119
Herato0301,200001,250000,229868,30296,2943,47.2413,48.385,-0.012,-0.0051,-0.0039
Herato0301,250001,300000,275089,36366,4371,82.5074,78.0743,0.0276,0.0155,0.0118
Herato0301,300001,350000,324736,35668,3918,71.5015,67.1601,0.0313,0.0177,0.0132
Herato0301,350001,400000,375256,36260,3874,61.8223,67.3612,-0.0429,-0.0201,-0.0153
Herato0301,400001,450000,422112,30040,3169,69.1165,55.2196,0.1118,0.0619,0.0479
Herato0301,450001,500000,475440,36318,4061,72.1838,77.9057,-0.0381,-0.0157,-0.0124
Herato0301,500001,550000,525322,37212,4137,66.5275,74.9421,-0.0595,-0.0303,-0.0224
Herato0301,550001,600000,575101,37127,3660,65.0005,68.8215,-0.0286,-0.0129,-0.0101
Herato0301,600001,650000,624684,35670,4049,62.0723,63.912,-0.0146,-0.0067,-0.0052
Herato0301,650001,700000,675125,31277,2544,56.4432,44.6526,0.1166,0.0514,0.0417
Herato0301,700001,750000,725193,33444,2967,54.6225,56.098,-0.0133,-0.0068,-0.0051
Herato0301,750001,800000,774907,36187,3303,57.0347,55.3679,0.0148,0.0084,0.0062
Herato0301,800001,850000,824247,33599,2442,52.9627,55.5119,-0.0235,-0.0142,-0.0102
Herato0301,850001,900000,874947,33909,2206,35.4656,40.4006,-0.065,-0.0277,-0.021
Herato0301,900001,950000,921974,27984,1925,33.1971,30.3438,0.0449,0.0254,0.0196
Herato0301,950001,1000000,973998,23479,1599,22.6889,21.3319,0.0308,0.0217,0.0153
Herato0301,1000001,1050000,1027783,21484,1535,16.2602,16.3387,-0.0024,-0.0015,-0.0011
Herato0301,1050001,1100000,1074385,24467,2219,27.9621,30.2441,-0.0392,-0.0266,-0.0191
Herato0301,1100001,1150000,1125213,27783,1701,21.4641,18.9991,0.0609,0.0404,0.0279
Herato0301,1150001,1200000,1175402,27206,2698,38.2651,36.9677,0.0172,0.0086,0.0065
Herato0301,1200001,1250000,1224639,33163,1870,29.4755,26.7853,0.0478,0.0204,0.0165
Herato0301,1250001,1300000,1275036,37092,2751,45.5118,51.4349,-0.0611,-0.0362,-0.0263
Herato0301,1300001,1350000,1325495,33771,3379,55.8196,52.1156,0.0343,0.0216,0.0161
Herato0301,1350001,1400000,1374893,35601,3934,68.2616,67.8809,0.0028,0.0017,0.0013
Herato0301,1400001,1450000,1423249,22909,931,12.2381,12.6527,-0.0167,-0.0059,-0.0047
Herato0301,1450001,1500000,1475300,24952,2105,35.6111,39.1688,-0.0476,-0.0236,-0.018
Herato0301,1500001,1550000,1524972,35134,3250,51.2792,50.5093,0.0076,0.0037,0.0028
Herato0301,1550001,1600000,1575960,17249,1055,11.2933,13.4718,-0.088,-0.0443,-0.0317
Herato0301,1600001,1650000,1625192,34589,3358,53.7375,53.9649,-0.0021,-0.0011,-0.0008
Herato0301,1650001,1700000,1675476,31824,3242,58.31,52.5511,0.0519,0.0311,0.0233
Herato0301,1700001,1750000,1724743,34622,2864,45.4797,48.2112,-0.0292,-0.0161,-0.0117
Herato0301,1750001,1800000,1774793,33216,2999,46.6434,44.0742,0.0283,0.0132,0.0103
Herato0301,1800001,1850000,1825023,33538,3477,61.6806,60.1563,0.0125,0.0079,0.0058
Herato0301,1850001,1900000,1875003,31925,3475,58.9194,52.6099,0.0566,0.0298,0.023
Herato0301,1900001,1950000,1927777,31627,2913,42.2207,43.3449,-0.0131,-0.0062,-0.0049
Herato0301,1950001,2000000,1975457,30986,2814,34.6696,39.6446,-0.0669,-0.0279,-0.0218
Herato0301,2000001,2050000,2025036,33361,2837,47.7006,43.6574,0.0443,0.0216,0.0169
Herato0301,2050001,2100000,2074902,34575,3007,43.1025,57.7145,-0.1449,-0.0679,-0.0525
Herato0301,2100001,2150000,2123876,32754,2891,40.8221,46.2899,-0.0628,-0.0329,-0.0238
Herato0301,2150001,2200000,2176502,30266,2820,39.9342,39.0757,0.0109,0.0049,0.0039
Herato0301,2200001,2250000,2223058,30753,2374,44.0404,34.0989,0.1272,0.0701,0.0551
Herato0301,2250001,2300000,2274704,31025,2234,29.5638,27.5074,0.036,0.0208,0.0157
Herato0301,2300001,2350000,2325216,31965,2473,33.1604,34.1259,-0.0143,-0.006,-0.0048
Herato0301,2350001,2400000,2375965,22855,720,9.1192,9.2165,-0.0053,-0.0025,-0.002
Herato0301,2400001,2450000,2425679,32501,1763,21.268,20.3457,0.0222,0.0082,0.0064
Herato0301,2450001,2500000,2474153,31925,2637,44.1831,47.2518,-0.0336,-0.0208,-0.0154
Herato0301,2500001,2550000,2523278,27779,1556,25.5275,24.3569,0.0235,0.0124,0.0093
Herato0301,2550001,2600000,2575791,31798,2836,45.2904,50.2349,-0.0518,-0.0241,-0.0184
Herato0301,2600001,2650000,2624057,37170,3338,47.9254,47.9075,0.0002,0.0001,0.0001
Herato0301,2650001,2700000,2674276,31643,2811,47.9199,40.3309,0.086,0.0409,0.0319
Herato0301,2700001,2750000,2726033,31898,2214,40.7085,36.5724,0.0535,0.0248,0.0194
Herato0301,2750001,2800000,2775781,30736,1634,30.9469,23.8107,0.1303,0.0604,0.05
Herato0301,2800001,2850000,2827210,31910,1353,23.9779,25.213,-0.0251,-0.0107,-0.0087
Herato0301,2850001,2900000,2874242,31572,1518,39.9501,29.8963,0.1439,0.0882,0.0662
Herato0301,2900001,2950000,2924453,39279,3076,45.1975,48.9156,-0.0395,-0.0161,-0.0129
Herato0301,2950001,3000000,2974756,35369,3334,72.3252,68.2568,0.0289,0.0172,0.0125
Herato0301,3000001,3050000,3024940,37126,3093,59.9431,58.9727,0.0082,0.0037,0.0029
Herato0301,3050001,3100000,3074691,36895,3416,59.5676,49.7631,0.0897,0.0442,0.0337
Herato0301,3100001,3150000,3124480,32944,3076,51.218,51.1519,0.0006,0.0004,0.0003
Herato0301,3150001,3200000,3174014,26109,2001,33.7543,33.2369,0.0077,0.0058,0.0042
Herato0301,3200001,3250000,3225764,36762,3785,74.7933,84.6493,-0.0618,-0.0347,-0.0263
Herato0301,3250001,3300000,3275208,37701,4073,64.0727,67.4311,-0.0255,-0.0162,-0.0119
Herato0301,3300001,3350000,3325177,34448,3420,52.8451,50.2537,0.0251,0.0136,0.0102
Herato0301,3350001,3400000,3374433,36651,3618,64.6795,60.1915,0.0359,0.0201,0.0152
Herato0301,3400001,3450000,3418075,22059,1729,23.4947,22.5367,0.0208,0.0106,0.0076
Herato0301,3450001,3500000,3475371,33152,2347,41.8758,39.8162,0.0252,0.0147,0.0109
Herato0301,3500001,3550000,3525183,31591,2431,40.8507,32.0619,0.1205,0.0636,0.047
Herato0301,3550001,3600000,3575517,33339,3655,61.623,57.2812,0.0365,0.022,0.0164
Herato0301,3600001,3650000,3623102,32110,3193,60.3401,51.8141,0.076,0.0442,0.0329
Herato0301,3650001,3700000,3674752,33791,2685,39.2546,37.9913,0.0164,0.0078,0.0059
Herato0301,3700001,3750000,3725670,31763,2736,42.0854,39.3435,0.0337,0.0137,0.0107
Herato0301,3750001,3800000,3771889,28958,2470,36.8637,44.2434,-0.091,-0.0451,-0.0341
Herato0301,3800001,3850000,3825853,32394,2746,46.7586,48.8749,-0.0221,-0.0108,-0.0082
Herato0301,3850001,3900000,3874907,35942,4087,66.033,65.4188,0.0047,0.0028,0.0021
Herato0301,3900001,3950000,3927268,31706,2453,38.6013,35.3532,0.0439,0.023,0.0175
Herato0301,3950001,4000000,3976660,29051,2994,53.762,49.1155,0.0452,0.0303,0.0214
Herato0301,4000001,4050000,4024935,35103,3348,52.7329,48.5588,0.0412,0.0255,0.0183
Herato0301,4050001,4100000,4075123,31487,2760,39.6374,40.4555,-0.0102,-0.0068,-0.0048
Herato0301,4100001,4150000,4125592,35381,3392,58.2261,56.4375,0.0156,0.0087,0.0065
Herato0301,4150001,4200000,4174101,36172,3546,62.561,67.4675,-0.0377,-0.0192,-0.0146
Herato0301,4200001,4250000,4221302,27030,1813,30.2163,29.2588,0.0161,0.0099,0.0073
Herato0301,4250001,4300000,4276209,16192,463,7.8664,7.4318,0.0284,0.0145,0.0109
Herato0301,4300001,4350000,4320397,28056,2667,46.9746,46.9535,0.0002,0.0001,0.0001
Herato0301,4350001,4400000,4377579,31895,3440,51.8186,50.3829,0.014,0.0072,0.0054
Herato0301,4400001,4450000,4425566,34666,3830,59.5223,60.6254,-0.0092,-0.0044,-0.0034
Herato0301,4450001,4500000,4474940,35879,3475,56.6871,52.3616,0.0397,0.0196,0.0148
Herato0301,4500001,4550000,4525100,35602,3166,47.5023,44.4357,0.0334,0.0162,0.0125
Herato0301,4550001,4600000,4574668,36163,3584,52.7052,50.5013,0.0214,0.01,0.0079
Herato0301,4600001,4650000,4626969,31778,3371,53.527,51.2597,0.0216,0.0131,0.0098
Herato0301,4650001,4700000,4672270,34586,2721,46.0106,54.8963,-0.0881,-0.0496,-0.0369
Herato0301,4700001,4750000,4724937,32300,3079,44.3444,46.9698,-0.0288,-0.0144,-0.011
Herato0301,4750001,4800000,4774443,32240,3235,54.2286,53.7501,0.0044,0.0022,0.0017
Herato0301,4800001,4850000,4824701,33569,2373,35.9806,32.4288,0.0519,0.0226,0.0176
Herato0301,4900001,4950000,4924351,27316,381,3.5869,2.8404,0.1161,0.0578,0.0458
Herato0301,4950001,5000000,4973873,27168,392,2.9479,4.4906,-0.2074,-0.1068,-0.0754
Herato0302,1,50000,26309,27071,338,3.0316,2.5136,0.0934,0.0497,0.0375
Herato0303,1,50000,27445,22307,254,2.2422,2.2113,0.0069,0.0034,0.0026
Herato0303,50001,100000,74419,25820,372,4.4453,3.7823,0.0806,0.0491,0.0352
Herato0303,100001,150000,125382,28156,483,4.3229,5.1216,-0.0846,-0.051,-0.034
Herato0304,50001,100000,76119,24099,318,3.583,4.4059,-0.103,-0.0913,-0.0599
Herato0305,1,50000,23014,23290,253,2.11,1.6705,0.1163,0.0562,0.0424
Herato0306,1,50000,13422,11136,337,4.9607,5.7411,-0.0729,-0.0561,-0.0383
Herato0307,1,50000,21062,24759,616,7.4449,7.9019,-0.0298,-0.0176,-0.012
Herato0307,50001,100000,75589,22969,253,2.9792,2.9194,0.0101,0.0066,0.0048
Herato0307,100001,150000,125758,23431,375,2.9967,4.3312,-0.1821,-0.124,-0.0778
Herato0308,1,50000,24860,28547,282,1.5858,1.6041,-0.0057,-0.0017,-0.0013
Herato0308,100001,150000,122795,25213,425,4.4744,5.0083,-0.0563,-0.0342,-0.0242
Herato0309,50001,100000,76901,25625,819,8.5375,9.7978,-0.0687,-0.0391,-0.0283
Herato0309,100001,150000,126342,25429,611,4.6774,4.6665,0.0012,0.0005,0.0004
Herato0310,1,50000,26070,29762,1058,15.7814,12.9178,0.0998,0.0343,0.0272
Herato0310,50001,100000,72094,29120,2055,34.0286,31.4358,0.0396,0.0164,0.0129
Herato0310,100001,150000,125663,33655,3430,49.3165,43.7241,0.0601,0.0259,0.0205
Herato0310,150001,200000,175073,31583,2630,48.7995,38.4974,0.118,0.0492,0.0403
Herato0310,200001,250000,224813,30283,2286,36.1519,30.465,0.0854,0.0395,0.0313
Herato0310,250001,300000,275806,27512,1143,17.1445,21.2152,-0.1061,-0.0578,-0.0427
Herato0310,300001,350000,325846,27305,1441,27.9828,26.0886,0.035,0.0282,0.0203
Herato0310,350001,400000,375561,35540,4220,68.3679,74.0095,-0.0396,-0.0268,-0.019
Herato0310,400001,450000,424783,36007,3499,54.456,53.791,0.0061,0.0037,0.0027
Herato0310,450001,500000,475557,35215,4094,72.4205,69.2002,0.0227,0.0143,0.0106
Herato0310,500001,550000,525090,36090,3881,63.0038,64.2961,-0.0102,-0.0063,-0.0045
Herato0310,550001,600000,574615,32078,2743,41.1876,42.8996,-0.0204,-0.0101,-0.0075
Herato0310,600001,650000,625615,34826,3053,45.7043,46.7536,-0.0113,-0.0055,-0.0044
Herato0310,650001,700000,676386,30060,2840,42.8811,39.7412,0.038,0.0197,0.0147
Herato0310,700001,750000,725007,34721,3253,54.7357,45.5602,0.0915,0.0447,0.035
Herato0310,750001,800000,773586,32905,2998,50.9341,44.8604,0.0634,0.0345,0.026
Herato0310,800001,850000,824057,31892,3041,49.6757,48.6512,0.0104,0.0049,0.0039
Herato0310,850001,900000,873717,25633,259,4.1187,4.8424,-0.0808,-0.0443,-0.0341
Herato0310,900001,950000,926080,28878,2247,44.2546,36.7467,0.0927,0.0588,0.0454
Herato0310,950001,1000000,975240,36573,3898,59.2814,60.3087,-0.0086,-0.0048,-0.0036
Herato0310,1000001,1050000,1024988,32936,2634,42.0457,39.5469,0.0306,0.0139,0.0109
Herato0310,1050001,1100000,1073544,30075,2065,29.3099,31.4448,-0.0351,-0.015,-0.0116
Herato0310,1100001,1150000,1125767,27793,1424,19.9245,17.3753,0.0683,0.0306,0.0241
Herato0310,1150001,1200000,1175753,28477,2953,37.6973,40.8084,-0.0396,-0.0215,-0.0163
Herato0310,1200001,1250000,1223438,32113,2564,39.5743,39.1829,0.005,0.0018,0.0015
Herato0310,1250001,1300000,1275141,35611,3225,45.1374,44.2114,0.0104,0.0038,0.0031
Herato0310,1300001,1350000,1320871,28282,1855,21.7313,23.7924,-0.0453,-0.0182,-0.0144
Herato0310,1350001,1400000,1373808,28482,2305,31.2677,30.6178,0.0105,0.0039,0.0032
Herato0310,1400001,1450000,1425833,33824,3316,52.2396,50.6388,0.0156,0.009,0.0068
Herato0310,1450001,1500000,1475833,31652,2528,35.153,37.2685,-0.0292,-0.0132,-0.0104
Herato0310,1500001,1550000,1525348,33374,3162,46.2757,47.5296,-0.0134,-0.0059,-0.0046
Herato0310,1550001,1600000,1575714,33889,3591,50.1042,44.9995,0.0537,0.0344,0.025
Herato0310,1600001,1650000,1624967,34441,3433,59.3526,52.2332,0.0638,0.0351,0.0271
Herato0310,1650001,1700000,1674581,35106,3516,60.9314,69.7789,-0.0677,-0.0523,-0.0353
Herato0310,1700001,1750000,1731960,23831,1726,25.9692,28.9481,-0.0542,-0.0318,-0.0235
Herato0310,1750001,1800000,1776094,29367,2370,36.445,39.3831,-0.0387,-0.0223,-0.0166
Herato0310,1800001,1850000,1825747,33018,2689,39.7738,37.8551,0.0247,0.0148,0.0111
Herato0310,1850001,1900000,1875039,35363,3361,52.2174,54.7441,-0.0236,-0.0161,-0.0116
Herato0310,1900001,1950000,1924910,34357,3375,50.8563,50.0097,0.0084,0.0048,0.0036
Herato0310,1950001,2000000,1975015,34946,3190,53.3196,53.7361,-0.0039,-0.0029,-0.0021
Herato0310,2000001,2050000,2026564,35871,3248,49.9694,48.2691,0.0173,0.0103,0.0075
Herato0310,2050001,2100000,2075247,36164,3971,66.9361,67.3189,-0.0029,-0.0015,-0.0012
Herato0310,2100001,2150000,2124475,37409,2590,52.096,50.4606,0.0159,0.0109,0.0079
Herato0310,2150001,2200000,2175535,21958,817,18.3752,14.1863,0.1286,0.1163,0.0859
Herato0310,2200001,2250000,2225814,30819,2253,35.2592,33.3926,0.0272,0.0118,0.0092
Herato0310,2250001,2300000,2275278,34264,3039,44.3938,52.3142,-0.0819,-0.0387,-0.0298
Herato0310,2300001,2350000,2324991,36137,3145,53.0425,54.2412,-0.0112,-0.0055,-0.0043
Herato0310,2350001,2400000,2375012,36529,3601,55.4352,62.9363,-0.0634,-0.0311,-0.0237
Herato0310,2400001,2450000,2424488,36592,3032,40.9604,45.12,-0.0483,-0.0219,-0.0169
Herato0310,2450001,2500000,2471983,31947,2996,43.4488,40.8946,0.0303,0.0123,0.0099
Herato0310,2500001,2550000,2525765,35101,3004,44.6766,41.9463,0.0315,0.0151,0.012
Herato0310,2550001,2600000,2576171,34002,3025,55.003,46.1056,0.088,0.0501,0.0381
Herato0310,2600001,2650000,2625836,33078,2593,39.4613,42.4469,-0.0365,-0.0166,-0.0128
Herato0310,2650001,2700000,2675115,22553,1695,27.5672,20.3907,0.1496,0.06,0.0455
Herato0310,2700001,2750000,2724814,34954,2910,43.5067,44.7298,-0.0139,-0.0057,-0.0046
Herato0310,2750001,2800000,2776863,32576,2889,40.4667,39.2118,0.0158,0.0067,0.0052
Herato0310,2800001,2850000,2824438,33572,2446,36.1578,35.2125,0.0132,0.0051,0.0041
Herato0310,2850001,2900000,2875965,32732,2459,41.3059,40.3348,0.0119,0.0057,0.0045
Herato0310,2900001,2950000,2925917,33378,2717,43.9013,36.2527,0.0954,0.0388,0.0312
Herato0310,2950001,3000000,2975650,30911,2180,37.4174,37.2718,0.0019,0.0009,0.0007
Herato0310,3000001,3050000,3025544,28314,1640,21.8091,29.6767,-0.1528,-0.0527,-0.042
Herato0310,3050001,3100000,3076297,32766,1861,23.0772,35.0484,-0.206,-0.0907,-0.0689
Herato0310,3100001,3150000,3123615,31388,1917,29.4501,23.2193,0.1183,0.0516,0.0414
Herato0310,3150001,3200000,3176451,24552,1396,22.0234,20.5874,0.0337,0.0162,0.0124
Herato0310,3200001,3250000,3225131,34937,2525,36.7738,39.2908,-0.0331,-0.0127,-0.0103
Herato0310,3250001,3300000,3275959,37528,4014,69.2259,69.5691,-0.0025,-0.0013,-0.001
Herato0310,3300001,3350000,3324151,34250,3438,62.8434,55.3405,0.0635,0.0342,0.0263
Herato0310,3350001,3400000,3374313,35317,3081,62.3002,63.8962,-0.0126,-0.0088,-0.0066
Herato0310,3400001,3450000,3425259,35547,3697,61.1609,61.2624,-0.0008,-0.0005,-0.0004
Herato0310,3450001,3500000,3475049,38838,4483,77.3712,68.1153,0.0636,0.0371,0.0289
Herato0310,3500001,3550000,3523384,25782,2554,50.6021,40.5927,0.1098,0.0543,0.0435
Herato0310,3550001,3600000,3575332,32534,2809,53.3823,46.2575,0.0715,0.0333,0.0271
Herato0310,3600001,3650000,3624885,36679,3546,63.7042,56.5288,0.0597,0.0356,0.0266
Herato0310,3650001,3700000,3675004,39363,3571,56.2557,66.084,-0.0803,-0.0425,-0.0325
Herato0310,3700001,3750000,3724995,38363,3539,59.9279,60.8372,-0.0075,-0.0041,-0.0032
Herato0310,3750001,3800000,3774885,39179,3956,64.2237,64.6493,-0.0033,-0.0018,-0.0014
Herato0310,3800001,3850000,3825291,33519,3446,54.7095,52.8205,0.0176,0.0088,0.0066
Herato0310,3850001,3900000,3868891,26952,2317,37.0077,37.8092,-0.0107,-0.0054,-0.004
Herato0310,3900001,3950000,3929122,28790,2453,35.8204,36.6774,-0.0118,-0.0062,-0.0046
Herato0310,3950001,4000000,3973884,33563,2825,38.5355,36.027,0.0336,0.0155,0.012
Herato0310,4000001,4050000,4025793,24732,1352,22.9992,17.2681,0.1423,0.0708,0.0554
Herato0310,4050001,4100000,4074964,35730,3250,54.2101,52.4267,0.0167,0.0077,0.0061
Herato0310,4100001,4150000,4124660,32228,2811,44.4327,46.693,-0.0248,-0.0128,-0.0097
Herato0310,4150001,4200000,4174711,35508,2840,46.455,43.2671,0.0355,0.0167,0.013
Herato0310,4200001,4250000,4224366,34010,3165,43.8219,58.206,-0.141,-0.0614,-0.0483
Herato0310,4250001,4300000,4275359,38990,3709,64.4199,62.2137,0.0174,0.0094,0.007
Herato0310,4300001,4350000,4325307,39042,3199,48.8002,47.6252,0.0122,0.0052,0.0042
Herato0310,4350001,4400000,4374429,35812,3901,59.1099,56.1469,0.0257,0.0119,0.0093
Herato0310,4400001,4450000,4423789,38805,3219,54.4234,49.7632,0.0447,0.0206,0.0164
Herato0310,4450001,4500000,4474728,35771,2776,42.5682,42.9868,-0.0049,-0.0024,-0.0018
Herato0310,4500001,4550000,4525281,32034,2437,39.3695,41.3854,-0.025,-0.0118,-0.009
Herato0310,4550001,4600000,4575790,32246,2555,37.7688,38.7524,-0.0129,-0.0064,-0.005
Herato0310,4600001,4650000,4624738,35915,2969,43.5164,42.6722,0.0098,0.0055,0.0041
Herato0310,4650001,4700000,4675178,36760,3695,62.3979,61.6931,0.0057,0.0029,0.0023
Herato0310,4700001,4750000,4724930,37811,4281,63.2706,69.6403,-0.0479,-0.0227,-0.0174
Herato0310,4750001,4800000,4775356,37724,3699,62.7239,56.2118,0.0548,0.0252,0.0196
Herato0310,4800001,4850000,4820246,28691,2359,38.5189,39.5746,-0.0135,-0.0055,-0.0044
Herato0310,4850001,4900000,4875352,38238,4163,75.3174,67.0169,0.0583,0.0295,0.0231
Herato0310,4900001,4950000,4924387,35887,3941,61.0309,60.0047,0.0085,0.0036,0.0028
Herato0310,4950001,5000000,4974709,39076,3736,62.9713,65.6435,-0.0208,-0.0104,-0.0078
Herato0310,5000001,5050000,5026574,33970,3198,60.0922,57.1896,0.0247,0.0139,0.0105
Herato0310,5050001,5100000,5074381,32974,3142,53.4674,59.627,-0.0545,-0.0279,-0.0208
Herato0310,5100001,5150000,5126206,36131,3244,60.1372,61.6417,-0.0124,-0.0057,-0.0044
Herato0310,5150001,5200000,5174903,39560,3886,66.6076,70.3026,-0.027,-0.012,-0.0094
Herato0310,5200001,5250000,5222187,33871,3517,56.9454,51.8761,0.0466,0.0244,0.0186
Herato0310,5250001,5300000,5274961,35496,3172,59.5662,57.9505,0.0137,0.0064,0.0051
Herato0310,5300001,5350000,5324984,37470,3654,62.9596,66.1147,-0.0244,-0.0132,-0.0098
Herato0310,5350001,5400000,5374926,37377,3802,55.545,64.9663,-0.0782,-0.0419,-0.0321
Herato0310,5400001,5450000,5428853,20929,1762,30.6246,33.6585,-0.0472,-0.0288,-0.0221
Herato0310,5450001,5500000,5474746,36735,3763,57.0026,67.9096,-0.0873,-0.0449,-0.0342
Herato0310,5500001,5550000,5523032,34257,3265,55.7899,59.389,-0.0312,-0.0177,-0.0133
Herato0310,5550001,5600000,5568751,21247,1472,21.4251,22.8378,-0.0319,-0.015,-0.0118
Herato0310,5600001,5650000,5625799,34995,3204,47.1914,53.5978,-0.0636,-0.0322,-0.025
Herato0310,5650001,5700000,5675018,35071,3394,50.9856,53.1223,-0.0205,-0.0095,-0.0075
Herato0310,5700001,5750000,5724575,33730,3217,58.5753,53.0829,0.0492,0.0303,0.0227
Herato0310,5750001,5800000,5777011,35964,3268,59.1051,68.8282,-0.076,-0.0396,-0.0306
Herato0310,5800001,5850000,5824933,35340,3037,54.4472,51.8269,0.0247,0.0121,0.0096
Herato0310,5850001,5900000,5873588,33450,2879,54.732,49.5475,0.0497,0.0286,0.0216
Herato0310,5900001,5950000,5924847,33313,2831,47.289,51.2171,-0.0399,-0.016,-0.013
Herato0310,5950001,6000000,5974266,36175,3207,49.3289,56.9812,-0.072,-0.0427,-0.0315
Herato0310,6000001,6050000,6024081,31422,2616,38.9435,48.1508,-0.1057,-0.0502,-0.0384
Herato0310,6050001,6100000,6075626,30515,2588,47.4464,36.273,0.1335,0.0547,0.0456
Herato0310,6100001,6150000,6125018,35067,3602,60.0136,64.1865,-0.0336,-0.0179,-0.0138
Herato0310,6150001,6200000,6174033,26148,2342,36.5654,32.7043,0.0557,0.0248,0.0201
Herato0310,6200001,6250000,6224495,30317,2492,31.4676,28.664,0.0466,0.0209,0.0166
Herato0310,6250001,6300000,6275055,32279,2940,28.8091,31.0874,-0.038,-0.0157,-0.0123
Herato0310,6300001,6350000,6323969,27084,2368,21.1862,24.3873,-0.0702,-0.0262,-0.0202
Herato0310,6350001,6400000,6375976,28638,1759,29.1553,24.7712,0.0813,0.0442,0.0344
Herato0310,6400001,6450000,6425077,28856,1742,19.0966,23.2527,-0.0981,-0.0329,-0.0258
Herato0310,6450001,6500000,6475951,31730,1706,22.0274,20.0944,0.0459,0.018,0.0142
Herato0310,6500001,6550000,6523083,31201,1925,25.7599,28.5699,-0.0517,-0.0201,-0.0161
Herato0310,6550001,6600000,6575972,29303,2021,26.7318,28.5007,-0.032,-0.0117,-0.0095
Herato0310,6600001,6650000,6625237,33327,2405,30.39,33.4995,-0.0487,-0.0153,-0.0123
Herato0310,6650001,6700000,6673665,31013,1648,21.9506,22.2349,-0.0064,-0.0031,-0.0023
Herato0310,6700001,6750000,6726100,27463,1212,17.3962,13.7854,0.1158,0.0568,0.0458
Herato0310,6750001,6800000,6772212,25083,943,13.8083,12.1114,0.0655,0.0442,0.0326
Herato0310,6800001,6850000,6826533,30138,1927,30.8488,29.7996,0.0173,0.0078,0.0062
Herato0310,6850001,6900000,6873436,30986,1558,17.1561,17.3412,-0.0054,-0.0025,-0.0019
Herato0310,6900001,6950000,6928411,28363,1580,17.3404,19.6509,-0.0625,-0.0176,-0.0153
Herato0310,6950001,7000000,6972288,24211,898,11.1038,6.9696,0.2287,0.0661,0.057
Herato0310,7000001,7050000,7021966,14049,375,3.8424,3.0548,0.1142,0.0364,0.0298
Herato0310,7050001,7100000,7075852,25000,725,6.5432,7.8742,-0.0923,-0.0265,-0.022
Herato0310,7100001,7150000,7124380,28935,631,12.6921,10.3802,0.1002,0.0497,0.0414
Herato0310,7150001,7200000,7174915,28493,970,14.0233,8.6643,0.2362,0.0448,0.0378
Herato0310,7200001,7250000,7225905,34950,1997,24.4054,27.9499,-0.0677,-0.0199,-0.0166
Herato0310,7250001,7300000,7275354,34273,3133,48.5755,54.2763,-0.0554,-0.0254,-0.0195
Herato0310,7300001,7350000,7325182,36795,2881,57.7855,58.4486,-0.0057,-0.0026,-0.0021
Herato0310,7350001,7400000,7374504,35575,3328,56.2156,50.8258,0.0504,0.019,0.0155
Herato0310,7400001,7450000,7422452,33496,3029,47.0182,54.1784,-0.0708,-0.0285,-0.0225
Herato0310,7450001,7500000,7474726,35207,3619,63.5101,70.2116,-0.0501,-0.023,-0.0181
Herato0310,7500001,7550000,7525511,38516,3485,63.0775,57.8318,0.0434,0.0216,0.017
Herato0310,7550001,7600000,7575954,31755,2597,49.1472,60.2193,-0.1012,-0.0481,-0.0371
Herato0310,7600001,7650000,7624834,29563,2568,53.9099,44.6898,0.0935,0.0409,0.0326
Herato0310,7650001,7700000,7675612,37552,2638,42.9423,41.9591,0.0116,0.0039,0.0031
Herato0310,7700001,7750000,7724497,37202,3186,55.794,59.857,-0.0351,-0.0146,-0.0115
Herato0310,7750001,7800000,7775679,39210,3802,59.2668,72.3832,-0.0996,-0.0355,-0.0281
Herato0310,7800001,7850000,7824754,37452,4122,89.5558,75.4163,0.0857,0.0365,0.0299
Herato0310,7850001,7900000,7874982,38046,4156,71.9021,84.7537,-0.082,-0.035,-0.0271
Herato0310,7900001,7950000,7924600,37141,4290,59.5476,61.3252,-0.0147,-0.0053,-0.0042
Herato0310,7950001,8000000,7976907,34065,3127,50.2794,61.8764,-0.1034,-0.0443,-0.0344
Herato0310,8000001,8050000,8024747,36145,3900,81.6623,74.3248,0.047,0.0222,0.0171
Herato0310,8050001,8100000,8075597,37870,3669,55.3544,60.7415,-0.0464,-0.0169,-0.0133
Herato0310,8100001,8150000,8124778,36605,3535,58.0114,58.84,-0.0071,-0.0026,-0.0021
Herato0310,8150001,8200000,8174196,35271,3279,54.8385,56.6416,-0.0162,-0.0066,-0.0052
Herato0310,8200001,8250000,8224918,37762,3777,64.7304,57.5858,0.0584,0.0231,0.0186
Herato0310,8250001,8300000,8275212,31098,3150,43.1851,44.1438,-0.011,-0.0058,-0.0042
Herato0310,8300001,8350000,8325060,33090,3205,42.6668,49.5587,-0.0747,-0.0365,-0.0268
Herato0310,8350001,8400000,8372598,30633,2655,42.8271,41.1804,0.0196,0.0078,0.0062
Herato0310,8400001,8450000,8424697,30470,1636,23.0079,22.198,0.0179,0.0059,0.0047
Herato0310,8450001,8500000,8475132,33469,2804,44.3302,46.8974,-0.0281,-0.0096,-0.0077
Herato0310,8500001,8550000,8524807,33533,2268,32.974,46.0682,-0.1657,-0.0582,-0.045
Herato0310,8550001,8600000,8574121,31777,1952,31.8967,31.7215,0.0028,0.0009,0.0008
Herato0310,8600001,8650000,8627107,31516,2513,46.1981,51.5165,-0.0544,-0.0271,-0.0195
Herato0310,8650001,8700000,8672603,28694,1975,39.9399,36.7186,0.042,0.0189,0.0149
Herato0310,8700001,8750000,8724915,36621,3019,46.581,52.1067,-0.056,-0.0219,-0.0175
Herato0310,8750001,8800000,8774815,32218,2854,47.433,45.425,0.0216,0.0075,0.0062
Herato0310,8800001,8850000,8824096,28218,1085,19.3008,15.3263,0.1148,0.0373,0.0312
Herato0310,8850001,8900000,8875345,36454,2373,41.8171,45.5346,-0.0426,-0.0171,-0.0136
Herato0310,8900001,8950000,8924922,34644,2873,55.8465,52.7235,0.0288,0.0121,0.0096
Herato0310,8950001,9000000,8975038,37016,2614,56.152,71.6774,-0.1215,-0.0753,-0.0564
Herato0310,9000001,9050000,9024774,38957,3465,75.9205,56.6108,0.1457,0.0633,0.0508
Herato0310,9050001,9100000,9075006,36182,2975,45.7431,49.1777,-0.0362,-0.0128,-0.0104
Herato0310,9100001,9150000,9125590,36506,3318,60.1507,64.3081,-0.0334,-0.0163,-0.0125
Herato0310,9150001,9200000,9174384,36347,3033,62.437,50.8414,0.1024,0.0403,0.0332
Herato0310,9200001,9250000,9225679,33415,2381,52.2788,46.3037,0.0606,0.0247,0.0201
Herato0310,9250001,9300000,9275445,38078,3306,55.8872,53.5309,0.0215,0.0078,0.0064
Herato0310,9300001,9350000,9323639,37112,3749,65.6521,66.8204,-0.0088,-0.0042,-0.0033
Herato0310,9350001,9400000,9375189,34772,2819,47.2674,54.1694,-0.068,-0.03,-0.0234
Herato0310,9400001,9450000,9424654,33210,984,25.5716,26.8382,-0.0242,-0.0164,-0.0123
Herato0310,9450001,9500000,9474632,31456,2463,39.4012,44.3291,-0.0589,-0.0192,-0.0149
Herato0310,9500001,9550000,9525159,34405,2725,45.3262,49.427,-0.0433,-0.0147,-0.0116
Herato0310,9550001,9600000,9573735,32290,2496,39.3112,51.1672,-0.131,-0.0555,-0.0417
Herato0310,9600001,9650000,9624138,32819,3115,45.3222,49.0402,-0.0394,-0.0182,-0.014
Herato0310,9650001,9700000,9675007,35629,3587,67.7805,61.1662,0.0513,0.0249,0.0193
Herato0310,9700001,9750000,9724439,32373,2342,56.1205,47.1157,0.0872,0.0456,0.0349
Herato0310,9750001,9800000,9775021,34079,3587,64.8628,63.4514,0.011,0.004,0.0031
Herato0310,9800001,9850000,9827845,25350,1700,25.4174,28.683,-0.0604,-0.0255,-0.0193
Herato0310,9850001,9900000,9874088,33925,2405,40.7868,39.6954,0.0136,0.0053,0.0041
Herato0310,9900001,9950000,9926128,28851,1867,37.3447,32.883,0.0635,0.0321,0.0241
Herato0310,9950001,10000000,9975051,38019,3532,63.8035,69.1891,-0.0405,-0.0241,-0.0179
Herato0310,10000001,10050000,10024658,36893,3825,54.421,50.9388,0.0331,0.0145,0.0114
Herato0310,10050001,10100000,10075325,36248,4310,62.8723,71.0255,-0.0609,-0.0266,-0.0205
Herato0310,10100001,10150000,10124585,36804,3497,61.971,53.2258,0.0759,0.0293,0.0235
Herato0310,10150001,10200000,10175106,37717,3834,59.5172,66.447,-0.055,-0.0249,-0.0192
Herato0310,10200001,10250000,10224792,34094,3243,58.0941,56.1819,0.0167,0.0071,0.0056
Herato0310,10250001,10300000,10275766,32283,2608,48.7363,48.562,0.0018,0.0008,0.0006
Herato0310,10300001,10350000,10324702,37615,3549,71.4744,70.0806,0.0098,0.0054,0.0041
Herato0310,10350001,10400000,10375005,38280,4461,67.0127,79.1321,-0.0829,-0.0333,-0.0263
Herato0310,10400001,10450000,10424991,36604,3671,55.4164,57.2066,-0.0159,-0.0062,-0.0048
Herato0310,10450001,10500000,10475058,37032,3483,64.1291,69.7082,-0.0417,-0.0237,-0.0171
Herato0310,10500001,10550000,10525614,40964,2201,38.4046,37.6816,0.0095,0.0048,0.0037
Herato0310,10550001,10600000,10575561,39361,1337,14.0078,13.1234,0.0326,0.0111,0.0086
Herato0310,10600001,10650000,10624468,33763,981,16.8652,16.3537,0.0154,0.0071,0.0048
Herato0310,10650001,10700000,10669093,31613,1274,6.3927,8.1269,-0.1194,-0.0261,-0.0201
