scaffold,start,end,mid,sites,sitesUsed,ABBA,BABA,D,fd,fdM
Herato0701,1,50000,25833,37803,2447,38.9348,33.6592,0.0727,0.0461,0.034
Herato0701,50001,100000,76977,31721,2204,47.6273,48.5365,-0.0095,-0.0064,-0.0048
Herato0701,100001,150000,125849,38883,3802,94.3967,97.4581,-0.016,-0.0098,-0.0073
Herato0701,150001,200000,174792,38140,3159,52.1663,68.7544,-0.1372,-0.1216,-0.0828
Herato0701,200001,250000,225197,40289,3179,56.8511,47.2751,0.092,0.0575,0.0428
Herato0701,250001,300000,276493,34062,3691,72.9505,73.1244,-0.0012,-0.0008,-0.0006
Herato0701,300001,350000,325884,34881,4295,74.5734,71.1892,0.0232,0.0118,0.0091
Herato0701,350001,400000,374962,36004,3429,68.5426,75.3765,-0.0475,-0.0286,-0.0213
Herato0701,400001,450000,426953,35213,4043,80.9607,75.0953,0.0376,0.0239,0.0178
Herato0701,450001,500000,475264,37199,4343,75.593,76.3074,-0.0047,-0.0026,-0.0019
Herato0701,500001,550000,524416,37843,3305,61.0028,52.9945,0.0703,0.0365,0.0274
Herato0701,550001,600000,573978,35274,3935,98.644,64.3228,0.2106,0.1306,0.0993
Herato0701,600001,650000,626390,35641,2730,64.3483,41.5402,0.2154,0.1511,0.1083
Herato0701,650001,700000,673029,31245,3472,64.1146,59.3867,0.0383,0.0195,0.015
Herato0701,700001,750000,729093,25347,3156,60.4907,60.2125,0.0023,0.0012,0.001
Herato0701,750001,800000,774756,36105,3965,64.5477,65.6734,-0.0086,-0.0039,-0.0031
Herato0701,800001,850000,825437,32082,3565,60.2147,57.374,0.0242,0.0106,0.0084
Herato0701,850001,900000,874793,37448,3225,63.9452,58.8608,0.0414,0.017,0.0135
Herato0701,900001,950000,924722,36742,3509,61.2532,65.225,-0.0314,-0.0152,-0.0115
Herato0701,950001,1000000,975030,35857,3534,58.2679,56.2179,0.0179,0.0135,0.0089
Herato0701,1000001,1050000,1025533,35327,3756,67.767,60.4882,0.0568,0.0301,0.0228
Herato0701,1050001,1100000,1076315,32616,2695,53.2368,46.2042,0.0707,0.0256,0.021
Herato0701,1100001,1150000,1125830,35196,3205,51.4181,54.4992,-0.0291,-0.012,-0.0095
Herato0701,1150001,1200000,1175469,39521,3761,94.8394,85.4677,0.052,0.0225,0.0181
Herato0701,1200001,1250000,1223365,40348,2098,46.8919,41.5893,0.0599,0.0375,0.026
Herato0701,1250001,1300000,1275132,37180,3266,74.4933,73.307,0.008,0.0047,0.0035
Herato0701,1300001,1350000,1325289,38254,4358,76.6926,88.6012,-0.072,-0.0555,-0.0354
Herato0701,1350001,1400000,1373539,26016,2877,58.1121,52.6797,0.049,0.0283,0.0211
Herato0701,1400001,1450000,1425170,34844,3849,56.7151,59.6556,-0.0253,-0.009,-0.0074
Herato0701,1450001,1500000,1474728,37627,3404,49.0035,54.4028,-0.0522,-0.0165,-0.0135
Herato0701,1500001,1550000,1524598,31132,3036,39.9812,45.8153,-0.068,-0.0197,-0.0163
Herato0701,1550001,1600000,1574783,38702,3058,56.4088,58.8348,-0.0211,-0.0087,-0.0067
Herato0701,1600001,1650000,1625624,30710,2751,47.3537,42.4699,0.0544,0.0203,0.0166
Herato0701,1650001,1700000,1675392,36731,3269,58.2108,63.4808,-0.0433,-0.0155,-0.0126
Herato0701,1700001,1750000,1725760,31406,2567,43.1337,38.0675,0.0624,0.0248,0.02
Herato0701,1750001,1800000,1775239,33369,3338,47.2975,47.6865,-0.0041,-0.0013,-0.0011
Herato0701,1800001,1850000,1822877,28521,2233,31.9309,30.791,0.0182,0.0067,0.0055
Herato0701,1850001,1900000,1874462,35338,3267,63.9012,54.2401,0.0818,0.0326,0.0264
Herato0701,1900001,1950000,1926470,29202,2640,42.7244,34.8283,0.1018,0.0405,0.0327
Herato0701,1950001,2000000,1975146,35632,3138,46.4449,44.5228,0.0211,0.0093,0.0071
Herato0701,2000001,2050000,2024710,37117,3011,45.3556,46.6779,-0.0144,-0.0044,-0.0036
Herato0701,2050001,2100000,2074653,34965,3342,43.7004,45.9569,-0.0252,-0.0074,-0.0062
Herato0701,2100001,2150000,2123115,33912,3334,69.2672,55.3124,0.112,0.0373,0.0316
Herato0701,2150001,2200000,2168860,23551,2243,31.8533,33.9057,-0.0312,-0.0113,-0.0092
Herato0701,2200001,2250000,2223846,33666,2934,47.1241,46.094,0.0111,0.0042,0.0034
Herato0701,2250001,2300000,2274741,35040,3528,73.8469,70.8183,0.0209,0.0086,0.0068
Herato0701,2300001,2350000,2324040,33284,2363,47.0714,50.8237,-0.0383,-0.0194,-0.0151
Herato0701,2350001,2400000,2374809,35632,3737,48.7541,54.1599,-0.0525,-0.0199,-0.0152
Herato0701,2400001,2450000,2424882,35200,3612,67.7815,55.4513,0.1001,0.0474,0.037
Herato0701,2450001,2500000,2474852,35125,2930,58.7659,45.6907,0.1252,0.048,0.0388
Herato0701,2500001,2550000,2524670,37560,4310,84.7387,81.9574,0.0167,0.008,0.0063
Herato0701,2550001,2600000,2569777,28364,3037,45.7377,49.2012,-0.0365,-0.0152,-0.0119
Herato0701,2600001,2650000,2629038,30112,3227,53.5454,49.4064,0.0402,0.0204,0.0158
Herato0701,2650001,2700000,2674983,34243,3671,56.3952,63.0699,-0.0559,-0.0256,-0.0195
Herato0701,2700001,2750000,2723873,33902,2528,49.1642,52.8239,-0.0359,-0.0167,-0.0128
Herato0701,2750001,2800000,2775687,33307,3916,67.2402,62.5776,0.0359,0.0181,0.0139
Herato0701,2800001,2850000,2823749,33559,3649,58.2203,63.2355,-0.0413,-0.0229,-0.0171
Herato0701,2850001,2900000,2875823,33609,3513,69.6894,64.4089,0.0394,0.0216,0.0163
Herato0701,2900001,2950000,2925181,31878,3110,60.125,54.7827,0.0465,0.03,0.022
Herato0701,2950001,3000000,2975068,36433,3763,71.817,64.8839,0.0507,0.0294,0.0216
Herato0701,3000001,3050000,3025170,34731,3157,60.4663,68.9192,-0.0653,-0.0307,-0.0236
Herato0701,3050001,3100000,3074854,35052,3357,55.9385,56.7928,-0.0076,-0.0032,-0.0025
Herato0701,3100001,3150000,3125487,35183,4165,69.5204,63.7968,0.0429,0.0186,0.0147
Herato0701,3150001,3200000,3174907,36851,4422,83.9778,77.8473,0.0379,0.018,0.0141
Herato0701,3200001,3250000,3224972,36226,3992,65.1498,77.2554,-0.085,-0.037,-0.0291
Herato0701,3250001,3300000,3274499,33381,3115,51.9358,49.1118,0.0279,0.0133,0.0103
Herato0701,3300001,3350000,3325362,35161,3829,64.3741,59.7535,0.0372,0.0171,0.0132
Herato0701,3350001,3400000,3375000,34549,3939,52.7236,56.9614,-0.0386,-0.0196,-0.0144
Herato0701,3400001,3450000,3424031,29388,3261,49.6333,57.3127,-0.0718,-0.0441,-0.0314
Herato0701,3450001,3500000,3476150,32755,3881,57.979,60.6435,-0.0225,-0.0139,-0.0101
Herato0701,3500001,3550000,3525176,35710,3444,58.6911,55.8352,0.0249,0.0132,0.0102
Herato0701,3550001,3600000,3574508,36378,3822,63.8096,65.1154,-0.0101,-0.0057,-0.0043
Herato0701,3600001,3650000,3625070,35804,3523,60.3788,60.8592,-0.004,-0.0015,-0.0012
Herato0701,3650001,3700000,3677302,29727,2404,42.657,36.4059,0.0791,0.0336,0.0275
Herato0701,3700001,3750000,3723860,36856,3724,69.1731,62.9033,0.0475,0.0257,0.02
Herato0701,3750001,3800000,3776187,38019,3260,52.9558,47.273,0.0567,0.0219,0.0177
Herato0701,3800001,3850000,3824672,36959,3720,58.8694,61.6542,-0.0231,-0.0097,-0.0077
Herato0701,3850001,3900000,3874742,38109,4065,60.8643,67.3523,-0.0506,-0.0225,-0.0174
Herato0701,3900001,3950000,3924284,31547,3719,65.2654,66.9316,-0.0126,-0.0054,-0.0044
Herato0701,3950001,4000000,3975568,37688,3185,53.4316,53.7345,-0.0028,-0.001,-0.0008
Herato0701,4000001,4050000,4023870,32433,3036,51.3213,46.4027,0.0503,0.0243,0.0187
Herato0701,4050001,4100000,4075771,36843,3153,51.8722,52.1031,-0.0022,-0.0007,-0.0006
Herato0701,4100001,4150000,4125056,37068,2993,54.1834,58.8791,-0.0415,-0.0191,-0.0149
Herato0701,4150001,4200000,4175283,27676,2528,48.3513,45.4239,0.0312,0.0127,0.0104
Herato0701,4200001,4250000,4225449,36848,3339,78.6792,68.4762,0.0693,0.0326,0.0268
Herato0701,4250001,4300000,4275075,35531,3449,57.8945,63.524,-0.0464,-0.0194,-0.0155
Herato0701,4300001,4350000,4324427,35952,2835,45.2634,51.7798,-0.0671,-0.0341,-0.0266
Herato0701,4350001,4400000,4374507,37147,3065,66.6538,69.4453,-0.0205,-0.014,-0.0108
Herato0701,4400001,4450000,4424897,36493,3266,52.6143,62.9975,-0.0898,-0.0427,-0.0325
Herato0701,4450001,4500000,4474196,37534,3321,55.2041,57.2788,-0.0184,-0.0084,-0.0066
Herato0701,4500001,4550000,4525203,35978,3507,57.1987,56.0639,0.01,0.0046,0.0036
Herato0701,4550001,4600000,4575097,35447,3582,63.4596,56.7554,0.0558,0.0205,0.0165
Herato0701,4600001,4650000,4624841,35176,3824,68.154,57.0206,0.0889,0.0385,0.0302
Herato0701,4650001,4700000,4675424,35303,4022,54.8421,56.0956,-0.0113,-0.0056,-0.0041
Herato0701,4700001,4750000,4724238,31246,1684,23.1622,27.517,-0.0859,-0.0371,-0.0293
Herato0701,4750001,4800000,4775784,34840,2345,39.686,37.3448,0.0304,0.0145,0.0107
Herato0701,4800001,4850000,4825512,34941,3501,51.4306,52.7333,-0.0125,-0.004,-0.0033
Herato0701,4850001,4900000,4875299,37570,2592,38.9141,34.9678,0.0534,0.019,0.0154
Herato0701,4900001,4950000,4923386,31480,2890,38.3488,42.4424,-0.0507,-0.0168,-0.0135
Herato0701,4950001,5000000,4975868,35956,2570,38.2309,41.4111,-0.0399,-0.0149,-0.012
Herato0701,5000001,5050000,5024485,37797,3171,51.0302,56.3735,-0.0497,-0.0182,-0.0147
Herato0701,5050001,5100000,5074695,35914,3009,45.8619,48.36,-0.0265,-0.0131,-0.0098
Herato0701,5100001,5150000,5124991,36340,3836,69.6499,61.3801,0.0631,0.0287,0.0223
Herato0701,5150001,5200000,5174782,38636,4355,66.6069,59.4193,0.057,0.0228,0.0184
Herato0701,5200001,5250000,5224825,35791,3714,70.4162,60.1178,0.0789,0.0365,0.0285
Herato0701,5250001,5300000,5276047,33230,2839,48.8575,53.1945,-0.0425,-0.0243,-0.018
Herato0701,5300001,5350000,5325034,36182,3925,72.625,67.9641,0.0332,0.0203,0.0147
Herato0701,5350001,5400000,5373903,38312,3773,76.4456,86.8896,-0.0639,-0.032,-0.0249
Herato0701,5400001,5450000,5424894,37249,3078,62.0454,54.5234,0.0645,0.0233,0.0191
Herato0701,5450001,5500000,5475357,37542,3304,55.8964,65.8484,-0.0817,-0.0303,-0.0237
Herato0701,5500001,5550000,5524958,38080,2923,49.7142,54.0559,-0.0418,-0.014,-0.0112
Herato0701,5550001,5600000,5574127,38958,3804,72.5856,78.2002,-0.0372,-0.0175,-0.0134
Herato0701,5600001,5650000,5624827,35708,3254,59.0572,49.6899,0.0861,0.0343,0.0274
Herato0701,5650001,5700000,5674578,31666,2326,41.6559,45.6475,-0.0457,-0.0169,-0.0133
Herato0701,5700001,5750000,5725233,37329,3158,56.7502,67.0053,-0.0829,-0.0324,-0.0255
Herato0701,5750001,5800000,5775009,32800,3869,70.1633,58.8937,0.0873,0.0433,0.0334
Herato0701,5800001,5850000,5825223,36617,3387,65.6734,60.1279,0.0441,0.0178,0.0144
Herato0701,5850001,5900000,5875114,34340,2712,46.8025,46.4099,0.0042,0.0017,0.0013
Herato0701,5900001,5950000,5925074,31273,3276,47.8524,53.0141,-0.0512,-0.0223,-0.0172
Herato0701,5950001,6000000,5974671,32566,2741,39.6821,39.4418,0.003,0.0012,0.001
Herato0701,6000001,6050000,6025738,33294,3478,34.6835,35.4361,-0.0107,-0.0036,-0.0029
Herato0701,6050001,6100000,6076341,31389,3018,45.2866,46.5211,-0.0134,-0.0069,-0.0053
Herato0701,6100001,6150000,6126334,36831,3076,60.1398,43.7216,0.1581,0.063,0.0525
Herato0701,6150001,6200000,6174036,36201,3614,66.3358,61.5879,0.0371,0.0184,0.0144
Herato0701,6200001,6250000,6225092,34387,3742,54.7312,61.1993,-0.0558,-0.0286,-0.0216
Herato0701,6250001,6300000,6274739,34997,4093,71.8279,69.6434,0.0154,0.007,0.0056
Herato0701,6300001,6350000,6324939,34118,4195,63.4754,62.9331,0.0043,0.0019,0.0016
Herato0701,6350001,6400000,6374376,35154,3961,67.1131,80.4923,-0.0906,-0.04,-0.032
Herato0701,6400001,6450000,6424908,35624,4124,65.4606,67.3437,-0.0142,-0.0053,-0.0042
Herato0701,6450001,6500000,6475397,36046,3861,79.8523,78.5411,0.0083,0.0041,0.0032
Herato0701,6500001,6550000,6524851,36255,3359,63.6982,61.3814,0.0185,0.0085,0.0068
Herato0701,6550001,6600000,6575148,34710,3866,71.7679,69.0983,0.019,0.0097,0.0076
Herato0701,6600001,6650000,6626312,38401,3795,66.8204,72.8641,-0.0433,-0.0277,-0.0203
Herato0701,6650001,6700000,6674289,39661,3816,61.138,62.6805,-0.0125,-0.0065,-0.005
Herato0701,6700001,6750000,6724561,35972,3452,54.7123,56.523,-0.0163,-0.0063,-0.0049
Herato0701,6750001,6800000,6774989,35021,3988,61.3671,63.7047,-0.0187,-0.0098,-0.0073
Herato0701,6800001,6850000,6825061,35012,4231,63.7784,75.5477,-0.0845,-0.0403,-0.0306
Herato0701,6850001,6900000,6875198,35644,3611,52.1316,55.0887,-0.0276,-0.0119,-0.0093
Herato0701,6900001,6950000,6928418,26730,1826,27.7204,34.8806,-0.1144,-0.0496,-0.0389
Herato0701,6950001,7000000,6975109,31886,2327,39.078,44.5098,-0.065,-0.0302,-0.0235
Herato0701,7000001,7050000,7024804,34661,3567,52.9626,51.0194,0.0187,0.0075,0.0061
Herato0701,7050001,7100000,7074610,33921,2776,46.4023,38.7519,0.0898,0.0382,0.0307
Herato0701,7100001,7150000,7125344,33502,2795,45.1212,41.3457,0.0437,0.0149,0.0123
Herato0701,7150001,7200000,7174389,36362,3614,51.7898,58.9884,-0.065,-0.0259,-0.0203
Herato0701,7200001,7250000,7224586,33498,3333,48.5152,48.2838,0.0024,0.0009,0.0007
Herato0701,7250001,7300000,7274907,35069,3275,50.2474,55.4305,-0.049,-0.0174,-0.0144
Herato0701,7300001,7350000,7324617,34528,3372,50.6577,53.2168,-0.0246,-0.0112,-0.0087
Herato0701,7350001,7400000,7375503,33311,2127,32.1317,25.6342,0.1125,0.047,0.0374
Herato0701,7400001,7450000,7425153,35968,4109,64.2193,71.4741,-0.0535,-0.0226,-0.0177
Herato0701,7450001,7500000,7475608,35034,3134,46.0555,48.1032,-0.0217,-0.0101,-0.0078
Herato0701,7500001,7550000,7525509,33336,2857,47.9397,71.4234,-0.1967,-0.0988,-0.0754
Herato0701,7550001,7600000,7572657,25222,1875,42.1489,40.2909,0.0225,0.0105,0.0083
Herato0701,7600001,7650000,7624601,35534,3506,61.1529,57.3592,0.032,0.0126,0.0102
Herato0701,7650001,7700000,7674200,38203,3567,59.7515,74.4534,-0.1095,-0.0514,-0.0393
Herato0701,7700001,7750000,7724108,34062,3226,51.1877,51.965,-0.0075,-0.0034,-0.0026
Herato0701,7750001,7800000,7774004,34740,3788,65.3844,62.8539,0.0197,0.0082,0.0064
Herato0701,7800001,7850000,7824636,34349,2967,58.4043,53.7841,0.0412,0.0175,0.0141
Herato0701,7850001,7900000,7876153,36941,3198,64.9891,69.3258,-0.0323,-0.0166,-0.0127
Herato0701,7900001,7950000,7924635,36871,2418,45.2855,48.9603,-0.039,-0.0177,-0.013
Herato0701,7950001,8000000,7974906,36655,3246,56.6465,52.5313,0.0377,0.0155,0.0124
Herato0701,8000001,8050000,8024542,36117,3168,62.3036,61.1134,0.0096,0.0039,0.0031
Herato0701,8050001,8100000,8074696,33599,3065,47.6567,52.1612,-0.0451,-0.0179,-0.0141
Herato0701,8100001,8150000,8125644,38009,3693,58.8396,66.178,-0.0587,-0.0296,-0.0224
Herato0701,8150001,8200000,8174078,37055,3135,42.4706,47.1179,-0.0519,-0.0244,-0.0185
Herato0701,8200001,8250000,8225152,34358,3369,54.986,54.1775,0.0074,0.0033,0.0025
Herato0701,8250001,8300000,8274822,35181,3760,70.2689,75.4888,-0.0358,-0.0159,-0.0123
Herato0701,8300001,8350000,8323861,34615,3299,64.8549,61.5336,0.0263,0.0135,0.0107
Herato0701,8350001,8400000,8376165,33936,2973,45.5804,45.4533,0.0014,0.0007,0.0005
Herato0701,8400001,8450000,8424922,32167,3154,47.6573,51.7946,-0.0416,-0.0202,-0.0153
Herato0701,8450001,8500000,8476625,32088,2055,26.3132,32.0745,-0.0987,-0.0279,-0.0231
Herato0701,8500001,8550000,8525170,36385,3715,59.8454,54.8005,0.044,0.0157,0.0127
Herato0701,8550001,8600000,8574973,36956,3899,59.3486,63.5963,-0.0345,-0.0137,-0.0107
Herato0701,8600001,8650000,8625200,36974,3697,56.4339,56.7707,-0.003,-0.0011,-0.0009
Herato0701,8650001,8700000,8675333,36034,3652,60.7069,56.2955,0.0377,0.0171,0.0135
Herato0701,8700001,8750000,8724441,36067,3331,59.0115,54.6336,0.0385,0.0143,0.0116
Herato0701,8750001,8800000,8774621,35234,2767,36.3022,43.2106,-0.0869,-0.0344,-0.0269
Herato0701,8800001,8850000,8825137,35558,2462,41.5502,42.4959,-0.0113,-0.0041,-0.0033
Herato0701,8850001,8900000,8875081,35527,3429,56.0407,55.7769,0.0024,0.001,0.0008
Herato0701,8900001,8950000,8924997,36601,3917,63.8748,66.5152,-0.0203,-0.0109,-0.0084
Herato0701,8950001,9000000,8974915,35822,2991,46.7642,45.2175,0.0168,0.0073,0.0058
Herato0701,9000001,9050000,9025618,34154,2587,45.7304,57.073,-0.1103,-0.0621,-0.0469
Herato0701,9050001,9100000,9074713,36962,2742,47.7887,37.8206,0.1164,0.0431,0.0345
Herato0701,9100001,9150000,9123313,36924,3302,52.1322,52.293,-0.0015,-0.0006,-0.0005
Herato0701,9150001,9200000,9174480,31304,2655,34.4561,35.9309,-0.021,-0.0068,-0.0055
Herato0701,9200001,9250000,9224473,32588,3435,48.5017,51.018,-0.0253,-0.012,-0.0089
Herato0701,9250001,9300000,9274940,33862,4016,57.1587,44.3226,0.1265,0.0543,0.0419
Herato0701,9300001,9350000,9328353,29678,2559,41.1545,40.4219,0.009,0.0047,0.0035
Herato0701,9350001,9400000,9374195,35409,3891,67.0701,64.188,0.022,0.0113,0.0087
Herato0701,9400001,9450000,9424800,37040,4053,62.0034,72.6136,-0.0788,-0.0391,-0.0299
Herato0701,9450001,9500000,9474921,35044,3232,46.4174,48.6255,-0.0232,-0.0109,-0.0084
Herato0701,9500001,9550000,9524568,31561,3311,54.0317,58.4943,-0.0397,-0.0192,-0.0149
Herato0701,9550001,9600000,9574690,33990,4200,63.8253,60.1256,0.0298,0.0124,0.0098
Herato0701,9600001,9650000,9625069,36500,3543,54.2509,50.2356,0.0384,0.0171,0.0133
Herato0701,9650001,9700000,9675109,36626,4349,66.6194,69.9227,-0.0242,-0.0113,-0.0088
Herato0701,9700001,9750000,9724709,31855,3267,56.8881,48.6048,0.0785,0.0316,0.0261
Herato0701,9750001,9800000,9775472,37427,4352,64.1551,64.903,-0.0058,-0.003,-0.0023
Herato0701,9800001,9850000,9824796,35280,2796,37.2349,38.421,-0.0157,-0.0054,-0.0044
Herato0701,9850001,9900000,9874807,34669,2964,44.493,41.7258,0.0321,0.013,0.0105
Herato0701,9900001,9950000,9924081,37322,3049,44.7016,42.2977,0.0276,0.0091,0.0075
Herato0701,9950001,10000000,9975520,34398,2832,40.8544,48.1122,-0.0816,-0.0399,-0.0298
Herato0701,10000001,10050000,10022836,32602,3211,51.5184,54.6278,-0.0293,-0.011,-0.0088
Herato0701,10050001,10100000,10079225,31674,2326,36.3352,32.08,0.0622,0.0204,0.0165
Herato0701,10100001,10150000,10125380,38484,2624,46.915,49.3708,-0.0255,-0.0117,-0.0093
Herato0701,10150001,10200000,10174974,31657,1128,16.5048,17.8446,-0.039,-0.0124,-0.01
Herato0701,10200001,10250000,10225413,38424,3171,56.3804,62.8749,-0.0545,-0.0229,-0.0178
Herato0701,10250001,10300000,10274350,37918,3867,64.1952,60.863,0.0266,0.0121,0.0094
Herato0701,10300001,10350000,10324763,35599,3493,56.7815,68.3845,-0.0927,-0.0403,-0.0309
Herato0701,10350001,10400000,10374408,35441,3550,61.2192,55.6361,0.0478,0.0176,0.0142
Herato0701,10400001,10450000,10425203,33799,3139,53.6682,45.1805,0.0859,0.0331,0.0266
Herato0701,10450001,10500000,10474887,35344,3589,70.0187,63.7475,0.0469,0.0271,0.0206
Herato0701,10500001,10550000,10525145,35867,3030,52.3031,52.9652,-0.0063,-0.0025,-0.002
Herato0701,10550001,10600000,10576200,34841,3085,47.1163,44.0645,0.0335,0.0152,0.0123
Herato0701,10600001,10650000,10627795,30619,3069,59.0261,48.6249,0.0966,0.0402,0.033
Herato0701,10650001,10700000,10675761,36103,2964,52.2858,50.451,0.0179,0.007,0.0057
Herato0701,10700001,10750000,10724689,37474,3676,55.7954,60.3267,-0.039,-0.0152,-0.0122
Herato0701,10750001,10800000,10774568,38086,3967,62.4009,70.5166,-0.0611,-0.0277,-0.0219
Herato0701,10800001,10850000,10824419,38368,3493,57.3649,55.7477,0.0143,0.0059,0.0049
Herato0701,10850001,10900000,10877122,36996,2720,51.9092,55.8217,-0.0363,-0.0177,-0.0138
Herato0701,10900001,10950000,10924710,36985,3485,65.0679,58.6935,0.0515,0.0186,0.0155
Herato0701,10950001,11000000,10974861,36005,3508,53.9853,66.2688,-0.1021,-0.0559,-0.0411
Herato0701,11000001,11050000,11024453,39402,3401,61.0885,61.2318,-0.0012,-0.0005,-0.0004
Herato0701,11050001,11100000,11075849,39179,3191,47.2129,37.8726,0.1098,0.0335,0.0279
Herato0701,11100001,11150000,11125056,35762,3740,57.2169,74.5659,-0.1316,-0.056,-0.0437
Herato0701,11150001,11200000,11174861,37307,3302,52.5139,59.2195,-0.06,-0.0251,-0.0199
Herato0701,11200001,11250000,11224725,36570,3313,62.8164,50.4415,0.1093,0.041,0.0334
Herato0701,11250001,11300000,11271769,32871,2738,46.3923,49.1234,-0.0286,-0.0143,-0.011
Herato0701,11300001,11350000,11324980,37783,2054,43.3507,41.7387,0.0189,0.0087,0.0069
Herato0701,11350001,11400000,11373718,38272,2596,36.3626,38.0137,-0.0222,-0.0075,-0.0062
Herato0701,11400001,11450000,11425410,39709,2850,43.2239,46.8101,-0.0398,-0.0152,-0.0123
Herato0701,11450001,11500000,11472267,32340,2282,37.3774,33.6906,0.0519,0.0217,0.0174
Herato0701,11500001,11550000,11527681,32170,2204,38.548,34.7427,0.0519,0.0219,0.0174
Herato0701,11550001,11600000,11575294,36459,3202,61.4302,57.3791,0.0341,0.0152,0.0124
Herato0701,11600001,11650000,11625241,36304,3025,55.6241,50.3324,0.0499,0.0195,0.0157
Herato0701,11650001,11700000,11674763,31109,2293,38.6906,36.0895,0.0348,0.0116,0.01
Herato0701,11700001,11750000,11724644,38639,2577,50.6771,53.4647,-0.0268,-0.0118,-0.0095
Herato0701,11750001,11800000,11774532,38875,3284,41.4364,52.4582,-0.1174,-0.0382,-0.0302
Herato0701,11800001,11850000,11823715,39327,2534,44.936,42.2628,0.0307,0.0105,0.0086
Herato0701,11850001,11900000,11875364,38200,3079,45.7953,46.3622,-0.0062,-0.0018,-0.0015
Herato0701,11900001,11950000,11921624,31241,2409,41.2439,42.0185,-0.0093,-0.0053,-0.004
Herato0701,11950001,12000000,11976487,30864,1786,28.0464,30.6177,-0.0438,-0.0195,-0.0153
Herato0701,12000001,12050000,12024936,35625,3682,49.0022,50.3661,-0.0137,-0.006,-0.0048
Herato0701,12050001,12100000,12075166,36389,3469,49.1225,51.2833,-0.0215,-0.0114,-0.0084
Herato0701,12100001,12150000,12124563,32152,2357,33.9699,30.0948,0.0605,0.0242,0.0196
Herato0701,12150001,12200000,12176155,35859,2386,46.593,40.3915,0.0713,0.0268,0.0216
Herato0701,12200001,12250000,12224892,36705,2425,49.0251,49.3247,-0.003,-0.0016,-0.0012
Herato0701,12250001,12300000,12273675,33188,2318,39.1402,38.1945,0.0122,0.0061,0.0047
Herato0701,12300001,12350000,12325147,37835,3404,51.7487,54.6734,-0.0275,-0.0103,-0.0084
Herato0701,12350001,12400000,12373847,33594,1702,28.7529,35.6086,-0.1065,-0.0467,-0.0368
Herato0701,12400001,12450000,12429210,27521,1762,23.7556,22.8481,0.0195,0.0055,0.0046
Herato0701,12450001,12500000,12475033,38784,3769,67.4535,64.8235,0.0199,0.0085,0.0067
Herato0701,12500001,12550000,12525643,37651,3028,55.242,54.5861,0.006,0.0023,0.0019
Herato0701,12550001,12600000,12574885,38141,2742,49.1585,43.9212,0.0563,0.0157,0.0135
Herato0701,12600001,12650000,12626515,24765,1087,16.4322,13.8024,0.087,0.02,0.0172
Herato0701,12650001,12700000,12674802,32571,2788,54.9031,50.0712,0.046,0.0192,0.0157
Herato0701,12700001,12750000,12725329,36343,3319,77.4765,61.1314,0.1179,0.0479,0.04
Herato0701,12750001,12800000,12775565,38739,3361,61.6279,52.05,0.0843,0.0296,0.0243
Herato0701,12800001,12850000,12826679,34540,2352,55.4408,56.2413,-0.0072,-0.0043,-0.0034
Herato0701,12850001,12900000,12874095,34799,2161,52.1095,49.3475,0.0272,0.0106,0.0086
Herato0701,12900001,12950000,12925093,39947,3236,76.7275,58.3996,0.1356,0.0623,0.0506
Herato0701,12950001,13000000,12974837,36289,3926,68.2292,64.4435,0.0285,0.0131,0.0104
Herato0701,13000001,13050000,13024198,36715,3003,51.9139,51.7683,0.0014,0.0007,0.0005
Herato0701,13050001,13100000,13077670,30152,2866,43.1379,44.5687,-0.0163,-0.0086,-0.0065
Herato0701,13100001,13150000,13125110,34618,3542,58.9424,66.4294,-0.0597,-0.0368,-0.0269
Herato0701,13150001,13200000,13175191,34409,3261,48.1575,49.1904,-0.0106,-0.0061,-0.0045
Herato0701,13200001,13250000,13225261,32810,2836,40.6418,43.5067,-0.034,-0.0138,-0.0111
Herato0701,13250001,13300000,13275400,35663,3518,63.4389,60.1035,0.027,0.0125,0.0099
Herato0701,13300001,13350000,13324684,35777,3765,57.6726,59.9028,-0.019,-0.0089,-0.0068
Herato0701,13350001,13400000,13375836,33238,2938,47.3938,45.909,0.0159,0.0083,0.0064
Herato0701,13400001,13450000,13425623,30839,2219,30.7784,35.1278,-0.066,-0.0269,-0.0209
Herato0701,13450001,13500000,13475453,28750,2115,29.1664,35.575,-0.099,-0.0431,-0.0333
Herato0701,13500001,13550000,13524535,31421,2615,46.3628,43.0369,0.0372,0.0153,0.0124
Herato0701,13550001,13600000,13574885,35675,3090,50.4833,45.1487,0.0558,0.026,0.0205
Herato0701,13600001,13650000,13624866,36712,3638,44.2404,47.6241,-0.0368,-0.0153,-0.0117
Herato0701,13650001,13700000,13675216,34273,2803,39.8721,37.8124,0.0265,0.0098,0.0077
Herato0701,13700001,13750000,13725081,25012,1788,34.5878,29.924,0.0723,0.0321,0.0255
Herato0701,13750001,13800000,13780403,24753,1546,22.3596,23.741,-0.03,-0.0117,-0.0094
Herato0701,13800001,13850000,13825230,33329,2888,39.4095,43.3451,-0.0476,-0.0175,-0.014
Herato0701,13850001,13900000,13874868,35757,3905,72.8654,59.9013,0.0976,0.0466,0.0372
Herato0701,13900001,13950000,13924292,34736,2463,38.914,41.351,-0.0304,-0.0116,-0.0094
Herato0701,13950001,14000000,13974058,33519,2637,44.9061,42.2916,0.03,0.0111,0.009
Herato0701,14000001,14050000,14025826,33134,2466,43.2444,42.7711,0.0055,0.0025,0.0019
Herato0701,14050001,14100000,14074491,36948,3048,56.7701,50.4763,0.0587,0.0228,0.0181
Herato0701,14100001,14150000,14124637,36312,2747,55.5577,58.0852,-0.0222,-0.0095,-0.0077
Herato0701,14150001,14200000,14174244,29850,2922,52.4331,44.2299,0.0849,0.0424,0.0334
Herato0701,14200001,14250000,14224167,35677,3339,59.0911,53.4008,0.0506,0.0271,0.0198
Herato0701,14250001,14300000,14277895,33864,2904,59.6286,61.9393,-0.019,-0.0107,-0.0083
Herato0701,14300001,14350000,14325585,38574,3267,53.9092,56.7088,-0.0253,-0.0206,-0.014
Herato0701,14350001,14400000,14375078,36572,3396,53.6097,56.1044,-0.0227,-0.014,-0.0099
Herato0701,14400001,14450000,14428906,28434,2492,42.7194,44.7168,-0.0228,-0.0117,-0.009
Herato0701,14450001,14500000,14474577,35176,3056,54.9304,52.267,0.0248,0.0119,0.0093
Herato0701,14500001,14550000,14524325,38249,3691,68.594,65.1113,0.026,0.014,0.011
Herato0701,14550001,14600000,14576082,39402,3203,58.7856,51.8126,0.063,0.0303,0.0245
Herato0701,14600001,14650000,14625132,37749,4130,73.6231,74.3939,-0.0052,-0.0029,-0.0022
Herato0701,14650001,14700000,14675084,37766,4061,74.2395,70.5138,0.0257,0.0133,0.0104
Herato0701,14700001,14750000,14725455,37002,3199,47.2926,54.8059,-0.0736,-0.0361,-0.0271
Herato0701,14750001,14800000,14774747,36007,3558,54.7542,63.1045,-0.0709,-0.0428,-0.0302
Herato0701,14800001,14850000,14824756,35843,3178,54.8616,61.0539,-0.0534,-0.0312,-0.0228
Herato0701,14850001,14900000,14871489,28381,2553,44.6385,44.9056,-0.003,-0.0015,-0.0011
Herato0701,14900001,14950000,14925196,35041,2925,44.1754,44.8073,-0.0071,-0.0024,-0.002
Herato0701,14950001,15000000,14974958,33413,3402,51.0451,57.9484,-0.0633,-0.0262,-0.021
Herato0701,15000001,15050000,15024265,33566,2611,44.6443,54.1531,-0.0962,-0.0474,-0.0364
Herato0701,15050001,15100000,15073163,32320,2646,38.4589,39.1388,-0.0088,-0.0035,-0.0027
Herato0701,15100001,15150000,15124708,30758,2401,32.9209,40.9343,-0.1085,-0.043,-0.033
Herato0701,15150001,15200000,15175661,33761,2766,42.7484,50.4353,-0.0825,-0.032,-0.0252
Herato0701,15200001,15250000,15225417,34322,3000,52.7253,50.5203,0.0214,0.0088,0.0071
Herato0701,15250001,15300000,15275849,33301,3254,54.9134,61.9618,-0.0603,-0.0302,-0.023
Herato0701,15300001,15350000,15325638,35874,3585,64.0191,69.8373,-0.0435,-0.0165,-0.0132
Herato0701,15350001,15400000,15376179,32680,2757,47.6323,52.0587,-0.0444,-0.0189,-0.0145
Herato0701,15400001,15450000,15424736,34419,3301,54.1948,54.7874,-0.0054,-0.0021,-0.0017
Herato0701,15450001,15500000,15475613,32775,2353,32.6266,34.166,-0.023,-0.0084,-0.0065
Herato0701,15500001,15550000,15525336,31687,1177,15.6333,17.0966,-0.0447,-0.0176,-0.014
Herato0701,15550001,15600000,15576333,31993,2547,44.4311,42.0442,0.0276,0.0122,0.0097
Herato0701,15600001,15650000,15623802,32319,2820,46.0837,45.0557,0.0113,0.0051,0.004
Herato0701,15650001,15700000,15677327,34307,3010,51.0453,50.321,0.0071,0.0036,0.0028
Herato0701,15700001,15750000,15725103,39344,3543,61.0368,60.2742,0.0063,0.0024,0.002
Herato0701,15750001,15800000,15775021,38111,3089,54.1598,53.7196,0.0041,0.0016,0.0013
Herato0701,15800001,15850000,15825196,37381,3848,59.4857,79.4158,-0.1435,-0.0531,-0.0426
Herato0701,15850001,15900000,15875433,37244,4113,67.2264,65.8264,0.0105,0.0049,0.0038
Herato0701,15900001,15950000,15925346,38970,3822,57.8438,77.9261,-0.1479,-0.064,-0.0497
Herato0701,15950001,16000000,15975064,39007,3660,60.8843,67.0506,-0.0482,-0.0206,-0.0164
Herato0701,16000001,16050000,16024817,40367,3350,44.3962,54.0995,-0.0985,-0.0341,-0.0275
Herato0701,16050001,16100000,16074810,37531,3839,57.706,65.6414,-0.0643,-0.0245,-0.0194
Herato0701,16100001,16150000,16120377,27049,2086,36.6921,31.6334,0.074,0.0252,0.0205
Herato0701,16150001,16200000,16169855,29243,2087,58.0073,43.7852,0.1397,0.0527,0.0409
Herato0701,16200001,16250000,16225437,38083,3910,66.5539,66.1831,0.0028,0.0011,0.0009
Herato0701,16250001,16300000,16274978,40366,4068,59.4937,62.2552,-0.0227,-0.0091,-0.0072
Herato0701,16300001,16350000,16325046,36471,4122,64.9433,81.9268,-0.1156,-0.0458,-0.036
Herato0701,16350001,16400000,16375789,38396,3289,47.8633,43.7466,0.0449,0.0156,0.0128
Herato0701,16400001,16450000,16430578,27950,2817,47.0278,50.0529,-0.0312,-0.0122,-0.0099
Herato0701,16450001,16500000,16475221,35591,3883,62.6056,59.6435,0.0242,0.0096,0.0077
Herato0701,16500001,16550000,16524519,35565,3046,44.9217,44.4935,0.0048,0.0018,0.0014
Herato0701,16550001,16600000,16573562,31910,3269,53.2649,46.7292,0.0654,0.0263,0.0206
Herato0701,16600001,16650000,16625543,33696,3165,51.2459,45.472,0.0597,0.0258,0.02
Herato0701,16650001,16700000,16674781,35906,4089,75.1306,67.5975,0.0528,0.0279,0.0218
Herato0701,16700001,16750000,16723457,35642,3291,50.1287,62.2969,-0.1082,-0.0483,-0.0376
Herato0701,16750001,16800000,16775062,37165,3806,57.6123,56.1397,0.0129,0.0067,0.0051
Herato0701,16800001,16850000,16824670,25315,1764,25.9007,28.7573,-0.0523,-0.0199,-0.0157
Herato0701,16850001,16900000,16874904,35053,2687,39.2939,42.2445,-0.0362,-0.0148,-0.0119
Herato0701,16900001,16950000,16922953,28808,2332,36.4325,32.1548,0.0624,0.0209,0.0172
Herato0701,16950001,17000000,16974814,34943,3205,55.2099,54.0979,0.0102,0.0044,0.0034
Herato0701,17000001,17050000,17023952,33569,3416,51.1751,53.5587,-0.0228,-0.009,-0.0071
Herato0701,17050001,17100000,17073076,26123,1929,31.5799,31.2569,0.0051,0.0024,0.0019
Herato0701,17100001,17150000,17128071,27633,2045,38.1355,33.2796,0.068,0.0291,0.0224
Herato0701,17150001,17200000,17173463,30512,2450,37.2802,32.405,0.07,0.0283,0.0223
Herato0701,17200001,17250000,17225933,29544,1846,24.7594,22.3675,0.0508,0.0195,0.0153
Herato0701,17250001,17300000,17277391,29469,2123,31.0176,41.6106,-0.1459,-0.0668,-0.0496
Herato0701,17300001,17350000,17324336,36720,3654,64.3378,64.191,0.0011,0.0006,0.0004
Herato0701,17350001,17400000,17374797,35468,3639,61.5597,64.7585,-0.0253,-0.0123,-0.0093
Herato0701,17400001,17450000,17424728,34639,3351,51.8823,63.2215,-0.0985,-0.0452,-0.035
Herato0701,17450001,17500000,17475754,35030,2973,59.4368,52.3642,0.0633,0.0259,0.0213
Herato0701,17500001,17550000,17523909,34312,2067,52.9408,44.0826,0.0913,0.0424,0.0345
Herato0701,17550001,17600000,17576861,32493,2401,53.3321,48.6398,0.046,0.0193,0.0159
Herato0701,17600001,17650000,17625265,35819,4207,81.4835,75.3041,0.0394,0.0189,0.0149
Herato0701,17650001,17700000,17674414,37125,3237,50.8935,46.2612,0.0477,0.0221,0.0175
Herato0701,17700001,17750000,17725358,33843,3467,51.1256,53.0738,-0.0187,-0.0079,-0.0062
Herato0701,17750001,17800000,17775107,36764,4358,68.2764,68.3701,-0.0007,-0.0004,-0.0003
Herato0701,17800001,17850000,17824931,35374,3664,58.7898,56.821,0.017,0.0076,0.006
Herato0701,17850001,17900000,17874828,34982,3499,54.4043,59.9809,-0.0488,-0.0211,-0.0165
Herato0701,17900001,17950000,17925535,32737,3282,58.3004,54.4686,0.034,0.0168,0.0129
Herato0701,17950001,18000000,17975188,37442,4251,75.7876,71.3119,0.0304,0.0158,0.0122
Herato0701,18000001,18050000,18025125,36763,4481,71.3484,76.8955,-0.0374,-0.0201,-0.0152
Herato0701,18050001,18100000,18071475,29975,2846,46.5444,42.1734,0.0493,0.028,0.021
Herato0701,18100001,18150000,18124842,36635,4099,63.6833,61.907,0.0141,0.0082,0.0061
Herato0701,18150001,18200000,18175173,36356,3935,56.3876,62.6901,-0.0529,-0.0307,-0.0227
Herato0701,18200001,18250000,18225321,37680,4601,81.4014,88.6568,-0.0427,-0.0211,-0.0166
Herato0701,18250001,18300000,18275484,35585,3539,59.6652,55.7615,0.0338,0.0187,0.0141
Herato0701,18300001,18350000,18324517,38213,3851,61.5754,58.9504,0.0218,0.0095,0.0076
Herato0701,18350001,18400000,18375054,37623,3563,67.1414,64.915,0.0169,0.008,0.0062
Herato0701,18400001,18450000,18424825,42288,2635,31.3225,29.6217,0.0279,0.0073,0.0064
Herato0701,18450001,18500000,18476122,39339,2395,35.7687,41.9875,-0.08,-0.0406,-0.0317
Herato0701,18500001,18550000,18524996,34937,3136,60.7387,58.0295,0.0228,0.0113,0.009
Herato0701,18550001,18600000,18573911,35812,4237,66.6309,78.4213,-0.0813,-0.0357,-0.0275
Herato0701,18600001,18650000,18625493,35414,4245,83.1052,67.0616,0.1068,0.0485,0.039
Herato0701,18650001,18700000,18674905,32976,3395,58.541,61.0487,-0.021,-0.0106,-0.008
Herato0701,18700001,18750000,18725110,37421,3599,69.4471,71.1208,-0.0119,-0.0074,-0.0055
Herato0701,18750001,18800000,18775052,36847,3483,65.9726,61.0425,0.0388,0.0141,0.0117
Herato0701,18800001,18850000,18823389,35623,2541,48.7946,47.6076,0.0123,0.0054,0.0042
Herato0701,18850001,18900000,18875333,36750,2839,64.5536,58.1128,0.0525,0.0239,0.0185
Herato0701,18900001,18950000,18924412,38340,2259,28.8861,30.6185,-0.0291,-0.0108,-0.0084
Herato0701,18950001,19000000,18974813,39633,2303,41.4359,36.2493,0.0668,0.0306,0.0253
Herato0701,19000001,19050000,19025137,40749,1891,32.0928,29.0032,0.0506,0.0163,0.0123
Herato0701,19050001,19100000,19069585,29391,862,14.1839,6.5371,0.369,0.1167,0.0935
