scaffold,start,end,mid,sites,sitesUsed,ABBA,BABA,D,fd,fdM
Herato1601,1,50000,25297,40623,1972,19.8654,14.6988,0.1495,0.0441,0.0372
Herato1601,50001,100000,74995,42734,2150,30.5467,27.5173,0.0522,0.0233,0.018
Herato1601,100001,150000,124793,38682,3594,69.9088,66.7959,0.0228,0.0114,0.0086
Herato1601,150001,200000,175930,34640,3551,78.482,63.4277,0.1061,0.0572,0.0437
Herato1601,200001,250000,225397,38462,4116,76.2248,82.9062,-0.042,-0.0175,-0.0136
Herato1601,250001,300000,274983,37246,4175,70.9791,77.4819,-0.0438,-0.0203,-0.0157
Herato1601,300001,350000,325219,35671,3701,78.3752,99.4801,-0.1187,-0.0642,-0.0484
Herato1601,350001,400000,375231,37237,3284,65.8002,61.2658,0.0357,0.0143,0.0113
Herato1601,400001,450000,425403,40665,3373,86.7613,71.1871,0.0986,0.0594,0.0447
Herato1601,450001,500000,473462,34423,4359,80.6626,73.4093,0.0471,0.0207,0.0162
Herato1601,500001,550000,525903,36030,3706,70.9619,59.8825,0.0847,0.0418,0.0327
Herato1601,550001,600000,575019,36660,3323,69.9249,67.2524,0.0195,0.0111,0.0083
Herato1601,600001,650000,624957,34959,2582,55.0812,60.2085,-0.0445,-0.0269,-0.0199
Herato1601,650001,700000,674947,36547,3525,64.5083,58.3984,0.0497,0.0257,0.0203
Herato1601,700001,750000,726268,32204,3301,66.4335,70.18,-0.0274,-0.016,-0.0118
Herato1601,750001,800000,774915,33766,3615,63.6036,60.3677,0.0261,0.014,0.0104
Herato1601,800001,850000,825111,35231,3782,64.2652,69.754,-0.041,-0.0215,-0.016
Herato1601,850001,900000,874687,33855,3771,59.3323,69.244,-0.0771,-0.0378,-0.0286
Herato1601,900001,950000,926121,32273,3093,49.4792,56.5582,-0.0668,-0.033,-0.0247
Herato1601,950001,1000000,975379,30740,2854,55.3653,45.8281,0.0942,0.0519,0.0378
Herato1601,1000001,1050000,1024582,27790,2125,32.6423,35.3302,-0.0395,-0.0196,-0.0145
Herato1601,1050001,1100000,1074851,33011,2455,48.0475,38.0833,0.1157,0.0546,0.0439
Herato1601,1100001,1150000,1123620,34021,2752,58.1401,51.568,0.0599,0.035,0.0269
Herato1601,1150001,1200000,1174835,32234,2993,51.0181,52.0982,-0.0105,-0.005,-0.0038
Herato1601,1200001,1250000,1223470,32052,3212,59.2593,50.1318,0.0834,0.0448,0.034
Herato1601,1250001,1300000,1275500,33552,3205,55.4454,60.962,-0.0474,-0.0247,-0.0189
Herato1601,1300001,1350000,1324649,33317,3226,52.5593,47.0835,0.055,0.0286,0.0218
Herato1601,1350001,1400000,1375138,33578,3466,48.8211,55.2542,-0.0618,-0.0271,-0.0208
Herato1601,1400001,1450000,1425118,34792,3427,54.8035,62.4523,-0.0652,-0.0323,-0.0241
Herato1601,1450001,1500000,1474874,34045,2944,45.3147,53.1366,-0.0794,-0.0342,-0.0259
Herato1601,1500001,1550000,1525953,35744,2930,48.1278,46.8418,0.0135,0.0068,0.0051
Herato1601,1550001,1600000,1575150,34472,3316,63.0054,60.5651,0.0197,0.0093,0.0072
Herato1601,1600001,1650000,1627117,29808,2034,30.5811,28.985,0.0268,0.0094,0.0073
Herato1601,1650001,1700000,1674662,33166,3136,56.3766,52.5729,0.0349,0.0161,0.0121
Herato1601,1700001,1750000,1723106,32183,2724,44.5211,49.3871,-0.0518,-0.0223,-0.0171
Herato1601,1750001,1800000,1774833,31997,2730,43.3671,45.4807,-0.0238,-0.0084,-0.0068
Herato1601,1800001,1850000,1825113,34563,3512,54.2013,48.4813,0.0557,0.0212,0.0166
Herato1601,1850001,1900000,1874817,35289,3152,46.3724,47.0908,-0.0077,-0.0031,-0.0024
Herato1601,1900001,1950000,1923212,29221,1481,21.3346,26.4037,-0.1062,-0.0386,-0.03
Herato1601,1950001,2000000,1973117,29066,2205,44.2548,37.2306,0.0862,0.0333,0.0266
Herato1601,2000001,2050000,2026867,29182,2158,30.4972,33.0493,-0.0402,-0.0161,-0.0126
Herato1601,2050001,2100000,2075238,33943,2896,45.1915,45.8699,-0.0074,-0.0031,-0.0024
Herato1601,2100001,2150000,2126027,29555,1978,32.7863,39.2755,-0.0901,-0.0358,-0.028
Herato1601,2150001,2200000,2175067,28203,2792,42.6619,47.1357,-0.0498,-0.0243,-0.0181
Herato1601,2200001,2250000,2223417,31602,3152,57.5893,49.5839,0.0747,0.0348,0.0268
Herato1601,2250001,2300000,2274795,34911,2958,46.2818,39.7197,0.0763,0.0303,0.0244
Herato1601,2300001,2350000,2324744,31497,2849,49.5163,47.4603,0.0212,0.0098,0.0077
Herato1601,2350001,2400000,2374785,30288,2283,38.1868,34.3844,0.0524,0.0257,0.0199
Herato1601,2400001,2450000,2424440,25795,2290,36.2712,31.8171,0.0654,0.0295,0.0228
Herato1601,2450001,2500000,2474149,32109,2256,35.4945,30.5313,0.0752,0.0271,0.022
Herato1601,2500001,2550000,2525173,33096,1874,27.767,24.5609,0.0613,0.0238,0.0189
Herato1601,2550001,2600000,2575998,32501,2683,40.9921,46.9123,-0.0673,-0.0306,-0.0237
Herato1601,2600001,2650000,2625932,30411,2279,36.3013,43.0982,-0.0856,-0.0402,-0.0297
Herato1601,2650001,2700000,2675388,31706,2203,32.9975,34.3332,-0.0198,-0.0089,-0.007
Herato1601,2700001,2750000,2724943,36279,2937,53.4098,54.3116,-0.0084,-0.0039,-0.003
Herato1601,2750001,2800000,2775941,30449,2168,38.338,31.6545,0.0955,0.0456,0.0341
Herato1601,2800001,2850000,2824726,33984,2859,46.1299,45.3635,0.0084,0.0034,0.0026
Herato1601,2850001,2900000,2874588,31675,2409,37.8472,42.7586,-0.0609,-0.0326,-0.024
Herato1601,2900001,2950000,2924814,32460,2790,42.9636,39.5624,0.0412,0.0209,0.0159
Herato1601,2950001,3000000,2972735,28633,2762,43.5594,41.8449,0.0201,0.0106,0.0082
Herato1601,3000001,3050000,3024689,32491,2891,44.7326,44.8445,-0.0012,-0.0006,-0.0005
Herato1601,3050001,3100000,3075827,34257,3176,51.805,56.2573,-0.0412,-0.0209,-0.0158
Herato1601,3100001,3150000,3124527,30937,2156,33.5337,30.5904,0.0459,0.0211,0.0164
Herato1601,3150001,3200000,3176311,30990,2158,33.7998,31.9223,0.0286,0.0121,0.0095
Herato1601,3200001,3250000,3223558,30491,2385,44.6387,47.2014,-0.0279,-0.0136,-0.0106
Herato1601,3250001,3300000,3273188,32077,2530,43.1214,40.7465,0.0283,0.0121,0.0095
Herato1601,3300001,3350000,3324855,32155,1860,30.3289,32.8545,-0.04,-0.0178,-0.014
Herato1601,3350001,3400000,3377367,27490,1945,31.5199,35.7346,-0.0627,-0.0289,-0.0224
Herato1601,3400001,3450000,3425095,35097,2627,41.5686,46.6331,-0.0574,-0.0323,-0.024
Herato1601,3450001,3500000,3475366,34323,3189,54.2116,53.4346,0.0072,0.0032,0.0026
Herato1601,3500001,3550000,3524804,34326,2947,45.8405,53.1641,-0.074,-0.0345,-0.0267
Herato1601,3550001,3600000,3575580,32370,2661,35.4336,40.4101,-0.0656,-0.0303,-0.0228
Herato1601,3600001,3650000,3624649,29419,2310,30.9001,36.907,-0.0886,-0.0406,-0.0308
Herato1601,3650001,3700000,3672728,31438,2530,41.6646,37.7278,0.0496,0.0245,0.0189
Herato1601,3700001,3750000,3725383,29313,2915,44.4086,38.6534,0.0693,0.0381,0.0286
Herato1601,3750001,3800000,3775464,29536,2883,42.4838,41.9922,0.0058,0.0038,0.0028
Herato1601,3800001,3850000,3824657,22885,2238,31.5447,24.5405,0.1249,0.0687,0.053
Herato1601,3850001,3900000,3875062,27136,1744,25.1867,23.7048,0.0303,0.0158,0.0122
Herato1601,3900001,3950000,3924870,26999,1514,28.3578,20.0225,0.1723,0.0941,0.0696
Herato1601,3950001,4000000,3974070,26360,2161,29.8162,20.7437,0.1794,0.0793,0.0603
Herato1601,4000001,4050000,4027472,24986,1666,24.7353,17.6014,0.1685,0.0932,0.0698
Herato1601,4050001,4100000,4074870,28804,1514,27.5613,20.4421,0.1483,0.0918,0.0706
Herato1601,4100001,4150000,4126011,30541,1157,16.7238,16.405,0.0096,0.005,0.0037
Herato1601,4150001,4200000,4177590,30207,604,3.6574,4.9296,-0.1482,-0.0247,-0.0206
Herato1601,4200001,4250000,4225603,27390,784,3.5813,3.8107,-0.031,-0.0037,-0.0031
Herato1601,4250001,4300000,4277685,28373,1275,25.4083,16.9529,0.1996,0.0795,0.0621
Herato1601,4300001,4350000,4328514,22810,527,8.5181,7.6018,0.0568,0.0228,0.0181
Herato1601,4350001,4400000,4375507,30679,1940,23.7864,23.855,-0.0014,-0.0006,-0.0005
Herato1601,4400001,4450000,4424792,33001,3132,39.5665,40.576,-0.0126,-0.0044,-0.0036
Herato1601,4450001,4500000,4476699,32950,2374,47.9497,49.3327,-0.0142,-0.0068,-0.0053
Herato1601,4500001,4550000,4522820,36817,2977,48.8917,48.5777,0.0032,0.0014,0.001
Herato1601,4550001,4600000,4573723,34174,3324,65.8266,55.1703,0.0881,0.0426,0.0328
Herato1601,4600001,4650000,4625309,34566,3098,53.7144,47.0267,0.0664,0.03,0.0236
Herato1601,4650001,4700000,4674047,33293,3034,53.5839,51.946,0.0155,0.0069,0.0054
Herato1601,4700001,4750000,4725432,36174,3337,58.2389,66.3392,-0.065,-0.0356,-0.0262
Herato1601,4750001,4800000,4775442,35777,3297,60.7651,57.8276,0.0248,0.0114,0.0089
Herato1601,4800001,4850000,4825026,36030,3826,62.7561,62.7339,0.0002,0.0001,0.0001
Herato1601,4850001,4900000,4876816,33505,2810,46.0052,50.0958,-0.0426,-0.0225,-0.0166
Herato1601,4900001,4950000,4926070,31057,2415,37.5337,42.461,-0.0616,-0.0308,-0.0225
Herato1601,4950001,5000000,4975664,34812,3079,50.8635,61.634,-0.0957,-0.0493,-0.0362
Herato1601,5000001,5050000,5025869,32522,3054,56.0926,52.7654,0.0306,0.014,0.0108
Herato1601,5050001,5100000,5076464,35624,3239,63.5799,72.3154,-0.0643,-0.0394,-0.0293
Herato1601,5100001,5150000,5125105,34928,3591,64.8886,65.3004,-0.0032,-0.0022,-0.0015
Herato1601,5150001,5200000,5175171,32691,2300,45.5837,46.5142,-0.0101,-0.0043,-0.0033
Herato1601,5200001,5250000,5225182,34998,2259,44.1913,33.6579,0.1353,0.0479,0.0394
Herato1601,5250001,5300000,5273949,34635,2548,42.2302,43.9411,-0.0199,-0.0077,-0.0061
Herato1601,5300001,5350000,5325295,35254,2829,48.4696,42.5463,0.0651,0.0298,0.023
Herato1601,5350001,5400000,5374250,33285,2600,41.066,38.9426,0.0265,0.0113,0.0088
Herato1601,5400001,5450000,5426854,27282,1376,23.9306,23.9847,-0.0011,-0.0005,-0.0004
Herato1601,5450001,5500000,5475840,33599,2861,49.0921,42.3515,0.0737,0.0269,0.0214
Herato1601,5500001,5550000,5525065,34635,2308,56.0823,36.2089,0.2153,0.0939,0.071
Herato1601,5550001,5600000,5575125,32964,1751,32.5975,34.6446,-0.0304,-0.0117,-0.0091
Herato1601,5600001,5650000,5625405,29114,1221,14.9786,14.6975,0.0095,0.0038,0.0027
Herato1601,5650001,5700000,5674793,30967,1841,30.0323,33.2772,-0.0513,-0.0175,-0.014
Herato1601,5700001,5750000,5728264,30880,2811,48.069,47.9788,0.0009,0.0004,0.0003
Herato1601,5750001,5800000,5775181,35528,3403,51.0111,67.8491,-0.1417,-0.0526,-0.0409
Herato1601,5800001,5850000,5824804,35279,3477,63.0961,63.598,-0.004,-0.0018,-0.0014
Herato1601,5850001,5900000,5876410,31290,2413,33.2559,37.3795,-0.0584,-0.0255,-0.0192
Herato1601,5900001,5950000,5914695,18435,1203,30.4402,30.5025,-0.001,-0.0006,-0.0004
Herato1602,1,50000,25051,36774,3255,57.4217,54.1983,0.0289,0.0096,0.0079
Herato1602,50001,100000,76603,32813,2266,44.8983,45.5213,-0.0069,-0.0033,-0.0026
Herato1602,100001,150000,125586,22971,927,13.5498,14.2411,-0.0249,-0.011,-0.0086
Herato1602,150001,200000,177121,28320,1851,28.1936,24.5745,0.0686,0.0241,0.0195
Herato1602,200001,250000,225009,33221,2818,48.372,45.2764,0.0331,0.0137,0.0109
Herato1602,250001,300000,259833,13147,888,18.8429,17.2366,0.0445,0.0206,0.0165
Herato1603,1,50000,26175,22478,1289,12.1912,15.5434,-0.1209,-0.0591,-0.0427
Herato1603,50001,100000,74525,25154,916,8.1264,11.4586,-0.1701,-0.0868,-0.0597
Herato1603,100001,150000,125452,27445,1144,13.835,15.2376,-0.0482,-0.0272,-0.0193
Herato1603,150001,200000,176985,23355,839,8.8677,8.553,0.0181,0.0072,0.0056
Herato1603,200001,250000,222476,20006,613,6.9184,7.3493,-0.0302,-0.0173,-0.0121
Herato1603,250001,300000,275635,18295,418,3.1233,3.625,-0.0744,-0.0294,-0.0209
Herato1603,300001,350000,326794,24646,528,4.9399,4.4523,0.0519,0.0198,0.0158
Herato1603,350001,400000,376545,18129,466,4.0085,5.2981,-0.1386,-0.0595,-0.04
Herato1603,400001,450000,425579,28182,1044,14.3332,14.3715,-0.0013,-0.0009,-0.0006
Herato1603,450001,500000,474560,28224,1305,14.5414,11.9595,0.0974,0.0437,0.0332
Herato1603,500001,550000,525559,32876,1346,19.5959,19.864,-0.0068,-0.0033,-0.0024
Herato1603,550001,600000,575022,33113,2979,54.7364,46.5338,0.081,0.0369,0.0286
Herato1603,600001,650000,625512,36704,3386,49.9611,59.505,-0.0872,-0.0437,-0.0327
Herato1603,650001,700000,673811,34183,3111,67.841,65.7749,0.0155,0.0108,0.0079
Herato1603,700001,750000,725760,26741,1926,38.1298,31.0014,0.1031,0.0474,0.0379
Herato1603,750001,800000,774062,29801,2631,43.1683,36.1305,0.0888,0.0378,0.0297
Herato1603,800001,850000,825795,37672,3222,56.1422,58.1965,-0.018,-0.0091,-0.007
Herato1603,850001,900000,872686,30419,2817,52.5211,47.0837,0.0546,0.0294,0.0219
Herato1603,900001,950000,924698,36253,3236,55.0998,62.7613,-0.065,-0.0303,-0.0227
Herato1603,950001,1000000,975779,34795,3251,52.0168,50.9045,0.0108,0.0054,0.004
Herato1603,1000001,1050000,1027007,34338,1952,43.0593,38.1607,0.0603,0.0272,0.0215
Herato1603,1050001,1100000,1074528,36402,2530,48.5707,47.079,0.0156,0.0071,0.0055
Herato1603,1100001,1150000,1125278,33296,2989,53.4419,53.9681,-0.0049,-0.002,-0.0015
Herato1603,1150001,1200000,1173052,29395,2552,41.0008,45.0706,-0.0473,-0.0207,-0.016
Herato1603,1200001,1250000,1225849,31422,2372,45.6595,38.4613,0.0856,0.031,0.0249
Herato1603,1250001,1300000,1275037,31737,2232,32.8699,34.2996,-0.0213,-0.0062,-0.0051
Herato1603,1300001,1350000,1325648,32814,2306,39.5316,37.7324,0.0233,0.009,0.0069
Herato1603,1350001,1400000,1376558,34246,2732,43.1426,41.9275,0.0143,0.0049,0.0039
Herato1603,1400001,1450000,1426302,36006,3121,63.1931,57.8579,0.0441,0.019,0.0149
Herato1603,1450001,1500000,1475864,35756,3080,56.1436,61.2276,-0.0433,-0.0197,-0.0151
Herato1603,1500001,1550000,1525137,35680,2973,50.52,52.5897,-0.0201,-0.0092,-0.0069
Herato1603,1550001,1600000,1574490,35651,2582,42.6652,45.6874,-0.0342,-0.0153,-0.0114
Herato1603,1600001,1650000,1629353,24794,456,9.1272,4.4942,0.3401,0.0877,0.0777
Herato1603,1650001,1700000,1678171,29940,1012,14.2909,17.4083,-0.0983,-0.0325,-0.0241
Herato1603,1700001,1750000,1725984,35270,2606,53.8106,39.0033,0.1595,0.0575,0.0466
Herato1603,1750001,1800000,1774861,34475,2387,50.2326,46.432,0.0393,0.0189,0.0142
Herato1603,1800001,1850000,1824933,36376,2943,52.9558,54.3371,-0.0129,-0.0064,-0.0048
Herato1603,1850001,1900000,1873491,37249,2852,47.6159,47.0848,0.0056,0.0026,0.002
Herato1603,1900001,1950000,1925269,33206,3055,60.5498,53.2999,0.0637,0.0308,0.0236
Herato1603,1950001,2000000,1975079,35545,3046,62.3466,57.9679,0.0364,0.019,0.0141
Herato1603,2000001,2050000,2025407,37913,3203,55.9853,60.9661,-0.0426,-0.0221,-0.0166
Herato1603,2050001,2100000,2072568,30107,2601,50.0548,54.9985,-0.0471,-0.0225,-0.0175
Herato1603,2100001,2150000,2125511,32600,2705,44.4018,50.1932,-0.0612,-0.0299,-0.022
Herato1603,2150001,2200000,2175021,33694,3005,53.1594,53.9534,-0.0074,-0.0042,-0.003
Herato1603,2200001,2250000,2223623,17966,869,14.6159,18.383,-0.1142,-0.0539,-0.0406
Herato1603,2250001,2300000,2274824,35758,3037,53.4291,53.0174,0.0039,0.0018,0.0014
Herato1603,2300001,2350000,2324172,32196,2404,44.8285,48.6229,-0.0406,-0.0186,-0.014
Herato1603,2350001,2400000,2373423,31641,2816,52.0016,53.0743,-0.0102,-0.0058,-0.0042
Herato1603,2400001,2450000,2426273,34745,2414,39.2389,50.5879,-0.1263,-0.0565,-0.0414
Herato1603,2450001,2500000,2474931,37662,2681,51.5005,66.9398,-0.1304,-0.0576,-0.0443
Herato1603,2500001,2550000,2523923,36907,3100,60.6143,53.7566,0.06,0.0211,0.0177
Herato1603,2550001,2600000,2574746,38491,3802,88.4007,65.8747,0.146,0.0784,0.0597
Herato1603,2600001,2650000,2624819,34310,2692,54.0898,46.9107,0.0711,0.0296,0.0235
Herato1603,2650001,2700000,2675441,34478,3072,52.8026,57.3515,-0.0413,-0.0199,-0.0145
Herato1603,2700001,2750000,2725029,34112,2788,41.68,49.7276,-0.088,-0.0467,-0.0335
Herato1603,2750001,2800000,2773402,32598,2831,51.2519,53.1421,-0.0181,-0.0083,-0.0064
Herato1603,2800001,2850000,2825519,33760,2714,41.3207,47.9618,-0.0744,-0.0361,-0.026
Herato1603,2850001,2900000,2874635,34958,3075,48.9511,49.3182,-0.0037,-0.002,-0.0015
Herato1603,2900001,2950000,2926745,33982,2905,40.9447,48.2697,-0.0821,-0.0444,-0.0324
Herato1603,2950001,3000000,2974908,36386,3428,66.4099,62.2833,0.0321,0.0158,0.0119
Herato1603,3000001,3050000,3024749,34318,2737,48.0639,45.2299,0.0304,0.0131,0.0103
Herato1603,3050001,3100000,3075331,33534,2690,44.3331,48.1583,-0.0414,-0.0225,-0.0165
Herato1603,3100001,3150000,3125216,35286,3146,55.4789,48.4166,0.068,0.0414,0.0292
Herato1603,3150001,3200000,3174659,34176,2675,48.9886,45.7373,0.0343,0.0167,0.0125
Herato1603,3200001,3250000,3222619,31381,2311,45.3074,42.06,0.0372,0.0186,0.0138
Herato1603,3250001,3300000,3274997,33802,2414,41.6357,45.1182,-0.0401,-0.0142,-0.0111
Herato1603,3300001,3350000,3324531,33748,2992,51.9737,55.6792,-0.0344,-0.0137,-0.0105
Herato1603,3350001,3400000,3374608,33506,2754,52.4632,53.9337,-0.0138,-0.0058,-0.0044
Herato1603,3400001,3450000,3425193,34366,2730,46.014,55.2184,-0.0909,-0.0361,-0.0277
Herato1603,3450001,3500000,3476475,33270,2859,48.898,53.4731,-0.0447,-0.0181,-0.0137
Herato1603,3500001,3550000,3525148,34527,2221,38.7597,40.3152,-0.0197,-0.0063,-0.0049
Herato1603,3550001,3600000,3578078,35828,2920,46.3337,47.7297,-0.0148,-0.0058,-0.0044
Herato1603,3600001,3650000,3624375,36558,3559,61.7454,58.3665,0.0281,0.0136,0.01
Herato1603,3650001,3700000,3674610,36700,2846,52.7363,58.9947,-0.056,-0.0271,-0.0198
Herato1603,3700001,3750000,3723427,34820,2586,58.1247,49.8241,0.0769,0.0361,0.0276
Herato1603,3750001,3800000,3775124,35318,2937,60.0443,53.3274,0.0592,0.0282,0.0211
Herato1603,3800001,3850000,3826188,30191,2380,43.6941,42.6059,0.0126,0.006,0.0044
Herato1603,3850001,3900000,3876773,31308,2907,42.8075,49.3735,-0.0712,-0.0361,-0.0256
Herato1603,3900001,3950000,3924329,28294,2340,37.0961,36.1993,0.0122,0.005,0.0038
Herato1603,3950001,4000000,3975357,35640,2984,55.2104,55.5096,-0.0027,-0.0014,-0.001
Herato1603,4000001,4050000,4025912,26539,2466,41.9989,48.8715,-0.0756,-0.0374,-0.0276
Herato1604,1,50000,25323,34994,2814,53.7658,67.5163,-0.1134,-0.0562,-0.0411
Herato1604,50001,100000,54831,6511,504,6.6083,7.1771,-0.0413,-0.0201,-0.0137
Herato1605,1,50000,25349,30692,2116,44.007,49.2646,-0.0564,-0.0246,-0.019
Herato1605,50001,100000,74285,34671,3022,50.7062,65.8262,-0.1297,-0.0687,-0.0488
Herato1605,100001,150000,124297,34257,2605,59.0157,50.6632,0.0762,0.0369,0.0272
Herato1605,150001,200000,174534,37487,2500,44.852,65.0485,-0.1838,-0.0755,-0.0575
Herato1605,200001,250000,223838,36352,2649,59.9979,53.8815,0.0537,0.026,0.0202
Herato1605,250001,300000,275949,32956,2511,57.2637,42.2556,0.1508,0.086,0.0639
Herato1605,300001,350000,322575,29127,2260,39.8238,39.2645,0.0071,0.0039,0.0028
Herato1605,350001,400000,374648,30797,2440,31.386,30.4104,0.0158,0.0076,0.0055
Herato1605,400001,450000,425863,29981,2588,34.9735,37.4746,-0.0345,-0.0161,-0.0119
Herato1605,450001,500000,475123,32354,1992,39.3446,31.7783,0.1064,0.0481,0.0379
Herato1605,500001,550000,524621,31029,2254,30.8651,38.1988,-0.1062,-0.0518,-0.0373
Herato1605,550001,600000,575347,34563,2904,47.7135,49.0158,-0.0135,-0.007,-0.0052
Herato1605,600001,650000,624071,35199,3121,45.921,52.071,-0.0628,-0.0342,-0.0242
Herato1605,650001,700000,675673,32866,3047,45.1801,53.4486,-0.0838,-0.0512,-0.0351
Herato1605,700001,750000,720830,25343,1889,35.5378,38.5328,-0.0404,-0.0205,-0.0157
Herato1605,750001,800000,778193,32357,2668,42.2126,40.8178,0.0168,0.0079,0.0061
Herato1605,800001,850000,824222,37489,3296,51.4491,54.3033,-0.027,-0.0151,-0.011
Herato1605,850001,900000,874523,32313,2441,38.6302,40.4675,-0.0232,-0.0138,-0.0099
Herato1605,900001,950000,924608,35552,3008,48.0155,46.1626,0.0197,0.0084,0.0065
Herato1605,950001,1000000,974940,35055,2969,52.0988,59.4969,-0.0663,-0.0393,-0.0275
Herato1605,1000001,1050000,1028527,28568,2648,63.0252,47.6677,0.1387,0.0639,0.0495
Herato1605,1050001,1100000,1075635,30101,2533,39.8533,40.9284,-0.0133,-0.006,-0.0045
Herato1605,1100001,1150000,1124889,33126,3449,60.9241,62.8218,-0.0153,-0.0069,-0.0052
Herato1605,1150001,1200000,1175057,37582,3562,67.6697,65.2288,0.0184,0.0099,0.0074
Herato1605,1200001,1250000,1222971,33140,2908,46.3108,51.5555,-0.0536,-0.025,-0.0188
Herato1605,1250001,1300000,1275162,36679,3092,55.4463,60.2124,-0.0412,-0.0158,-0.0124
Herato1605,1300001,1350000,1324441,34876,3290,53.4905,50.806,0.0257,0.0125,0.0093
Herato1605,1350001,1400000,1376851,30743,2707,37.9401,42.1166,-0.0522,-0.0268,-0.0194
Herato1605,1400001,1450000,1427001,24250,2255,36.0063,38.1386,-0.0288,-0.0137,-0.0105
Herato1605,1450001,1500000,1475258,33569,3007,47.5049,46.3957,0.0118,0.0058,0.0044
Herato1605,1500001,1550000,1524929,33929,3231,46.5298,51.764,-0.0533,-0.0293,-0.021
Herato1605,1550001,1600000,1575121,35090,2853,46.313,42.8994,0.0383,0.018,0.0139
Herato1605,1600001,1650000,1627087,30770,1525,35.7654,31.6871,0.0605,0.0385,0.0293
Herato1605,1650001,1700000,1676853,33430,2175,36.8905,40.0892,-0.0416,-0.0198,-0.0151
Herato1605,1700001,1750000,1724668,35012,3184,51.3343,46.5905,0.0484,0.0192,0.015
Herato1605,1750001,1800000,1775074,32459,2565,43.2563,42.3694,0.0104,0.0049,0.0037
Herato1605,1800001,1850000,1826001,33306,3005,56.5346,47.7311,0.0844,0.0339,0.027
Herato1605,1850001,1900000,1874177,31483,2783,42.2805,46.1458,-0.0437,-0.0202,-0.0151
Herato1605,1900001,1950000,1926771,30406,2198,34.5398,33.4463,0.0161,0.0062,0.0049
Herato1605,1950001,2000000,1974601,26484,1369,17.9055,19.4873,-0.0423,-0.0188,-0.0139
Herato1605,2000001,2050000,2025103,30498,2226,34.7653,35.7685,-0.0142,-0.0078,-0.0059
Herato1605,2050001,2100000,2077219,23671,1501,29.0477,32.6002,-0.0576,-0.0403,-0.0269
Herato1605,2100001,2150000,2124378,33282,3295,51.2864,60.4293,-0.0818,-0.0478,-0.0343
Herato1605,2150001,2200000,2175080,33827,3565,66.5106,62.071,0.0345,0.0161,0.0125
Herato1605,2200001,2250000,2224720,38177,3737,68.0975,66.4814,0.012,0.0061,0.0047
Herato1605,2250001,2300000,2275093,36559,3698,66.9169,68.0257,-0.0082,-0.0048,-0.0035
Herato1605,2300001,2350000,2325290,35735,2737,46.7876,47.2424,-0.0048,-0.002,-0.0015
Herato1605,2350001,2400000,2375145,36029,2913,47.9054,52.2507,-0.0434,-0.0176,-0.0137
Herato1605,2400001,2450000,2424778,32567,2483,44.7592,40.8564,0.0456,0.0239,0.0181
Herato1605,2450001,2500000,2476626,33517,3062,51.7687,52.5205,-0.0072,-0.0033,-0.0025
Herato1605,2500001,2550000,2524522,34763,2798,50.2778,55.5211,-0.0496,-0.0252,-0.0185
Herato1605,2550001,2600000,2574481,33685,2791,45.9902,40.8775,0.0589,0.0251,0.0193
Herato1605,2600001,2650000,2625221,34528,3072,50.5546,53.313,-0.0266,-0.0125,-0.0093
Herato1605,2650001,2700000,2675432,40053,3245,66.5622,55.9912,0.0863,0.0361,0.0294
Herato1605,2700001,2750000,2725249,25609,1399,18.783,18.2382,0.0147,0.0049,0.0041
Herato1605,2750001,2800000,2774571,32627,2385,40.6061,42.0244,-0.0172,-0.0079,-0.0059
Herato1605,2800001,2850000,2825910,27843,2270,41.7692,43.2125,-0.017,-0.01,-0.0075
Herato1605,2850001,2900000,2874800,36308,3426,58.0132,56.8247,0.0103,0.0051,0.0038
Herato1605,2900001,2950000,2926057,26232,2080,31.5175,34.9804,-0.0521,-0.0263,-0.0196
Herato1605,2950001,3000000,2969527,20567,1277,18.1424,20.566,-0.0626,-0.0201,-0.0165
Herato1605,3000001,3050000,3025639,33602,2980,43.7017,46.7257,-0.0334,-0.0123,-0.0098
Herato1605,3050001,3100000,3074830,33881,3184,51.2648,54.3798,-0.0295,-0.0135,-0.0103
Herato1605,3100001,3150000,3123228,32820,2744,34.1923,38.8363,-0.0636,-0.0246,-0.0188
Herato1605,3150001,3200000,3173519,26380,2252,37.5113,30.4726,0.1035,0.0497,0.0385
Herato1605,3200001,3250000,3225494,32109,2451,32.8512,37.6132,-0.0676,-0.0259,-0.0198
Herato1605,3250001,3300000,3275378,31716,2326,36.7161,38.9008,-0.0289,-0.0133,-0.0102
Herato1605,3300001,3350000,3325062,28106,2287,32.0772,29.9134,0.0349,0.0158,0.012
Herato1605,3350001,3400000,3373491,29952,2539,42.7422,31.5903,0.15,0.0609,0.0486
Herato1605,3400001,3450000,3424436,25849,1941,36.9309,35.3928,0.0213,0.0097,0.0074
Herato1605,3450001,3500000,3470526,24277,905,11.8542,11.8429,0.0005,0.0002,0.0001
Herato1605,3500001,3550000,3525208,30182,1972,25.2866,27.2402,-0.0372,-0.0147,-0.011
Herato1605,3550001,3600000,3577559,29668,2149,28.1031,34.6081,-0.1037,-0.0314,-0.0252
Herato1605,3600001,3650000,3623566,35073,2319,34.5776,30.6717,0.0599,0.0215,0.0168
Herato1605,3650001,3700000,3672247,33167,1950,32.1211,39.0195,-0.097,-0.0395,-0.0308
Herato1605,3700001,3750000,3725204,33857,3568,55.6519,65.804,-0.0836,-0.0447,-0.033
Herato1605,3750001,3800000,3775044,32827,2786,49.1409,45.6496,0.0368,0.0145,0.0115
Herato1605,3800001,3850000,3825108,36433,3749,66.2025,66.4601,-0.0019,-0.001,-0.0008
Herato1605,3850001,3900000,3874428,34358,4011,74.6631,71.3961,0.0224,0.0125,0.009
Herato1605,3900001,3950000,3924528,34689,3449,61.3268,56.0877,0.0446,0.0196,0.0152
Herato1605,3950001,4000000,3974121,33157,3990,75.4892,68.2141,0.0506,0.0271,0.0205
Herato1605,4000001,4050000,4025759,33121,3519,64.1985,55.0701,0.0765,0.0338,0.0264
Herato1605,4050001,4100000,4074850,33189,2904,44.1123,48.0169,-0.0424,-0.0189,-0.0142
Herato1605,4100001,4150000,4124672,33121,3209,60.0622,44.8914,0.1445,0.0716,0.0538
Herato1605,4150001,4200000,4174620,33802,3198,51.2733,64.9568,-0.1177,-0.0528,-0.039
Herato1605,4200001,4250000,4224637,34817,2725,41.3776,43.9778,-0.0305,-0.0122,-0.0096
Herato1605,4250001,4300000,4274628,35488,3909,73.4615,73.7333,-0.0018,-0.0009,-0.0007
Herato1605,4300001,4350000,4325747,38695,3371,70.1896,71.9123,-0.0121,-0.005,-0.0039
Herato1605,4350001,4400000,4374294,32518,2985,62.2244,53.887,0.0718,0.0298,0.0242
Herato1605,4400001,4450000,4425598,34726,2937,44.6677,47.0117,-0.0256,-0.0099,-0.0077
Herato1605,4450001,4500000,4473477,27974,2012,35.9581,40.792,-0.063,-0.0313,-0.0237
Herato1605,4500001,4550000,4525549,33399,2375,43.7533,45.4309,-0.0188,-0.009,-0.0068
Herato1605,4550001,4600000,4573095,34840,2711,54.4476,62.3183,-0.0674,-0.0365,-0.0264
Herato1605,4600001,4650000,4625233,36118,3441,65.8621,70.2478,-0.0322,-0.0208,-0.0151
Herato1605,4650001,4700000,4675278,36380,3441,60.6551,62.0275,-0.0112,-0.0062,-0.0045
Herato1605,4700001,4750000,4728983,29553,2490,46.0102,51.6253,-0.0575,-0.0243,-0.019
Herato1605,4750001,4800000,4775519,36671,3764,77.918,67.6808,0.0703,0.0344,0.0274
Herato1605,4800001,4850000,4824977,39198,2797,49.9504,52.0401,-0.0205,-0.0077,-0.0061
Herato1605,4850001,4900000,4875128,37792,2680,53.1732,57.7543,-0.0413,-0.0183,-0.0149
Herato1605,4900001,4950000,4924297,37237,2127,27.8998,37.7938,-0.1506,-0.0567,-0.0475
