scaffold,start,end,mid,sites,sitesUsed,ABBA,BABA,D,fd,fdM
Herato2001,1,50000,26364,34686,1266,21.4296,9.2593,0.3966,0.1597,0.1348
Herato2001,50001,100000,73135,27147,921,24.8562,8.5311,0.489,0.1743,0.1428
Herato2001,100001,150000,124681,39431,2589,54.5715,37.8733,0.1806,0.1047,0.0845
Herato2001,150001,200000,174482,37965,3696,92.9731,62.7281,0.1943,0.1282,0.0994
Herato2001,200001,250000,224675,26365,2371,61.564,45.3092,0.1521,0.0928,0.0752
Herato2001,250001,300000,275049,35295,3469,77.2267,58.6961,0.1363,0.0746,0.0584
Herato2001,300001,350000,325807,35487,3223,72.7232,49.3971,0.191,0.0987,0.0773
Herato2001,350001,400000,374872,32825,3320,75.5428,52.1734,0.183,0.1011,0.0778
Herato2001,400001,450000,425143,34150,3328,78.5835,49.6825,0.2253,0.1145,0.0899
Herato2001,450001,500000,475128,35617,3698,65.2918,51.5454,0.1177,0.057,0.0439
Herato2001,500001,550000,523898,33481,3977,78.5643,54.8212,0.178,0.0992,0.0764
Herato2001,550001,600000,574858,36416,3259,73.6949,52.0302,0.1723,0.1149,0.0869
Herato2001,600001,650000,623038,28664,2983,60.0485,47.7755,0.1138,0.0754,0.0552
Herato2001,650001,700000,674815,36312,3858,87.4783,54.1424,0.2354,0.1324,0.1048
Herato2001,700001,750000,724951,35790,3979,92.3063,73.1512,0.1158,0.076,0.0574
Herato2001,750001,800000,766433,16944,1452,34.4133,31.5164,0.0439,0.0247,0.0194
Herato2001,800001,850000,826326,34958,3903,87.9124,67.9797,0.1279,0.0834,0.0624
Herato2001,850001,900000,875260,37583,4350,81.4854,63.2875,0.1257,0.0712,0.0547
Herato2001,900001,950000,925023,36746,4535,97.5072,65.354,0.1974,0.1208,0.0916
Herato2001,950001,1000000,974354,35698,3871,67.1428,56.9136,0.0825,0.0713,0.0485
Herato2001,1000001,1050000,1023387,33156,3521,57.5948,51.1931,0.0588,0.0495,0.0325
Herato2001,1050001,1100000,1072558,32350,3281,72.6954,44.4303,0.2413,0.1593,0.1199
Herato2001,1100001,1150000,1124824,37510,4009,80.642,61.5852,0.134,0.0899,0.0669
Herato2001,1150001,1200000,1174643,37092,3738,64.2027,60.8016,0.0272,0.0208,0.0142
Herato2001,1200001,1250000,1224947,36374,3458,79.8299,50.0443,0.2293,0.1547,0.1159
Herato2001,1250001,1300000,1274794,35751,4225,80.781,63.6451,0.1186,0.081,0.0586
Herato2001,1300001,1350000,1325031,34707,3872,68.7114,60.7469,0.0615,0.0389,0.0291
Herato2001,1350001,1400000,1374788,34899,3320,67.108,58.6689,0.0671,0.0366,0.0282
Herato2001,1400001,1450000,1425354,34598,3983,79.0717,55.1962,0.1778,0.1017,0.0768
Herato2001,1450001,1500000,1474638,35431,4292,82.3299,68.7557,0.0898,0.053,0.0393
Herato2001,1500001,1550000,1525041,34775,4464,86.487,73.2316,0.083,0.065,0.046
Herato2001,1550001,1600000,1573363,32162,2668,62.8273,40.5802,0.2151,0.1723,0.1286
Herato2001,1600001,1650000,1624814,39582,4421,88.0736,71.5119,0.1038,0.0677,0.0508
Herato2001,1650001,1700000,1674806,38726,3266,80.4207,52.7175,0.2081,0.1231,0.0968
Herato2001,1700001,1750000,1724937,35992,4542,79.4086,72.5491,0.0451,0.0275,0.0199
Herato2001,1750001,1800000,1774118,35204,3797,83.6471,54.3353,0.2124,0.1126,0.0876
Herato2001,1800001,1850000,1829665,27908,2496,47.9343,35.5604,0.1482,0.1033,0.0723
Herato2001,1850001,1900000,1875052,37024,4606,91.5814,73.6488,0.1085,0.0623,0.0472
Herato2001,1900001,1950000,1925305,37245,3578,65.0909,55.1745,0.0825,0.0555,0.0416
Herato2001,1950001,2000000,1975151,37624,3915,70.003,60.926,0.0693,0.0469,0.0335
Herato2001,2000001,2050000,2025380,36247,4149,98.6229,66.3152,0.1959,0.1229,0.0948
Herato2001,2050001,2100000,2071985,33116,2745,70.6299,59.3651,0.0867,0.051,0.0394
Herato2001,2100001,2150000,2125019,36969,2804,53.1626,46.5922,0.0659,0.0314,0.0258
Herato2001,2150001,2200000,2175293,39771,3658,68.2727,55.881,0.0998,0.048,0.0379
Herato2001,2200001,2250000,2224980,37639,3905,98.3775,65.5958,0.1999,0.1295,0.1011
Herato2001,2250001,2300000,2275375,38324,4366,78.1941,68.1931,0.0683,0.0391,0.0303
Herato2001,2300001,2350000,2325037,39060,4417,76.7353,61.8285,0.1076,0.0665,0.0493
Herato2001,2350001,2400000,2374964,39072,3632,78.7614,58.2568,0.1496,0.0956,0.0721
Herato2001,2400001,2450000,2425316,35899,3863,80.4518,65.916,0.0993,0.0598,0.0456
Herato2001,2450001,2500000,2475752,38580,4101,76.0556,58.7839,0.1281,0.0917,0.0636
Herato2001,2500001,2550000,2524417,36528,3632,67.5661,53.5124,0.1161,0.0979,0.069
Herato2001,2550001,2600000,2574608,37243,3249,62.9946,45.2086,0.1644,0.0954,0.072
Herato2001,2600001,2650000,2626168,31245,2299,62.9056,38.3184,0.2429,0.1423,0.1127
Herato2001,2650001,2700000,2674330,33562,2892,57.6615,45.6403,0.1164,0.0591,0.0463
Herato2001,2700001,2750000,2724097,32630,3491,76.0879,41.7817,0.2911,0.1751,0.1365
Herato2001,2750001,2800000,2774578,30347,2020,41.2318,23.1634,0.2806,0.1352,0.1082
Herato2001,2800001,2850000,2824089,27127,2499,42.227,26.9744,0.2204,0.1089,0.0843
Herato2001,2850001,2900000,2876888,29593,2182,48.6795,31.3401,0.2167,0.1079,0.0852
Herato2001,2900001,2950000,2925055,32040,3375,62.6632,38.0726,0.2441,0.1383,0.104
Herato2001,2950001,3000000,2974614,32291,2804,67.0863,42.1826,0.2279,0.1157,0.0914
Herato2001,3000001,3050000,3025240,33657,2898,57.3285,37.8043,0.2052,0.1089,0.0818
Herato2001,3050001,3100000,3075726,32536,3460,78.638,59.1769,0.1412,0.088,0.0676
Herato2001,3100001,3150000,3124988,35472,3876,82.6095,66.0501,0.1114,0.077,0.0556
Herato2001,3150001,3200000,3174591,37202,3779,79.389,52.7333,0.2018,0.1208,0.0928
Herato2001,3200001,3250000,3225104,36728,4364,96.2702,60.786,0.2259,0.1198,0.0938
Herato2001,3250001,3300000,3276249,35464,3398,73.984,49.1402,0.2018,0.1076,0.0832
Herato2001,3300001,3350000,3324086,36623,3479,55.1156,60.5543,-0.047,-0.021,-0.0161
Herato2001,3350001,3400000,3374431,38119,4253,76.6609,73.4287,0.0215,0.0114,0.0086
Herato2001,3400001,3450000,3423986,33078,3019,46.9293,49.6737,-0.0284,-0.0108,-0.0084
Herato2001,3450001,3500000,3474198,29547,2759,47.9415,44.5937,0.0362,0.016,0.0124
Herato2001,3500001,3550000,3524402,37562,3876,85.288,66.9303,0.1206,0.0692,0.052
Herato2001,3550001,3600000,3575252,36590,3754,72.8581,54.9709,0.1399,0.0777,0.0582
Herato2001,3600001,3650000,3624988,37887,3551,57.3706,52.0439,0.0487,0.0266,0.0195
Herato2001,3650001,3700000,3674907,37737,3774,53.5308,58.2087,-0.0419,-0.0224,-0.017
Herato2001,3700001,3750000,3729337,33624,3327,65.0331,57.7628,0.0592,0.0295,0.0238
Herato2001,3750001,3800000,3774642,41124,3219,56.2636,47.5186,0.0843,0.0382,0.0305
Herato2001,3800001,3850000,3825457,36309,3347,58.7446,51.6115,0.0646,0.0267,0.0214
Herato2001,3850001,3900000,3874852,36056,3883,66.0908,68.847,-0.0204,-0.0098,-0.0077
Herato2001,3900001,3950000,3924745,35221,3453,55.1283,51.9366,0.0298,0.0123,0.0098
Herato2001,3950001,4000000,3975413,33992,3124,53.0328,52.965,0.0006,0.0003,0.0002
Herato2001,4000001,4050000,4023509,33105,3006,57.0268,50.4075,0.0616,0.0283,0.0227
Herato2001,4050001,4100000,4074943,34237,2899,50.1724,44.3248,0.0619,0.0274,0.0218
Herato2001,4100001,4150000,4124988,33164,2668,47.7179,47.5049,0.0022,0.0013,0.001
Herato2001,4150001,4200000,4175524,34993,2911,51.1098,47.7038,0.0345,0.0161,0.0122
Herato2001,4200001,4250000,4225445,37568,3526,60.3007,57.9896,0.0195,0.0105,0.008
Herato2001,4250001,4300000,4273501,29290,2815,49.8358,45.865,0.0415,0.0233,0.0177
Herato2001,4300001,4350000,4324421,37399,4185,71.0583,71.6677,-0.0043,-0.0024,-0.0018
Herato2001,4350001,4400000,4374322,37751,3573,54.5261,60.167,-0.0492,-0.0255,-0.0195
Herato2001,4400001,4450000,4425379,36460,3306,49.2275,51.4078,-0.0217,-0.0148,-0.0103
Herato2001,4450001,4500000,4475650,38860,4273,74.2122,67.6411,0.0463,0.0242,0.0186
Herato2001,4500001,4550000,4523534,27504,2210,41.4686,42.2112,-0.0089,-0.0054,-0.0039
Herato2001,4550001,4600000,4574996,36597,4249,66.7867,71.5573,-0.0345,-0.0169,-0.0131
Herato2001,4600001,4650000,4623645,34341,2926,46.9972,50.0178,-0.0311,-0.0198,-0.0141
Herato2001,4650001,4700000,4674685,37539,3727,74.0532,55.4537,0.1436,0.0823,0.0636
Herato2001,4700001,4750000,4725398,33608,3402,64.287,48.1795,0.1432,0.0762,0.0585
Herato2001,4750001,4800000,4774664,33599,3693,59.6039,62.2838,-0.022,-0.009,-0.0072
Herato2001,4800001,4850000,4825162,32590,2912,45.8581,43.4452,0.027,0.0117,0.0092
Herato2001,4850001,4900000,4875785,37489,3481,58.2337,70.0554,-0.0921,-0.0514,-0.0383
Herato2001,4900001,4950000,4923778,35492,3231,62.3647,64.9451,-0.0203,-0.0104,-0.0078
Herato2001,4950001,5000000,4974720,33178,2852,41.4215,43.1824,-0.0208,-0.01,-0.0076
Herato2001,5000001,5050000,5025648,34733,3132,52.8407,50.7976,0.0197,0.0105,0.0079
Herato2001,5050001,5100000,5074698,35913,3574,47.0298,49.1456,-0.022,-0.0115,-0.0087
Herato2001,5100001,5150000,5125549,37824,3979,64.4398,63.5332,0.0071,0.004,0.003
Herato2001,5150001,5200000,5175202,40124,3810,64.9542,63.814,0.0089,0.0057,0.0042
Herato2001,5200001,5250000,5224540,33721,3083,53.8379,56.2029,-0.0215,-0.0134,-0.0101
Herato2001,5250001,5300000,5275666,37400,3976,66.1292,66.472,-0.0026,-0.0013,-0.001
Herato2001,5300001,5350000,5324409,36673,3925,56.6173,62.3786,-0.0484,-0.021,-0.0166
Herato2001,5350001,5400000,5375608,35312,3199,73.2745,55.7924,0.1354,0.0733,0.057
Herato2001,5400001,5450000,5424887,34093,2780,59.1743,39.2347,0.2026,0.105,0.0817
Herato2001,5450001,5500000,5474308,27407,2087,43.5361,25.5884,0.2596,0.1341,0.1043
Herato2001,5500001,5550000,5524048,35411,2965,48.884,42.8333,0.066,0.0287,0.0229
Herato2001,5550001,5600000,5575887,37308,2884,45.3939,51.0995,-0.0591,-0.0281,-0.0225
Herato2001,5600001,5650000,5624383,36552,3759,67.3835,55.615,0.0957,0.0436,0.034
Herato2001,5650001,5700000,5674916,36621,3372,54.6041,55.6003,-0.009,-0.0036,-0.0028
Herato2001,5700001,5750000,5725512,37352,3686,68.3126,63.238,0.0386,0.0208,0.0163
Herato2001,5750001,5800000,5774785,35837,3919,65.0002,60.3121,0.0374,0.0168,0.0129
Herato2001,5800001,5850000,5825516,37133,3322,43.8724,54.5354,-0.1084,-0.0473,-0.0364
Herato2001,5850001,5900000,5875482,31688,2796,61.9696,64.8355,-0.0226,-0.011,-0.0087
Herato2001,5900001,5950000,5925482,37797,3703,68.1429,68.2436,-0.0007,-0.0004,-0.0003
Herato2001,5950001,6000000,5974133,36279,3041,47.11,47.1714,-0.0007,-0.0002,-0.0002
Herato2001,6000001,6050000,6023545,38000,3597,68.0201,54.5466,0.1099,0.0424,0.0346
Herato2001,6050001,6100000,6075058,35205,2694,36.3201,34.0859,0.0317,0.0121,0.0097
Herato2001,6100001,6150000,6125164,35460,2844,41.0489,40.1059,0.0116,0.0047,0.0037
Herato2001,6150001,6200000,6174145,33008,2477,42.9455,39.6438,0.04,0.0187,0.0145
Herato2001,6200001,6250000,6225001,36884,2788,58.7846,51.4007,0.067,0.0318,0.0253
Herato2001,6250001,6300000,6275719,36248,3043,57.4375,54.881,0.0228,0.0108,0.0083
Herato2001,6300001,6350000,6326767,31904,2509,45.8617,35.2711,0.1305,0.048,0.0399
Herato2001,6350001,6400000,6375220,36057,3209,58.1606,54.062,0.0365,0.0171,0.0131
Herato2001,6400001,6450000,6424374,39003,3267,55.647,62.4843,-0.0579,-0.0235,-0.0191
Herato2001,6450001,6500000,6475355,38497,3255,50.9358,52.3975,-0.0141,-0.0058,-0.0046
Herato2001,6500001,6550000,6524990,39015,3770,59.0856,60.3814,-0.0108,-0.0049,-0.0039
Herato2001,6550001,6600000,6574794,36973,3433,52.2124,57.3356,-0.0468,-0.0189,-0.015
Herato2001,6600001,6650000,6624773,38483,3226,52.5604,43.2958,0.0967,0.0342,0.0279
Herato2001,6650001,6700000,6675066,38851,2947,45.4392,43.2503,0.0247,0.0119,0.0095
Herato2001,6700001,6750000,6724286,35363,3162,59.2344,60.3534,-0.0094,-0.0044,-0.0035
Herato2001,6750001,6800000,6775890,37135,3767,63.3862,62.3726,0.0081,0.0039,0.003
Herato2001,6800001,6850000,6823928,38062,3296,46.8662,47.6336,-0.0081,-0.0039,-0.003
Herato2001,6850001,6900000,6874577,36705,3393,47.9418,48.5246,-0.006,-0.0025,-0.0019
Herato2001,6900001,6950000,6927073,36725,2682,44.7574,43.834,0.0104,0.0038,0.003
Herato2001,6950001,7000000,6971706,29849,2112,34.9866,32.7177,0.0335,0.014,0.0112
Herato2001,7000001,7050000,7024798,39131,3717,61.8426,61.5374,0.0025,0.0012,0.001
Herato2001,7050001,7100000,7075689,46021,2135,27.1827,27.8277,-0.0117,-0.0034,-0.0029
Herato2001,7100001,7150000,7124702,45627,2184,45.8534,42.1609,0.042,0.0239,0.0194
Herato2001,7150001,7200000,7174148,40950,2943,46.6567,36.2029,0.1262,0.0542,0.0457
Herato2001,7200001,7250000,7224845,39029,3782,50.6121,56.9083,-0.0586,-0.0237,-0.0182
Herato2001,7250001,7300000,7274765,36751,3176,49.6313,41.4447,0.0899,0.0468,0.0362
Herato2001,7300001,7350000,7324788,40847,2689,37.1105,30.0403,0.1053,0.0298,0.0252
Herato2001,7350001,7400000,7375694,37653,3366,63.1855,68.1119,-0.0375,-0.0189,-0.0142
Herato2001,7400001,7450000,7422325,32666,2449,43.8191,43.5215,0.0034,0.0014,0.0012
Herato2001,7450001,7500000,7474272,38959,3153,54.2279,45.6014,0.0864,0.0323,0.0269
Herato2001,7500001,7550000,7528087,26463,1324,28.1288,25.929,0.0407,0.0217,0.017
Herato2001,7550001,7600000,7575028,37928,3327,64.3859,64.3948,-0.0001,-0.0,-0.0
Herato2001,7600001,7650000,7625134,37895,3242,60.9986,71.1651,-0.0769,-0.0344,-0.0267
Herato2001,7650001,7700000,7675330,41004,3283,53.1444,46.1274,0.0707,0.0271,0.0218
Herato2001,7700001,7750000,7725189,36838,3941,71.3123,66.3791,0.0358,0.0161,0.0124
Herato2001,7750001,7800000,7774704,40651,3156,57.1335,59.3267,-0.0188,-0.0091,-0.007
Herato2001,7800001,7850000,7824719,39572,3401,66.6641,62.8926,0.0291,0.0157,0.0122
Herato2001,7850001,7900000,7875264,39024,3695,64.9909,71.3547,-0.0467,-0.0204,-0.0161
Herato2001,7900001,7950000,7923360,35399,2894,56.1897,48.4109,0.0744,0.0431,0.0322
Herato2001,7950001,8000000,7975896,37027,2861,51.7045,64.5792,-0.1107,-0.0594,-0.0452
Herato2001,8000001,8050000,8025323,35180,3170,55.0621,56.4604,-0.0125,-0.0052,-0.0041
Herato2001,8050001,8100000,8074271,36592,3189,42.3499,51.7453,-0.0999,-0.0446,-0.0354
Herato2001,8100001,8150000,8123620,30660,1836,33.0122,27.9703,0.0827,0.0298,0.0244
Herato2001,8150001,8200000,8175146,27347,1303,21.9779,20.8166,0.0271,0.0111,0.009
Herato2001,8200001,8250000,8224853,30826,1250,33.3452,24.7362,0.1482,0.0995,0.08
Herato2001,8250001,8300000,8276329,35310,3101,68.5597,50.6197,0.1505,0.0878,0.0695
Herato2001,8300001,8350000,8323995,35913,3178,62.4844,49.8914,0.1121,0.0561,0.0457
Herato2001,8350001,8400000,8374855,35340,3540,53.4937,51.0763,0.0231,0.0103,0.0081
Herato2001,8400001,8450000,8426475,34193,3361,47.458,48.7404,-0.0133,-0.0071,-0.0054
Herato2001,8450001,8500000,8475172,31782,2705,39.4718,46.9506,-0.0865,-0.0402,-0.0302
Herato2001,8500001,8550000,8525392,37138,3542,57.9398,61.0783,-0.0264,-0.0142,-0.0104
Herato2001,8550001,8600000,8572301,31274,2893,60.151,51.7751,0.0748,0.0384,0.0299
Herato2001,8600001,8650000,8625006,35353,3426,65.3852,59.9592,0.0433,0.0206,0.0158
Herato2001,8650001,8700000,8674614,37180,3253,51.9544,61.303,-0.0825,-0.0426,-0.0318
Herato2001,8700001,8750000,8725564,37876,3208,47.0243,47.6585,-0.0067,-0.0028,-0.0022
Herato2001,8750001,8800000,8774295,37804,3316,56.6929,56.6988,-0.0001,-0.0,-0.0
Herato2001,8800001,8850000,8825884,34443,3432,49.4559,45.0001,0.0472,0.0236,0.0182
Herato2001,8850001,8900000,8872396,28006,1990,31.138,22.26,0.1663,0.069,0.0544
Herato2001,8900001,8950000,8929977,28921,2669,48.1939,46.2093,0.021,0.0094,0.0075
Herato2001,8950001,9000000,8974562,38083,3748,62.2985,63.6093,-0.0104,-0.0057,-0.0043
Herato2001,9000001,9050000,9025687,36390,3220,42.0168,47.4251,-0.0605,-0.0244,-0.0194
Herato2001,9050001,9100000,9074079,38735,3494,70.25,55.1972,0.12,0.0581,0.0466
Herato2001,9100001,9150000,9124888,37987,4016,102.2734,59.6899,0.2629,0.1584,0.1235
Herato2001,9150001,9200000,9175470,36884,3358,69.2702,50.7041,0.1548,0.0837,0.0645
Herato2001,9200001,9250000,9224959,39272,3095,77.8686,39.5066,0.3268,0.1644,0.1349
Herato2001,9250001,9300000,9275106,39603,3320,61.5279,43.143,0.1756,0.0946,0.0711
Herato2001,9300001,9350000,9325903,39120,2979,50.9323,49.2085,0.0172,0.0074,0.0059
Herato2001,9350001,9400000,9374412,40738,3321,42.3673,46.8021,-0.0497,-0.0225,-0.0173
Herato2001,9400001,9450000,9429920,33911,2654,39.7167,37.2724,0.0317,0.0138,0.011
Herato2001,9450001,9500000,9475599,42323,3180,46.191,51.9984,-0.0591,-0.0283,-0.0224
Herato2001,9500001,9550000,9524499,38318,3195,46.8138,48.0358,-0.0129,-0.0057,-0.0044
Herato2001,9550001,9600000,9574506,39243,3675,61.013,55.9828,0.043,0.0217,0.0169
Herato2001,9600001,9650000,9624974,38565,3815,68.62,66.0079,0.0194,0.0083,0.0067
Herato2001,9650001,9700000,9674144,35867,3843,59.1861,59.6283,-0.0037,-0.002,-0.0015
Herato2001,9700001,9750000,9726724,29157,3089,50.1982,59.0,-0.0806,-0.0471,-0.0338
Herato2001,9750001,9800000,9775048,32902,3868,69.4461,62.0002,0.0566,0.0295,0.0226
Herato2001,9800001,9850000,9824822,32968,2898,46.0115,52.6996,-0.0678,-0.0289,-0.0227
Herato2001,9850001,9900000,9873787,28236,1850,25.8071,35.3576,-0.1561,-0.0702,-0.0537
Herato2001,9900001,9950000,9928231,24002,1648,30.3831,31.7274,-0.0216,-0.0098,-0.0075
Herato2001,9950001,10000000,9975860,37816,3136,42.994,49.2408,-0.0677,-0.0305,-0.0235
Herato2001,10000001,10050000,10025106,35279,3779,60.3369,58.9539,0.0116,0.0064,0.0048
Herato2001,10050001,10100000,10075146,34578,3459,64.5568,67.0103,-0.0186,-0.0106,-0.008
Herato2001,10100001,10150000,10125325,35113,3382,55.4977,54.74,0.0069,0.0035,0.0026
Herato2001,10150001,10200000,10174639,35860,3140,45.4075,38.8072,0.0784,0.0421,0.0316
Herato2001,10200001,10250000,10224151,32823,2786,42.083,36.6635,0.0688,0.0301,0.0237
Herato2001,10250001,10300000,10275274,37130,3445,56.8396,62.6997,-0.049,-0.0303,-0.022
Herato2001,10300001,10350000,10325050,38268,3406,58.3678,51.2573,0.0649,0.0314,0.0244
Herato2001,10350001,10400000,10374663,38445,3613,59.5154,58.4763,0.0088,0.0045,0.0034
Herato2001,10400001,10450000,10425339,39584,3527,49.3185,59.8565,-0.0965,-0.0416,-0.0316
Herato2001,10450001,10500000,10474092,32437,3354,51.1554,54.3785,-0.0305,-0.016,-0.0119
Herato2001,10500001,10550000,10525353,36588,3381,63.7383,55.3178,0.0707,0.0407,0.0312
Herato2001,10550001,10600000,10576466,33953,3171,52.2611,74.8447,-0.1777,-0.0738,-0.0581
Herato2001,10600001,10650000,10623391,30505,2048,42.01,36.9679,0.0638,0.0277,0.0227
Herato2001,10650001,10700000,10674146,33477,2835,49.3996,50.8064,-0.014,-0.0063,-0.005
Herato2001,10700001,10750000,10726296,30380,2543,37.3627,33.2081,0.0589,0.0256,0.0202
Herato2001,10750001,10800000,10774943,33690,2727,39.6276,41.4707,-0.0227,-0.0107,-0.0078
Herato2001,10800001,10850000,10825008,36069,3460,58.2174,52.9099,0.0478,0.0236,0.0184
Herato2001,10850001,10900000,10875385,32362,2892,37.8694,40.4316,-0.0327,-0.0151,-0.0117
Herato2001,10900001,10950000,10925039,37134,2846,39.625,40.7598,-0.0141,-0.0058,-0.0046
Herato2001,10950001,11000000,10974930,34480,2273,37.0248,38.6723,-0.0218,-0.0085,-0.0068
Herato2001,11000001,11050000,11024961,33080,2965,39.6138,37.8153,0.0232,0.0093,0.0074
Herato2001,11050001,11100000,11074506,36281,2600,43.1614,39.9723,0.0384,0.0173,0.0139
Herato2001,11100001,11150000,11127734,31401,2780,54.7089,50.038,0.0446,0.0207,0.0166
Herato2001,11150001,11200000,11175285,33928,2964,41.7439,48.1527,-0.0713,-0.0295,-0.0227
Herato2001,11200001,11250000,11222966,31543,2920,51.056,47.3066,0.0381,0.0168,0.0134
Herato2001,11250001,11300000,11276732,34744,2353,50.1984,49.5573,0.0064,0.0028,0.0022
Herato2001,11300001,11350000,11325391,39240,3275,70.1668,54.2622,0.1278,0.0627,0.0486
Herato2001,11350001,11400000,11375157,37427,3226,56.6466,51.2701,0.0498,0.0352,0.0245
Herato2001,11400001,11450000,11424617,39465,4068,76.022,63.176,0.0923,0.0518,0.0395
Herato2001,11450001,11500000,11473120,29268,2584,41.3604,40.5685,0.0097,0.0053,0.004
Herato2001,11500001,11550000,11524943,37822,4418,77.5506,77.039,0.0033,0.0021,0.0016
Herato2001,11550001,11600000,11574967,38080,4551,70.1572,68.4075,0.0126,0.0065,0.005
Herato2001,11600001,11650000,11625331,36665,4460,64.4659,67.7508,-0.0248,-0.0117,-0.009
Herato2001,11650001,11700000,11674610,36792,3891,63.5536,52.7646,0.0928,0.0426,0.0335
Herato2001,11700001,11750000,11724776,35801,2715,52.2018,41.6108,0.1129,0.0402,0.0332
Herato2001,11750001,11800000,11775849,37733,3383,58.0148,62.4386,-0.0367,-0.0155,-0.0125
Herato2001,11800001,11850000,11824578,38446,3208,68.5315,58.0258,0.083,0.0402,0.0307
Herato2001,11850001,11900000,11874568,35969,2520,45.3829,59.4961,-0.1346,-0.0988,-0.0719
Herato2001,11900001,11950000,11924573,36611,3608,62.0498,66.1743,-0.0322,-0.0169,-0.013
Herato2001,11950001,12000000,11974316,36841,3765,68.9135,64.3534,0.0342,0.0221,0.0162
Herato2001,12000001,12050000,12021593,32553,3381,51.2476,55.4327,-0.0392,-0.0299,-0.0213
Herato2001,12050001,12100000,12079173,31870,3002,60.1975,51.3806,0.079,0.0436,0.033
Herato2001,12100001,12150000,12124560,36084,3916,63.0801,63.0234,0.0004,0.0003,0.0002
Herato2001,12150001,12200000,12173364,29861,3097,51.8772,54.0123,-0.0202,-0.0112,-0.0084
Herato2001,12200001,12250000,12225195,33969,3456,65.4364,55.4976,0.0822,0.048,0.0367
Herato2001,12250001,12300000,12275562,30837,2941,46.374,53.1845,-0.0684,-0.0322,-0.0247
Herato2001,12300001,12350000,12324645,35852,4011,67.4714,61.6122,0.0454,0.0259,0.0191
Herato2001,12350001,12400000,12374059,32003,3637,63.351,58.0456,0.0437,0.0234,0.0176
Herato2001,12400001,12450000,12424936,34889,3775,57.9853,60.5192,-0.0214,-0.0115,-0.0086
Herato2001,12450001,12500000,12475254,34915,3909,64.618,64.7574,-0.0011,-0.0007,-0.0005
Herato2001,12500001,12550000,12524798,33117,3373,57.6701,53.6127,0.0365,0.0212,0.0157
Herato2001,12550001,12600000,12572994,32648,3825,62.6879,70.4785,-0.0585,-0.0298,-0.0224
Herato2001,12600001,12650000,12625252,36455,3691,61.964,64.1022,-0.017,-0.0087,-0.0066
Herato2001,12650001,12700000,12674788,35335,4199,73.5086,66.88,0.0472,0.0269,0.0206
Herato2001,12700001,12750000,12724956,36907,3664,59.0663,63.1224,-0.0332,-0.0176,-0.0131
Herato2001,12750001,12800000,12775336,39175,3140,65.1937,60.071,0.0409,0.0245,0.0184
Herato2001,12800001,12850000,12824991,33930,2168,60.0973,54.7969,0.0461,0.0353,0.0274
Herato2001,12850001,12900000,12874218,38080,3310,68.0167,65.9952,0.0151,0.0086,0.0067
Herato2001,12900001,12950000,12923517,34982,3625,70.9002,60.8432,0.0763,0.0341,0.0274
Herato2001,12950001,13000000,12974152,40393,3622,56.8447,62.9047,-0.0506,-0.0242,-0.0189
Herato2001,13000001,13050000,13023073,35305,3401,63.353,64.3778,-0.008,-0.0037,-0.003
Herato2001,13050001,13100000,13080107,32433,3030,42.5371,42.7902,-0.003,-0.0014,-0.0011
Herato2001,13100001,13150000,13125202,36359,3260,66.2956,67.2191,-0.0069,-0.0035,-0.0027
Herato2001,13150001,13200000,13174425,38099,3855,59.5524,58.1504,0.0119,0.0049,0.0039
Herato2001,13200001,13250000,13225125,36194,3962,63.7935,65.1327,-0.0104,-0.0046,-0.0035
Herato2001,13250001,13300000,13274955,37219,3883,60.5332,57.2025,0.0283,0.0127,0.0099
Herato2001,13300001,13350000,13325143,36150,3582,57.2572,59.5025,-0.0192,-0.0088,-0.0068
Herato2001,13350001,13400000,13374802,37292,4130,68.1916,61.0787,0.055,0.0238,0.019
Herato2001,13400001,13450000,13425588,31858,3032,48.1745,47.6745,0.0052,0.0022,0.0018
Herato2001,13450001,13500000,13474751,36543,3604,58.7802,52.2974,0.0584,0.0234,0.0188
Herato2001,13500001,13550000,13524854,35753,3645,55.5819,52.4367,0.0291,0.0107,0.0087
Herato2001,13550001,13600000,13574887,33002,3715,62.5676,57.2865,0.0441,0.0182,0.0143
Herato2001,13600001,13650000,13624297,38958,3567,57.3007,54.591,0.0242,0.0087,0.0072
Herato2001,13650001,13700000,13675115,39357,4245,74.5717,77.5445,-0.0195,-0.0122,-0.009
Herato2001,13700001,13750000,13723160,33297,2338,40.619,44.9598,-0.0507,-0.0309,-0.0232
Herato2001,13750001,13800000,13774315,37671,3987,74.7294,64.7196,0.0718,0.0489,0.0346
Herato2001,13800001,13850000,13825671,37147,3994,61.8803,60.3709,0.0123,0.0063,0.0047
Herato2001,13850001,13900000,13875253,39970,3469,52.9624,67.2728,-0.119,-0.0555,-0.042
Herato2001,13900001,13950000,13924883,37031,3131,70.6763,85.0098,-0.0921,-0.0528,-0.0398
Herato2001,13950001,14000000,13974478,30084,2592,54.2347,45.7755,0.0846,0.0397,0.0321
Herato2001,14000001,14050000,14027526,28667,2048,35.1836,36.2189,-0.0145,-0.0063,-0.005
Herato2001,14050001,14100000,14073453,37412,3317,60.8814,68.8363,-0.0613,-0.0282,-0.0224
Herato2001,14100001,14150000,14125269,39010,3398,60.9605,48.9014,0.1098,0.0394,0.0327
Herato2001,14150001,14200000,14175194,35359,3901,52.8093,60.0551,-0.0642,-0.0246,-0.0196
Herato2001,14200001,14250000,14225066,36039,4268,78.3413,73.6426,0.0309,0.0137,0.0107
Herato2001,14250001,14300000,14274547,29561,3022,54.5158,52.2809,0.0209,0.0098,0.0076
Herato2001,14300001,14350000,14324611,36269,3935,66.018,54.4962,0.0956,0.0362,0.0298
Herato2001,14350001,14400000,14374826,28444,2495,35.1162,39.6931,-0.0612,-0.0251,-0.0195
Herato2001,14400001,14450000,14425046,34818,3867,68.3149,64.6186,0.0278,0.0154,0.0114
Herato2001,14450001,14500000,14474982,34095,3576,58.7519,59.368,-0.0052,-0.0026,-0.002
Herato2001,14500001,14550000,14525656,34537,3385,50.9703,50.5594,0.004,0.0018,0.0014
Herato2001,14550001,14600000,14575090,35437,4125,64.5449,64.056,0.0038,0.0018,0.0014
Herato2001,14600001,14650000,14625398,34026,3350,54.5564,54.69,-0.0012,-0.0006,-0.0005
Herato2001,14650001,14700000,14674775,37871,3242,54.741,58.9312,-0.0369,-0.016,-0.0129
Herato2001,14700001,14750000,14727299,26464,1825,32.9741,25.3235,0.1312,0.0547,0.0427
Herato2001,14750001,14800000,14774066,34996,3758,66.6316,68.0948,-0.0109,-0.0051,-0.004
Herato2001,14800001,14850000,14825525,35598,3844,62.5959,62.7387,-0.0011,-0.0004,-0.0004
Herato2001,14850001,14900000,14874481,38144,2765,46.4853,59.858,-0.1257,-0.0513,-0.0406
Herato2001,14900001,14950000,14925434,35949,2883,48.3269,49.1859,-0.0088,-0.0035,-0.0028
Herato2001,14950001,15000000,14973371,30857,2354,32.9362,31.8681,0.0165,0.006,0.0045
Herato2001,15000001,15050000,15024779,35118,2517,44.0436,44.4828,-0.005,-0.002,-0.0016
Herato2001,15050001,15100000,15075570,28945,1045,21.848,18.6907,0.0779,0.0371,0.0292
Herato2001,15100001,15150000,15126180,33630,1731,24.5824,23.4026,0.0246,0.0067,0.0056
Herato2001,15150001,15200000,15174979,36086,3046,54.9716,46.785,0.0805,0.0333,0.0262
Herato2001,15200001,15250000,15224565,36256,3095,78.0003,46.4182,0.2538,0.1051,0.0827
Herato2001,15250001,15300000,15275194,33372,3266,55.6866,46.9424,0.0852,0.029,0.0232
Herato2001,15300001,15350000,15323855,35033,3553,56.9029,58.3278,-0.0124,-0.0054,-0.0042
Herato2001,15350001,15400000,15375107,37744,4097,66.4772,62.6012,0.03,0.0132,0.0104
Herato2001,15400001,15450000,15424865,36562,4379,78.1457,78.5904,-0.0028,-0.0015,-0.0012
Herato2001,15450001,15500000,15468939,27776,2750,50.837,52.8719,-0.0196,-0.0103,-0.0081
Herato2001,15500001,15550000,15525106,35301,4473,77.096,71.643,0.0367,0.0219,0.0162
Herato2001,15550001,15600000,15575303,36817,3828,66.8297,68.0053,-0.0087,-0.0057,-0.0041
Herato2001,15600001,15650000,15625447,36347,3595,56.9939,64.0907,-0.0586,-0.0352,-0.0262
Herato2001,15650001,15700000,15674956,36264,4028,65.698,70.3573,-0.0342,-0.02,-0.0143
Herato2001,15700001,15750000,15725096,37101,3906,63.1977,68.7367,-0.042,-0.0254,-0.0184
Herato2001,15750001,15800000,15775271,36467,3326,59.7669,55.9705,0.0328,0.0122,0.0097
Herato2001,15800001,15850000,15825482,36176,2258,44.4914,39.5266,0.0591,0.0282,0.0221
Herato2001,15850001,15900000,15875033,35891,2801,57.0926,47.4506,0.0922,0.0403,0.0328
Herato2001,15900001,15950000,15925026,33038,3295,64.8415,65.2227,-0.0029,-0.0015,-0.0011
Herato2001,15950001,16000000,15975936,37025,3135,51.2363,42.8724,0.0889,0.0461,0.0358
Herato2001,16000001,16050000,16023785,36754,3058,46.9901,47.4724,-0.0051,-0.0016,-0.0013
Herato2001,16050001,16100000,16075140,30352,1857,31.4919,34.0192,-0.0386,-0.0197,-0.0149
Herato2001,16100001,16150000,16125143,38007,3372,58.7436,53.4981,0.0467,0.019,0.0151
Herato2001,16150001,16200000,16174788,35462,3212,67.0949,60.1393,0.0547,0.0273,0.0212
Herato2001,16200001,16250000,16228590,31140,2364,47.1533,31.4371,0.2,0.0929,0.0757
Herato2001,16250001,16300000,16273460,34529,2821,47.3899,39.2198,0.0943,0.0444,0.0341
Herato2001,16300001,16350000,16326460,29848,792,17.4362,10.7476,0.2373,0.1273,0.0893
Herato2001,16350001,16400000,16373359,29642,2896,47.6768,48.5896,-0.0095,-0.0052,-0.0039
Herato2001,16400001,16450000,16424579,32350,2286,37.4058,40.4672,-0.0393,-0.0185,-0.0145
Herato2001,16450001,16500000,16477335,30385,2789,42.9325,43.586,-0.0076,-0.0038,-0.0029
Herato2001,16500001,16550000,16525804,32668,3076,40.4987,45.4282,-0.0574,-0.0244,-0.0187
Herato2001,16550001,16600000,16574729,34663,4078,67.1497,58.7873,0.0664,0.0268,0.0216
Herato2001,16600001,16650000,16624939,33713,3687,55.0991,58.7806,-0.0323,-0.0129,-0.0102
Herato2001,16650001,16700000,16675221,35491,3804,54.2537,59.4374,-0.0456,-0.0232,-0.0172
Herato2001,16700001,16750000,16724530,34729,3946,63.3161,61.9423,0.011,0.0058,0.0043
Herato2001,16750001,16800000,16774615,35656,3497,49.6013,58.2285,-0.08,-0.0387,-0.0293
Herato2001,16800001,16850000,16824905,33815,3022,58.4257,55.179,0.0286,0.0138,0.0109
Herato2001,16850001,16900000,16874419,34397,3667,55.5956,55.7981,-0.0018,-0.001,-0.0007
Herato2001,16900001,16950000,16925295,35548,3931,61.4739,66.3345,-0.038,-0.017,-0.0132
Herato2001,16950001,17000000,16975738,35614,2730,46.085,40.1706,0.0686,0.0235,0.0199
Herato2001,17000001,17050000,17024893,36054,3723,62.4884,65.0162,-0.0198,-0.0097,-0.0076
Herato2001,17050001,17100000,17075463,35436,3833,58.9108,58.0551,0.0073,0.0038,0.0029
Herato2001,17100001,17150000,17121940,26021,2300,35.8623,38.2274,-0.0319,-0.0122,-0.0098
Herato2001,17150001,17200000,17172026,32478,4131,70.8422,76.423,-0.0379,-0.0202,-0.0152
Herato2001,17200001,17250000,17225787,30062,2922,48.8915,48.9471,-0.0006,-0.0002,-0.0002
Herato2001,17250001,17300000,17275138,36832,3411,50.3427,47.5175,0.0289,0.0109,0.0089
Herato2001,17300001,17350000,17324466,36337,3247,57.9276,53.7443,0.0375,0.0136,0.0112
Herato2001,17350001,17400000,17375173,35577,3215,60.332,52.5596,0.0688,0.0321,0.0252
Herato2001,17400001,17450000,17424393,34255,2959,44.5883,39.2862,0.0632,0.0268,0.021
Herato2001,17450001,17500000,17475021,34762,2932,43.2181,42.2406,0.0114,0.005,0.0039
Herato2001,17500001,17550000,17528408,29291,2426,38.9795,35.7665,0.043,0.0216,0.0165
Herato2001,17550001,17600000,17572145,28605,2595,36.0712,38.3541,-0.0307,-0.0118,-0.0094
Herato2001,17600001,17650000,17623167,32355,2839,44.4227,40.4674,0.0466,0.017,0.0134
Herato2001,17650001,17700000,17678076,28706,2642,45.7051,41.9876,0.0424,0.0179,0.014
Herato2001,17700001,17750000,17724714,34771,3925,62.3511,66.0381,-0.0287,-0.0151,-0.0114
Herato2001,17750001,17800000,17775359,31094,2592,38.5625,45.6028,-0.0836,-0.0357,-0.0275
Herato2001,17800001,17850000,17825598,21634,1848,30.1984,36.2038,-0.0904,-0.0402,-0.0307
Herato2001,17850001,17900000,17871827,28939,1886,33.0615,29.1345,0.0631,0.0234,0.0189
Herato2001,17900001,17950000,17927606,32121,1991,38.3961,41.0393,-0.0333,-0.0174,-0.0133
Herato2001,17950001,18000000,17976903,32458,2647,43.9704,53.3982,-0.0968,-0.0531,-0.0387
Herato2001,18000001,18050000,18025961,35017,2657,44.3681,44.4413,-0.0008,-0.0003,-0.0002
Herato2001,18050001,18100000,18075169,34767,2715,39.8799,40.6616,-0.0097,-0.0039,-0.003
Herato2001,18100001,18150000,18125023,34052,3399,57.3137,56.319,0.0088,0.0044,0.0032
Herato2001,18150001,18200000,18174275,32784,3361,55.1502,53.9873,0.0107,0.0047,0.0035
Herato2001,18200001,18250000,18225618,36834,3928,73.7699,73.6308,0.0009,0.0005,0.0004
Herato2001,18250001,18300000,18274538,35702,3048,51.3485,60.9487,-0.0855,-0.0461,-0.033
Herato2001,18300001,18350000,18324736,36978,3625,68.331,56.3121,0.0964,0.0497,0.0373
Herato2001,18350001,18400000,18374483,37569,3764,42.8054,56.2955,-0.1361,-0.0588,-0.043
Herato2001,18400001,18450000,18427479,33320,2401,47.7112,45.3843,0.025,0.0147,0.0105
Herato2001,18450001,18500000,18473581,33717,3288,55.6367,68.9364,-0.1068,-0.0687,-0.0467
Herato2001,18500001,18550000,18525493,36200,4294,73.0872,69.2374,0.027,0.013,0.0101
Herato2001,18550001,18600000,18574838,36384,3748,57.5494,62.5971,-0.042,-0.018,-0.0139
Herato2001,18600001,18650000,18624547,35685,3856,60.2232,68.1512,-0.0618,-0.0286,-0.0218
Herato2001,18650001,18700000,18675009,35038,3650,67.6804,70.0838,-0.0174,-0.0079,-0.0061
Herato2001,18700001,18750000,18724594,35383,4163,76.0615,67.7624,0.0577,0.0283,0.0226
Herato2001,18750001,18800000,18775764,34381,3819,62.1839,58.326,0.032,0.0126,0.0099
Herato2001,18800001,18850000,18820932,32432,3447,49.4036,53.0244,-0.0354,-0.0173,-0.0134
Herato2001,18850001,18900000,18875885,38380,3303,52.5939,58.5969,-0.054,-0.0226,-0.0176
Herato2001,18900001,18950000,18925280,38352,3317,44.9105,40.2106,0.0552,0.0236,0.0185
Herato2001,18950001,19000000,18975404,35905,2642,41.47,39.2553,0.0274,0.0106,0.0085
Herato2001,19000001,19050000,19024251,35985,3742,59.9271,54.3676,0.0486,0.0194,0.0156
Herato2001,19050001,19100000,19072042,31909,2239,31.9781,34.7661,-0.0418,-0.0159,-0.013
Herato2001,19100001,19150000,19125193,37896,3712,58.8256,51.5514,0.0659,0.026,0.0214
Herato2001,19150001,19200000,19175020,37565,4205,67.2067,62.2971,0.0379,0.0144,0.0117
Herato2001,19200001,19250000,19225389,36492,2354,39.2498,37.5,0.0228,0.011,0.0087
Herato2001,19250001,19300000,19274440,38689,3889,40.0398,38.4313,0.0205,0.0057,0.0047
Herato2001,19300001,19350000,19325136,39855,3876,55.0044,58.1791,-0.028,-0.0127,-0.0102
Herato2001,19350001,19400000,19374308,41343,2329,20.363,23.1892,-0.0649,-0.0207,-0.0173
Herato2001,19400001,19450000,19423566,37529,2340,30.2494,32.45,-0.0351,-0.0122,-0.0103
