scaffold,start,end,mid,sites,sitesUsed,ABBA,BABA,D,fd,fdM
Herato0301,1,50000,24898,39817,2182,25.5245,29.2843,-0.0686,-0.1182,-0.0575
Herato0301,50001,100000,74228,38232,3846,67.5236,63.4362,0.0312,0.0544,0.0295
Herato0301,100001,150000,126380,37310,4372,55.2934,60.8457,-0.0478,-0.0739,-0.0418
Herato0301,150001,200000,166849,23278,2881,46.6508,45.7388,0.0099,0.0155,0.0087
Herato0301,200001,250000,230012,30296,3809,52.0953,49.0401,0.0302,0.0464,0.0264
Herato0301,250001,300000,275041,36500,5417,83.7967,85.552,-0.0104,-0.0161,-0.0093
Herato0301,300001,350000,324712,36142,4819,63.7725,68.1325,-0.0331,-0.0455,-0.0255
Herato0301,350001,400000,375285,36184,4758,69.4037,69.4428,-0.0003,-0.0004,-0.0002
Herato0301,400001,450000,422396,30805,3858,54.0044,55.238,-0.0113,-0.0139,-0.0081
Herato0301,450001,500000,475390,36310,4918,73.8166,76.4582,-0.0176,-0.0229,-0.0132
Herato0301,500001,550000,525308,37189,5010,77.8257,78.0995,-0.0018,-0.0022,-0.0013
Herato0301,550001,600000,575117,37488,4356,72.8024,69.3892,0.024,0.0327,0.0198
Herato0301,600001,650000,624727,35708,5114,72.0698,68.7183,0.0238,0.0283,0.0173
Herato0301,650001,700000,675118,31416,3335,47.0774,48.8783,-0.0188,-0.0208,-0.0132
Herato0301,700001,750000,725183,33802,3664,51.0373,56.7826,-0.0533,-0.0612,-0.0358
Herato0301,750001,800000,774907,36278,4076,59.4707,60.4012,-0.0078,-0.0103,-0.0061
Herato0301,800001,850000,824154,34025,3138,62.6693,64.5815,-0.015,-0.018,-0.011
Herato0301,850001,900000,874987,34292,2855,39.1587,41.3298,-0.027,-0.0335,-0.0197
Herato0301,900001,950000,922803,29315,2453,32.1782,33.1628,-0.0151,-0.0217,-0.0121
Herato0301,950001,1000000,973865,24442,1884,21.7487,25.3535,-0.0765,-0.1059,-0.0582
Herato0301,1000001,1050000,1027754,21769,1856,18.9974,19.8569,-0.0221,-0.0273,-0.0165
Herato0301,1050001,1100000,1074015,25488,2761,30.4364,33.8427,-0.053,-0.0815,-0.0437
Herato0301,1100001,1150000,1125619,28384,1934,17.8227,21.071,-0.0835,-0.1053,-0.0578
Herato0301,1150001,1200000,1176460,30012,3467,43.9894,47.4994,-0.0384,-0.0445,-0.0275
Herato0301,1200001,1250000,1224650,33776,2621,33.9849,38.1847,-0.0582,-0.0621,-0.0374
Herato0301,1250001,1300000,1274934,37544,3333,51.8433,58.9166,-0.0639,-0.1205,-0.06
Herato0301,1300001,1350000,1325451,34100,3867,58.0269,53.5707,0.0399,0.0506,0.0298
Herato0301,1350001,1400000,1374858,35629,4599,69.0337,66.6462,0.0176,0.0258,0.0147
Herato0301,1400001,1450000,1422330,21954,1239,14.6476,13.3724,0.0455,0.0526,0.0317
Herato0301,1450001,1500000,1475356,24803,2558,37.79,36.9747,0.0109,0.0142,0.0083
Herato0301,1500001,1550000,1524794,35305,3963,52.9939,56.7487,-0.0342,-0.0524,-0.0284
Herato0301,1550001,1600000,1576049,17352,1241,14.6143,13.2041,0.0507,0.0601,0.0366
Herato0301,1600001,1650000,1624980,34507,4087,54.5787,55.0577,-0.0044,-0.0058,-0.0034
Herato0301,1650001,1700000,1675691,32752,3965,58.1156,54.138,0.0354,0.043,0.0263
Herato0301,1700001,1750000,1724806,35063,3463,50.8277,47.6672,0.0321,0.0414,0.0249
Herato0301,1750001,1800000,1774908,33702,3823,41.7087,43.9806,-0.0265,-0.0317,-0.0182
Herato0301,1800001,1850000,1825097,34889,4199,65.6353,65.8842,-0.0019,-0.0025,-0.0015
Herato0301,1850001,1900000,1875093,32329,4422,57.9028,63.1789,-0.0436,-0.0608,-0.0339
Herato0301,1900001,1950000,1927652,31804,3593,50.3248,45.9435,0.0455,0.0625,0.0362
Herato0301,1950001,2000000,1975623,31651,3601,42.5172,43.9237,-0.0163,-0.0215,-0.012
Herato0301,2000001,2050000,2025278,33405,3394,45.306,53.9838,-0.0874,-0.126,-0.0684
Herato0301,2050001,2100000,2074801,34831,3828,53.398,56.4552,-0.0278,-0.0401,-0.0217
Herato0301,2100001,2150000,2123707,33039,3720,50.8538,51.0688,-0.0021,-0.0029,-0.0016
Herato0301,2150001,2200000,2176278,31065,3367,46.4976,47.1016,-0.0065,-0.0081,-0.0048
Herato0301,2200001,2250000,2222905,31501,3127,41.5392,41.9595,-0.005,-0.0063,-0.0035
Herato0301,2250001,2300000,2274811,31921,2665,30.646,26.949,0.0642,0.0857,0.0505
Herato0301,2300001,2350000,2325423,32905,2940,35.8033,35.2998,0.0071,0.0086,0.0052
Herato0301,2350001,2400000,2376027,24307,1065,13.8522,12.1426,0.0658,0.0766,0.0474
Herato0301,2400001,2450000,2425916,33126,2085,23.4632,25.6292,-0.0441,-0.0534,-0.0301
Herato0301,2450001,2500000,2474238,32028,2984,48.4041,49.5407,-0.0116,-0.017,-0.0096
Herato0301,2500001,2550000,2523120,27032,1954,28.4656,31.4468,-0.0498,-0.0691,-0.0372
Herato0301,2550001,2600000,2575505,31466,3421,49.9672,51.5101,-0.0152,-0.0221,-0.0127
Herato0301,2600001,2650000,2624043,37140,3863,45.3735,47.6674,-0.0247,-0.0348,-0.019
Herato0301,2650001,2700000,2673950,32046,3430,51.9194,47.8661,0.0406,0.0554,0.0313
Herato0301,2700001,2750000,2725595,32392,2958,34.7625,31.9359,0.0424,0.0509,0.029
Herato0301,2750001,2800000,2775782,31229,2185,36.9943,39.1987,-0.0289,-0.0631,-0.0318
Herato0301,2800001,2850000,2826823,32778,1424,29.47,26.6899,0.0495,0.0838,0.0445
Herato0301,2850001,2900000,2874092,32081,1946,47.6307,43.7551,0.0424,0.0777,0.0357
Herato0301,2900001,2950000,2924469,39406,3809,60.0067,61.7992,-0.0147,-0.0198,-0.0104
Herato0301,2950001,3000000,2974680,36059,3752,77.2012,73.3,0.0259,0.0464,0.0249
Herato0301,3000001,3050000,3024953,37362,3827,61.6871,73.8969,-0.0901,-0.1573,-0.0744
Herato0301,3050001,3100000,3074768,36972,3982,59.8777,56.0705,0.0328,0.0432,0.0239
Herato0301,3100001,3150000,3124894,33870,3608,50.6437,49.3772,0.0127,0.0152,0.0084
Herato0301,3150001,3200000,3174040,26501,2320,34.5459,32.6678,0.0279,0.0344,0.0189
Herato0301,3200001,3250000,3225826,36844,4308,74.7872,78.3553,-0.0233,-0.0359,-0.0185
Herato0301,3250001,3300000,3275123,37917,4592,68.4183,59.37,0.0708,0.0993,0.0561
Herato0301,3300001,3350000,3325051,34496,4005,56.1961,53.4768,0.0248,0.0352,0.019
Herato0301,3350001,3400000,3374482,36668,4319,57.439,63.8418,-0.0528,-0.0795,-0.0404
Herato0301,3400001,3450000,3417754,21632,1930,19.0526,23.281,-0.0999,-0.1253,-0.0667
Herato0301,3450001,3500000,3475426,33106,2780,41.9091,39.8182,0.0256,0.0354,0.0187
Herato0301,3500001,3550000,3525194,31848,3020,43.7621,35.0788,0.1101,0.1164,0.0684
Herato0301,3550001,3600000,3575509,33578,4260,61.9976,63.0724,-0.0086,-0.012,-0.0062
Herato0301,3600001,3650000,3623176,32553,3931,60.6539,55.0359,0.0486,0.0657,0.0355
Herato0301,3650001,3700000,3674867,34126,3392,42.7578,45.3552,-0.0295,-0.0401,-0.0213
Herato0301,3700001,3750000,3725717,32649,3532,52.7425,50.0725,0.026,0.0322,0.0186
Herato0301,3750001,3800000,3771897,29383,2806,37.9988,42.2036,-0.0524,-0.0768,-0.0375
Herato0301,3800001,3850000,3825520,32543,3329,48.1791,46.1869,0.0211,0.0234,0.0137
Herato0301,3850001,3900000,3874882,35839,4744,71.5487,68.4405,0.0222,0.0284,0.0162
Herato0301,3900001,3950000,3927321,31954,3001,35.9216,38.7086,-0.0373,-0.0446,-0.0251
Herato0301,3950001,4000000,3976803,29308,3481,48.6044,49.7819,-0.012,-0.0158,-0.0089
Herato0301,4000001,4050000,4025026,35162,4003,49.8759,55.2832,-0.0514,-0.072,-0.0369
Herato0301,4050001,4100000,4075153,31453,3000,41.5801,42.3625,-0.0093,-0.0124,-0.007
Herato0301,4100001,4150000,4125553,35572,4063,46.7001,54.8972,-0.0807,-0.1211,-0.0601
Herato0301,4150001,4200000,4174178,36537,4384,62.9496,64.8975,-0.0152,-0.0222,-0.0128
Herato0301,4200001,4250000,4221191,26624,2293,28.0498,32.6538,-0.0758,-0.1076,-0.0591
Herato0301,4250001,4300000,4276551,16441,591,6.8072,8.5705,-0.1147,-0.1631,-0.0914
Herato0301,4300001,4350000,4320200,28207,3322,42.6236,50.7506,-0.087,-0.1309,-0.0707
Herato0301,4350001,4400000,4377503,31989,4227,59.5317,57.043,0.0213,0.0315,0.0178
Herato0301,4400001,4450000,4425084,35533,4736,60.5099,61.3029,-0.0065,-0.0091,-0.0052
Herato0301,4450001,4500000,4474940,36005,4316,58.4518,54.6223,0.0339,0.0402,0.0248
Herato0301,4500001,4550000,4524948,35130,3988,48.0464,52.1765,-0.0412,-0.0583,-0.0311
Herato0301,4550001,4600000,4574682,36307,4362,52.6825,53.6531,-0.0091,-0.0135,-0.0075
Herato0301,4600001,4650000,4627259,31237,3844,52.6582,55.2983,-0.0245,-0.0416,-0.0222
Herato0301,4650001,4700000,4672335,34641,3202,44.9871,44.1425,0.0095,0.0163,0.0087
Herato0301,4700001,4750000,4725055,32368,4148,53.8268,53.5464,0.0026,0.0037,0.002
Herato0301,4750001,4800000,4774345,32509,4100,52.9599,60.0492,-0.0627,-0.1024,-0.0519
Herato0301,4800001,4850000,4824638,33667,2983,34.6323,36.272,-0.0231,-0.0305,-0.0176
Herato0301,4850001,4900000,4878118,22996,318,3.1355,3.3331,-0.0305,-0.043,-0.0226
Herato0301,4900001,4950000,4925173,26945,443,4.3432,3.2054,0.1507,0.1513,0.096
Herato0301,4950001,5000000,4974002,29093,638,6.0618,6.5028,-0.0351,-0.0348,-0.0196
Herato0302,1,50000,26193,27724,332,2.1656,1.9651,0.0485,0.0335,0.022
Herato0303,1,50000,27212,23284,402,3.4452,4.5528,-0.1385,-0.1805,-0.0908
Herato0303,50001,100000,75058,26155,543,5.9646,5.7215,0.0208,0.0306,0.0167
Herato0303,100001,150000,124895,29701,785,7.0544,8.5608,-0.0965,-0.1284,-0.0678
Herato0304,1,50000,27275,23933,284,2.2426,2.8514,-0.1195,-0.1702,-0.0808
Herato0304,50001,100000,76468,27414,401,5.1335,4.5037,0.0654,0.0895,0.0543
Herato0305,1,50000,23689,23968,284,2.1058,3.0411,-0.1817,-0.2625,-0.1206
Herato0306,1,50000,13704,12211,572,7.0228,7.7546,-0.0495,-0.0704,-0.0393
Herato0307,1,50000,21333,25988,866,11.1005,11.7045,-0.0265,-0.0339,-0.0214
Herato0307,50001,100000,75915,23087,331,1.944,2.687,-0.1604,-0.132,-0.077
Herato0307,100001,150000,125924,23828,434,4.3608,5.6468,-0.1285,-0.202,-0.1023
Herato0308,1,50000,24528,28860,369,1.7325,2.239,-0.1275,-0.1024,-0.0624
Herato0308,50001,100000,73897,27605,333,2.3223,2.8227,-0.0973,-0.1008,-0.0489
Herato0308,100001,150000,122844,25512,606,5.788,6.3452,-0.0459,-0.0569,-0.0319
Herato0309,50001,100000,76559,25921,1075,12.1291,11.3652,0.0325,0.039,0.0234
Herato0309,100001,150000,126320,26959,964,9.6088,9.1681,0.0235,0.0282,0.017
Herato0310,1,50000,26211,30821,1272,18.8132,17.901,0.0248,0.032,0.0197
Herato0310,50001,100000,72139,29185,2873,37.8914,42.4915,-0.0572,-0.0869,-0.0467
Herato0310,100001,150000,125527,33813,4280,50.1994,51.229,-0.0102,-0.0129,-0.0073
Herato0310,150001,200000,175137,32596,3519,48.8022,57.4377,-0.0813,-0.1279,-0.0684
Herato0310,200001,250000,224711,31237,2899,35.5566,32.5539,0.0441,0.0541,0.0329
Herato0310,250001,300000,276246,29066,1524,25.8555,23.6867,0.0438,0.0729,0.0447
Herato0310,300001,350000,325422,27007,1737,33.8768,33.5838,0.0043,0.0082,0.0049
Herato0310,350001,400000,375481,35756,4862,69.0434,73.6692,-0.0324,-0.0513,-0.0273
Herato0310,400001,450000,424818,36230,4163,56.4794,58.3012,-0.0159,-0.0226,-0.0126
Herato0310,450001,500000,475482,35460,4856,68.9061,70.3275,-0.0102,-0.0164,-0.0091
Herato0310,500001,550000,525146,36498,4932,71.2057,76.2189,-0.034,-0.0459,-0.0269
Herato0310,550001,600000,574686,32261,3507,46.3979,48.2058,-0.0191,-0.0227,-0.0132
Herato0310,600001,650000,625425,35085,3635,49.6005,45.5967,0.0421,0.0519,0.0315
Herato0310,650001,700000,676447,30347,3289,39.0215,43.0863,-0.0495,-0.064,-0.0354
Herato0310,700001,750000,725021,35057,3840,48.4819,45.9527,0.0268,0.0324,0.0189
Herato0310,750001,800000,773539,33086,3621,48.2017,47.6698,0.0055,0.0066,0.0041
Herato0310,800001,850000,824255,32581,3692,50.8789,49.2833,0.0159,0.021,0.0122
Herato0310,850001,900000,873821,29091,531,6.6781,4.7735,0.1663,0.1412,0.0941
Herato0310,900001,950000,926055,29438,3102,45.9634,44.4548,0.0167,0.0243,0.0142
Herato0310,950001,1000000,975239,36684,4522,61.7937,60.1336,0.0136,0.0175,0.0099
Herato0310,1000001,1050000,1025029,33031,3151,37.6418,42.6683,-0.0626,-0.086,-0.0471
Herato0310,1050001,1100000,1072823,29576,2401,26.0207,30.6503,-0.0817,-0.1058,-0.0548
Herato0310,1100001,1150000,1125822,28481,2086,20.0248,23.6996,-0.084,-0.1135,-0.0591
Herato0310,1150001,1200000,1175827,28131,3609,43.9797,45.8922,-0.0213,-0.0328,-0.0177
Herato0310,1200001,1250000,1223473,32291,3384,43.964,40.9816,0.0351,0.047,0.0271
Herato0310,1250001,1300000,1275138,35849,4096,41.2116,51.6908,-0.1128,-0.1332,-0.0755
Herato0310,1300001,1350000,1320608,27985,2171,26.7123,26.2748,0.0083,0.0099,0.006
Herato0310,1350001,1400000,1373804,28375,2544,28.7091,29.8069,-0.0188,-0.0244,-0.0142
Herato0310,1400001,1450000,1425826,33689,4056,50.6631,52.8792,-0.0214,-0.0313,-0.0169
Herato0310,1450001,1500000,1475892,31542,3140,38.7658,39.0804,-0.004,-0.0055,-0.003
Herato0310,1500001,1550000,1525172,33544,3681,45.9782,47.2403,-0.0135,-0.0187,-0.0105
Herato0310,1550001,1600000,1575697,34227,4294,54.41,55.9405,-0.0139,-0.0191,-0.0108
Herato0310,1600001,1650000,1625093,34499,4000,54.2044,59.43,-0.046,-0.0772,-0.0368
Herato0310,1650001,1700000,1674581,35071,3804,60.2063,65.9341,-0.0454,-0.0804,-0.0414
Herato0310,1700001,1750000,1732078,23769,2051,27.7763,28.747,-0.0172,-0.0254,-0.0138
Herato0310,1750001,1800000,1776064,29565,2778,38.758,36.8838,0.0248,0.0357,0.0201
Herato0310,1800001,1850000,1825797,33576,3160,41.396,39.9601,0.0176,0.0254,0.0141
Herato0310,1850001,1900000,1875157,35742,3804,53.3741,51.44,0.0185,0.0278,0.0156
Herato0310,1900001,1950000,1924960,34919,4076,57.5207,53.5026,0.0362,0.0459,0.0277
Herato0310,1950001,2000000,1975106,35488,3762,52.7971,60.1581,-0.0652,-0.1103,-0.0566
Herato0310,2000001,2050000,2026493,36068,3773,51.6446,47.3159,0.0437,0.0586,0.0352
Herato0310,2050001,2100000,2075276,36092,4773,64.0001,60.4835,0.0282,0.0402,0.0234
Herato0310,2100001,2150000,2124461,37544,3000,46.3276,47.215,-0.0095,-0.015,-0.0085
Herato0310,2150001,2200000,2174703,20790,933,16.2851,20.7043,-0.1195,-0.2618,-0.1181
Herato0310,2200001,2250000,2226008,31305,2763,38.8741,38.1091,0.0099,0.0132,0.0078
Herato0310,2250001,2300000,2275335,34344,3705,47.5056,50.0257,-0.0258,-0.039,-0.0215
Herato0310,2300001,2350000,2324977,36393,3991,53.7444,52.2171,0.0144,0.0187,0.0113
Herato0310,2350001,2400000,2375095,36387,4518,61.6005,64.6724,-0.0243,-0.0338,-0.0195
Herato0310,2400001,2450000,2424509,36587,3868,48.6641,47.5013,0.0121,0.0171,0.0094
Herato0310,2450001,2500000,2472071,32086,3915,45.9762,51.9014,-0.0605,-0.0844,-0.0469
Herato0310,2500001,2550000,2525531,35608,3585,38.792,43.2397,-0.0542,-0.0892,-0.0451
Herato0310,2550001,2600000,2576033,34632,3560,52.2566,52.9856,-0.0069,-0.0105,-0.0057
Herato0310,2600001,2650000,2625843,33099,3328,45.9135,51.7733,-0.06,-0.0921,-0.0485
Herato0310,2650001,2700000,2675264,23099,2076,25.7676,27.8802,-0.0394,-0.0457,-0.0276
Herato0310,2700001,2750000,2724790,35164,3899,43.0642,44.3561,-0.0148,-0.0182,-0.0103
Herato0310,2750001,2800000,2776867,32731,3651,43.1733,43.4323,-0.003,-0.004,-0.0023
Herato0310,2800001,2850000,2824396,33779,3156,36.6012,41.3308,-0.0607,-0.0963,-0.0479
Herato0310,2850001,2900000,2876047,32798,3384,48.261,47.1091,0.0121,0.018,0.0103
Herato0310,2900001,2950000,2925817,33855,3365,42.4162,46.0055,-0.0406,-0.0564,-0.0311
Herato0310,2950001,3000000,2975495,30601,2666,35.949,38.493,-0.0342,-0.0447,-0.0254
Herato0310,3000001,3050000,3025540,28585,2083,29.8551,32.0915,-0.0361,-0.05,-0.0278
Herato0310,3050001,3100000,3075451,33313,2615,35.0753,30.5714,0.0686,0.0912,0.0542
Herato0310,3100001,3150000,3123549,31513,2345,30.3397,30.5455,-0.0034,-0.0049,-0.0029
Herato0310,3150001,3200000,3176546,24981,1744,25.9204,23.3453,0.0523,0.0622,0.0397
Herato0310,3200001,3250000,3225250,35671,3500,47.5134,44.7737,0.0297,0.0399,0.0236
Herato0310,3250001,3300000,3275945,37614,4872,72.0535,71.7965,0.0018,0.0027,0.0015
Herato0310,3300001,3350000,3324090,34182,4164,59.2315,62.3712,-0.0258,-0.0433,-0.0225
Herato0310,3350001,3400000,3374368,35561,3775,69.6033,62.6483,0.0526,0.074,0.0448
Herato0310,3400001,3450000,3425292,35625,4269,64.8966,64.7525,0.0011,0.0017,0.0009
Herato0310,3450001,3500000,3475121,38734,5141,73.8321,77.5443,-0.0245,-0.0415,-0.0215
Herato0310,3500001,3550000,3523276,25620,3103,45.7741,43.3551,0.0271,0.0393,0.0232
Herato0310,3550001,3600000,3575346,32647,3520,57.0235,58.7893,-0.0152,-0.0245,-0.0137
Herato0310,3600001,3650000,3624946,36751,4131,70.2995,67.0073,0.024,0.0391,0.0216
Herato0310,3650001,3700000,3675000,39595,4365,57.5155,59.2682,-0.015,-0.0237,-0.0128
Herato0310,3700001,3750000,3724998,38322,4274,62.7704,60.7702,0.0162,0.0266,0.015
Herato0310,3750001,3800000,3774850,39165,4814,64.3003,63.9241,0.0029,0.0046,0.0025
Herato0310,3800001,3850000,3825334,33588,4383,57.9897,57.9033,0.0007,0.001,0.0006
Herato0310,3850001,3900000,3868649,26883,2824,39.3752,36.3879,0.0394,0.0516,0.0295
Herato0310,3900001,3950000,3929205,28884,2926,39.9507,39.1212,0.0105,0.0156,0.0093
Herato0310,3950001,4000000,3973926,34224,3525,43.7461,40.3413,0.0405,0.0526,0.0316
Herato0310,4000001,4050000,4025689,24557,1849,22.4541,24.4041,-0.0416,-0.0528,-0.03
Herato0310,4050001,4100000,4074869,36342,3924,52.8001,53.9511,-0.0108,-0.0149,-0.0085
Herato0310,4100001,4150000,4124577,32482,3417,47.247,50.1682,-0.03,-0.0494,-0.0259
Herato0310,4150001,4200000,4174646,35892,3385,47.0705,44.6993,0.0258,0.0355,0.0204
Herato0310,4200001,4250000,4224436,34318,3929,55.5529,57.7577,-0.0195,-0.0284,-0.0156
Herato0310,4250001,4300000,4275288,39333,4452,69.9445,69.2398,0.0051,0.0078,0.0041
Herato0310,4300001,4350000,4325366,39202,3962,56.5552,62.6894,-0.0514,-0.0797,-0.0413
Herato0310,4350001,4400000,4374415,35900,4484,57.0721,60.9577,-0.0329,-0.0463,-0.0258
Herato0310,4400001,4450000,4423493,38307,3831,52.1806,54.6756,-0.0233,-0.0348,-0.0191
Herato0310,4450001,4500000,4474717,36087,3590,51.4236,52.7041,-0.0123,-0.0196,-0.0101
Herato0310,4500001,4550000,4525454,31972,3015,41.4682,44.7805,-0.0384,-0.0607,-0.0332
Herato0310,4550001,4600000,4575825,32094,3411,42.8401,44.174,-0.0153,-0.021,-0.0117
Herato0310,4600001,4650000,4624727,35960,3527,47.8545,45.6063,0.0241,0.0331,0.0186
Herato0310,4650001,4700000,4675116,36889,4320,56.6345,58.2265,-0.0139,-0.0205,-0.0115
Herato0310,4700001,4750000,4724966,37699,4975,67.7997,75.3808,-0.0529,-0.0877,-0.0455
Herato0310,4750001,4800000,4775323,37911,4378,56.6364,65.2998,-0.071,-0.1111,-0.06
Herato0310,4800001,4850000,4819940,28774,2835,36.1193,41.9968,-0.0752,-0.1203,-0.0657
Herato0310,4850001,4900000,4875453,38255,4959,67.8841,67.741,0.0011,0.0017,0.0009
Herato0310,4900001,4950000,4924409,36143,4683,62.7646,61.3109,0.0117,0.018,0.0101
Herato0310,4950001,5000000,4974676,38997,4588,63.1323,64.3807,-0.0098,-0.0164,-0.0089
Herato0310,5000001,5050000,5026369,34358,3866,50.4015,56.0097,-0.0527,-0.0787,-0.0418
Herato0310,5050001,5100000,5074341,32512,3780,57.1082,57.2536,-0.0013,-0.0019,-0.0011
Herato0310,5100001,5150000,5126123,36155,3974,57.7793,59.3778,-0.0136,-0.0195,-0.0109
Herato0310,5150001,5200000,5174920,39659,4940,71.6566,72.596,-0.0065,-0.0111,-0.006
Herato0310,5200001,5250000,5222260,34273,4146,55.2502,52.9374,0.0214,0.0326,0.0178
Herato0310,5250001,5300000,5274784,35849,4200,56.9132,60.7112,-0.0323,-0.0462,-0.0252
Herato0310,5300001,5350000,5325012,37523,4353,62.4213,69.9145,-0.0566,-0.1003,-0.0487
Herato0310,5350001,5400000,5374947,37392,4421,59.8378,61.2568,-0.0117,-0.0198,-0.0106
Herato0310,5400001,5450000,5428860,20990,2031,28.4627,32.7048,-0.0694,-0.1151,-0.0573
Herato0310,5450001,5500000,5474699,37021,4431,58.6562,63.1622,-0.037,-0.0614,-0.0314
Herato0310,5500001,5550000,5523121,34403,3858,57.308,52.8606,0.0404,0.0565,0.0328
Herato0310,5550001,5600000,5567510,20075,1812,25.0463,24.1553,0.0181,0.0282,0.0158
Herato0310,5600001,5650000,5625750,35105,3795,48.174,51.439,-0.0328,-0.0478,-0.0268
Herato0310,5650001,5700000,5674987,35141,4026,51.7982,50.9297,0.0085,0.0112,0.0065
Herato0310,5700001,5750000,5724542,34077,3810,55.5455,57.8506,-0.0203,-0.0275,-0.0155
Herato0310,5750001,5800000,5776941,36148,3771,59.9676,59.8413,0.0011,0.0016,0.0009
Herato0310,5800001,5850000,5824935,35524,3592,51.9063,48.7022,0.0318,0.0424,0.0244
Herato0310,5850001,5900000,5873563,33864,3417,50.1917,49.8966,0.0029,0.0045,0.0024
Herato0310,5900001,5950000,5925083,33877,3552,51.5087,52.5359,-0.0099,-0.0158,-0.0087
Herato0310,5950001,6000000,5974400,36444,3846,54.2584,52.6458,0.0151,0.0229,0.0129
Herato0310,6000001,6050000,6024139,31325,3130,42.9497,46.4606,-0.0393,-0.0497,-0.0283
Herato0310,6050001,6100000,6075664,30737,3037,41.4444,46.0924,-0.0531,-0.0802,-0.0415
Herato0310,6100001,6150000,6124855,35405,4217,66.4604,65.5631,0.0068,0.011,0.006
Herato0310,6150001,6200000,6174069,26422,2906,33.5748,32.898,0.0102,0.0126,0.0075
Herato0310,6200001,6250000,6224580,30947,3534,38.8163,36.985,0.0242,0.0316,0.018
Herato0310,6250001,6300000,6275222,33153,3697,32.0172,32.4307,-0.0064,-0.0074,-0.0042
Herato0310,6300001,6350000,6323773,27362,3205,29.2233,34.0804,-0.0767,-0.093,-0.0502
Herato0310,6350001,6400000,6376043,29093,2209,27.1156,28.1724,-0.0191,-0.0262,-0.0143
Herato0310,6400001,6450000,6425106,29641,2358,26.3026,28.4842,-0.0398,-0.0467,-0.0256
Herato0310,6450001,6500000,6475721,32785,2402,24.723,26.7772,-0.0399,-0.047,-0.0251
Herato0310,6500001,6550000,6523025,31820,2412,26.888,28.7963,-0.0343,-0.044,-0.0248
Herato0310,6550001,6600000,6576061,30003,2546,30.2552,30.7507,-0.0081,-0.011,-0.0061
Herato0310,6600001,6650000,6625323,33360,3161,38.2393,36.7926,0.0193,0.0235,0.0134
Herato0310,6650001,6700000,6673868,31915,2208,29.8082,31.4429,-0.0267,-0.033,-0.0185
Herato0310,6700001,6750000,6726214,27618,1692,16.5933,20.6185,-0.1082,-0.1549,-0.0835
Herato0310,6750001,6800000,6773068,26190,1222,15.1875,16.2113,-0.0326,-0.0446,-0.0239
Herato0310,6800001,6850000,6826254,31375,2671,32.9942,37.7202,-0.0668,-0.0938,-0.0506
Herato0310,6850001,6900000,6873499,30583,2063,22.7642,23.3319,-0.0123,-0.0169,-0.0096
Herato0310,6900001,6950000,6928124,28459,2142,22.1596,37.2718,-0.2543,-0.2334,-0.1484
Herato0310,6950001,7000000,6972670,24531,1203,13.9575,18.8929,-0.1502,-0.1318,-0.0831
Herato0310,7000001,7050000,7021945,14161,414,3.9925,5.6822,-0.1747,-0.1511,-0.0978
Herato0310,7050001,7100000,7075013,24219,890,13.0974,18.2394,-0.1641,-0.1247,-0.0722
Herato0310,7100001,7150000,7124600,27740,811,17.5087,27.3344,-0.2191,-0.3982,-0.2271
Herato0310,7150001,7200000,7175325,29672,1436,23.3065,25.1522,-0.0381,-0.0351,-0.0225
Herato0310,7200001,7250000,7225563,36042,2628,31.9532,36.4601,-0.0659,-0.0759,-0.0453
Herato0310,7250001,7300000,7275384,34340,3911,52.8128,52.9696,-0.0015,-0.002,-0.0012
Herato0310,7300001,7350000,7325131,36930,3700,59.284,58.6889,0.005,0.0076,0.0042
Herato0310,7350001,7400000,7374561,35768,4104,61.4799,64.5068,-0.024,-0.0393,-0.0206
Herato0310,7400001,7450000,7422474,33372,3751,54.0677,57.3514,-0.0295,-0.0474,-0.0249
Herato0310,7450001,7500000,7474751,35216,4453,70.6349,66.4242,0.0307,0.05,0.0253
Herato0310,7500001,7550000,7525388,38753,4217,66.6229,71.0246,-0.032,-0.0591,-0.0298
Herato0310,7550001,7600000,7575958,31775,3404,52.5839,53.5181,-0.0088,-0.0119,-0.0068
Herato0310,7600001,7650000,7625094,29911,3442,48.8982,48.03,0.009,0.0121,0.0068
Herato0310,7650001,7700000,7675643,37338,3228,63.7383,67.5936,-0.0294,-0.054,-0.0294
Herato0310,7700001,7750000,7724501,37296,4280,60.8232,68.0202,-0.0559,-0.0776,-0.0427
Herato0310,7750001,7800000,7775679,39226,4841,72.9703,68.2933,0.0331,0.0491,0.0276
Herato0310,7800001,7850000,7824794,37554,5055,76.3486,75.3552,0.0065,0.0102,0.0055
Herato0310,7850001,7900000,7874988,38158,5256,77.6353,78.1526,-0.0033,-0.0051,-0.0029
Herato0310,7900001,7950000,7924563,37240,5489,69.0939,65.9409,0.0233,0.0329,0.019
Herato0310,7950001,8000000,7976875,34375,3935,59.6451,63.2151,-0.0291,-0.0505,-0.0254
Herato0310,8000001,8050000,8024761,36326,4849,68.5539,69.6992,-0.0083,-0.0136,-0.0071
Herato0310,8050001,8100000,8075647,38114,4951,70.1436,59.9669,0.0782,0.1114,0.0676
Herato0310,8100001,8150000,8124768,36798,4349,58.8575,58.5534,0.0026,0.0039,0.0021
Herato0310,8150001,8200000,8174130,35595,4117,59.1869,59.9319,-0.0063,-0.01,-0.0053
Herato0310,8200001,8250000,8224907,37747,4649,64.1576,66.512,-0.018,-0.0335,-0.0163
Herato0310,8250001,8300000,8275289,31024,3952,45.7365,51.6391,-0.0606,-0.0817,-0.045
Herato0310,8300001,8350000,8325088,33147,4057,49.4912,55.404,-0.0564,-0.0695,-0.0402
Herato0310,8350001,8400000,8372524,30871,3476,47.5143,46.3452,0.0125,0.017,0.0099
Herato0310,8400001,8450000,8424695,31130,2971,36.4747,36.0519,0.0058,0.0073,0.0041
Herato0310,8450001,8500000,8475225,33763,3812,48.4791,46.7907,0.0177,0.0214,0.0125
Herato0310,8500001,8550000,8524812,33880,2895,39.5801,40.6325,-0.0131,-0.0168,-0.0097
Herato0310,8550001,8600000,8574240,31814,2789,40.4587,36.7171,0.0485,0.0673,0.0397
Herato0310,8600001,8650000,8626736,32254,3158,47.4346,52.9658,-0.0551,-0.0777,-0.0428
Herato0310,8650001,8700000,8672560,29021,2512,32.0042,37.5285,-0.0795,-0.1086,-0.0637
Herato0310,8700001,8750000,8724890,36817,3872,54.326,52.0981,0.0209,0.0293,0.017
Herato0310,8750001,8800000,8775034,33184,3565,53.7506,51.5659,0.0207,0.0308,0.0175
Herato0310,8800001,8850000,8824120,28399,1631,24.0431,23.1681,0.0185,0.0221,0.0134
Herato0310,8850001,8900000,8875250,36908,2986,46.0152,47.1259,-0.0119,-0.0189,-0.0103
Herato0310,8900001,8950000,8924966,34965,3740,55.1246,52.8971,0.0206,0.0277,0.0161
Herato0310,8950001,9000000,8975080,37268,3204,68.7791,69.6898,-0.0066,-0.0149,-0.0071
Herato0310,9000001,9050000,9024798,39053,4045,62.6467,61.7383,0.0073,0.0111,0.0063
Herato0310,9050001,9100000,9075011,36559,3817,66.9221,60.0087,0.0545,0.071,0.0407
Herato0310,9100001,9150000,9125609,36524,4281,61.5684,64.7866,-0.0255,-0.0357,-0.0211
Herato0310,9150001,9200000,9174454,36792,4063,67.1685,80.8326,-0.0923,-0.1708,-0.0888
Herato0310,9200001,9250000,9225769,33349,3101,47.4137,51.3927,-0.0403,-0.0623,-0.0349
Herato0310,9250001,9300000,9275397,38200,4199,56.0887,61.1746,-0.0434,-0.0733,-0.0385
Herato0310,9300001,9350000,9323616,37065,4616,69.3788,66.7517,0.0193,0.0253,0.0156
Herato0310,9350001,9400000,9375340,35058,3456,52.6356,52.203,0.0041,0.0062,0.0037
Herato0310,9400001,9450000,9425256,34109,1192,29.3212,39.316,-0.1456,-0.242,-0.1368
Herato0310,9450001,9500000,9474594,32254,3330,55.6403,54.6972,0.0085,0.0102,0.006
Herato0310,9500001,9550000,9525076,34698,3808,58.2454,68.2426,-0.079,-0.112,-0.0627
Herato0310,9550001,9600000,9573683,32444,3106,46.5552,54.0359,-0.0744,-0.1032,-0.0576
Herato0310,9600001,9650000,9623978,32878,4027,51.3735,50.7005,0.0066,0.0097,0.0055
Herato0310,9650001,9700000,9674785,36007,4654,70.728,68.2265,0.018,0.0253,0.0151
Herato0310,9700001,9750000,9724416,32672,3056,52.2381,48.1555,0.0407,0.0606,0.0347
Herato0310,9750001,9800000,9775176,34145,4789,70.5571,67.4683,0.0224,0.0284,0.0173
Herato0310,9800001,9850000,9827880,25790,2212,31.557,29.5344,0.0331,0.046,0.0273
Herato0310,9850001,9900000,9874012,34157,3233,53.1473,60.5146,-0.0648,-0.101,-0.0553
Herato0310,9900001,9950000,9926134,28903,2462,39.2374,37.2801,0.0256,0.0354,0.0211
Herato0310,9950001,10000000,9975084,37963,4475,73.9244,72.5824,0.0092,0.0131,0.0082
Herato0310,10000001,10050000,10024576,37108,4774,54.6473,57.111,-0.022,-0.0289,-0.0172
Herato0310,10050001,10100000,10075333,36415,5336,72.6478,72.057,0.0041,0.0059,0.0034
Herato0310,10100001,10150000,10124577,36892,4651,57.3743,55.3093,0.0183,0.0241,0.0142
Herato0310,10150001,10200000,10175099,37817,4889,58.3713,66.9525,-0.0685,-0.1017,-0.0564
Herato0310,10200001,10250000,10224557,34882,4206,60.3154,57.855,0.0208,0.027,0.0164
Herato0310,10250001,10300000,10275779,32819,3369,51.2497,50.8976,0.0034,0.0046,0.0027
Herato0310,10300001,10350000,10324710,37716,4517,77.1037,74.1522,0.0195,0.0266,0.0166
Herato0310,10350001,10400000,10374894,38535,5701,79.0206,79.6781,-0.0041,-0.0064,-0.0038
Herato0310,10400001,10450000,10425104,36577,4896,63.5235,69.0236,-0.0415,-0.0569,-0.0334
Herato0310,10450001,10500000,10475059,37047,4239,72.7752,66.6545,0.0439,0.0611,0.0375
Herato0310,10500001,10550000,10525614,40892,2584,41.3789,39.243,0.0265,0.0358,0.0222
Herato0310,10550001,10600000,10575522,39406,1735,22.4703,21.8752,0.0134,0.015,0.0102
Herato0310,10600001,10650000,10624583,34197,1202,22.0036,21.4806,0.012,0.0168,0.0108
Herato0310,10650001,10700000,10668750,30984,1376,8.8475,10.0307,-0.0627,-0.0636,-0.0407
