scaffold,start,end,mid,sites,sitesUsed,ABBA,BABA,D,fd,fdM
Herato0501,1,50000,25544,36802,1268,7.6014,8.7205,-0.0686,-0.0099,-0.0089
Herato0501,50001,100000,74748,35973,1520,3.635,5.0008,-0.1582,-0.0061,-0.0058
Herato0501,100001,150000,124913,35537,2396,17.8439,18.4144,-0.0157,-0.0019,-0.0018
Herato0501,150001,200000,175136,33616,2770,24.8438,23.7481,0.0226,0.004,0.0035
Herato0501,200001,250000,224493,35513,3024,29.6356,29.8872,-0.0042,-0.0008,-0.0007
Herato0501,250001,300000,275158,35574,3336,40.0312,40.6023,-0.0071,-0.0016,-0.0014
Herato0501,300001,350000,321867,28277,2262,33.1157,25.4096,0.1317,0.0311,0.0275
Herato0501,350001,400000,375260,35773,2782,31.5819,25.7573,0.1016,0.0195,0.0169
Herato0501,400001,450000,425938,32240,2416,32.0902,32.4268,-0.0052,-0.0014,-0.0012
Herato0501,450001,500000,475705,33000,2626,27.0313,25.4412,0.0303,0.0074,0.0061
Herato0501,500001,550000,524999,34840,2537,33.6328,35.7625,-0.0307,-0.0101,-0.0079
Herato0501,550001,600000,575483,36628,2688,44.3124,48.389,-0.044,-0.0167,-0.0131
Herato0501,600001,650000,624477,35578,2921,43.3634,46.1697,-0.0313,-0.0116,-0.0092
Herato0501,650001,700000,673952,32361,2269,35.6815,34.9131,0.0109,0.004,0.0032
Herato0501,700001,750000,725812,37087,1704,18.774,21.179,-0.0602,-0.013,-0.0114
Herato0501,750001,800000,775588,31954,1428,13.8325,16.2082,-0.0791,-0.0119,-0.0105
Herato0501,800001,850000,825750,32828,2191,20.4127,21.0972,-0.0165,-0.0037,-0.0031
Herato0501,850001,900000,875048,33723,2413,30.6102,31.3787,-0.0124,-0.0035,-0.0029
Herato0501,900001,950000,924999,36031,2669,35.9699,32.8888,0.0447,0.0123,0.0104
Herato0501,950001,1000000,973840,34078,2747,35.5233,39.0763,-0.0476,-0.0127,-0.0108
Herato0501,1000001,1050000,1025431,36522,2678,37.5282,39.4306,-0.0247,-0.008,-0.0067
Herato0501,1050001,1100000,1076245,39382,2364,26.8141,25.5256,0.0246,0.004,0.0035
Herato0501,1100001,1150000,1123325,33566,1727,24.2887,22.1297,0.0465,0.0091,0.0077
Herato0501,1150001,1200000,1177096,26155,775,8.6085,8.0707,0.0322,0.0042,0.0037
Herato0501,1200001,1250000,1224640,35357,2575,41.7419,41.0056,0.0089,0.0031,0.0025
Herato0501,1250001,1300000,1257357,10182,937,9.7807,8.437,0.0738,0.0204,0.0166
Herato0502,1,50000,24755,30142,1249,13.1392,12.0501,0.0432,0.0189,0.0151
Herato0502,50001,100000,74969,30223,1431,12.5472,11.4764,0.0446,0.0162,0.0127
Herato0502,100001,150000,125131,26837,897,7.8012,5.1256,0.207,0.0818,0.0635
Herato0502,150001,200000,174716,27608,847,5.6678,6.0141,-0.0296,-0.0086,-0.0069
Herato0502,200001,250000,220112,16749,753,6.3286,6.1438,0.0148,0.0059,0.0043
Herato0503,1,50000,25111,33635,2980,39.4991,37.5592,0.0252,0.008,0.0066
Herato0503,50001,100000,75436,30904,2337,25.4774,30.1802,-0.0845,-0.0247,-0.0198
Herato0503,100001,150000,123405,31472,1838,24.7016,24.3382,0.0074,0.0028,0.0022
Herato0503,150001,200000,175332,26778,1427,13.4977,15.1405,-0.0574,-0.017,-0.0137
Herato0503,200001,250000,225535,34415,1712,15.8482,17.8555,-0.0596,-0.0224,-0.0159
Herato0503,250001,300000,274156,37593,2835,38.3229,41.0875,-0.0348,-0.0145,-0.0117
Herato0503,300001,350000,325211,35641,2551,35.225,33.9438,0.0185,0.0079,0.006
Herato0503,350001,400000,375256,33240,2352,29.9734,32.7181,-0.0438,-0.0166,-0.0135
Herato0503,400001,450000,424661,33282,1882,25.1328,26.2819,-0.0223,-0.0066,-0.0056
Herato0503,450001,500000,473793,31695,1342,20.1938,18.3929,0.0467,0.0162,0.0137
Herato0503,500001,550000,524446,35540,2538,27.2106,34.033,-0.1114,-0.0256,-0.0217
Herato0503,550001,600000,575004,33807,1699,21.2968,21.0489,0.0059,0.0014,0.0012
Herato0503,600001,650000,624198,33454,1915,25.774,27.1525,-0.026,-0.0096,-0.0077
Herato0503,650001,700000,674832,31213,2125,32.7167,33.8866,-0.0176,-0.0061,-0.005
Herato0503,700001,750000,724613,33651,2822,38.478,36.8724,0.0213,0.0088,0.0069
Herato0503,750001,800000,775204,33203,2193,34.9941,34.755,0.0034,0.0013,0.001
Herato0503,800001,850000,824172,32832,2102,26.6538,27.152,-0.0093,-0.0029,-0.0023
Herato0503,850001,900000,874793,34172,2587,38.0984,38.7087,-0.0079,-0.0032,-0.0026
Herato0503,900001,950000,925061,33280,2596,35.2103,33.8117,0.0203,0.009,0.0071
Herato0503,950001,1000000,974710,34649,2601,39.5977,42.6641,-0.0373,-0.0152,-0.0124
Herato0503,1000001,1050000,1025042,36397,2211,28.5435,28.9056,-0.0063,-0.0015,-0.0013
Herato0503,1050001,1100000,1074696,38115,2629,31.0807,34.849,-0.0572,-0.0196,-0.0154
Herato0503,1100001,1150000,1118511,27640,1603,20.9891,16.216,0.1283,0.0334,0.0271
Herato0503,1150001,1200000,1174896,34759,2769,42.365,44.7988,-0.0279,-0.0092,-0.0074
Herato0503,1200001,1250000,1224853,34152,2638,35.1118,31.2382,0.0584,0.0201,0.0164
Herato0503,1250001,1300000,1275405,35310,2519,31.9519,34.315,-0.0357,-0.0133,-0.0107
Herato0503,1300001,1350000,1324800,33607,2499,32.7917,34.9926,-0.0325,-0.0115,-0.0094
Herato0503,1350001,1400000,1375215,37015,1706,26.765,20.8412,0.1244,0.0353,0.0295
Herato0503,1400001,1450000,1424807,35612,2510,36.5931,35.2743,0.0184,0.0069,0.0058
Herato0503,1450001,1500000,1474891,33770,2293,31.7898,33.4676,-0.0257,-0.0105,-0.0083
Herato0503,1500001,1550000,1526137,32485,2201,39.3717,37.3724,0.0261,0.0112,0.0091
Herato0503,1550001,1600000,1575250,33577,2160,32.415,27.0894,0.0895,0.0249,0.0209
Herato0503,1600001,1650000,1623893,38238,3035,52.4366,53.1774,-0.007,-0.0032,-0.0024
Herato0503,1650001,1700000,1674329,35464,2733,44.4834,41.4099,0.0358,0.0155,0.0126
Herato0503,1700001,1750000,1725556,36983,2371,29.3515,31.4255,-0.0341,-0.0091,-0.0076
Herato0503,1750001,1800000,1774994,36637,2615,35.6223,37.5041,-0.0257,-0.0096,-0.008
Herato0503,1800001,1850000,1825210,36970,2507,32.9567,28.7549,0.0681,0.0193,0.0163
Herato0503,1850001,1900000,1873605,31374,1322,13.4318,12.9878,0.0168,0.0034,0.0029
Herato0503,1900001,1950000,1924423,27801,886,11.4301,9.7967,0.0769,0.0295,0.0248
Herato0503,1950001,2000000,1974620,28065,1270,11.6115,11.1397,0.0207,0.0085,0.0065
Herato0503,2000001,2050000,2024689,29028,1721,21.5745,16.9418,0.1203,0.0362,0.0304
Herato0503,2050001,2100000,2078370,31423,1563,35.0978,29.1828,0.092,0.0632,0.0511
Herato0503,2100001,2150000,2124184,35744,2792,46.279,52.0912,-0.0591,-0.0307,-0.0235
Herato0503,2150001,2200000,2175543,34877,2322,33.5036,30.2341,0.0513,0.0144,0.0121
Herato0503,2200001,2250000,2225363,36641,2634,52.3161,45.9878,0.0644,0.0309,0.0246
Herato0503,2250001,2300000,2275508,33812,2362,32.7257,32.2578,0.0072,0.0024,0.002
Herato0503,2300001,2350000,2325545,34447,2834,48.1481,47.4341,0.0075,0.0035,0.0027
Herato0503,2350001,2400000,2374334,37722,2398,31.6665,32.4909,-0.0128,-0.0041,-0.0033
Herato0503,2400001,2450000,2424598,37987,2435,31.3209,34.9345,-0.0545,-0.0149,-0.0121
Herato0503,2450001,2500000,2474640,40164,3053,45.341,40.9368,0.051,0.0137,0.0117
Herato0503,2500001,2550000,2524843,34418,2021,19.5718,22.2144,-0.0632,-0.017,-0.0139
Herato0503,2550001,2600000,2574448,33600,1989,26.3914,31.4742,-0.0878,-0.0265,-0.0215
Herato0503,2600001,2650000,2625481,34359,1890,26.6507,26.463,0.0035,0.0011,0.0009
Herato0503,2650001,2700000,2674668,33741,1981,29.2802,27.9275,0.0236,0.0067,0.0056
Herato0503,2700001,2750000,2725514,30247,2037,26.1659,27.7727,-0.0298,-0.0074,-0.0064
Herato0503,2750001,2800000,2774351,33189,1734,17.6694,18.3499,-0.0189,-0.0041,-0.0035
Herato0503,2800001,2850000,2823287,32121,1772,23.3302,23.0727,0.0056,0.0018,0.0014
Herato0503,2850001,2900000,2875948,32079,1714,20.9136,21.9289,-0.0237,-0.009,-0.0069
Herato0503,2900001,2950000,2924961,34899,2186,34.939,32.7663,0.0321,0.0135,0.0105
Herato0503,2950001,3000000,2975128,33827,2863,43.1029,42.4462,0.0077,0.0037,0.0028
Herato0503,3000001,3050000,3024835,33966,2365,37.9697,38.5063,-0.007,-0.0028,-0.0022
Herato0503,3050001,3100000,3074244,32737,2042,26.4796,25.9089,0.0109,0.0033,0.0027
Herato0503,3100001,3150000,3124911,33472,2498,30.0614,33.6902,-0.0569,-0.0177,-0.0141
Herato0503,3150001,3200000,3172607,29812,1537,19.0692,17.9575,0.03,0.0101,0.0082
Herato0503,3200001,3250000,3225648,32256,1881,27.4623,28.3149,-0.0153,-0.0048,-0.0039
Herato0503,3250001,3300000,3275340,36448,3148,51.2302,50.8039,0.0042,0.0014,0.0012
Herato0503,3300001,3350000,3323301,31557,2590,33.0918,35.7389,-0.0385,-0.0126,-0.0103
Herato0503,3350001,3400000,3376467,33307,2405,30.5797,34.4097,-0.0589,-0.0223,-0.0181
Herato0503,3400001,3450000,3425086,35142,2595,41.8612,45.7018,-0.0439,-0.0289,-0.0206
Herato0503,3450001,3500000,3474503,35976,2441,39.9914,39.2916,0.0088,0.0038,0.003
Herato0503,3500001,3550000,3524196,30140,2049,35.3188,30.6751,0.0704,0.0389,0.0303
Herato0503,3550001,3600000,3574578,36714,3122,54.5288,44.4887,0.1014,0.0521,0.0409
Herato0503,3600001,3650000,3624340,35876,2113,40.4145,32.6487,0.1063,0.0459,0.0354
Herato0503,3650001,3700000,3674418,32855,1991,34.5166,32.2256,0.0343,0.0183,0.0132
Herato0503,3700001,3750000,3725392,33916,2461,56.665,38.8722,0.1862,0.1091,0.0818
Herato0503,3750001,3800000,3774385,32573,1877,33.1457,19.4567,0.2602,0.1124,0.0879
Herato0503,3800001,3850000,3826156,31030,1591,28.8161,20.9605,0.1578,0.0622,0.0494
Herato0503,3850001,3900000,3874951,32377,1807,40.9718,23.2763,0.2754,0.1066,0.086
Herato0503,3900001,3950000,3924898,34199,2165,36.9315,28.3297,0.1318,0.0448,0.0356
Herato0503,3950001,4000000,3974497,35411,2362,51.2866,28.2849,0.2891,0.1199,0.0894
Herato0503,4000001,4050000,4025009,34807,2087,49.7082,26.2159,0.3094,0.1181,0.0918
Herato0503,4050001,4100000,4074069,33664,2401,42.1072,30.6189,0.158,0.0568,0.0451
Herato0503,4100001,4150000,4124820,34159,2183,37.2157,32.0538,0.0745,0.0309,0.0252
Herato0503,4150001,4200000,4174861,36092,2764,30.321,25.8645,0.0793,0.0179,0.0147
Herato0503,4200001,4250000,4225105,34175,1988,27.8788,24.1435,0.0718,0.0212,0.0175
Herato0503,4250001,4300000,4275096,35108,2575,44.4571,41.444,0.0351,0.0147,0.012
Herato0503,4300001,4350000,4324620,34368,2139,29.6452,28.8414,0.0137,0.0046,0.0037
Herato0503,4350001,4400000,4376491,31212,1647,22.7241,21.5579,0.0263,0.0079,0.0067
Herato0503,4400001,4450000,4424962,34485,2261,27.3101,30.4801,-0.0549,-0.0185,-0.0149
Herato0503,4450001,4500000,4475036,35262,2205,33.9391,35.065,-0.0163,-0.0073,-0.0056
Herato0503,4500001,4550000,4526258,33449,2015,33.0948,32.0693,0.0157,0.0064,0.0052
Herato0503,4550001,4600000,4574856,35726,2231,34.1324,39.0742,-0.0675,-0.0312,-0.0235
Herato0503,4600001,4650000,4625401,32361,1862,31.675,27.9907,0.0617,0.0187,0.0159
Herato0503,4650001,4700000,4675813,30315,1277,20.639,15.7704,0.1337,0.0373,0.0316
Herato0503,4700001,4750000,4724800,33256,1973,25.155,24.1689,0.02,0.0066,0.0053
Herato0503,4750001,4800000,4775587,35139,1594,15.1233,17.332,-0.0681,-0.0127,-0.0109
Herato0503,4800001,4850000,4824252,35017,2062,36.1541,33.3014,0.0411,0.015,0.0122
Herato0503,4850001,4900000,4875261,33498,1934,43.4497,29.2279,0.1957,0.1008,0.0782
Herato0503,4900001,4950000,4924926,37598,2509,37.7932,45.0872,-0.088,-0.0403,-0.0311
Herato0503,4950001,5000000,4972967,34671,1701,26.8167,31.0316,-0.0729,-0.0229,-0.0184
Herato0503,5000001,5050000,5025576,33236,1069,10.5643,12.0826,-0.067,-0.0172,-0.0139
Herato0503,5050001,5100000,5074298,36103,2655,38.3431,32.9608,0.0755,0.027,0.0222
Herato0503,5100001,5150000,5124079,34571,2276,34.4466,35.1884,-0.0107,-0.0031,-0.0026
Herato0503,5150001,5200000,5177035,29944,1727,26.0552,22.8233,0.0661,0.0178,0.0155
Herato0503,5200001,5250000,5225357,31779,1932,38.6204,33.3787,0.0728,0.0238,0.0205
Herato0503,5250001,5300000,5274985,36374,2847,44.3887,45.116,-0.0081,-0.0034,-0.0027
Herato0503,5300001,5350000,5325501,32374,1834,26.5984,30.5374,-0.0689,-0.0295,-0.0235
Herato0503,5350001,5400000,5374566,34779,2421,33.2602,33.1863,0.0011,0.0004,0.0003
Herato0503,5400001,5450000,5424179,31283,1966,24.6067,22.6174,0.0421,0.017,0.013
Herato0503,5450001,5500000,5474687,34894,1809,17.0112,16.5199,0.0147,0.0027,0.0023
Herato0503,5500001,5550000,5525076,31808,1228,5.7787,6.0997,-0.027,-0.0017,-0.0016
Herato0503,5550001,5600000,5574572,29755,1163,5.1576,5.9158,-0.0685,-0.0057,-0.0052
Herato0503,5600001,5650000,5626518,29279,1271,8.684,5.943,0.1874,0.017,0.015
Herato0503,5650001,5700000,5675103,34064,1282,7.444,8.5525,-0.0693,-0.0096,-0.0085
Herato0503,5700001,5750000,5724461,34717,1260,10.8452,10.7413,0.0048,0.0007,0.0007
Herato0503,5750001,5800000,5775752,34814,1666,19.5094,15.3787,0.1184,0.0248,0.0212
Herato0503,5800001,5850000,5825404,39459,2257,29.5871,29.7757,-0.0032,-0.0009,-0.0007
Herato0503,5850001,5900000,5874376,33772,1820,30.9486,27.118,0.066,0.0243,0.0199
Herato0503,5900001,5950000,5925439,36336,2084,30.2957,28.2829,0.0344,0.0087,0.0076
Herato0503,5950001,6000000,5974985,36718,2545,36.9865,43.995,-0.0865,-0.0304,-0.0245
Herato0503,6000001,6050000,6025036,35177,2399,32.2076,27.0666,0.0867,0.0235,0.0199
Herato0503,6050001,6100000,6076780,37688,2106,21.5328,20.8911,0.0151,0.0032,0.0028
Herato0503,6100001,6150000,6126025,31168,1454,10.8672,8.1054,0.1456,0.0137,0.0126
Herato0503,6150001,6200000,6173902,34156,2073,19.6575,21.6665,-0.0486,-0.0083,-0.0073
Herato0503,6200001,6250000,6224618,36671,3036,50.8276,47.8915,0.0297,0.0111,0.0094
Herato0503,6250001,6300000,6274529,37232,2739,45.3279,54.6008,-0.0928,-0.0389,-0.0317
Herato0503,6300001,6350000,6325387,36029,2577,42.0607,43.4371,-0.0161,-0.006,-0.0051
Herato0503,6350001,6400000,6374746,36543,2837,48.5907,45.7358,0.0303,0.0117,0.0097
Herato0503,6400001,6450000,6424860,36791,2660,44.3195,39.4993,0.0575,0.0215,0.0179
Herato0503,6450001,6500000,6475190,34819,2121,33.6957,35.9507,-0.0324,-0.0135,-0.0109
Herato0503,6500001,6550000,6524976,35153,2593,42.6473,40.3688,0.0274,0.0121,0.0097
Herato0503,6550001,6600000,6574644,37746,3016,46.486,44.3844,0.0231,0.0088,0.0071
Herato0503,6600001,6650000,6624337,35596,2209,32.9242,32.7506,0.0026,0.0011,0.0008
Herato0503,6650001,6700000,6674922,36654,3028,43.6806,44.3384,-0.0075,-0.0027,-0.0022
Herato0503,6700001,6750000,6724668,37441,2608,33.9037,31.7474,0.0328,0.0096,0.008
Herato0503,6750001,6800000,6774937,36391,2938,39.5587,44.9503,-0.0638,-0.0302,-0.0233
Herato0503,6800001,6850000,6824955,29975,1796,22.3422,22.9382,-0.0132,-0.0047,-0.0038
Herato0503,6850001,6900000,6874823,35173,1912,23.9585,19.7395,0.0965,0.0209,0.0185
Herato0503,6900001,6950000,6925316,38040,2537,40.9786,35.1733,0.0762,0.0227,0.0192
Herato0503,6950001,7000000,6975144,36402,2639,37.416,42.1181,-0.0591,-0.0227,-0.0187
Herato0503,7000001,7050000,7025790,34587,2626,48.1943,51.2426,-0.0307,-0.0121,-0.0099
Herato0503,7050001,7100000,7076021,32611,2365,38.1117,36.0788,0.0274,0.0097,0.008
Herato0503,7100001,7150000,7125081,33548,2191,32.431,33.5625,-0.0171,-0.007,-0.0055
Herato0503,7150001,7200000,7174835,33797,2352,38.6589,39.7894,-0.0144,-0.0063,-0.0052
Herato0503,7200001,7250000,7226138,33102,2219,35.9809,34.3383,0.0234,0.0099,0.0081
Herato0503,7250001,7300000,7269194,26533,1556,26.5962,21.3668,0.109,0.0465,0.0383
Herato0503,7300001,7350000,7326837,25562,1182,19.06,18.4504,0.0163,0.0078,0.006
Herato0503,7350001,7400000,7375614,33946,2067,31.3734,33.0707,-0.0263,-0.0106,-0.0088
Herato0503,7400001,7450000,7425562,37548,1965,25.5279,26.6287,-0.0211,-0.0074,-0.0058
Herato0503,7450001,7500000,7474995,37112,2300,36.3317,39.8396,-0.0461,-0.0161,-0.0131
Herato0503,7500001,7550000,7525586,38121,2789,48.6912,39.847,0.0999,0.0441,0.0364
Herato0503,7550001,7600000,7573994,37188,1354,23.3141,23.0792,0.0051,0.0041,0.0028
Herato0503,7600001,7650000,7623754,37593,2361,47.2453,34.3682,0.1578,0.0642,0.0509
Herato0503,7650001,7700000,7679781,21301,1299,18.1866,19.7238,-0.0405,-0.012,-0.0099
Herato0503,7700001,7750000,7724843,36834,2381,37.3029,34.6389,0.037,0.0154,0.0126
Herato0503,7750001,7800000,7774304,35835,2246,27.1483,29.1475,-0.0355,-0.0109,-0.0091
Herato0503,7800001,7850000,7824718,33698,2031,32.5062,30.407,0.0334,0.0105,0.0089
Herato0503,7850001,7900000,7873944,33652,2011,33.235,29.5309,0.059,0.0229,0.0185
Herato0503,7900001,7950000,7925157,33702,2160,34.0718,33.6442,0.0063,0.0025,0.002
Herato0503,7950001,8000000,7973281,31417,1970,26.2125,25.7411,0.0091,0.0031,0.0025
Herato0503,8000001,8050000,8024576,33222,2225,30.7188,28.0521,0.0454,0.0146,0.0121
Herato0503,8050001,8100000,8073796,32185,1906,32.3648,30.5171,0.0294,0.0098,0.008
Herato0503,8100001,8150000,8125079,36347,2627,35.3061,39.8599,-0.0606,-0.0222,-0.0178
Herato0503,8150001,8200000,8175107,37851,2780,47.6378,50.0589,-0.0248,-0.0115,-0.0086
Herato0503,8200001,8250000,8225766,38087,2693,45.812,43.2483,0.0288,0.009,0.0074
Herato0503,8250001,8300000,8274493,39692,2798,45.4948,48.0654,-0.0275,-0.0096,-0.0079
Herato0503,8300001,8350000,8325296,36671,2218,40.4281,41.9113,-0.018,-0.007,-0.0057
Herato0503,8350001,8400000,8375193,36157,2473,30.6018,32.9522,-0.037,-0.0093,-0.0079
Herato0503,8400001,8450000,8425216,35731,2344,32.6022,31.9581,0.01,0.0028,0.0023
Herato0503,8450001,8500000,8474639,35365,2256,37.303,30.1217,0.1065,0.0371,0.0308
Herato0503,8500001,8550000,8522926,30812,2145,29.2524,36.0845,-0.1046,-0.0569,-0.0425
Herato0503,8550001,8600000,8575234,34112,2612,30.8437,37.4488,-0.0967,-0.0383,-0.0299
Herato0503,8600001,8650000,8624675,35666,2838,47.8269,44.5451,0.0355,0.0165,0.0131
Herato0503,8650001,8700000,8674936,34781,2745,44.5263,40.2478,0.0505,0.0214,0.0174
Herato0503,8700001,8750000,8725019,35096,2167,28.8811,35.5738,-0.1038,-0.0502,-0.0389
Herato0503,8750001,8800000,8775093,33824,2652,42.6964,38.2114,0.0554,0.0292,0.0216
Herato0503,8800001,8850000,8825027,35684,2606,33.5492,33.7996,-0.0037,-0.0014,-0.0011
Herato0503,8850001,8900000,8872738,28286,1732,20.9439,23.0839,-0.0486,-0.0116,-0.01
Herato0503,8900001,8950000,8924680,29823,1137,12.7861,18.6856,-0.1875,-0.0593,-0.0463
Herato0503,8950001,9000000,8971142,21954,1608,11.1388,15.8456,-0.1744,-0.0351,-0.0295
Herato0504,1,50000,20078,21528,850,9.808,8.8314,0.0524,0.0233,0.0182
Herato0505,1,50000,25683,28122,501,5.5439,5.2961,0.0229,0.0092,0.0074
Herato0506,1,50000,18270,19113,293,3.0246,2.68,0.0604,0.0206,0.0166
Herato0507,1,50000,26736,22976,490,4.9375,4.8205,0.012,0.0043,0.0035
Herato0507,50001,100000,75773,28911,1304,11.0509,11.8307,-0.0341,-0.0129,-0.0099
Herato0507,100001,150000,119966,21129,1271,12.8009,14.2599,-0.0539,-0.0231,-0.0173
Herato0507,150001,200000,176079,20715,442,7.1971,5.5065,0.1331,0.0543,0.0448
Herato0507,200001,250000,215381,18782,632,5.693,4.1328,0.1588,0.0338,0.0295
Herato0508,1,50000,25188,23101,308,2.8776,2.7921,0.0151,0.0048,0.0039
Herato0508,50001,100000,73871,25992,624,5.4364,3.8281,0.1736,0.0436,0.0353
Herato0508,100001,150000,124309,26066,908,9.5603,10.009,-0.0229,-0.0094,-0.0073
Herato0508,150001,200000,175201,31667,2464,34.6698,33.1959,0.0217,0.0075,0.0063
Herato0508,200001,250000,224759,34077,2320,36.732,36.3562,0.0051,0.0021,0.0017
Herato0508,250001,300000,275101,36442,2379,35.691,34.6324,0.0151,0.0047,0.0039
Herato0508,300001,350000,322998,31016,1819,26.4601,24.0309,0.0481,0.0139,0.0116
Herato0508,350001,400000,375257,35355,2798,51.6324,45.8979,0.0588,0.0188,0.0157
Herato0508,400001,450000,425185,35363,2184,32.9431,32.0282,0.0141,0.0035,0.003
Herato0508,450001,500000,476085,23088,555,11.7392,8.6049,0.1541,0.0739,0.0546
Herato0508,500001,550000,525022,33171,2129,28.6876,32.9437,-0.0691,-0.0192,-0.0162
Herato0508,550001,600000,575225,32326,1921,29.1813,33.8548,-0.0741,-0.0267,-0.0218
Herato0508,600001,650000,624252,31195,1542,22.6687,25.1449,-0.0518,-0.0152,-0.0127
Herato0508,650001,700000,675245,34534,2025,23.3343,27.4279,-0.0806,-0.0226,-0.0188
Herato0508,700001,750000,726014,33289,1874,32.2328,29.1504,0.0502,0.0187,0.0151
Herato0508,750001,800000,775319,34420,1888,22.8232,22.0178,0.018,0.0034,0.0029
Herato0508,800001,850000,825195,30217,1695,18.9751,18.4463,0.0141,0.003,0.0026
Herato0508,850001,900000,875337,31916,1757,31.004,26.4476,0.0793,0.0264,0.0215
Herato0508,900001,950000,924571,35234,2494,28.7964,31.1476,-0.0392,-0.0098,-0.0083
Herato0508,950001,1000000,974791,34007,1867,25.9612,26.5562,-0.0113,-0.003,-0.0026
Herato0508,1000001,1050000,1025070,35384,2124,24.3185,26.6073,-0.0449,-0.0088,-0.0076
Herato0508,1050001,1100000,1075206,34997,2220,21.0544,19.7341,0.0324,0.0047,0.0042
Herato0508,1100001,1150000,1123747,34175,1199,10.1377,8.5578,0.0845,0.0133,0.0115
Herato0508,1150001,1200000,1173860,31170,1598,17.6878,19.6784,-0.0533,-0.0155,-0.013
Herato0508,1200001,1250000,1224670,34872,3220,45.2394,43.0083,0.0253,0.0089,0.0073
Herato0508,1250001,1300000,1275405,33904,2687,40.5844,44.5281,-0.0463,-0.0149,-0.0124
Herato0508,1300001,1350000,1324930,31864,2350,37.0072,37.5902,-0.0078,-0.003,-0.0024
Herato0508,1350001,1400000,1374905,33578,2851,43.8453,46.7172,-0.0317,-0.0112,-0.0092
Herato0508,1400001,1450000,1423028,26241,1925,25.9527,29.0557,-0.0564,-0.0231,-0.0179
Herato0508,1450001,1500000,1475727,31481,2393,34.9122,35.416,-0.0072,-0.0026,-0.0021
Herato0508,1500001,1550000,1525327,32723,2441,35.2303,33.9219,0.0189,0.0052,0.0045
Herato0508,1550001,1600000,1576458,29198,2163,29.499,32.9385,-0.0551,-0.0165,-0.0129
Herato0508,1600001,1650000,1625042,34707,2699,34.5662,32.2154,0.0352,0.0095,0.0079
Herato0508,1650001,1700000,1674858,34546,2562,34.1402,35.5447,-0.0202,-0.0066,-0.0053
Herato0508,1700001,1750000,1723729,32664,2419,29.1371,29.3463,-0.0036,-0.0013,-0.001
Herato0508,1750001,1800000,1774240,30026,2184,31.8148,31.994,-0.0028,-0.001,-0.0008
Herato0508,1800001,1850000,1825260,33375,2508,36.3555,32.7815,0.0517,0.0181,0.0141
Herato0508,1850001,1900000,1874712,35179,2187,29.2889,39.7045,-0.151,-0.0378,-0.0315
Herato0508,1900001,1950000,1925803,33242,2086,24.5803,28.2309,-0.0691,-0.0145,-0.0122
Herato0508,1950001,2000000,1975863,32144,2000,33.3687,31.2185,0.0333,0.0099,0.0084
Herato0508,2000001,2050000,2025868,34926,2848,39.121,43.8646,-0.0572,-0.016,-0.0136
Herato0508,2050001,2100000,2072171,28971,2681,46.9696,49.1898,-0.0231,-0.009,-0.0071
Herato0508,2100001,2150000,2125181,37636,2794,51.7525,51.4819,0.0026,0.0009,0.0008
Herato0508,2150001,2200000,2175121,33411,2769,39.293,37.4196,0.0244,0.0067,0.0056
Herato0508,2200001,2250000,2225062,35867,2420,31.452,31.0731,0.0061,0.0014,0.0012
Herato0508,2250001,2300000,2275064,37573,3426,47.9497,48.4278,-0.005,-0.0014,-0.0011
Herato0508,2300001,2350000,2324721,32989,2659,36.7087,37.0465,-0.0046,-0.0012,-0.001
Herato0508,2350001,2400000,2375298,34018,2096,34.5037,31.6473,0.0432,0.0116,0.0097
Herato0508,2400001,2450000,2425503,35771,2498,29.5868,28.1848,0.0243,0.0068,0.0055
Herato0508,2450001,2500000,2475916,33613,2473,25.9712,24.0573,0.0383,0.0076,0.0064
Herato0508,2500001,2550000,2525077,35313,2714,36.9736,45.7218,-0.1058,-0.0304,-0.0254
Herato0508,2550001,2600000,2573483,31873,2027,20.9335,19.0463,0.0472,0.0095,0.0081
Herato0508,2600001,2650000,2624889,29819,1876,22.7902,22.3053,0.0108,0.0032,0.0025
Herato0508,2650001,2700000,2658753,11425,367,2.9691,4.6746,-0.2231,-0.0312,-0.0285
Herato0509,1,50000,23358,34333,983,10.5929,11.3968,-0.0366,-0.0161,-0.0133
Herato0509,50001,100000,77460,34794,1723,28.3907,25.838,0.0471,0.0317,0.0228
Herato0509,100001,150000,123837,30034,2218,27.1367,25.8353,0.0246,0.0071,0.0059
Herato0509,150001,200000,178084,30086,2458,30.7669,32.992,-0.0349,-0.0117,-0.0093
Herato0509,200001,250000,225129,34272,2193,25.7453,25.6017,0.0028,0.0008,0.0006
Herato0509,250001,300000,273973,30957,1693,18.2515,19.5963,-0.0355,-0.0097,-0.0081
Herato0510,1,50000,18762,23932,547,4.1907,4.4065,-0.0251,-0.0044,-0.0037
Herato0511,1,50000,26170,29132,1107,14.1479,8.5061,0.249,0.1024,0.0768
Herato0511,50001,100000,74330,35314,775,19.2822,10.995,0.2737,0.1484,0.1158
