scaffold,start,end,mid,sites,sitesUsed,ABBA,BABA,D,fd,fdM
Herato1801,1,50000,26371,37814,1775,28.1355,20.9099,0.1473,0.2057,0.0905
Herato1801,50001,100000,75158,41279,2153,43.4364,42.2145,0.0143,0.0201,0.0121
Herato1801,100001,150000,127350,37030,1374,32.5882,29.9988,0.0414,0.0487,0.0293
Herato1801,150001,200000,174853,41635,3009,67.4244,48.6291,0.162,0.1636,0.1024
Herato1801,200001,250000,224978,41662,2088,23.0218,13.4864,0.2612,0.2298,0.1349
Herato1801,250001,300000,274508,37580,3681,69.7527,55.4707,0.1141,0.1459,0.0868
Herato1801,300001,350000,324711,36868,3847,78.5856,68.8023,0.0664,0.0801,0.0448
Herato1801,350001,400000,375332,37156,3834,68.0508,55.7707,0.0992,0.1308,0.0679
Herato1801,400001,450000,425005,37304,4531,78.7352,64.2976,0.1009,0.1056,0.0653
Herato1801,450001,500000,473711,36388,3185,75.7194,55.5085,0.154,0.1772,0.111
Herato1801,500001,550000,525766,28578,1837,45.5216,38.8433,0.0792,0.1161,0.0689
Herato1801,550001,600000,578350,28433,1674,26.797,20.5616,0.1317,0.1082,0.07
Herato1801,600001,650000,625161,37487,3994,62.5947,56.6919,0.0495,0.0516,0.0315
Herato1801,650001,700000,672929,32790,2906,46.9226,46.2801,0.0069,0.0057,0.0035
Herato1801,700001,750000,723860,38689,3865,54.3273,49.67,0.0448,0.0371,0.023
Herato1801,750001,800000,774761,36698,4261,55.6972,53.7162,0.0181,0.0164,0.0101
Herato1801,800001,850000,825068,36603,3974,52.9904,48.8921,0.0402,0.0291,0.0197
Herato1801,850001,900000,874991,37425,3425,48.5926,51.1458,-0.0256,-0.0264,-0.0158
Herato1801,900001,950000,924295,38228,3454,53.7048,57.5609,-0.0347,-0.0226,-0.0153
Herato1801,950001,1000000,974738,37986,3960,57.8974,58.7059,-0.0069,-0.0057,-0.0036
Herato1801,1000001,1050000,1024996,37161,4723,57.3794,56.6898,0.006,0.0049,0.0031
Herato1801,1050001,1100000,1074956,37172,4468,69.771,75.4641,-0.0392,-0.0335,-0.0208
Herato1801,1100001,1150000,1125632,38221,3708,66.6431,49.4567,0.148,0.1158,0.0759
Herato1801,1150001,1200000,1174447,40043,3143,43.0347,49.5732,-0.0706,-0.0439,-0.0303
Herato1801,1200001,1250000,1226607,34126,2491,38.245,43.212,-0.061,-0.0302,-0.0222
Herato1801,1250001,1300000,1269823,29363,1954,10.0425,11.093,-0.0497,-0.0043,-0.0038
Herato1801,1300001,1350000,1330830,24633,1775,15.4512,19.2317,-0.109,-0.0435,-0.0304
Herato1801,1350001,1400000,1374855,34782,2087,17.8601,17.0041,0.0246,0.003,0.0026
Herato1801,1400001,1450000,1424355,37174,2515,19.5848,23.2743,-0.0861,-0.02,-0.015
Herato1801,1450001,1500000,1474535,38311,3838,58.8257,61.0886,-0.0189,-0.0153,-0.0094
Herato1801,1500001,1550000,1524801,35319,4216,47.6017,54.55,-0.068,-0.0482,-0.0285
Herato1801,1550001,1600000,1572918,35518,3699,46.5148,48.0373,-0.0161,-0.0095,-0.0064
Herato1801,1600001,1650000,1626678,34224,3984,61.1136,59.0206,0.0174,0.0139,0.0089
Herato1801,1650001,1700000,1680048,28587,3534,53.9896,60.4151,-0.0562,-0.0616,-0.034
Herato1801,1700001,1750000,1728642,27901,3435,60.2527,56.3908,0.0331,0.0357,0.0211
Herato1801,1750001,1800000,1775514,33796,4327,72.9286,64.7314,0.0595,0.0748,0.0427
Herato1801,1800001,1850000,1825263,36260,4553,62.9443,61.27,0.0135,0.0176,0.0093
Herato1801,1850001,1900000,1874612,36191,3903,61.9543,57.4257,0.0379,0.0498,0.0253
Herato1801,1900001,1950000,1924384,38005,4276,68.4419,57.8293,0.084,0.1227,0.0599
Herato1801,1950001,2000000,1974734,29583,3126,46.6372,47.4642,-0.0088,-0.0152,-0.0065
Herato1801,2000001,2050000,2025739,35353,3579,52.4637,57.9108,-0.0494,-0.0748,-0.0357
Herato1801,2050001,2100000,2075093,36453,4411,67.9017,66.3221,0.0118,0.0186,0.0086
Herato1801,2100001,2150000,2124889,35070,4548,69.4302,61.8586,0.0577,0.0863,0.0418
Herato1801,2150001,2200000,2172751,32239,4884,81.7249,74.256,0.0479,0.0759,0.0348
Herato1801,2200001,2250000,2229922,27823,3653,56.4935,48.63,0.0748,0.1034,0.0553
Herato1801,2250001,2300000,2274998,35423,4048,55.7999,55.7042,0.0009,0.0012,0.0006
Herato1801,2300001,2350000,2324493,34773,4090,58.0234,52.8344,0.0468,0.0683,0.0361
Herato1801,2350001,2400000,2375113,34472,4090,57.3062,52.794,0.041,0.0514,0.0277
Herato1801,2400001,2450000,2425006,35360,3364,44.1115,42.0571,0.0238,0.0291,0.0161
Herato1801,2450001,2500000,2474309,36180,3996,57.2718,60.2859,-0.0256,-0.0389,-0.018
Herato1801,2500001,2550000,2525808,33552,4204,59.2241,59.5322,-0.0026,-0.0038,-0.0019
Herato1801,2550001,2600000,2575194,32751,3644,57.4865,57.0645,0.0037,0.0057,0.0028
Herato1801,2600001,2650000,2626012,26167,1784,26.084,26.2885,-0.0039,-0.0054,-0.0027
Herato1801,2650001,2700000,2675758,35053,4111,58.0872,54.0718,0.0358,0.0505,0.0255
Herato1801,2700001,2750000,2725356,34439,4120,54.9594,55.3955,-0.004,-0.0056,-0.0029
Herato1801,2750001,2800000,2774884,34401,4294,53.8478,57.3877,-0.0318,-0.0497,-0.0234
Herato1801,2800001,2850000,2824904,34339,4100,55.6794,50.8904,0.0449,0.0624,0.0314
Herato1801,2850001,2900000,2875195,37213,4333,64.105,62.3701,0.0137,0.0208,0.0108
Herato1801,2900001,2950000,2925163,38505,3261,51.5791,57.6578,-0.0556,-0.112,-0.0495
Herato1801,2950001,3000000,2974200,36703,4736,70.162,71.6754,-0.0107,-0.0186,-0.009
Herato1801,3000001,3050000,3024669,36724,4683,78.0475,72.5862,0.0363,0.061,0.0297
Herato1801,3050001,3100000,3075722,37198,3709,60.8759,57.9179,0.0249,0.0383,0.0203
Herato1801,3100001,3150000,3125116,34930,2982,42.029,42.8002,-0.0091,-0.0136,-0.0064
Herato1801,3150001,3200000,3176013,31030,3129,44.9927,41.8406,0.0363,0.0463,0.0234
Herato1801,3200001,3250000,3224326,38008,3029,54.6787,45.6025,0.0905,0.1363,0.0708
Herato1801,3250001,3300000,3275307,32905,3659,54.5912,51.4149,0.03,0.043,0.0222
Herato1801,3300001,3350000,3324918,37011,4434,62.2786,58.0012,0.0356,0.0536,0.0273
Herato1801,3350001,3400000,3374681,31107,3485,45.8383,43.096,0.0308,0.0456,0.0231
Herato1801,3400001,3450000,3425137,38498,3778,59.1962,51.9614,0.0651,0.1101,0.0532
Herato1801,3450001,3500000,3482843,13557,1324,19.7907,22.0305,-0.0536,-0.1173,-0.0438
Herato1801,3500001,3550000,3524603,34646,3254,43.1263,41.7981,0.0156,0.0247,0.0121
Herato1801,3550001,3600000,3575554,35583,3648,55.2587,53.6868,0.0144,0.024,0.011
Herato1801,3600001,3650000,3625540,34762,3798,51.1782,50.3087,0.0086,0.013,0.0065
Herato1801,3650001,3700000,3675073,34643,3250,39.2291,42.6833,-0.0422,-0.0625,-0.0286
Herato1801,3700001,3750000,3725341,20753,394,5.0702,6.4082,-0.1166,-0.1907,-0.0765
Herato1801,3750001,3800000,3775465,37476,4043,67.5765,64.6871,0.0218,0.0391,0.0195
Herato1801,3800001,3850000,3823145,35096,3522,56.9532,58.4826,-0.0132,-0.0253,-0.0117
Herato1801,3850001,3900000,3878221,28543,2866,49.4946,46.3466,0.0328,0.0547,0.0276
Herato1801,3900001,3950000,3924517,38433,4088,60.7663,62.3636,-0.013,-0.0221,-0.0105
Herato1801,3950001,4000000,3975353,37993,4358,63.9388,61.3394,0.0207,0.0333,0.0168
Herato1801,4000001,4050000,4024976,37050,3314,64.5327,58.5209,0.0489,0.0731,0.0402
Herato1801,4050001,4100000,4075076,38181,3804,64.6097,71.711,-0.0521,-0.1018,-0.0458
Herato1801,4100001,4150000,4124656,37042,3432,64.3902,66.6344,-0.0171,-0.0316,-0.0156
Herato1801,4150001,4200000,4174881,38032,4389,62.5781,62.072,0.0041,0.0065,0.0032
Herato1801,4200001,4250000,4224898,40198,5089,63.3633,67.2157,-0.0295,-0.0471,-0.0218
Herato1801,4250001,4300000,4275181,37731,5062,76.3427,79.1522,-0.0181,-0.0299,-0.0144
Herato1801,4300001,4350000,4325086,40226,4687,75.6371,68.3803,0.0504,0.0758,0.0401
Herato1801,4350001,4400000,4374075,35967,4415,57.6202,58.4597,-0.0072,-0.0118,-0.0056
Herato1801,4400001,4450000,4424501,37356,4731,64.0432,72.3712,-0.061,-0.105,-0.0473
Herato1801,4450001,4500000,4475491,35766,3826,60.7897,63.6234,-0.0228,-0.0412,-0.0175
Herato1801,4500001,4550000,4524526,36651,3972,52.2664,52.8638,-0.0057,-0.0086,-0.0041
Herato1801,4550001,4600000,4574551,34798,2993,43.2723,38.3381,0.0605,0.0831,0.0451
Herato1801,4600001,4650000,4625672,30106,3238,56.2142,49.7054,0.0615,0.1043,0.0524
Herato1801,4650001,4700000,4675306,38198,4615,61.7459,57.8423,0.0326,0.0492,0.0248
Herato1801,4700001,4750000,4723477,36651,3807,64.9685,59.7186,0.0421,0.068,0.0333
Herato1801,4750001,4800000,4774608,36945,4065,57.5475,53.3153,0.0382,0.0623,0.0279
Herato1801,4800001,4850000,4825271,36732,3887,60.9363,58.4682,0.0207,0.0293,0.0156
Herato1801,4850001,4900000,4874999,33328,3576,50.2103,53.1157,-0.0281,-0.0533,-0.022
Herato1801,4900001,4950000,4924165,32278,3192,58.3596,48.9503,0.0877,0.132,0.0715
Herato1801,4950001,5000000,4975281,35771,3507,44.366,45.0346,-0.0075,-0.0096,-0.0049
Herato1801,5000001,5050000,5026150,34167,3300,35.7237,39.7589,-0.0535,-0.0857,-0.0385
Herato1801,5050001,5100000,5074212,33593,2715,45.3013,36.9517,0.1015,0.1302,0.0731
Herato1801,5100001,5150000,5118058,22940,1300,19.9817,20.7455,-0.0188,-0.0234,-0.013
Herato1801,5150001,5200000,5159721,13654,351,9.6697,10.6629,-0.0488,-0.1097,-0.0498
Herato1803,1,50000,26595,33282,2116,35.2004,29.5768,0.0868,0.1116,0.0662
Herato1803,50001,100000,74445,35024,3587,53.585,58.1583,-0.0409,-0.0567,-0.0302
Herato1803,100001,150000,128041,31986,2799,44.8077,41.7262,0.0356,0.0433,0.0231
Herato1803,150001,200000,177615,27113,2143,34.9895,30.2861,0.0721,0.0871,0.0505
Herato1803,200001,250000,225259,36423,2609,42.5472,42.0511,0.0059,0.0052,0.0033
Herato1803,250001,300000,275533,37950,3452,53.5215,47.7873,0.0566,0.0747,0.0394
Herato1803,300001,350000,324547,35708,3116,54.3945,49.2901,0.0492,0.0731,0.0378
Herato1803,350001,400000,372162,29236,1453,22.5269,19.0318,0.0841,0.0614,0.0369
Herato1803,400001,450000,428037,27236,1132,19.4114,22.0649,-0.064,-0.0872,-0.0465
Herato1803,450001,500000,477575,34983,1417,25.9261,25.4197,0.0099,0.0091,0.0058
Herato1804,1,50000,22739,30654,2585,34.2039,40.6275,-0.0858,-0.1605,-0.0674
Herato1804,50001,100000,75050,34874,3355,47.8035,44.4767,0.0361,0.053,0.0254
Herato1804,100001,150000,121199,25396,2197,32.7076,29.3603,0.0539,0.0817,0.041
Herato1804,150001,200000,175632,37020,4039,57.1102,57.6754,-0.0049,-0.0082,-0.0038
Herato1804,200001,250000,224559,38301,3550,53.0155,50.4194,0.0251,0.0413,0.0192
Herato1804,250001,300000,275186,37977,4193,62.9021,57.4239,0.0455,0.0728,0.0359
Herato1804,300001,350000,325189,41088,3916,59.4973,80.3347,-0.149,-0.2694,-0.1208
Herato1804,350001,400000,357555,11626,1054,15.268,14.5266,0.0249,0.0483,0.0219
Herato1805,1,50000,24952,34076,2744,40.2004,38.9715,0.0155,0.0296,0.0144
Herato1805,50001,100000,73570,37051,2879,44.4571,46.0483,-0.0176,-0.038,-0.0173
Herato1805,100001,150000,124276,34299,3292,50.4571,45.753,0.0489,0.0822,0.0389
Herato1805,150001,200000,174612,38626,4555,73.1842,65.1167,0.0583,0.1027,0.0456
Herato1805,200001,250000,224243,38541,4145,63.7022,63.0279,0.0053,0.0096,0.004
Herato1805,250001,300000,275070,35357,3729,54.3907,47.229,0.0705,0.0969,0.0455
Herato1805,300001,350000,324680,24540,2430,39.6517,37.1727,0.0323,0.0537,0.0226
Herato1805,350001,400000,375761,35550,4172,68.4771,58.7751,0.0762,0.1103,0.0473
Herato1805,400001,450000,424897,36988,3965,56.834,59.9861,-0.027,-0.0442,-0.0184
Herato1805,450001,500000,475127,38109,4474,69.1438,66.5541,0.0191,0.0318,0.0135
Herato1805,500001,550000,525448,39217,4451,94.7824,71.8353,0.1377,0.2112,0.1114
Herato1805,550001,600000,574414,36728,3370,64.8227,73.5312,-0.0629,-0.1463,-0.0501
Herato1805,600001,650000,625064,36762,3024,43.9859,49.5636,-0.0596,-0.1181,-0.0418
Herato1805,650001,700000,674959,39680,3749,73.9989,65.8032,0.0586,0.1126,0.0472
Herato1805,700001,750000,725065,39391,3603,58.0673,58.196,-0.0011,-0.0021,-0.0009
Herato1805,750001,800000,774761,37434,3689,48.4588,52.5823,-0.0408,-0.0678,-0.0297
Herato1805,800001,850000,825267,37061,3760,51.3184,49.947,0.0135,0.0208,0.0093
Herato1805,850001,900000,874358,40179,4206,52.5115,59.8966,-0.0657,-0.12,-0.0504
Herato1805,900001,950000,925229,39440,4732,71.047,72.1293,-0.0076,-0.013,-0.0059
Herato1805,950001,1000000,974993,39542,4613,66.0084,66.1092,-0.0008,-0.0014,-0.0006
Herato1805,1000001,1050000,1025389,39411,3625,67.2719,62.5562,0.0363,0.0628,0.0292
Herato1805,1050001,1100000,1074981,37066,3146,51.5678,61.6767,-0.0893,-0.1518,-0.0671
Herato1805,1100001,1150000,1122554,29230,1042,24.104,25.0028,-0.0183,-0.0153,-0.009
Herato1805,1150001,1200000,1175563,30641,2094,28.789,31.4088,-0.0435,-0.0561,-0.0271
Herato1805,1200001,1250000,1225157,31610,2183,33.2618,28.3112,0.0804,0.0806,0.0438
Herato1805,1250001,1300000,1274275,35606,3025,50.7002,49.1166,0.0159,0.0188,0.0096
Herato1805,1300001,1350000,1324984,34215,3005,48.6272,40.7579,0.088,0.104,0.0551
Herato1805,1350001,1400000,1375556,35868,3287,46.5138,46.9747,-0.0049,-0.0078,-0.0036
Herato1805,1400001,1450000,1424350,31307,2550,32.9824,35.6173,-0.0384,-0.0665,-0.0268
Herato1805,1450001,1500000,1477724,24469,1352,17.6171,17.8145,-0.0056,-0.0075,-0.0033
Herato1805,1500001,1550000,1527921,27260,1870,22.6643,28.0265,-0.1058,-0.1902,-0.0674
Herato1805,1550001,1600000,1572599,31218,2582,34.8108,33.4902,0.0193,0.0239,0.0114
Herato1805,1600001,1650000,1625180,35885,3035,39.0306,37.7374,0.0168,0.0253,0.0119
Herato1805,1650001,1700000,1676888,32584,3288,48.7858,56.9644,-0.0773,-0.1156,-0.0533
Herato1805,1700001,1750000,1723742,33933,2511,25.8804,28.8497,-0.0543,-0.0871,-0.035
Herato1805,1750001,1800000,1772681,14097,628,5.2691,7.3615,-0.1657,-0.3387,-0.1012
Herato1805,1800001,1850000,1824861,36306,3211,47.4969,41.2804,0.07,0.1194,0.0503
Herato1805,1850001,1900000,1874676,41025,3339,48.4701,46.0057,0.0261,0.034,0.0186
Herato1805,1900001,1950000,1925009,39496,4084,67.3118,59.3408,0.0629,0.1017,0.0499
Herato1805,1950001,2000000,1975568,38576,4016,56.9968,57.9907,-0.0086,-0.0155,-0.0066
Herato1805,2000001,2050000,2024441,40665,4317,57.9945,62.7472,-0.0394,-0.0746,-0.0301
Herato1805,2050001,2100000,2074997,39676,4495,59.4841,58.3954,0.0092,0.0156,0.0072
Herato1805,2100001,2150000,2124448,37639,5072,61.683,62.6321,-0.0076,-0.0126,-0.0052
Herato1805,2150001,2200000,2174931,36709,4207,57.1789,50.5819,0.0612,0.0886,0.0406
Herato1805,2200001,2250000,2224769,36756,4252,52.5748,53.1359,-0.0053,-0.0084,-0.0037
Herato1805,2250001,2300000,2274634,38138,4707,57.7316,52.1664,0.0506,0.0714,0.0343
Herato1805,2300001,2350000,2324671,38649,4542,57.4658,59.9652,-0.0213,-0.0345,-0.0156
Herato1805,2350001,2400000,2375480,36556,4044,55.5382,58.1722,-0.0232,-0.0399,-0.0172
Herato1805,2400001,2450000,2425033,35924,4549,65.5415,67.9513,-0.0181,-0.0327,-0.013
Herato1805,2450001,2500000,2474755,34023,4595,59.2465,56.2318,0.0261,0.0395,0.0176
Herato1805,2500001,2550000,2526107,33995,3736,51.4369,51.1691,0.0026,0.0041,0.0018
Herato1805,2550001,2600000,2575040,36271,4396,68.5223,58.7369,0.0769,0.1188,0.0539
Herato1805,2600001,2650000,2624823,38218,4462,60.5789,67.6603,-0.0552,-0.0979,-0.0416
Herato1805,2650001,2700000,2674509,36802,3794,53.4159,50.0088,0.0329,0.0508,0.0235
Herato1805,2700001,2750000,2724703,34643,4060,58.4138,54.0779,0.0385,0.0617,0.0286
Herato1805,2750001,2800000,2775493,36151,4384,62.5631,56.1005,0.0545,0.08,0.0379
Herato1805,2800001,2850000,2823522,36510,4201,54.5004,58.7961,-0.0379,-0.0718,-0.0282
Herato1805,2850001,2900000,2874644,33927,3716,48.74,45.2993,0.0366,0.0557,0.0245
Herato1805,2900001,2950000,2925075,35832,4362,61.0317,60.9821,0.0004,0.0007,0.0003
Herato1805,2950001,3000000,2974738,36388,1874,31.5074,28.8543,0.044,0.0754,0.035
Herato1805,3000001,3050000,3030803,27374,1502,26.1054,27.2866,-0.0221,-0.0453,-0.0179
Herato1805,3050001,3100000,3075044,37096,4255,55.0035,58.255,-0.0287,-0.0502,-0.0205
Herato1805,3100001,3150000,3122351,32205,3699,56.2851,51.1911,0.0474,0.0756,0.0341
Herato1805,3150001,3200000,3175241,40201,4376,61.1363,61.2316,-0.0008,-0.0014,-0.0006
Herato1805,3200001,3250000,3223906,34183,3108,59.5369,56.6379,0.025,0.0465,0.0186
Herato1805,3250001,3300000,3276031,39540,3081,49.7239,58.612,-0.082,-0.1419,-0.0584
Herato1805,3300001,3350000,3324966,36087,3531,51.6982,61.0875,-0.0832,-0.1725,-0.0605
Herato1805,3350001,3400000,3375286,36043,4399,67.3581,65.2829,0.0156,0.0269,0.0112
Herato1805,3400001,3450000,3426022,36312,3954,54.8718,56.2995,-0.0128,-0.0209,-0.0084
Herato1805,3450001,3500000,3475170,35745,3807,55.528,62.9029,-0.0623,-0.1096,-0.0428
Herato1805,3500001,3550000,3524815,35921,3347,44.3592,43.1749,0.0135,0.024,0.0093
Herato1805,3550001,3600000,3575152,37599,4209,61.5347,59.0877,0.0203,0.0306,0.0138
Herato1805,3600001,3650000,3624817,36484,4095,56.4737,56.5021,-0.0003,-0.0004,-0.0002
Herato1805,3650001,3700000,3675012,35781,4074,47.4416,59.2177,-0.1104,-0.1844,-0.0708
Herato1805,3700001,3750000,3725174,36221,4431,63.7885,61.4192,0.0189,0.0257,0.0124
Herato1805,3750001,3800000,3774038,33231,3799,56.2112,51.8363,0.0405,0.0648,0.0271
Herato1805,3800001,3850000,3824894,35091,4283,48.178,49.1793,-0.0103,-0.0159,-0.0066
Herato1805,3850001,3900000,3874677,35408,3946,52.3119,54.9517,-0.0246,-0.0395,-0.0166
Herato1805,3900001,3950000,3925102,36622,3731,48.5406,46.9407,0.0168,0.0271,0.0117
Herato1805,3950001,4000000,3975532,37634,4295,58.3135,56.7193,0.0139,0.0221,0.0102
Herato1805,4000001,4050000,4024992,36433,3988,51.7572,54.3419,-0.0244,-0.0414,-0.0172
Herato1805,4050001,4100000,4075630,34845,3805,46.2806,46.4394,-0.0017,-0.0026,-0.0011
Herato1805,4100001,4150000,4124971,34469,3796,53.368,52.6235,0.007,0.0109,0.0046
Herato1805,4150001,4200000,4175188,36463,4223,60.2629,57.8117,0.0208,0.0333,0.0141
Herato1805,4200001,4250000,4224416,35806,3323,56.4137,53.8901,0.0229,0.0347,0.0158
Herato1805,4250001,4300000,4274927,37190,3527,63.894,65.5659,-0.0129,-0.0276,-0.0102
Herato1805,4300001,4350000,4324899,37914,4174,48.6882,48.3269,0.0037,0.0059,0.0023
Herato1805,4350001,4400000,4374489,38105,3505,51.0488,39.7454,0.1245,0.1699,0.0788
Herato1805,4400001,4450000,4424647,36143,3667,44.0414,43.3395,0.008,0.0139,0.0061
Herato1805,4450001,4500000,4474183,34324,2854,29.1476,25.9814,0.0574,0.0725,0.0358
Herato1805,4500001,4550000,4525356,36187,4256,53.9471,55.3611,-0.0129,-0.0218,-0.0093
Herato1805,4550001,4600000,4574293,35175,3655,45.5576,39.9805,0.0652,0.0992,0.0468
Herato1805,4600001,4650000,4624981,32180,3399,41.4176,36.6332,0.0613,0.0826,0.0388
Herato1805,4650001,4700000,4675157,33845,3446,37.1262,39.8011,-0.0348,-0.0566,-0.0239
Herato1805,4700001,4750000,4725229,35770,4193,53.4728,48.0136,0.0538,0.0814,0.04
Herato1805,4750001,4800000,4775883,39001,4015,51.8819,52.0277,-0.0014,-0.0025,-0.0011
Herato1805,4800001,4850000,4824971,35947,4186,58.608,55.1951,0.03,0.048,0.0204
Herato1805,4850001,4900000,4875359,34544,3544,46.3247,45.2906,0.0113,0.0189,0.008
Herato1805,4900001,4950000,4925667,34531,3953,58.6291,53.4996,0.0457,0.0747,0.0348
Herato1805,4950001,5000000,4974877,34869,4096,50.652,44.0341,0.0699,0.0852,0.0423
Herato1805,5000001,5050000,5025203,35692,4471,59.5882,60.2525,-0.0055,-0.0083,-0.0036
Herato1805,5050001,5100000,5074941,36294,4207,53.824,55.7619,-0.0177,-0.0234,-0.0107
Herato1805,5100001,5150000,5125417,34139,3638,51.169,47.9178,0.0328,0.0464,0.0239
Herato1805,5150001,5200000,5176074,35704,4616,63.0627,61.7589,0.0104,0.0149,0.0078
Herato1805,5200001,5250000,5223991,36120,4512,60.9197,62.2206,-0.0106,-0.0184,-0.009
Herato1805,5250001,5300000,5276366,34505,5030,74.0118,69.8142,0.0292,0.0483,0.023
Herato1805,5300001,5350000,5325572,40365,4340,37.914,33.8072,0.0573,0.0679,0.0351
Herato1805,5350001,5400000,5375330,40008,3825,41.0107,32.0529,0.1226,0.1337,0.0825
Herato1805,5400001,5450000,5424979,37118,4337,66.5781,65.2532,0.01,0.0147,0.0073
Herato1805,5450001,5500000,5474865,36662,4289,67.4858,65.5572,0.0145,0.0214,0.0108
Herato1805,5500001,5550000,5524555,35567,4397,71.582,58.9243,0.097,0.138,0.0729
Herato1805,5550001,5600000,5574131,39073,5040,76.0704,69.0791,0.0482,0.0783,0.0401
Herato1805,5600001,5650000,5627125,33992,3581,54.9882,55.3379,-0.0032,-0.0054,-0.0026
Herato1805,5650001,5700000,5675195,37218,4413,61.723,60.3453,0.0113,0.0191,0.009
Herato1805,5700001,5750000,5724354,40760,4495,67.002,66.8225,0.0013,0.0022,0.0011
Herato1805,5750001,5800000,5775231,36812,5118,74.8347,78.6235,-0.0247,-0.0447,-0.0195
Herato1805,5800001,5850000,5826176,31404,4082,60.0679,57.4451,0.0223,0.0364,0.0172
Herato1805,5850001,5900000,5874521,36076,4803,65.263,72.0492,-0.0494,-0.08,-0.0362
Herato1805,5900001,5950000,5924863,34555,4717,71.5937,66.0239,0.0405,0.0597,0.0286
Herato1805,5950001,6000000,5971375,31161,3053,43.5335,41.1705,0.0279,0.0431,0.0194
Herato1805,6000001,6050000,6023243,31900,3991,53.1815,57.2729,-0.037,-0.0621,-0.0276
Herato1805,6050001,6100000,6075118,37201,4362,66.5831,68.0474,-0.0109,-0.0176,-0.0087
Herato1805,6100001,6150000,6124274,37905,3811,64.2097,59.6982,0.0364,0.0614,0.0319
Herato1805,6150001,6200000,6174768,34121,4154,62.1877,60.9098,0.0104,0.0168,0.0087
Herato1805,6200001,6250000,6224657,35731,2931,44.1664,45.3461,-0.0132,-0.0179,-0.0095
Herato1805,6250001,6300000,6275212,35941,5016,75.6536,69.1901,0.0446,0.0702,0.0345
Herato1805,6300001,6350000,6325065,35921,2579,61.684,51.5105,0.0899,0.1283,0.0659
Herato1805,6350001,6400000,6375021,36749,3592,51.8904,61.2321,-0.0826,-0.1418,-0.067
Herato1805,6400001,6450000,6425571,36956,3941,61.3893,56.1297,0.0448,0.066,0.0354
Herato1805,6450001,6500000,6474874,32536,4475,56.7818,54.1446,0.0238,0.0362,0.0178
Herato1805,6500001,6550000,6525325,35718,4695,62.775,62.5407,0.0019,0.0031,0.0015
Herato1805,6550001,6600000,6573737,33389,3788,43.3532,54.0843,-0.1101,-0.1981,-0.0842
Herato1805,6600001,6650000,6624154,33577,3800,50.2475,49.1648,0.0109,0.016,0.0082
Herato1805,6650001,6700000,6679703,26056,2159,26.0871,24.3864,0.0337,0.0498,0.0233
Herato1805,6700001,6750000,6724523,35706,4127,56.1815,52.338,0.0354,0.0537,0.027
Herato1805,6750001,6800000,6777174,33735,3271,48.5875,45.6644,0.031,0.0539,0.0275
Herato1805,6800001,6850000,6825263,35299,4841,71.0636,64.2102,0.0507,0.0753,0.0363
Herato1805,6850001,6900000,6874752,34452,3573,46.8165,43.9493,0.0316,0.0455,0.0231
Herato1805,6900001,6950000,6924810,37471,3921,57.9099,58.6563,-0.0064,-0.0114,-0.0051
Herato1805,6950001,7000000,6973526,35350,3052,46.9133,59.4599,-0.1179,-0.189,-0.0974
Herato1805,7000001,7050000,7024222,36969,4890,61.9309,63.0208,-0.0087,-0.0147,-0.007
Herato1805,7050001,7100000,7074696,31569,4168,54.9628,57.7699,-0.0249,-0.0425,-0.0195
Herato1805,7100001,7150000,7124392,36397,3899,50.702,53.8546,-0.0302,-0.0496,-0.0234
Herato1805,7150001,7200000,7173756,33514,3610,55.3216,59.2618,-0.0344,-0.058,-0.0288
Herato1805,7200001,7250000,7227489,31340,2828,39.4243,49.7849,-0.1161,-0.2123,-0.0948
Herato1805,7250001,7300000,7275092,38252,3131,51.0187,49.7814,0.0123,0.0234,0.0102
Herato1805,7300001,7350000,7324960,37012,4762,62.5312,68.1991,-0.0434,-0.0786,-0.0343
Herato1805,7350001,7400000,7374773,37004,4896,84.3481,80.1428,0.0256,0.0467,0.0206
Herato1805,7400001,7450000,7425372,35205,3177,42.6609,45.6004,-0.0333,-0.0525,-0.0253
Herato1805,7450001,7500000,7477732,30310,3550,43.9825,48.5419,-0.0493,-0.08,-0.0355
Herato1805,7500001,7550000,7524477,34696,4391,62.661,60.1232,0.0207,0.0306,0.0153
Herato1805,7550001,7600000,7575386,33822,3972,46.9043,46.459,0.0048,0.0062,0.003
Herato1805,7600001,7650000,7624892,34031,4048,48.6551,46.6265,0.0213,0.0306,0.0137
Herato1805,7650001,7700000,7675636,34481,3873,45.4259,41.2479,0.0482,0.0644,0.0308
Herato1805,7700001,7750000,7724908,34848,4768,60.8578,64.888,-0.0321,-0.0509,-0.0211
Herato1805,7750001,7800000,7775184,36300,5049,67.6674,66.9319,0.0055,0.0087,0.0039
Herato1805,7800001,7850000,7823171,31178,4565,56.3719,54.0332,0.0212,0.0302,0.0146
Herato1805,7850001,7900000,7872913,32144,3993,51.5991,56.5514,-0.0458,-0.0704,-0.0331
Herato1805,7900001,7950000,7925034,35895,4026,56.6715,69.6465,-0.1027,-0.1948,-0.0864
Herato1805,7950001,8000000,7975966,34447,4314,63.7775,66.2225,-0.0188,-0.0303,-0.0153
Herato1805,8000001,8050000,8025168,36610,4705,80.8524,70.6025,0.0677,0.1117,0.0524
Herato1805,8050001,8100000,8075768,36581,3780,61.5274,56.4547,0.043,0.0721,0.0334
Herato1805,8100001,8150000,8125072,37171,4535,92.3592,71.5167,0.1272,0.1902,0.1023
Herato1805,8150001,8200000,8174863,36571,3404,66.1508,57.2122,0.0725,0.1262,0.061
Herato1805,8200001,8250000,8225014,36333,4115,69.1923,74.9671,-0.0401,-0.0781,-0.0356
Herato1805,8250001,8300000,8274093,31477,3562,55.8964,57.3868,-0.0132,-0.0214,-0.0102
Herato1805,8300001,8350000,8325169,36841,3053,56.7424,60.3902,-0.0311,-0.0488,-0.0245
Herato1805,8350001,8400000,8374920,36629,2821,73.2239,60.3418,0.0964,0.0897,0.0597
Herato1805,8400001,8450000,8425361,36652,3672,69.1235,62.5023,0.0503,0.0957,0.0401
Herato1805,8450001,8500000,8474751,35758,3317,60.7173,54.1154,0.0575,0.0982,0.0445
Herato1805,8500001,8550000,8525653,36860,3839,67.1541,66.4921,0.005,0.0093,0.0043
Herato1805,8550001,8600000,8575108,33311,2905,60.053,41.9081,0.178,0.2278,0.1297
Herato1805,8600001,8650000,8625148,37485,4195,68.8627,72.2659,-0.0241,-0.0431,-0.0195
Herato1805,8650001,8700000,8675742,37685,2339,39.7151,41.732,-0.0248,-0.0328,-0.0186
Herato1805,8700001,8750000,8724712,39124,3572,75.9126,57.1845,0.1407,0.209,0.116
Herato1805,8750001,8800000,8775120,37412,4179,68.981,74.0626,-0.0355,-0.0629,-0.0288
Herato1805,8800001,8850000,8826689,35148,3837,68.2005,75.1227,-0.0483,-0.0944,-0.0443
Herato1805,8850001,8900000,8875082,37756,4940,94.9777,89.6123,0.0291,0.0504,0.025
Herato1805,8900001,8950000,8924865,37399,3563,61.5369,61.6932,-0.0013,-0.002,-0.001
Herato1805,8950001,9000000,8975942,38065,3266,54.6045,52.2163,0.0224,0.0343,0.018
Herato1805,9000001,9050000,9025225,41503,3134,54.392,57.0653,-0.024,-0.0362,-0.0194
Herato1805,9050001,9100000,9073942,32543,2891,48.3516,41.0518,0.0817,0.1374,0.0631
Herato1805,9100001,9150000,9122772,35222,3998,66.2899,66.0998,0.0014,0.0026,0.0012
Herato1805,9150001,9200000,9175582,35409,2927,58.3871,49.8364,0.079,0.0944,0.0508
Herato1805,9200001,9250000,9222990,35326,4133,52.9267,54.8406,-0.0178,-0.0284,-0.0133
Herato1805,9250001,9300000,9276757,36368,3807,59.8203,59.1659,0.0055,0.0082,0.0043
Herato1805,9300001,9350000,9324139,37509,4253,59.6152,57.7292,0.0161,0.0273,0.0129
Herato1805,9350001,9400000,9375441,36906,3670,49.9328,51.2551,-0.0131,-0.0204,-0.0102
Herato1805,9400001,9450000,9429595,28499,2866,42.2598,43.3273,-0.0125,-0.0225,-0.0112
Herato1805,9450001,9500000,9476334,35378,3959,56.7726,54.6278,0.0193,0.0293,0.014
Herato1805,9500001,9550000,9523948,37130,3834,63.1783,58.6824,0.0369,0.06,0.0283
Herato1805,9550001,9600000,9574914,35671,4111,68.8266,73.1713,-0.0306,-0.0502,-0.0255
Herato1805,9600001,9650000,9625796,33108,3500,48.5627,50.5428,-0.02,-0.0345,-0.0158
Herato1805,9650001,9700000,9674662,34980,4236,66.6665,68.0517,-0.0103,-0.0156,-0.008
Herato1805,9700001,9750000,9725205,38787,4309,75.9593,68.2791,0.0532,0.0824,0.0415
Herato1805,9750001,9800000,9776132,23738,2199,31.709,39.9772,-0.1153,-0.2071,-0.084
Herato1805,9800001,9850000,9825756,28509,3353,45.2966,53.7916,-0.0857,-0.1631,-0.0694
Herato1805,9850001,9900000,9875227,36210,4680,72.885,75.0016,-0.0143,-0.0246,-0.0115
Herato1805,9900001,9950000,9924949,37489,4541,68.2977,72.1304,-0.0273,-0.0448,-0.0193
Herato1805,9950001,10000000,9974606,35946,4364,71.6486,71.2048,0.0031,0.0059,0.0024
Herato1805,10000001,10050000,10024825,37159,4984,75.5925,75.7067,-0.0008,-0.0013,-0.0005
Herato1805,10050001,10100000,10074898,36700,4612,65.5613,71.1878,-0.0411,-0.0714,-0.0298
Herato1805,10100001,10150000,10124948,35951,4552,72.3104,72.0199,0.002,0.0028,0.0014
Herato1805,10150001,10200000,10175736,37752,4840,71.1607,74.3902,-0.0222,-0.0424,-0.0185
Herato1805,10200001,10250000,10225025,35555,4153,55.3621,59.1909,-0.0334,-0.0568,-0.024
Herato1805,10250001,10300000,10275420,34756,2698,38.7684,45.6723,-0.0818,-0.1661,-0.0622
Herato1805,10300001,10350000,10309622,13745,1272,19.3017,18.26,0.0277,0.0511,0.022
Herato1806,1,50000,10691,13733,1299,14.2831,13.8083,0.0169,0.0235,0.0116
Herato1807,1,50000,25549,30887,3277,49.5818,47.5688,0.0207,0.0333,0.0155
Herato1807,50001,100000,74822,39424,4520,58.9489,64.7151,-0.0466,-0.0808,-0.0348
Herato1807,100001,150000,124088,39452,2834,54.4964,50.1168,0.0419,0.0788,0.0387
Herato1807,150001,200000,177559,34937,3138,44.7539,52.0475,-0.0753,-0.1377,-0.0571
Herato1807,200001,250000,224466,36763,3902,57.7177,57.9359,-0.0019,-0.0033,-0.0015
Herato1807,250001,300000,274262,35116,3542,52.8989,54.2036,-0.0122,-0.0196,-0.0089
Herato1807,300001,350000,324503,35609,4552,60.9896,57.5985,0.0286,0.0456,0.0193
Herato1807,350001,400000,377094,30518,3091,42.7175,42.6829,0.0004,0.0008,0.0003
Herato1807,400001,450000,424389,41032,4426,49.5616,46.1409,0.0357,0.0562,0.0263
Herato1807,450001,500000,467699,23277,2076,33.4283,34.5576,-0.0166,-0.0283,-0.0116
Herato1807,500001,550000,524985,42003,4403,63.651,62.6005,0.0083,0.0178,0.0071
Herato1807,550001,600000,573677,39636,4052,52.8463,53.2536,-0.0038,-0.0074,-0.003
Herato1807,600001,650000,625391,38137,4629,63.2531,61.687,0.0125,0.0241,0.0093
Herato1807,650001,700000,675218,38099,4673,60.4697,65.7421,-0.0418,-0.0758,-0.0312
Herato1807,700001,750000,724458,35694,4943,58.7885,60.2417,-0.0122,-0.0186,-0.008
Herato1807,750001,800000,774390,32846,4726,65.2113,62.1685,0.0239,0.0425,0.0186
Herato1807,800001,850000,825031,36557,5250,67.4736,70.3167,-0.0206,-0.0365,-0.0154
Herato1807,850001,900000,875418,35950,5082,77.8267,69.3533,0.0576,0.0953,0.0437
Herato1807,900001,950000,926677,32472,3887,62.33,60.5336,0.0146,0.0237,0.0105
Herato1807,950001,1000000,975040,35369,4416,65.7728,63.7374,0.0157,0.0272,0.0117
Herato1807,1000001,1050000,1022968,33236,4424,57.3422,57.2628,0.0007,0.0011,0.0005
Herato1807,1050001,1100000,1075096,36520,4787,77.1567,75.4343,0.0113,0.0207,0.009
Herato1807,1100001,1150000,1124031,38849,3651,64.0381,64.8732,-0.0065,-0.0152,-0.006
Herato1807,1150001,1200000,1174909,37601,4986,77.1429,69.2774,0.0537,0.0833,0.0399
Herato1807,1200001,1250000,1224596,38124,5268,74.2736,73.4212,0.0058,0.0104,0.0046
Herato1807,1250001,1300000,1274730,38510,5142,72.1522,65.0608,0.0517,0.0884,0.0392
Herato1807,1300001,1350000,1325071,37278,4364,63.4978,57.5191,0.0494,0.0809,0.0368
Herato1807,1350001,1400000,1375646,36952,4636,70.9018,75.0432,-0.0284,-0.0533,-0.0232
Herato1807,1400001,1450000,1424635,36780,4790,68.9542,69.685,-0.0053,-0.0087,-0.0039
Herato1807,1450001,1500000,1475020,36308,4683,65.1858,63.6605,0.0118,0.0203,0.0088
Herato1807,1500001,1550000,1524696,35804,4165,55.4669,57.3283,-0.0165,-0.0325,-0.0122
Herato1807,1550001,1600000,1575574,34614,4193,63.5426,56.0404,0.0627,0.1082,0.0498
Herato1807,1600001,1650000,1625778,39116,3926,57.4138,48.448,0.0847,0.1213,0.0621
Herato1807,1650001,1700000,1674074,34185,3919,55.0846,49.4145,0.0543,0.0867,0.0405
Herato1807,1700001,1750000,1722259,31244,3655,47.0435,46.5297,0.0055,0.0097,0.0043
Herato1807,1750001,1800000,1774346,34674,4690,61.1033,66.554,-0.0427,-0.0767,-0.0304
Herato1807,1800001,1850000,1826815,32490,3928,52.2282,48.0641,0.0415,0.0607,0.0291
Herato1807,1850001,1900000,1874766,36093,4485,62.7512,61.9044,0.0068,0.0112,0.005
Herato1807,1900001,1950000,1927940,33343,4073,54.6207,48.8712,0.0556,0.091,0.0401
Herato1807,1950001,2000000,1975492,32700,3891,44.8096,48.9368,-0.044,-0.0705,-0.031
Herato1807,2000001,2050000,2026373,33268,4151,53.0169,55.8343,-0.0259,-0.0461,-0.0193
Herato1807,2050001,2100000,2075386,38798,4921,57.4364,65.137,-0.0628,-0.1227,-0.0474
Herato1807,2100001,2150000,2124957,36930,5160,68.8986,69.3238,-0.0031,-0.005,-0.0023
Herato1807,2150001,2200000,2174919,38554,5260,65.6229,67.4182,-0.0135,-0.0234,-0.0107
Herato1807,2200001,2250000,2222421,28987,2868,48.6058,45.6021,0.0319,0.053,0.0268
Herato1807,2250001,2300000,2275502,35303,4412,64.8992,56.6608,0.0678,0.0998,0.0517
Herato1807,2300001,2350000,2325058,35180,4820,65.3417,66.4557,-0.0085,-0.0138,-0.0063
Herato1807,2350001,2400000,2375835,35309,4209,65.73,62.7266,0.0234,0.0424,0.0185
Herato1807,2400001,2450000,2424607,39304,4414,60.4632,53.8591,0.0578,0.1025,0.0492
Herato1807,2450001,2500000,2474973,38108,4805,70.4944,66.4952,0.0292,0.0527,0.0243
Herato1807,2500001,2550000,2524358,37649,5368,73.0157,73.0114,0.0,0.0001,0.0
Herato1807,2550001,2600000,2575423,35695,5209,76.1511,76.4405,-0.0019,-0.0034,-0.0015
Herato1807,2600001,2650000,2625596,42331,3350,45.5469,47.9987,-0.0262,-0.05,-0.0223
Herato1807,2650001,2700000,2672972,34572,2881,46.6624,33.4284,0.1652,0.2376,0.1282
Herato1807,2700001,2750000,2724787,36422,4567,58.9265,60.4431,-0.0127,-0.0203,-0.01
Herato1807,2750001,2800000,2775557,36647,4390,60.1857,55.8048,0.0378,0.0553,0.0283
Herato1807,2800001,2850000,2826768,40052,3055,45.6925,44.0616,0.0182,0.0181,0.0122
Herato1807,2850001,2900000,2873660,36656,3643,48.6722,54.8352,-0.0595,-0.1085,-0.0438
Herato1807,2900001,2950000,2925078,34722,4183,62.0857,62.5609,-0.0038,-0.0056,-0.0029
Herato1807,2950001,3000000,2975762,35243,4432,65.1724,58.9748,0.0499,0.0714,0.0372
Herato1807,3000001,3050000,3024843,34908,4538,64.8784,58.3976,0.0526,0.0746,0.0384
Herato1807,3050001,3100000,3074945,36182,3792,53.1732,52.9326,0.0023,0.0033,0.0017
Herato1807,3100001,3150000,3125214,32856,3632,48.9393,47.6346,0.0135,0.0199,0.0093
Herato1807,3150001,3200000,3174710,35886,4628,60.2275,71.2314,-0.0837,-0.1399,-0.0629
Herato1807,3200001,3250000,3224953,36085,4143,59.8656,56.2924,0.0308,0.0473,0.0222
Herato1807,3250001,3300000,3275468,35874,4332,64.8127,61.0006,0.0303,0.0477,0.0232
Herato1807,3300001,3350000,3325186,37080,4738,71.4058,70.3214,0.0077,0.0142,0.0067
Herato1807,3350001,3400000,3375807,38133,4205,64.0857,60.6617,0.0274,0.0436,0.0218
Herato1807,3400001,3450000,3425242,34949,4500,65.7829,71.6453,-0.0427,-0.0677,-0.0333
Herato1807,3450001,3500000,3475033,36551,4645,72.1564,68.5601,0.0256,0.0388,0.0195
Herato1807,3500001,3550000,3524958,36583,4911,68.2938,68.1021,0.0014,0.002,0.001
Herato1807,3550001,3600000,3575114,39491,4534,60.3447,60.2227,0.001,0.0014,0.0008
Herato1807,3600001,3650000,3625278,37546,4837,71.3601,78.8318,-0.0497,-0.0874,-0.0404
Herato1807,3650001,3700000,3677055,32883,3339,69.8055,77.6464,-0.0532,-0.107,-0.0473
Herato1807,3700001,3750000,3725097,38509,3488,71.6004,81.7071,-0.0659,-0.1442,-0.0632
Herato1807,3750001,3800000,3774769,41123,2843,66.5805,91.0054,-0.155,-0.4007,-0.1575
Herato1807,3800001,3850000,3824577,41264,3866,81.5807,88.7358,-0.042,-0.0776,-0.0357
Herato1807,3850001,3900000,3874728,37009,4383,79.7823,85.756,-0.0361,-0.0703,-0.0306
Herato1807,3900001,3950000,3924395,36842,4170,74.1883,71.7828,0.0165,0.0288,0.0136
Herato1807,3950001,4000000,3975194,33199,3880,59.8685,59.5437,0.0027,0.0043,0.0021
Herato1807,4000001,4050000,4023822,36608,4942,68.053,72.5037,-0.0317,-0.0505,-0.0231
Herato1807,4050001,4100000,4075532,34227,4523,64.1926,62.053,0.0169,0.0241,0.0124
Herato1807,4100001,4150000,4126173,34219,4342,61.4595,56.9619,0.038,0.054,0.027
Herato1807,4150001,4200000,4174362,37710,4691,65.8783,70.2255,-0.0319,-0.0494,-0.0234
Herato1807,4200001,4250000,4225027,33926,4050,53.0407,55.7533,-0.0249,-0.0327,-0.0169
Herato1807,4250001,4300000,4275157,36502,4182,61.4823,56.3269,0.0438,0.0592,0.0302
Herato1807,4300001,4350000,4325539,36209,4412,51.7485,56.9082,-0.0475,-0.066,-0.0328
Herato1807,4350001,4400000,4374510,38410,4821,65.8737,60.6813,0.041,0.0559,0.0301
Herato1807,4400001,4450000,4425150,37767,4457,50.9624,58.481,-0.0687,-0.1035,-0.0473
Herato1807,4450001,4500000,4474648,36078,3782,70.4472,71.5769,-0.008,-0.0178,-0.0085
Herato1807,4500001,4550000,4525287,38653,3573,55.027,49.0149,0.0578,0.0781,0.041
Herato1807,4550001,4600000,4574877,38997,4406,63.7855,74.2858,-0.0761,-0.1344,-0.0563
Herato1807,4600001,4650000,4629140,29751,3922,59.0758,53.5962,0.0486,0.0671,0.0341
Herato1807,4650001,4700000,4675238,37745,4621,71.9431,67.6987,0.0304,0.0496,0.0231
Herato1807,4700001,4750000,4724245,34504,4523,59.6622,63.2743,-0.0294,-0.0457,-0.021
Herato1807,4750001,4800000,4774966,35065,4727,60.8904,55.5263,0.0461,0.0632,0.0324
Herato1807,4800001,4850000,4825451,36680,4472,70.432,73.4106,-0.0207,-0.0365,-0.0157
Herato1807,4850001,4900000,4874627,38455,4243,83.5116,77.7011,0.036,0.0643,0.0318
Herato1807,4900001,4950000,4924855,38645,4493,79.3867,62.552,0.1186,0.1732,0.0887
Herato1807,4950001,5000000,4974789,38060,3726,50.4234,52.1431,-0.0168,-0.0281,-0.0119
Herato1807,5000001,5050000,5024675,37715,3045,55.8557,61.5005,-0.0481,-0.0833,-0.0407
Herato1807,5050001,5100000,5074330,37514,4644,71.9519,70.4306,0.0107,0.0175,0.0084
Herato1807,5100001,5150000,5124926,37786,4235,68.0333,72.6417,-0.0328,-0.069,-0.0305
Herato1807,5150001,5200000,5174582,37724,3994,60.3789,64.4436,-0.0326,-0.0575,-0.0268
Herato1807,5200001,5250000,5225068,36320,3648,55.629,66.2031,-0.0868,-0.1406,-0.0686
Herato1807,5250001,5300000,5274448,34931,2802,37.841,40.2972,-0.0314,-0.0576,-0.0267
Herato1807,5300001,5350000,5325152,39092,3259,29.2062,28.8922,0.0054,0.0079,0.0038
Herato1807,5350001,5400000,5374588,39758,2499,37.1709,31.4345,0.0836,0.1082,0.0601
Herato1807,5400001,5450000,5416670,25629,889,14.0437,11.6726,0.0922,0.199,0.0641
