scaffold,start,end,mid,sites,sitesUsed,ABBA,BABA,D,fd,fdM
Herato0701,1,50000,25708,38021,2356,36.396,40.1888,-0.0495,-0.0355,-0.0263
Herato0701,50001,100000,76882,31862,2223,39.1828,46.658,-0.0871,-0.0538,-0.0414
Herato0701,100001,150000,125874,38654,3766,98.7344,81.4603,0.0959,0.0538,0.043
Herato0701,150001,200000,174806,38197,3216,55.054,58.6223,-0.0314,-0.0249,-0.018
Herato0701,200001,250000,225223,39910,3293,52.0298,45.705,0.0647,0.0418,0.0322
Herato0701,250001,300000,276496,34119,3958,65.8766,74.997,-0.0647,-0.0475,-0.034
Herato0701,300001,350000,326086,34359,4428,74.2445,70.8824,0.0232,0.0125,0.0097
Herato0701,350001,400000,374981,35711,3665,66.734,77.627,-0.0755,-0.0469,-0.0352
Herato0701,400001,450000,426925,35260,4183,80.3139,75.3823,0.0317,0.0201,0.0153
Herato0701,450001,500000,475250,37121,4574,72.6979,79.2906,-0.0434,-0.0257,-0.0196
Herato0701,500001,550000,524373,37604,3461,57.9032,61.1249,-0.0271,-0.0163,-0.0119
Herato0701,550001,600000,574233,35329,4185,74.9465,73.7819,0.0078,0.0046,0.0034
Herato0701,600001,650000,626589,35282,2950,52.73,37.5818,0.1677,0.0985,0.0739
Herato0701,650001,700000,673026,31207,3707,60.3332,64.2779,-0.0317,-0.0181,-0.0135
Herato0701,700001,750000,729065,25440,3280,53.4147,62.3529,-0.0772,-0.0427,-0.0327
Herato0701,750001,800000,774904,36031,4041,66.5811,69.9576,-0.0247,-0.0107,-0.0086
Herato0701,800001,850000,825427,32135,3469,54.2412,58.4103,-0.037,-0.0157,-0.0122
Herato0701,850001,900000,874856,37345,3243,64.2342,61.1259,0.0248,0.011,0.0087
Herato0701,900001,950000,924625,36443,3671,68.384,60.8985,0.0579,0.032,0.0244
Herato0701,950001,1000000,974912,36200,3655,56.9419,55.5045,0.0128,0.0088,0.0061
Herato0701,1000001,1050000,1025344,35230,3889,64.9799,74.9132,-0.071,-0.0416,-0.0301
Herato0701,1050001,1100000,1076233,32459,2952,55.4041,43.1133,0.1248,0.0459,0.039
Herato0701,1100001,1150000,1126156,35111,3597,55.4239,63.6377,-0.069,-0.0353,-0.0273
Herato0701,1150001,1200000,1175470,39554,4231,119.3,90.589,0.1368,0.0747,0.0595
Herato0701,1200001,1250000,1223355,40369,2342,71.4625,59.6624,0.09,0.0937,0.0569
Herato0701,1250001,1300000,1275104,37244,3374,85.8995,73.4428,0.0782,0.0485,0.0357
Herato0701,1300001,1350000,1325314,38221,4771,82.568,79.5141,0.0188,0.0147,0.0103
Herato0701,1350001,1400000,1373550,26320,2996,51.3946,56.0562,-0.0434,-0.0247,-0.0181
Herato0701,1400001,1450000,1425234,34988,4119,59.5834,63.6241,-0.0328,-0.0128,-0.0102
Herato0701,1450001,1500000,1474833,37576,3537,45.7481,55.5896,-0.0971,-0.0326,-0.0266
Herato0701,1500001,1550000,1524514,31299,3094,43.1279,48.734,-0.061,-0.0201,-0.0166
Herato0701,1550001,1600000,1574718,38860,3233,59.0187,54.4158,0.0406,0.0167,0.0136
Herato0701,1600001,1650000,1625706,31189,3024,43.5836,48.8928,-0.0574,-0.0242,-0.0191
Herato0701,1650001,1700000,1675398,36937,3585,62.2238,66.1036,-0.0302,-0.0121,-0.0099
Herato0701,1700001,1750000,1725916,31795,2675,47.5442,34.3226,0.1615,0.0691,0.0564
Herato0701,1750001,1800000,1775107,33424,3559,48.7748,55.6293,-0.0657,-0.0255,-0.0207
Herato0701,1800001,1850000,1822723,28499,2278,31.0585,32.372,-0.0207,-0.0078,-0.0063
Herato0701,1850001,1900000,1874411,35564,3406,57.6013,59.7378,-0.0182,-0.0078,-0.0063
Herato0701,1900001,1950000,1926552,29789,2705,42.8948,43.3415,-0.0052,-0.0022,-0.0018
Herato0701,1950001,2000000,1975250,35540,3359,47.461,48.4641,-0.0105,-0.0049,-0.0038
Herato0701,2000001,2050000,2024017,35326,3373,50.7491,44.214,0.0688,0.022,0.0184
Herato0701,2050001,2100000,2074653,34880,3571,48.9853,55.1068,-0.0588,-0.0219,-0.0174
Herato0701,2100001,2150000,2123083,34257,3347,62.1471,55.414,0.0573,0.0204,0.0169
Herato0701,2150001,2200000,2169040,23788,2476,32.02,32.4586,-0.0068,-0.0025,-0.002
Herato0701,2200001,2250000,2223866,33490,3258,51.2431,50.3083,0.0092,0.0037,0.0029
Herato0701,2250001,2300000,2274758,34965,3808,74.7011,75.9572,-0.0083,-0.0039,-0.003
Herato0701,2300001,2350000,2324318,33185,2474,43.0282,53.611,-0.1095,-0.061,-0.0477
Herato0701,2350001,2400000,2374948,35916,3874,53.8342,49.6797,0.0401,0.0162,0.013
Herato0701,2400001,2450000,2425018,34941,3750,57.5451,62.8509,-0.0441,-0.0233,-0.0177
Herato0701,2450001,2500000,2474772,35176,3002,48.5984,42.1069,0.0716,0.0271,0.0217
Herato0701,2500001,2550000,2524665,37592,4370,71.9833,81.652,-0.0629,-0.031,-0.024
Herato0701,2550001,2600000,2569674,28150,3155,48.7161,46.8092,0.02,0.0089,0.007
Herato0701,2600001,2650000,2629147,30173,3302,52.9513,54.0487,-0.0103,-0.006,-0.0046
Herato0701,2650001,2700000,2674926,34642,3799,68.3523,68.1563,0.0014,0.0007,0.0006
Herato0701,2700001,2750000,2723997,34185,2605,51.6347,49.6245,0.0199,0.0101,0.008
Herato0701,2750001,2800000,2775638,32858,4032,58.1183,65.3138,-0.0583,-0.0282,-0.0213
Herato0701,2800001,2850000,2823639,33685,3905,60.888,64.6755,-0.0302,-0.0166,-0.0124
Herato0701,2850001,2900000,2875851,33773,3506,69.6995,65.5106,0.031,0.018,0.0139
Herato0701,2900001,2950000,2926017,31007,3211,54.3546,51.7355,0.0247,0.0165,0.0118
Herato0701,2950001,3000000,2974991,36233,3958,68.7071,66.814,0.014,0.0095,0.0068
Herato0701,3000001,3050000,3025167,34560,3340,55.3936,62.7219,-0.062,-0.0284,-0.0225
Herato0701,3050001,3100000,3074799,34762,3325,54.2444,59.9373,-0.0499,-0.0231,-0.0178
Herato0701,3100001,3150000,3125536,35215,4343,66.7835,71.3711,-0.0332,-0.0159,-0.0122
Herato0701,3150001,3200000,3174918,36761,4532,78.4884,75.9845,0.0162,0.0081,0.0064
Herato0701,3200001,3250000,3224923,36115,4330,81.0439,70.9779,0.0662,0.0322,0.0262
Herato0701,3250001,3300000,3274523,34059,3170,47.5502,47.8364,-0.003,-0.0015,-0.0012
Herato0701,3300001,3350000,3325297,35233,4049,62.1787,60.7443,0.0117,0.006,0.0045
Herato0701,3350001,3400000,3375012,34761,4128,59.4899,59.2822,0.0017,0.001,0.0008
Herato0701,3400001,3450000,3424068,29473,3476,60.1239,57.5765,0.0216,0.0151,0.0108
Herato0701,3450001,3500000,3476072,32255,4033,57.004,62.9798,-0.0498,-0.0357,-0.0252
Herato0701,3500001,3550000,3525332,35591,3733,56.9469,59.4197,-0.0212,-0.0116,-0.0089
Herato0701,3550001,3600000,3574615,36435,4109,63.4901,69.4935,-0.0451,-0.0263,-0.0197
Herato0701,3600001,3650000,3624906,35712,3759,62.906,61.2459,0.0134,0.0051,0.0042
Herato0701,3650001,3700000,3677279,29740,2426,42.4058,35.7124,0.0857,0.0384,0.0313
Herato0701,3700001,3750000,3723724,36576,3908,67.8553,68.9321,-0.0079,-0.0045,-0.0035
Herato0701,3750001,3800000,3776241,38104,3288,49.1565,47.2915,0.0193,0.0078,0.0062
Herato0701,3800001,3850000,3824715,36508,3832,57.2507,57.2537,-0.0,-0.0,-0.0
Herato0701,3850001,3900000,3874829,37986,4222,66.5516,61.0323,0.0433,0.021,0.0163
Herato0701,3900001,3950000,3924422,31423,3805,66.6602,62.7788,0.03,0.0129,0.0105
Herato0701,3950001,4000000,3975497,37869,3456,44.7691,58.5208,-0.1331,-0.0489,-0.0392
Herato0701,4000001,4050000,4023894,32575,3204,49.0312,48.4283,0.0062,0.0029,0.0022
Herato0701,4050001,4100000,4075807,36667,3408,55.2344,46.8839,0.0818,0.0265,0.0218
Herato0701,4100001,4150000,4125035,37157,3279,62.319,47.951,0.1303,0.0611,0.048
Herato0701,4150001,4200000,4175385,28133,2632,42.1701,45.6451,-0.0396,-0.0149,-0.0122
Herato0701,4200001,4250000,4225610,36530,3685,70.2796,75.0634,-0.0329,-0.0154,-0.0125
Herato0701,4250001,4300000,4274509,36609,3634,56.8097,66.4512,-0.0782,-0.0358,-0.028
Herato0701,4300001,4350000,4324393,35750,2766,52.1001,45.7811,0.0646,0.033,0.0257
Herato0701,4350001,4400000,4374587,37615,3153,69.6585,64.4608,0.0388,0.0294,0.0215
Herato0701,4400001,4450000,4424864,36839,3288,59.6704,54.7366,0.0431,0.0224,0.0177
Herato0701,4450001,4500000,4474250,37727,3500,54.635,51.9888,0.0248,0.0119,0.0094
Herato0701,4500001,4550000,4525147,36253,4039,57.6695,61.6537,-0.0334,-0.0182,-0.0133
Herato0701,4550001,4600000,4575282,35227,3967,58.8944,57.7908,0.0095,0.004,0.0032
Herato0701,4600001,4650000,4624914,35380,4073,59.1755,62.2428,-0.0253,-0.0121,-0.0093
Herato0701,4650001,4700000,4675505,35186,4340,58.6969,62.5022,-0.0314,-0.0181,-0.0133
Herato0701,4700001,4750000,4724449,31556,1723,24.167,29.4171,-0.098,-0.0483,-0.037
Herato0701,4750001,4800000,4775679,35513,2568,38.8528,46.6595,-0.0913,-0.0513,-0.0381
Herato0701,4800001,4850000,4825773,34877,3573,51.2265,50.8771,0.0034,0.0013,0.001
Herato0701,4850001,4900000,4875109,36622,2799,36.5697,38.0898,-0.0204,-0.0078,-0.0063
Herato0701,4900001,4950000,4923322,31423,3151,41.8516,38.9297,0.0362,0.0128,0.0105
Herato0701,4950001,5000000,4975952,36027,3121,41.8241,41.7911,0.0004,0.0002,0.0001
Herato0701,5000001,5050000,5024463,37681,3691,52.3415,53.1188,-0.0074,-0.0033,-0.0025
Herato0701,5050001,5100000,5074715,35887,3114,51.6981,45.8411,0.06,0.0326,0.0248
Herato0701,5100001,5150000,5125093,36626,4138,81.7045,63.9787,0.1217,0.0668,0.0521
Herato0701,5150001,5200000,5174764,38702,4570,67.1549,71.815,-0.0335,-0.0162,-0.0125
Herato0701,5200001,5250000,5224700,35409,3881,64.6418,58.6899,0.0483,0.0236,0.0178
Herato0701,5250001,5300000,5275990,33714,3210,50.8255,47.0162,0.0389,0.0225,0.0169
Herato0701,5300001,5350000,5324963,36216,4061,61.4329,77.4251,-0.1152,-0.077,-0.0543
Herato0701,5350001,5400000,5373951,38312,4112,87.5606,72.1244,0.0967,0.0518,0.0409
Herato0701,5400001,5450000,5425044,36923,3337,62.3819,62.267,0.0009,0.0004,0.0003
Herato0701,5450001,5500000,5475291,37676,3811,57.6592,59.9089,-0.0191,-0.0085,-0.0066
Herato0701,5500001,5550000,5524931,38222,3588,49.8405,64.6519,-0.1294,-0.053,-0.0414
Herato0701,5550001,5600000,5574119,38975,4384,85.165,78.2282,0.0425,0.0265,0.0201
Herato0701,5600001,5650000,5624904,35770,3643,57.0251,56.7744,0.0022,0.0011,0.0008
Herato0701,5650001,5700000,5674483,32315,2471,42.1804,46.171,-0.0452,-0.0197,-0.0156
Herato0701,5700001,5750000,5725219,37565,3634,67.9545,74.2021,-0.0439,-0.0223,-0.0178
Herato0701,5750001,5800000,5775246,33113,4271,68.7562,69.9153,-0.0084,-0.0056,-0.0041
Herato0701,5800001,5850000,5825299,36781,3641,64.3991,58.7315,0.046,0.0219,0.0175
Herato0701,5850001,5900000,5875391,34591,2882,54.9427,39.0667,0.1689,0.0695,0.0574
Herato0701,5900001,5950000,5924994,30906,3563,54.2794,48.3812,0.0575,0.0252,0.0199
Herato0701,5950001,6000000,5974530,32783,2956,46.9621,43.6054,0.0371,0.0168,0.0132
Herato0701,6000001,6050000,6025790,33221,3584,37.4032,31.4821,0.086,0.0284,0.0228
Herato0701,6050001,6100000,6076423,31333,3105,48.2715,45.4292,0.0303,0.0159,0.0122
Herato0701,6100001,6150000,6126342,37197,3366,57.5078,51.739,0.0528,0.0212,0.0177
Herato0701,6150001,6200000,6174232,36227,3706,69.3246,67.0171,0.0169,0.009,0.0069
Herato0701,6200001,6250000,6224950,34162,3889,58.9374,56.5085,0.021,0.0109,0.0084
Herato0701,6250001,6300000,6274694,35365,3860,70.1634,59.8898,0.079,0.034,0.0277
Herato0701,6300001,6350000,6324933,34058,4100,55.7418,70.7688,-0.1188,-0.0597,-0.0445
Herato0701,6350001,6400000,6374433,35589,3908,71.5003,77.9147,-0.0429,-0.0208,-0.0161
Herato0701,6400001,6450000,6424815,35429,4152,72.0793,62.8176,0.0687,0.0276,0.0223
Herato0701,6450001,6500000,6475722,35637,4099,73.5422,75.1532,-0.0108,-0.0055,-0.0043
Herato0701,6500001,6550000,6524689,37055,3571,63.2566,54.1694,0.0774,0.0362,0.0292
Herato0701,6550001,6600000,6575038,34572,3882,73.8574,68.2684,0.0393,0.0217,0.0167
Herato0701,6600001,6650000,6626322,38394,3867,65.4338,65.9833,-0.0042,-0.0026,-0.0019
Herato0701,6650001,6700000,6674285,39700,4055,62.0134,55.1408,0.0587,0.0296,0.0225
Herato0701,6700001,6750000,6724554,35946,3677,59.7562,58.2481,0.0128,0.0058,0.0044
Herato0701,6750001,6800000,6774966,34995,4377,63.1437,63.9536,-0.0064,-0.0036,-0.0027
Herato0701,6800001,6850000,6825005,34747,4380,65.8661,78.6047,-0.0882,-0.0458,-0.0345
Herato0701,6850001,6900000,6875007,35568,3795,54.2909,55.3542,-0.0097,-0.004,-0.0032
Herato0701,6900001,6950000,6928251,27054,1968,30.9999,33.5374,-0.0393,-0.0171,-0.0134
Herato0701,6950001,7000000,6975225,31869,2491,40.2763,46.2162,-0.0687,-0.0324,-0.0252
Herato0701,7000001,7050000,7024994,34924,3785,52.9566,50.8871,0.0199,0.0082,0.0066
Herato0701,7050001,7100000,7074240,34959,2782,47.7284,34.2181,0.1649,0.0691,0.0566
Herato0701,7100001,7150000,7125414,33223,2816,38.6474,38.9956,-0.0045,-0.0014,-0.0012
Herato0701,7150001,7200000,7174323,36306,3632,52.9698,52.046,0.0088,0.0035,0.0028
Herato0701,7200001,7250000,7224736,33333,3394,49.5307,46.8481,0.0278,0.0103,0.0085
Herato0701,7250001,7300000,7275077,34244,3440,53.912,53.4371,0.0044,0.0016,0.0013
Herato0701,7300001,7350000,7324805,35180,3478,51.1898,52.0643,-0.0085,-0.0041,-0.0032
Herato0701,7350001,7400000,7375743,32908,2115,31.3066,30.9076,0.0064,0.0032,0.0023
Herato0701,7400001,7450000,7424937,35442,4222,68.6585,71.9326,-0.0233,-0.0105,-0.0083
Herato0701,7450001,7500000,7475549,35205,3332,51.8676,51.8744,-0.0001,-0.0,-0.0
Herato0701,7500001,7550000,7525566,33789,3169,53.539,60.648,-0.0623,-0.029,-0.0226
Herato0701,7550001,7600000,7572561,25143,2116,42.645,42.6091,0.0004,0.0002,0.0002
Herato0701,7600001,7650000,7624496,35741,3730,57.434,60.9549,-0.0297,-0.0123,-0.0098
Herato0701,7650001,7700000,7674175,38191,3792,68.6673,66.7049,0.0145,0.007,0.0056
Herato0701,7700001,7750000,7723793,33592,3295,53.0678,48.6151,0.0438,0.019,0.0146
Herato0701,7750001,7800000,7773890,34290,3973,66.4856,65.8533,0.0048,0.0021,0.0017
Herato0701,7800001,7850000,7824682,34411,3028,48.3995,53.2506,-0.0477,-0.0194,-0.0155
Herato0701,7850001,7900000,7876157,36842,3394,60.984,86.253,-0.1716,-0.1,-0.0717
Herato0701,7900001,7950000,7924556,36733,2671,53.5006,46.9731,0.065,0.032,0.0249
Herato0701,7950001,8000000,7974918,36747,3386,59.5002,50.2824,0.084,0.0394,0.0312
Herato0701,8000001,8050000,8024552,36409,3486,70.5474,56.8429,0.1076,0.0487,0.0393
Herato0701,8050001,8100000,8074563,33947,3244,52.5819,48.5466,0.0399,0.017,0.0136
Herato0701,8100001,8150000,8125668,38052,3823,71.0494,59.3089,0.0901,0.0499,0.0385
Herato0701,8150001,8200000,8174244,37173,3248,49.316,42.8068,0.0707,0.0353,0.0261
Herato0701,8200001,8250000,8225158,34593,3326,54.7311,51.8262,0.0273,0.012,0.0096
Herato0701,8250001,8300000,8274767,35016,3907,69.0987,70.5512,-0.0104,-0.0049,-0.0039
Herato0701,8300001,8350000,8323837,34712,3339,71.6602,56.9069,0.1148,0.0612,0.0479
Herato0701,8350001,8400000,8376178,33782,3080,42.8878,49.8814,-0.0754,-0.0389,-0.0291
Herato0701,8400001,8450000,8424685,32701,3068,44.2092,46.9527,-0.0301,-0.0146,-0.0111
Herato0701,8450001,8500000,8476638,32932,2401,23.8989,31.0254,-0.1298,-0.0356,-0.0296
Herato0701,8500001,8550000,8525199,36463,3840,57.1185,51.0087,0.0565,0.0207,0.0168
Herato0701,8550001,8600000,8574969,37062,4023,64.6411,63.7471,0.007,0.003,0.0025
Herato0701,8600001,8650000,8625221,37014,3753,53.0721,52.1128,0.0091,0.0036,0.0029
Herato0701,8650001,8700000,8675355,35963,3696,58.9225,50.0109,0.0818,0.0374,0.0292
Herato0701,8700001,8750000,8724522,36656,3408,64.9688,52.6115,0.1051,0.0421,0.0346
Herato0701,8750001,8800000,8774812,34959,2904,36.1046,43.3974,-0.0917,-0.0384,-0.0297
Herato0701,8800001,8850000,8824975,36201,2561,39.3442,43.9169,-0.0549,-0.0212,-0.0168
Herato0701,8850001,8900000,8875139,35311,3355,57.0113,52.2554,0.0435,0.0178,0.0143
Herato0701,8900001,8950000,8924985,36349,3883,78.3897,57.7969,0.1512,0.0959,0.0719
Herato0701,8950001,9000000,8974854,35331,2897,63.0953,43.011,0.1893,0.1067,0.0814
Herato0701,9000001,9050000,9025631,33740,2634,63.3477,46.3983,0.1544,0.0934,0.0723
Herato0701,9050001,9100000,9074687,36933,2673,59.4837,39.1371,0.2063,0.0998,0.0786
Herato0701,9100001,9150000,9123346,37007,3400,59.0937,44.8569,0.137,0.062,0.0489
Herato0701,9150001,9200000,9174298,31369,2725,50.2955,32.4936,0.215,0.0882,0.0694
Herato0701,9200001,9250000,9224343,32940,3270,71.6984,42.9906,0.2503,0.1504,0.1171
Herato0701,9250001,9300000,9274890,34265,3849,63.2206,46.7682,0.1496,0.0773,0.0587
Herato0701,9300001,9350000,9328342,29495,2718,46.9526,36.3883,0.1268,0.0784,0.0563
Herato0701,9350001,9400000,9374135,35858,3857,76.8625,59.9682,0.1235,0.0779,0.06
Herato0701,9400001,9450000,9425039,37510,4047,66.3455,62.1113,0.033,0.0168,0.0132
Herato0701,9450001,9500000,9474728,34609,3270,43.9949,49.8024,-0.0619,-0.0312,-0.0234
Herato0701,9500001,9550000,9524483,31519,3449,55.3912,54.1838,0.011,0.0056,0.0043
Herato0701,9550001,9600000,9574873,34086,4176,60.2301,62.6167,-0.0194,-0.0087,-0.0067
Herato0701,9600001,9650000,9625163,36685,3628,53.9874,54.7867,-0.0073,-0.0038,-0.003
Herato0701,9650001,9700000,9675122,36682,4589,68.1421,65.696,0.0183,0.0089,0.007
Herato0701,9700001,9750000,9724686,31649,3295,48.8991,53.1056,-0.0412,-0.0175,-0.014
Herato0701,9750001,9800000,9775450,37535,4562,69.1973,65.6826,0.0261,0.0148,0.0112
Herato0701,9800001,9850000,9824890,35445,2884,34.9841,38.8526,-0.0524,-0.0182,-0.0146
Herato0701,9850001,9900000,9874809,34512,3071,45.7512,41.8045,0.0451,0.0184,0.0148
Herato0701,9900001,9950000,9924243,37717,3207,45.586,35.6791,0.1219,0.0396,0.0333
Herato0701,9950001,10000000,9975182,34730,3005,46.7844,47.4004,-0.0065,-0.0034,-0.0026
Herato0701,10000001,10050000,10022947,32780,3280,50.1458,51.7148,-0.0154,-0.0067,-0.0053
Herato0701,10050001,10100000,10079252,31620,2621,35.194,34.6687,0.0075,0.0029,0.0023
Herato0701,10100001,10150000,10125348,38470,2865,43.5914,50.3195,-0.0716,-0.0356,-0.0283
Herato0701,10150001,10200000,10176001,29660,1174,16.0189,15.6609,0.0113,0.0034,0.003
Herato0701,10200001,10250000,10225489,38398,3181,59.0609,61.1193,-0.0171,-0.0079,-0.0062
Herato0701,10250001,10300000,10274333,37273,3877,66.4122,61.2088,0.0408,0.0214,0.0166
Herato0701,10300001,10350000,10324696,35502,3598,61.0915,63.3477,-0.0181,-0.0088,-0.0069
Herato0701,10350001,10400000,10374589,35296,3833,61.4997,63.8318,-0.0186,-0.008,-0.0063
Herato0701,10400001,10450000,10425211,33683,3195,45.5432,45.8241,-0.0031,-0.0012,-0.001
Herato0701,10450001,10500000,10474784,35463,3760,60.9507,64.3368,-0.027,-0.016,-0.0122
Herato0701,10500001,10550000,10525156,35943,3202,55.0673,52.1815,0.0269,0.0113,0.0091
Herato0701,10550001,10600000,10577095,32443,3150,46.5281,41.5405,0.0566,0.0252,0.02
Herato0701,10600001,10650000,10627791,30565,3209,72.0551,56.9016,0.1175,0.066,0.0519
Herato0701,10650001,10700000,10675628,36168,3086,69.9334,49.4732,0.1713,0.0835,0.068
Herato0701,10700001,10750000,10724748,37792,3690,62.0353,60.4646,0.0128,0.0058,0.0046
Herato0701,10750001,10800000,10774574,38181,4226,66.4387,65.0236,0.0108,0.0048,0.0039
Herato0701,10800001,10850000,10824517,38229,3610,70.5267,53.3078,0.139,0.0724,0.0581
Herato0701,10850001,10900000,10877171,37147,2819,69.651,49.6787,0.1674,0.0967,0.076
Herato0701,10900001,10950000,10924759,36984,3619,74.1505,64.3753,0.0706,0.0318,0.0258
Herato0701,10950001,11000000,10974993,36442,3704,57.1711,59.0071,-0.0158,-0.0088,-0.0065
Herato0701,11000001,11050000,11024377,39254,3684,60.6533,59.1793,0.0123,0.0056,0.0045
Herato0701,11050001,11100000,11075895,39046,3390,41.7427,43.6492,-0.0223,-0.007,-0.0058
Herato0701,11100001,11150000,11125061,35788,3909,67.4853,66.292,0.0089,0.0039,0.0031
Herato0701,11150001,11200000,11174913,37219,3586,51.577,54.9801,-0.0319,-0.0135,-0.0108
Herato0701,11200001,11250000,11224778,36486,3629,69.5869,56.7919,0.1012,0.0448,0.036
Herato0701,11250001,11300000,11271616,32796,2648,42.752,42.6464,0.0012,0.0006,0.0005
Herato0701,11300001,11350000,11324825,38250,2231,42.575,49.7518,-0.0777,-0.0403,-0.0311
Herato0701,11350001,11400000,11373950,38700,2751,34.3118,34.3367,-0.0004,-0.0001,-0.0001
Herato0701,11400001,11450000,11425602,39288,3112,54.2853,41.2928,0.1359,0.0558,0.0451
Herato0701,11450001,11500000,11472311,32786,2528,44.2979,32.8387,0.1486,0.0702,0.0564
Herato0701,11500001,11550000,11527647,31909,2477,42.7462,38.7023,0.0497,0.0229,0.0184
Herato0701,11550001,11600000,11575215,36493,3411,52.452,57.8809,-0.0492,-0.021,-0.0168
Herato0701,11600001,11650000,11625331,36242,3321,49.9939,49.9839,0.0001,0.0,0.0
Herato0701,11650001,11700000,11674864,30940,2634,36.4055,44.611,-0.1013,-0.0375,-0.0302
Herato0701,11700001,11750000,11724536,38507,2761,52.494,56.7123,-0.0386,-0.018,-0.0143
Herato0701,11750001,11800000,11774524,39070,3505,47.6345,44.9526,0.029,0.01,0.0083
Herato0701,11800001,11850000,11823832,39838,2786,45.1241,46.9043,-0.0193,-0.0076,-0.0062
Herato0701,11850001,11900000,11875299,38366,3151,42.0806,39.9942,0.0254,0.0071,0.006
Herato0701,11900001,11950000,11921763,31244,2373,38.9586,38.4901,0.006,0.0037,0.0028
Herato0701,11950001,12000000,11976688,30912,2000,31.9288,29.1174,0.0461,0.021,0.0164
Herato0701,12000001,12050000,12024906,35561,3691,48.9992,51.8433,-0.0282,-0.0135,-0.0105
Herato0701,12050001,12100000,12075004,36570,3506,50.9837,50.9169,0.0007,0.0004,0.0003
Herato0701,12100001,12150000,12124746,31689,2294,34.0893,33.8056,0.0042,0.0019,0.0015
Herato0701,12150001,12200000,12176071,35889,2582,48.5611,43.6249,0.0535,0.0263,0.0205
Herato0701,12200001,12250000,12224789,36781,2633,51.3724,47.2264,0.042,0.0247,0.0188
Herato0701,12250001,12300000,12273801,33221,2660,46.9249,40.1184,0.0782,0.0515,0.0374
Herato0701,12300001,12350000,12325269,37663,3644,61.7893,48.6641,0.1188,0.0511,0.0401
Herato0701,12350001,12400000,12373715,33418,1704,45.1557,29.7755,0.2053,0.1127,0.0906
Herato0701,12400001,12450000,12429461,27097,1804,41.8931,24.2153,0.2674,0.1203,0.0995
Herato0701,12450001,12500000,12474905,39267,4175,66.069,68.1474,-0.0155,-0.0073,-0.0057
Herato0701,12500001,12550000,12525635,37772,3418,57.1294,55.1349,0.0178,0.0079,0.0061
Herato0701,12550001,12600000,12574924,38219,3336,62.1569,61.389,0.0062,0.0025,0.002
Herato0701,12600001,12650000,12626378,26358,1728,40.9029,32.5661,0.1135,0.0576,0.0452
Herato0701,12650001,12700000,12674695,32794,2856,68.8666,45.6058,0.2032,0.1037,0.086
Herato0701,12700001,12750000,12725231,36100,3486,89.0055,62.8715,0.1721,0.0852,0.0705
Herato0701,12750001,12800000,12775559,38513,3554,85.6983,54.0591,0.2264,0.1067,0.0854
Herato0701,12800001,12850000,12826556,35011,2437,68.7498,50.7525,0.1506,0.1055,0.0829
Herato0701,12850001,12900000,12874106,34726,2337,67.6595,53.2305,0.1194,0.0602,0.0485
Herato0701,12900001,12950000,12925106,39913,3501,100.4246,62.7043,0.2312,0.1259,0.1021
Herato0701,12950001,13000000,12974758,35897,3814,77.5299,56.3094,0.1586,0.0771,0.0612
Herato0701,13000001,13050000,13024344,37231,3021,47.7574,46.3154,0.0153,0.0078,0.0059
Herato0701,13050001,13100000,13077877,30483,2963,44.2374,47.0715,-0.031,-0.018,-0.0135
Herato0701,13100001,13150000,13125224,34359,3776,61.0302,65.147,-0.0326,-0.0218,-0.0157
Herato0701,13150001,13200000,13175455,33958,3267,48.2864,50.8691,-0.026,-0.0153,-0.0116
Herato0701,13200001,13250000,13225476,33205,2966,43.1139,43.2216,-0.0012,-0.0005,-0.0004
Herato0701,13250001,13300000,13275394,35607,3565,68.8587,56.1319,0.1018,0.0464,0.0376
Herato0701,13300001,13350000,13324793,35773,3911,59.7993,53.7735,0.0531,0.0235,0.0185
Herato0701,13350001,13400000,13375752,33373,3032,43.455,47.0689,-0.0399,-0.0219,-0.0161
Herato0701,13400001,13450000,13425501,31056,2269,35.4676,37.3315,-0.0256,-0.0121,-0.0094
Herato0701,13450001,13500000,13475312,28906,2225,33.4018,30.7879,0.0407,0.0188,0.0142
Herato0701,13500001,13550000,13524639,31422,2619,43.5645,47.8371,-0.0467,-0.0208,-0.0169
Herato0701,13550001,13600000,13574724,35152,3247,46.8262,46.6309,0.0021,0.0011,0.0008
Herato0701,13600001,13650000,13624798,36767,3759,40.8247,43.9715,-0.0371,-0.0158,-0.0122
Herato0701,13650001,13700000,13675181,34560,3029,35.0393,35.3793,-0.0048,-0.0017,-0.0013
Herato0701,13700001,13750000,13725289,25363,1931,35.8312,37.7567,-0.0262,-0.0141,-0.0107
Herato0701,13750001,13800000,13780268,24814,1549,30.0034,20.2838,0.1933,0.0893,0.0712
Herato0701,13800001,13850000,13825313,33583,3018,47.272,42.5985,0.052,0.0215,0.017
Herato0701,13850001,13900000,13874754,35746,3904,60.3958,61.4744,-0.0089,-0.0041,-0.0033
Herato0701,13900001,13950000,13924394,34592,2646,43.5914,36.9195,0.0829,0.0335,0.0272
Herato0701,13950001,14000000,13974109,33610,2685,42.6588,50.3553,-0.0827,-0.0322,-0.026
Herato0701,14000001,14050000,14025879,33376,2466,42.6544,42.0309,0.0074,0.0037,0.0029
Herato0701,14050001,14100000,14074491,37025,3178,55.4234,58.7562,-0.0292,-0.0128,-0.0099
Herato0701,14100001,14150000,14124613,36347,2851,53.7275,47.8609,0.0577,0.023,0.0187
Herato0701,14150001,14200000,14174548,30372,3006,46.7403,43.5872,0.0349,0.0185,0.0138
Herato0701,14200001,14250000,14224138,35515,3415,54.6211,52.0208,0.0244,0.0145,0.0107
Herato0701,14250001,14300000,14277990,33714,3009,56.9992,56.7848,0.0019,0.0011,0.0009
Herato0701,14300001,14350000,14325610,38515,3273,55.4309,50.0908,0.0506,0.0389,0.0267
Herato0701,14350001,14400000,14375216,36713,3511,52.5867,59.0746,-0.0581,-0.0377,-0.0261
Herato0701,14400001,14450000,14428573,28924,2645,46.019,45.326,0.0076,0.0043,0.0033
Herato0701,14450001,14500000,14474522,34968,3173,50.8389,51.4959,-0.0064,-0.0033,-0.0025
Herato0701,14500001,14550000,14524381,38508,3664,67.0677,74.3946,-0.0518,-0.0297,-0.0229
Herato0701,14550001,14600000,14575967,39643,3073,49.5235,50.6393,-0.0111,-0.0053,-0.0042
Herato0701,14600001,14650000,14625164,37820,4108,78.6413,79.1378,-0.0031,-0.002,-0.0015
Herato0701,14650001,14700000,14675114,37676,4008,65.7492,72.6118,-0.0496,-0.0278,-0.0209
Herato0701,14700001,14750000,14725367,36831,3308,53.2384,54.0107,-0.0072,-0.0042,-0.0032
Herato0701,14750001,14800000,14774888,35888,3788,59.9845,62.3572,-0.0194,-0.0118,-0.0086
Herato0701,14800001,14850000,14824719,35853,3258,67.961,58.6755,0.0733,0.0516,0.0378
Herato0701,14850001,14900000,14871499,28710,2632,46.0688,43.4657,0.0291,0.0153,0.0116
Herato0701,14900001,14950000,14925058,35378,3051,43.1187,44.9045,-0.0203,-0.0072,-0.0059
Herato0701,14950001,15000000,14974982,33226,3382,53.1772,53.6667,-0.0046,-0.0019,-0.0015
Herato0701,15000001,15050000,15024467,33120,2789,50.5924,53.0819,-0.024,-0.012,-0.0094
Herato0701,15050001,15100000,15073352,32478,2826,44.4557,38.3342,0.0739,0.0345,0.0272
Herato0701,15100001,15150000,15124699,30921,2534,40.6039,38.4674,0.027,0.0141,0.0109
Herato0701,15150001,15200000,15175863,33478,2855,50.3629,42.7464,0.0818,0.0328,0.0271
Herato0701,15200001,15250000,15225038,34905,3166,55.2432,51.5421,0.0347,0.0158,0.0128
Herato0701,15250001,15300000,15275789,33335,3455,55.1156,56.0185,-0.0081,-0.0044,-0.0034
Herato0701,15300001,15350000,15325724,35897,3840,59.6444,75.4585,-0.1171,-0.0482,-0.0381
Herato0701,15350001,15400000,15376214,32715,2827,44.2332,50.223,-0.0634,-0.0286,-0.0222
Herato0701,15400001,15450000,15424637,34285,3576,63.8501,52.5967,0.0966,0.0443,0.0349
Herato0701,15450001,15500000,15475795,33345,2572,37.2744,38.7588,-0.0195,-0.0086,-0.0066
Herato0701,15500001,15550000,15525547,30092,1266,17.5923,18.5117,-0.0255,-0.0108,-0.0085
Herato0701,15550001,15600000,15576211,32341,2801,45.0839,45.4987,-0.0046,-0.0023,-0.0018
Herato0701,15600001,15650000,15623798,32162,2928,47.7787,40.9258,0.0773,0.0354,0.0282
Herato0701,15650001,15700000,15677455,34065,3204,48.7703,45.842,0.031,0.0166,0.0124
Herato0701,15700001,15750000,15725158,39304,3741,56.2737,62.4902,-0.0523,-0.0216,-0.0174
Herato0701,15750001,15800000,15775058,38189,3371,58.3338,58.408,-0.0006,-0.0003,-0.0002
Herato0701,15800001,15850000,15825222,37366,4151,69.4918,64.5071,0.0372,0.015,0.0123
Herato0701,15850001,15900000,15875407,37401,4396,68.5034,70.5764,-0.0149,-0.0075,-0.0059
Herato0701,15900001,15950000,15925310,39139,4118,63.5259,78.067,-0.1027,-0.0459,-0.0358
Herato0701,15950001,16000000,15975107,38881,3955,64.3941,57.9137,0.053,0.0231,0.0185
Herato0701,16000001,16050000,16024698,40102,3663,54.0011,47.142,0.0678,0.0269,0.0216
Herato0701,16050001,16100000,16074882,37294,4098,59.3078,63.6645,-0.0354,-0.0157,-0.0126
Herato0701,16100001,16150000,16120579,27326,2308,34.6041,35.1748,-0.0082,-0.0037,-0.003
Herato0701,16150001,16200000,16169835,29375,2404,37.0668,45.77,-0.1051,-0.0421,-0.0338
Herato0701,16200001,16250000,16225445,38084,4409,65.1116,70.2518,-0.038,-0.0168,-0.0134
Herato0701,16250001,16300000,16275004,40328,4076,62.6032,56.0804,0.055,0.0219,0.0179
Herato0701,16300001,16350000,16325150,36464,4195,96.661,61.8568,0.2196,0.1041,0.0842
Herato0701,16350001,16400000,16375782,38423,3623,50.1467,50.3051,-0.0016,-0.0007,-0.0005
Herato0701,16400001,16450000,16430750,28282,2864,48.0235,48.821,-0.0082,-0.0035,-0.0028
Herato0701,16450001,16500000,16475292,35438,4143,67.4433,58.19,0.0737,0.0329,0.0263
Herato0701,16500001,16550000,16524526,35600,3275,51.8612,52.8428,-0.0094,-0.0041,-0.0033
Herato0701,16550001,16600000,16573360,31795,3410,52.0273,51.3961,0.0061,0.0027,0.0021
Herato0701,16600001,16650000,16625741,33581,3433,49.0615,47.2922,0.0184,0.009,0.007
Herato0701,16650001,16700000,16674722,35662,4167,78.7981,61.9977,0.1193,0.0627,0.0491
Herato0701,16700001,16750000,16723513,35656,3340,56.0429,57.4957,-0.0128,-0.006,-0.0047
Herato0701,16750001,16800000,16775008,36944,4035,59.2098,57.2273,0.017,0.0096,0.0073
Herato0701,16800001,16850000,16825217,26684,2004,27.6186,35.5982,-0.1262,-0.0538,-0.0411
Herato0701,16850001,16900000,16874521,34713,2817,57.0073,38.3342,0.1959,0.1004,0.0785
Herato0701,16900001,16950000,16923005,29022,2487,55.6036,29.9256,0.3002,0.1395,0.113
Herato0701,16950001,17000000,16974816,35143,3370,56.9538,54.0188,0.0264,0.012,0.0094
Herato0701,17000001,17050000,17023780,33180,3264,53.9826,48.9607,0.0488,0.0204,0.016
Herato0701,17050001,17100000,17072416,26331,2141,34.6397,43.1923,-0.1099,-0.0605,-0.0449
Herato0701,17100001,17150000,17128270,27140,2113,32.4599,35.329,-0.0423,-0.0188,-0.0143
Herato0701,17150001,17200000,17173303,30802,2557,36.7692,34.7651,0.028,0.0124,0.0096
Herato0701,17200001,17250000,17225925,29572,1902,24.4327,28.9313,-0.0843,-0.0359,-0.0281
Herato0701,17250001,17300000,17277432,29074,2465,35.8491,45.2131,-0.1155,-0.0549,-0.0416
Herato0701,17300001,17350000,17324443,36725,3811,67.6001,73.0112,-0.0385,-0.0203,-0.0156
Herato0701,17350001,17400000,17374828,35486,3708,63.0237,55.7689,0.0611,0.0303,0.0238
Herato0701,17400001,17450000,17424784,34688,3393,53.8743,61.0732,-0.0626,-0.0305,-0.0234
Herato0701,17450001,17500000,17475740,34824,3208,59.407,56.102,0.0286,0.0119,0.0096
Herato0701,17500001,17550000,17524011,33708,2217,43.7129,59.265,-0.151,-0.0793,-0.0601
Herato0701,17550001,17600000,17576887,32759,2483,63.1845,44.1178,0.1777,0.0845,0.0693
Herato0701,17600001,17650000,17625296,35801,4305,76.3193,78.6614,-0.0151,-0.0078,-0.006
Herato0701,17650001,17700000,17674540,37152,3439,48.5375,54.7489,-0.0601,-0.0292,-0.0228
Herato0701,17700001,17750000,17725193,34293,3724,46.9576,50.2731,-0.0341,-0.0142,-0.0113
Herato0701,17750001,17800000,17775109,37077,4466,74.4063,68.8462,0.0388,0.0218,0.0165
Herato0701,17800001,17850000,17824953,35176,3625,57.0975,56.0287,0.0094,0.0046,0.0035
Herato0701,17850001,17900000,17874769,34687,3624,59.2937,58.9621,0.0028,0.0012,0.001
Herato0701,17900001,17950000,17925678,32730,3465,53.3322,55.0373,-0.0157,-0.0075,-0.0058
Herato0701,17950001,18000000,17975201,37449,4351,95.6868,68.0862,0.1685,0.1095,0.0847
Herato0701,18000001,18050000,18025176,36721,4577,78.9302,64.9677,0.097,0.055,0.042
Herato0701,18050001,18100000,18071363,29617,3012,45.1307,43.0099,0.0241,0.0132,0.0102
Herato0701,18100001,18150000,18124835,36490,4181,67.1165,64.3249,0.0212,0.0139,0.01
Herato0701,18150001,18200000,18175170,36539,3925,57.9388,55.8132,0.0187,0.011,0.0083
Herato0701,18200001,18250000,18225313,37940,4753,91.6834,76.0628,0.0931,0.0473,0.039
Herato0701,18250001,18300000,18275434,35747,3548,60.595,50.755,0.0884,0.0526,0.0404
Herato0701,18300001,18350000,18324319,37550,3874,69.7837,67.4249,0.0172,0.0095,0.0073
Herato0701,18350001,18400000,18375040,37748,3628,90.9759,60.8474,0.1984,0.1136,0.0885
Herato0701,18400001,18450000,18424842,42338,2657,57.1731,37.1979,0.2117,0.0926,0.0762
Herato0701,18450001,18500000,18476151,39491,2401,49.2027,38.7669,0.1186,0.0692,0.0533
Herato0701,18500001,18550000,18525114,35106,3071,81.2212,48.1361,0.2558,0.1486,0.119
Herato0701,18550001,18600000,18573884,35698,4122,91.5779,64.1833,0.1759,0.0903,0.0699
Herato0701,18600001,18650000,18625435,35513,4286,97.442,73.5694,0.1396,0.0809,0.0614
Herato0701,18650001,18700000,18675062,32897,3512,60.8513,60.3138,0.0044,0.0024,0.0019
Herato0701,18700001,18750000,18725119,37651,3902,69.7564,74.1204,-0.0303,-0.0204,-0.0148
Herato0701,18750001,18800000,18775042,37074,3929,67.8526,72.1487,-0.0307,-0.014,-0.0108
Herato0701,18800001,18850000,18823483,36006,2618,45.1054,41.9734,0.036,0.0156,0.0126
Herato0701,18850001,18900000,18875373,36837,2947,68.2064,68.6454,-0.0032,-0.0019,-0.0015
Herato0701,18900001,18950000,18924445,38427,2312,30.5651,30.716,-0.0025,-0.001,-0.0008
Herato0701,18950001,19000000,18974811,39645,2424,43.1455,42.9504,0.0023,0.0011,0.0008
Herato0701,19000001,19050000,19025125,40722,1862,27.2265,23.9996,0.063,0.0166,0.0138
Herato0701,19050001,19100000,19069583,29837,843,6.3536,18.7155,-0.4931,-0.1687,-0.129
