scaffold,start,end,mid,sites,sitesUsed,ABBA,BABA,D,fd,fdM
Herato0801,1,50000,28995,28898,1584,5.9556,8.3002,-0.1645,-0.0106,-0.0095
Herato0801,50001,100000,74582,36498,2785,19.7576,20.6402,-0.0218,-0.0027,-0.0024
Herato0801,100001,150000,124927,36327,2785,33.8131,29.8298,0.0626,0.0133,0.0116
Herato0801,150001,200000,174808,33479,2916,39.6099,50.0253,-0.1162,-0.0343,-0.0285
Herato0801,200001,250000,224001,32908,2742,31.1326,33.9152,-0.0428,-0.0127,-0.0104
Herato0801,250001,300000,273037,30975,2702,31.0103,32.3959,-0.0219,-0.0063,-0.0051
Herato0801,300001,350000,325837,32221,2202,34.7355,30.0945,0.0716,0.0229,0.0186
Herato0801,350001,400000,374838,31927,1895,25.8579,26.8783,-0.0193,-0.0069,-0.0055
Herato0801,400001,450000,425918,32025,1938,26.628,24.8935,0.0337,0.0106,0.0089
Herato0801,450001,500000,475890,33092,1496,21.2624,16.7024,0.1201,0.024,0.0209
Herato0801,500001,550000,525317,30242,1466,11.816,11.4641,0.0151,0.003,0.0025
Herato0801,550001,600000,574812,32103,1520,5.2836,6.4206,-0.0971,-0.0062,-0.0057
Herato0801,600001,650000,626079,32532,2266,18.0933,16.8601,0.0353,0.0055,0.0047
Herato0801,650001,700000,679311,24824,1211,18.6303,13.73,0.1514,0.0344,0.03
Herato0801,700001,750000,726180,30451,1878,27.233,27.9541,-0.0131,-0.003,-0.0026
Herato0801,750001,800000,775869,27686,1418,15.472,15.6224,-0.0048,-0.0013,-0.0011
Herato0801,800001,850000,826639,30232,1743,18.1628,20.9902,-0.0722,-0.0159,-0.0131
Herato0801,850001,900000,875153,34523,2068,29.9672,31.3333,-0.0223,-0.008,-0.0066
Herato0801,900001,950000,923570,30337,2025,22.7302,27.0561,-0.0869,-0.031,-0.0243
Herato0801,950001,1000000,975130,34833,2340,23.0895,30.7322,-0.142,-0.0448,-0.0359
Herato0801,1000001,1050000,1020551,27806,2127,35.2473,33.7794,0.0213,0.0096,0.0074
Herato0801,1050001,1100000,1077184,30627,2078,24.4444,26.4922,-0.0402,-0.0102,-0.0085
Herato0801,1100001,1150000,1128763,28971,2090,35.0682,37.3172,-0.0311,-0.0132,-0.0099
Herato0801,1150001,1200000,1174865,34661,2243,32.1356,30.3507,0.0286,0.0089,0.0072
Herato0801,1200001,1250000,1226523,32843,2350,31.9857,34.5253,-0.0382,-0.0124,-0.0103
Herato0801,1250001,1300000,1274853,28315,1659,25.0905,26.9988,-0.0366,-0.0116,-0.0097
Herato0801,1300001,1350000,1324746,33941,2288,35.8951,30.2578,0.0852,0.0237,0.0202
Herato0801,1350001,1400000,1374541,33999,2493,30.3243,35.7486,-0.0821,-0.0233,-0.0195
Herato0801,1400001,1450000,1424927,33291,2127,30.3537,32.9235,-0.0406,-0.013,-0.0108
Herato0801,1450001,1500000,1476035,33134,2229,33.7088,34.2767,-0.0084,-0.0025,-0.0021
Herato0801,1500001,1550000,1523552,32702,2364,47.5169,41.0935,0.0725,0.0269,0.0224
Herato0801,1550001,1600000,1577408,28758,2087,33.9309,31.5554,0.0363,0.0109,0.0091
Herato0801,1600001,1650000,1620207,23391,1648,26.3734,20.1115,0.1347,0.0364,0.0316
Herato0801,1650001,1700000,1675991,33661,2726,48.3656,47.3121,0.011,0.0038,0.0032
Herato0801,1700001,1750000,1724642,34958,2390,34.9361,30.4916,0.0679,0.0159,0.0136
Herato0801,1750001,1800000,1772857,28411,1899,21.495,24.0608,-0.0563,-0.0197,-0.0157
Herato0801,1800001,1850000,1824645,36226,2108,29.9245,30.7077,-0.0129,-0.0036,-0.0031
Herato0801,1850001,1900000,1873964,33308,2304,26.2664,27.0727,-0.0151,-0.0052,-0.0043
Herato0801,1900001,1950000,1924740,33833,2193,38.6273,35.2571,0.0456,0.018,0.0143
Herato0801,1950001,2000000,1975556,31486,1861,21.9433,23.3843,-0.0318,-0.0067,-0.0058
Herato0801,2000001,2050000,2025482,33201,2013,22.839,23.9718,-0.0242,-0.0065,-0.0053
Herato0801,2050001,2100000,2072883,32054,1755,18.9591,19.0805,-0.0032,-0.0007,-0.0006
Herato0801,2100001,2150000,2124780,34798,2476,35.2745,41.7702,-0.0843,-0.028,-0.0222
Herato0801,2150001,2200000,2175581,33494,2556,38.978,44.2052,-0.0628,-0.0194,-0.016
Herato0801,2200001,2250000,2224986,35267,2392,27.7888,32.0533,-0.0713,-0.025,-0.0199
Herato0801,2250001,2300000,2275835,31052,2119,26.5218,28.0148,-0.0274,-0.0077,-0.0064
Herato0801,2300001,2350000,2322958,22800,1078,14.9322,16.5988,-0.0529,-0.0148,-0.0124
Herato0801,2350001,2400000,2375362,33455,1830,20.5179,20.8058,-0.007,-0.0019,-0.0016
Herato0801,2400001,2450000,2425838,26611,1498,24.4724,19.973,0.1012,0.0266,0.023
Herato0801,2450001,2500000,2475567,32684,2149,27.4475,32.4809,-0.084,-0.024,-0.02
Herato0801,2500001,2550000,2524224,32322,1568,15.0074,16.0106,-0.0323,-0.0057,-0.0049
Herato0801,2550001,2600000,2573956,32324,1397,19.7916,21.713,-0.0463,-0.0137,-0.0109
Herato0801,2600001,2650000,2623462,31142,2023,23.9448,22.7208,0.0262,0.008,0.0065
Herato0801,2650001,2700000,2674654,33790,1736,23.3798,23.6508,-0.0058,-0.0018,-0.0015
Herato0801,2700001,2750000,2725942,36251,2324,32.117,31.2758,0.0133,0.0027,0.0024
Herato0801,2750001,2800000,2774995,31594,1811,25.0086,22.4942,0.0529,0.0133,0.0112
Herato0801,2800001,2850000,2825225,33667,2178,30.6828,34.5696,-0.0596,-0.0217,-0.0176
Herato0801,2850001,2900000,2874662,33599,2312,33.6128,28.2037,0.0875,0.0241,0.0202
Herato0801,2900001,2950000,2925471,34721,2261,34.881,29.7635,0.0792,0.0221,0.0187
Herato0801,2950001,3000000,2974553,31338,2276,42.089,37.747,0.0544,0.0195,0.0158
Herato0801,3000001,3050000,3023795,29407,1179,15.3939,15.4632,-0.0022,-0.0006,-0.0005
Herato0801,3050001,3100000,3074271,32816,1625,24.6119,19.5649,0.1142,0.0314,0.026
Herato0801,3100001,3150000,3124171,29542,1278,16.8274,16.3439,0.0146,0.0043,0.0037
Herato0801,3150001,3200000,3175092,33255,1667,18.1246,15.7114,0.0713,0.0135,0.0113
Herato0801,3200001,3250000,3223195,28800,1564,21.7335,16.6848,0.1314,0.0238,0.0212
Herato0801,3250001,3300000,3274391,33566,2205,36.7054,34.6052,0.0295,0.0112,0.0089
Herato0801,3300001,3350000,3325523,35040,2107,26.6544,31.4409,-0.0824,-0.0283,-0.0219
Herato0801,3350001,3400000,3375714,35375,2084,30.8362,28.903,0.0324,0.0098,0.0081
Herato0801,3400001,3450000,3424194,32350,1640,18.6646,19.4691,-0.0211,-0.0044,-0.0038
Herato0801,3450001,3500000,3476567,32413,1911,24.9526,26.623,-0.0324,-0.011,-0.0087
Herato0801,3500001,3550000,3523644,34061,1891,24.9879,26.2024,-0.0237,-0.008,-0.0063
Herato0801,3550001,3600000,3574536,30655,1654,20.2384,24.9312,-0.1039,-0.0213,-0.0181
Herato0801,3600001,3650000,3625325,34945,1183,9.2639,7.8782,0.0808,0.0109,0.0095
Herato0801,3650001,3700000,3675005,34391,2133,24.3644,22.3397,0.0434,0.0109,0.0092
Herato0801,3700001,3750000,3724963,32576,1645,22.9211,19.6517,0.0768,0.0156,0.0136
Herato0801,3750001,3800000,3774067,33286,2065,24.9647,26.9193,-0.0377,-0.009,-0.0077
Herato0801,3800001,3850000,3823462,26924,1480,18.175,16.2475,0.056,0.0155,0.0127
Herato0801,3850001,3900000,3876516,33310,2166,34.2969,34.7875,-0.0071,-0.002,-0.0017
Herato0801,3900001,3950000,3925123,34632,1816,25.529,21.7209,0.0806,0.0167,0.0147
Herato0801,3950001,4000000,3974546,36804,1813,26.0006,25.6035,0.0077,0.002,0.0017
Herato0801,4000001,4050000,4025119,38616,2717,41.7623,40.9381,0.01,0.0033,0.0028
Herato0801,4050001,4100000,4075316,40061,2614,33.9662,37.5607,-0.0503,-0.017,-0.0138
Herato0801,4100001,4150000,4123764,35350,1616,4.6183,4.3911,0.0252,0.0009,0.0008
Herato0801,4150001,4200000,4174628,34891,1424,11.5661,12.5581,-0.0411,-0.0038,-0.0035
Herato0801,4200001,4250000,4224177,33303,1571,10.4215,11.278,-0.0395,-0.0034,-0.003
Herato0801,4250001,4300000,4274877,35412,1472,17.0582,11.7143,0.1857,0.029,0.0254
Herato0801,4300001,4350000,4325042,33607,1256,10.81,8.9509,0.0941,0.0122,0.0109
Herato0801,4350001,4400000,4374517,34971,2493,42.6358,45.8488,-0.0363,-0.0141,-0.0111
Herato0801,4400001,4450000,4422977,31501,1988,28.2242,26.9757,0.0226,0.0069,0.0056
Herato0801,4450001,4500000,4475355,25752,1904,29.8676,30.5515,-0.0113,-0.0036,-0.003
Herato0801,4500001,4550000,4524575,33300,1918,26.4962,27.6739,-0.0217,-0.0063,-0.0052
Herato0801,4550001,4600000,4575721,36198,2628,39.097,35.0345,0.0548,0.016,0.0135
Herato0801,4600001,4650000,4623822,33705,2017,22.039,24.6503,-0.0559,-0.0183,-0.0146
Herato0801,4650001,4700000,4675030,35160,2424,33.0074,31.3043,0.0265,0.0091,0.0073
Herato0801,4700001,4750000,4724651,35128,2435,32.3426,38.0435,-0.081,-0.0237,-0.0195
Herato0801,4750001,4800000,4773842,36506,2570,47.1803,41.009,0.07,0.0255,0.0206
Herato0801,4800001,4850000,4825962,33169,1997,31.5024,28.1804,0.0557,0.0194,0.0145
Herato0801,4850001,4900000,4874973,21208,829,11.0484,10.4271,0.0289,0.0118,0.0099
Herato0801,4900001,4950000,4925390,23808,1711,15.9369,17.1643,-0.0371,-0.02,-0.0153
Herato0801,4950001,5000000,4975215,27709,1605,11.4915,10.2465,0.0573,0.0204,0.0164
Herato0801,5000001,5050000,5025596,25711,1381,12.4962,12.8727,-0.0148,-0.0075,-0.0055
Herato0801,5050001,5100000,5078214,22550,1681,15.7789,16.8342,-0.0324,-0.0121,-0.0097
Herato0801,5100001,5150000,5123984,32263,2003,35.2789,33.7398,0.0223,0.0081,0.0066
Herato0801,5150001,5200000,5172903,27285,1620,38.4259,39.5996,-0.015,-0.0136,-0.0107
Herato0801,5200001,5250000,5225226,37472,2065,46.3065,51.0021,-0.0483,-0.0335,-0.0252
Herato0801,5250001,5300000,5276592,33161,1930,35.6619,33.2184,0.0355,0.0134,0.0101
Herato0801,5300001,5350000,5325012,36967,2278,27.4065,30.7993,-0.0583,-0.0176,-0.0141
Herato0801,5350001,5400000,5374824,36770,2491,35.932,39.7,-0.0498,-0.0172,-0.0137
Herato0801,5400001,5450000,5423607,37397,2734,44.4854,43.4507,0.0118,0.0035,0.003
Herato0801,5450001,5500000,5475500,35583,1819,28.68,26.7765,0.0343,0.0103,0.0084
Herato0801,5500001,5550000,5524298,37222,1657,27.777,22.6989,0.1006,0.0296,0.0251
Herato0801,5550001,5600000,5575652,34750,1922,21.5756,29.3273,-0.1523,-0.0292,-0.0248
Herato0801,5600001,5650000,5624473,34718,2413,32.8199,32.1479,0.0103,0.0026,0.0021
Herato0801,5650001,5700000,5675572,34997,2063,27.5936,31.1417,-0.0604,-0.0135,-0.0116
Herato0801,5700001,5750000,5725042,37293,2186,28.6797,24.7997,0.0726,0.0188,0.0153
Herato0801,5750001,5800000,5775315,36473,2690,38.3956,42.4439,-0.0501,-0.0151,-0.0125
Herato0801,5800001,5850000,5824972,37487,3000,45.1738,49.4235,-0.0449,-0.0165,-0.013
Herato0801,5850001,5900000,5874320,33775,2422,34.5898,39.7684,-0.0696,-0.0273,-0.0221
Herato0801,5900001,5950000,5924549,36400,2261,32.143,37.312,-0.0744,-0.0194,-0.0162
Herato0801,5950001,6000000,5975576,34686,1972,32.493,34.8094,-0.0344,-0.0118,-0.0097
Herato0801,6000001,6050000,6025206,34526,1644,24.9119,25.1522,-0.0048,-0.0014,-0.0012
Herato0801,6050001,6100000,6074326,30705,1639,22.6791,21.5535,0.0254,0.0083,0.0068
Herato0801,6100001,6150000,6125992,31942,2124,38.7277,40.2342,-0.0191,-0.0081,-0.0066
Herato0801,6150001,6200000,6174094,35807,2420,36.5058,43.8242,-0.0911,-0.0303,-0.0257
Herato0801,6200001,6250000,6224886,35027,2752,54.0753,49.8935,0.0402,0.0181,0.0143
Herato0801,6250001,6300000,6276389,32511,2152,26.419,27.1074,-0.0129,-0.0037,-0.0031
Herato0801,6300001,6350000,6325550,38174,2474,32.0695,37.7676,-0.0816,-0.027,-0.0216
Herato0801,6350001,6400000,6374640,35536,2334,35.8906,36.2023,-0.0043,-0.0014,-0.0012
Herato0801,6400001,6450000,6425966,36839,2335,33.2121,36.4216,-0.0461,-0.0133,-0.0111
Herato0801,6450001,6500000,6475322,36123,1825,25.9357,29.3982,-0.0626,-0.0193,-0.016
Herato0801,6500001,6550000,6525569,33754,1500,20.2145,23.0179,-0.0648,-0.0241,-0.0192
Herato0801,6550001,6600000,6576058,35070,1424,16.7376,16.2834,0.0138,0.0028,0.0025
Herato0801,6600001,6650000,6625582,36875,2063,29.1672,27.7615,0.0247,0.0056,0.0049
Herato0801,6650001,6700000,6677845,31965,1624,17.3909,14.2981,0.0976,0.019,0.0169
Herato0801,6700001,6750000,6726333,32248,1280,15.7143,18.1876,-0.073,-0.0282,-0.0221
Herato0801,6750001,6800000,6775111,34642,2115,37.2606,40.9062,-0.0466,-0.0155,-0.0128
Herato0801,6800001,6850000,6823867,31917,1865,26.6553,28.9906,-0.042,-0.0126,-0.0103
Herato0801,6850001,6900000,6873751,31450,1178,18.3411,16.1446,0.0637,0.0226,0.018
Herato0801,6900001,6950000,6924330,34464,2051,28.7265,32.5087,-0.0618,-0.0179,-0.0152
Herato0801,6950001,7000000,6975205,34629,2239,23.6505,22.9007,0.0161,0.0034,0.0029
Herato0801,7000001,7050000,7024973,36286,2218,28.277,33.1658,-0.0796,-0.0263,-0.0218
Herato0801,7050001,7100000,7074701,30775,1751,25.9917,27.9733,-0.0367,-0.0138,-0.0109
Herato0801,7100001,7150000,7124365,32475,1847,23.0771,24.4536,-0.029,-0.0094,-0.0079
Herato0801,7150001,7200000,7175941,33186,1753,20.2195,20.4619,-0.006,-0.0013,-0.0011
Herato0801,7200001,7250000,7227019,32018,2022,25.2117,24.6916,0.0104,0.0034,0.0028
Herato0801,7250001,7300000,7275514,33649,1723,24.0006,21.7762,0.0486,0.0123,0.0106
Herato0801,7300001,7350000,7324743,31818,1965,25.3018,27.5949,-0.0434,-0.0194,-0.0147
Herato0801,7350001,7400000,7376961,29139,1548,19.4,20.8977,-0.0372,-0.0099,-0.0083
Herato0801,7400001,7450000,7425551,32889,1661,17.7975,18.1514,-0.0098,-0.0022,-0.0018
Herato0801,7450001,7500000,7475197,34493,1844,22.3059,19.0666,0.0783,0.0235,0.0191
Herato0801,7500001,7550000,7527534,27298,1661,25.1734,22.6835,0.052,0.019,0.0152
Herato0801,7550001,7600000,7575006,35008,2263,45.4188,26.6323,0.2607,0.113,0.0882
Herato0801,7600001,7650000,7624936,31808,871,24.9399,7.6066,0.5326,0.178,0.1452
Herato0801,7650001,7700000,7674647,31251,1544,30.7352,16.5963,0.2987,0.1131,0.0861
Herato0801,7700001,7750000,7725726,31872,1771,37.8428,18.6159,0.3405,0.1346,0.1093
Herato0801,7750001,7800000,7775094,34797,2055,51.9087,28.1231,0.2972,0.1244,0.1038
Herato0801,7800001,7850000,7827816,30100,1115,23.5297,11.8846,0.3288,0.1708,0.1284
Herato0801,7850001,7900000,7874104,37947,1982,59.7948,33.088,0.2875,0.1107,0.0924
Herato0801,7900001,7950000,7923777,36037,2072,40.9343,30.2552,0.15,0.0553,0.0446
Herato0801,7950001,8000000,7972388,31466,1900,22.0981,19.554,0.0611,0.0122,0.0105
Herato0801,8000001,8050000,8025971,34483,2181,30.7049,26.1271,0.0805,0.019,0.0167
Herato0801,8050001,8100000,8074795,36283,2851,54.0018,52.4186,0.0149,0.0069,0.0055
Herato0801,8100001,8150000,8122412,33893,2032,23.5939,21.8239,0.039,0.0106,0.0088
Herato0801,8150001,8200000,8175693,35051,2252,28.2884,33.2901,-0.0812,-0.0247,-0.0201
Herato0801,8200001,8250000,8223307,34992,1788,16.0626,14.2999,0.0581,0.0085,0.0074
Herato0801,8250001,8300000,8276688,37603,1456,24.2074,17.6863,0.1557,0.0338,0.0303
Herato0801,8300001,8350000,8325040,37818,2532,41.1716,41.7133,-0.0065,-0.0019,-0.0017
Herato0801,8350001,8400000,8375640,35762,2433,29.8642,23.8143,0.1127,0.0231,0.0199
Herato0801,8400001,8450000,8424947,36192,2396,34.9287,28.3554,0.1039,0.026,0.0229
Herato0801,8450001,8500000,8475151,35345,2273,42.0374,42.5094,-0.0056,-0.002,-0.0016
Herato0801,8500001,8550000,8524155,32396,1620,17.9482,16.9632,0.0282,0.0067,0.0056
Herato0801,8550001,8600000,8575728,34475,2137,31.7275,41.437,-0.1327,-0.0614,-0.0461
Herato0801,8600001,8650000,8625221,34344,2017,30.7457,31.3444,-0.0096,-0.0032,-0.0027
Herato0801,8650001,8700000,8674578,31106,1711,25.244,22.4391,0.0588,0.0169,0.0142
Herato0801,8700001,8750000,8725317,35273,2207,33.0972,27.193,0.0979,0.0311,0.0253
Herato0801,8750001,8800000,8775211,34989,1797,25.753,23.5113,0.0455,0.0109,0.0094
Herato0801,8800001,8850000,8824424,29590,1603,18.9412,16.877,0.0576,0.014,0.0118
Herato0801,8850001,8900000,8875831,37059,2309,30.8015,30.4587,0.0056,0.0017,0.0014
Herato0801,8900001,8950000,8926786,33983,1917,27.5826,28.443,-0.0154,-0.0036,-0.0031
Herato0801,8950001,9000000,8976364,35152,1584,21.0025,21.1051,-0.0024,-0.0006,-0.0005
Herato0801,9000001,9050000,9025306,37226,2168,28.621,31.7756,-0.0522,-0.0143,-0.0123
Herato0801,9050001,9100000,9074550,34439,1782,26.7768,22.6861,0.0827,0.0246,0.0204
Herato0801,9100001,9150000,9127633,27462,1914,22.5706,21.4155,0.0263,0.0076,0.0064
Herato0801,9150001,9200000,9174937,32907,2220,20.5158,17.3365,0.084,0.0165,0.0144
Herato0801,9200001,9250000,9224678,30341,1996,20.4477,19.6264,0.0205,0.0052,0.0044
Herato0801,9250001,9300000,9261470,14420,685,7.226,6.7745,0.0322,0.01,0.0087
Herato0802,1,50000,17021,17547,374,2.9376,3.6685,-0.1106,-0.0361,-0.0289
Herato0803,1,50000,24194,28459,1672,11.6659,13.8065,-0.084,-0.0285,-0.022
Herato0803,50001,100000,72821,27713,811,6.9706,6.2228,0.0567,0.0151,0.0125
Herato0803,100001,150000,117620,19288,542,3.4982,2.7812,0.1142,0.0348,0.0237
Herato0804,1,50000,24377,26905,1255,11.1323,12.0831,-0.041,-0.0154,-0.0123
Herato0804,50001,100000,66266,17029,674,8.9086,7.6324,0.0772,0.0379,0.0278
Herato0805,1,50000,16521,17060,466,3.6727,3.5827,0.0124,0.0033,0.0025
Herato0806,1,50000,26409,24375,984,10.2236,6.2162,0.2438,0.0722,0.0628
Herato0806,50001,100000,67368,17671,291,2.0612,2.0434,0.0043,0.0011,0.0009
Herato0807,1,50000,24441,29699,1028,10.4482,8.8106,0.085,0.0282,0.0222
Herato0807,50001,100000,74727,29513,1131,9.4566,8.7259,0.0402,0.0127,0.0101
Herato0807,100001,150000,119331,19753,462,4.3296,4.4708,-0.016,-0.0047,-0.0037
Herato0808,1,50000,26039,28636,535,3.2007,4.1761,-0.1322,-0.0304,-0.0235
Herato0808,50001,100000,73282,29289,703,7.0578,7.6421,-0.0397,-0.0194,-0.0154
Herato0808,100001,150000,114961,14650,366,1.7006,1.6916,0.0026,0.0005,0.0004
Herato0809,1,50000,26386,28842,634,4.8193,4.2697,0.0605,0.0169,0.0138
Herato0810,1,50000,23885,29640,1566,9.9808,10.26,-0.0138,-0.0032,-0.0026
Herato0811,1,50000,18175,19443,1037,12.0851,9.5443,0.1175,0.0498,0.0412
Herato0812,1,50000,23077,24014,784,5.8789,4.7743,0.1037,0.0333,0.0263
Herato0813,1,50000,11195,11403,349,1.7777,2.1865,-0.1031,-0.024,-0.0195
Herato0814,1,50000,25446,28132,742,9.7563,8.2937,0.081,0.0509,0.0396
Herato0815,1,50000,14346,15175,296,2.6807,1.7826,0.2012,0.0727,0.056
Herato0818,1,50000,23636,26129,514,4.1115,4.9515,-0.0927,-0.0319,-0.026
Herato0819,1,50000,25493,20591,540,3.4769,3.8504,-0.051,-0.0157,-0.0119
Herato0819,50001,100000,75844,24997,619,3.5517,3.8294,-0.0376,-0.0095,-0.0081
Herato0820,1,50000,23905,26707,808,6.5866,5.2439,0.1135,0.0292,0.0239
Herato0821,1,50000,25939,32065,1782,24.7702,26.1433,-0.027,-0.0088,-0.0072
Herato0821,50001,100000,75026,35174,3026,48.5841,48.8504,-0.0027,-0.001,-0.0008
Herato0821,100001,150000,124355,35264,2254,47.1402,41.5805,0.0627,0.0317,0.0254
Herato0821,150001,200000,174963,34602,2192,35.0921,34.932,0.0023,0.0008,0.0007
Herato0821,200001,250000,224747,37562,2178,23.7799,24.8062,-0.0211,-0.0042,-0.0036
Herato0821,250001,300000,275952,37282,2483,42.7523,41.8294,0.0109,0.0035,0.0029
Herato0821,300001,350000,324355,36271,2726,47.2414,44.3121,0.032,0.0127,0.0103
Herato0821,350001,400000,374045,33129,2252,28.7572,29.3179,-0.0097,-0.0038,-0.003
Herato0821,400001,450000,425014,34915,2139,26.4711,31.4456,-0.0859,-0.0251,-0.0207
Herato0821,450001,500000,475322,35670,2625,42.4705,34.6991,0.1007,0.0416,0.0327
Herato0821,500001,550000,525068,34983,2202,32.589,34.7041,-0.0314,-0.013,-0.0102
Herato0821,550001,600000,574803,33381,2592,44.7295,39.929,0.0567,0.0204,0.0168
Herato0821,600001,650000,624281,34161,1724,13.9458,17.36,-0.1091,-0.0201,-0.0167
Herato0821,650001,700000,675067,34077,1605,19.0821,15.5883,0.1008,0.0236,0.0201
Herato0821,700001,750000,724543,33963,2075,29.2576,29.2715,-0.0002,-0.0001,-0.0001
Herato0821,750001,800000,775337,33534,2273,28.76,29.4117,-0.0112,-0.0027,-0.0023
Herato0821,800001,850000,825456,34564,2708,35.777,37.8085,-0.0276,-0.0103,-0.008
Herato0821,850001,900000,872540,31657,2287,33.1554,33.3563,-0.003,-0.0011,-0.0009
Herato0821,900001,950000,926051,32855,2693,38.0329,40.8475,-0.0357,-0.0125,-0.0102
Herato0821,950001,1000000,973554,33315,2771,40.2832,43.7184,-0.0409,-0.0169,-0.0134
Herato0821,1000001,1050000,1025483,29467,1932,24.9174,24.0185,0.0184,0.0064,0.0049
Herato0821,1050001,1100000,1075530,35279,2629,31.4997,34.2056,-0.0412,-0.0139,-0.0111
Herato0821,1100001,1150000,1125473,34437,2360,31.4532,32.3658,-0.0143,-0.0043,-0.0035
Herato0821,1150001,1200000,1175493,38470,2321,31.3003,38.4072,-0.102,-0.0386,-0.0309
Herato0821,1200001,1250000,1224366,33852,1838,25.0055,22.7828,0.0465,0.0161,0.0135
Herato0821,1250001,1300000,1276436,32255,1829,37.6415,24.498,0.2115,0.1214,0.0945
Herato0821,1300001,1350000,1330052,17666,1033,22.8315,11.8396,0.317,0.1468,0.1169
Herato0821,1350001,1400000,1376117,30887,1375,28.24,16.7768,0.2546,0.1016,0.0798
Herato0821,1400001,1450000,1424688,26891,1576,36.2552,25.7823,0.1688,0.0789,0.0616
Herato0821,1450001,1500000,1472863,31108,1733,34.5691,20.0062,0.2668,0.115,0.0945
Herato0821,1500001,1550000,1526723,30227,498,9.0139,6.3569,0.1729,0.1066,0.075
Herato0821,1550001,1600000,1574619,35175,2575,58.1862,35.6744,0.2398,0.1027,0.0832
Herato0821,1600001,1650000,1624350,29592,2169,44.3468,29.2851,0.2046,0.0842,0.0671
Herato0821,1650001,1700000,1676341,29412,1644,37.9538,23.3165,0.2389,0.0936,0.0741
Herato0821,1700001,1750000,1724542,32225,1954,39.8509,21.5287,0.2985,0.1462,0.1157
Herato0821,1750001,1800000,1774757,32319,2027,49.5991,28.5498,0.2693,0.1223,0.0997
Herato0821,1800001,1850000,1825625,33309,1822,37.4757,22.357,0.2527,0.0774,0.0637
Herato0821,1850001,1900000,1876316,35940,2271,35.3207,23.2798,0.2055,0.0708,0.0565
Herato0821,1900001,1950000,1922478,30384,2007,60.8639,34.3341,0.2787,0.119,0.0965
Herato0821,1950001,2000000,1974929,35920,2384,70.6012,36.2198,0.3219,0.147,0.1214
Herato0821,2000001,2050000,2025322,36197,2853,60.6696,42.6992,0.1738,0.0718,0.0591
Herato0821,2050001,2100000,2075096,34239,2604,53.8579,33.3692,0.2349,0.1155,0.0899
Herato0821,2100001,2150000,2126112,37528,2595,67.1759,33.9295,0.3288,0.1328,0.11
Herato0821,2150001,2200000,2174656,40580,3230,70.2685,45.362,0.2154,0.1073,0.0858
Herato0821,2200001,2250000,2224952,37752,3426,56.135,51.4298,0.0437,0.022,0.017
Herato0821,2250001,2300000,2275116,37623,3384,45.2996,44.8572,0.0049,0.0021,0.0016
Herato0821,2300001,2350000,2324647,37605,3567,59.1754,54.601,0.0402,0.0172,0.0137
Herato0821,2350001,2400000,2375149,36937,2984,39.8365,43.2376,-0.0409,-0.0151,-0.0122
Herato0821,2400001,2450000,2424795,33178,2470,39.8017,36.469,0.0437,0.0164,0.0135
Herato0821,2450001,2500000,2474318,33241,2685,41.5192,47.7101,-0.0694,-0.0285,-0.0228
Herato0821,2500001,2550000,2524646,34299,2191,29.3749,33.4121,-0.0643,-0.0151,-0.0132
Herato0821,2550001,2600000,2574030,32875,2355,29.978,30.0438,-0.0011,-0.0003,-0.0002
Herato0821,2600001,2650000,2625001,36331,2381,28.8054,28.036,0.0135,0.0037,0.0031
Herato0821,2650001,2700000,2675311,37423,2704,35.2209,38.2538,-0.0413,-0.0138,-0.011
Herato0821,2700001,2750000,2725064,35931,2286,34.5314,28.7235,0.0918,0.0326,0.026
Herato0821,2750001,2800000,2775584,33136,2059,30.2976,30.691,-0.0064,-0.0019,-0.0016
Herato0821,2800001,2850000,2824460,37555,2137,26.8398,28.6551,-0.0327,-0.01,-0.0083
Herato0821,2850001,2900000,2875327,36022,2822,41.5756,44.7785,-0.0371,-0.0142,-0.0115
Herato0821,2900001,2950000,2924490,36694,2757,32.4075,37.8066,-0.0769,-0.0207,-0.0172
Herato0821,2950001,3000000,2973108,35597,2020,16.7121,15.5902,0.0347,0.0051,0.0045
Herato0821,3000001,3050000,3025390,37191,2591,25.8765,24.8319,0.0206,0.0039,0.0033
Herato0821,3050001,3100000,3072590,33646,2135,17.4565,19.2145,-0.0479,-0.0068,-0.006
Herato0821,3100001,3150000,3125324,32677,1265,13.177,15.249,-0.0729,-0.0107,-0.0091
Herato0821,3150001,3200000,3174205,37392,2389,15.3815,16.3734,-0.0312,-0.003,-0.0028
Herato0821,3200001,3250000,3224656,34574,1800,18.8959,16.6128,0.0643,0.0135,0.0113
Herato0821,3250001,3300000,3275665,35013,2175,21.2062,24.2795,-0.0676,-0.0121,-0.0104
Herato0821,3300001,3350000,3324739,35946,2121,20.3111,20.4536,-0.0035,-0.0005,-0.0004
Herato0821,3350001,3400000,3371534,27069,1779,25.1545,24.7347,0.0084,0.0024,0.002
Herato0821,3400001,3450000,3425037,37058,2859,33.4013,27.2363,0.1017,0.0199,0.0173
Herato0821,3450001,3500000,3474728,35281,2038,11.0361,9.6169,0.0687,0.0049,0.0044
Herato0821,3500001,3550000,3512003,19479,813,2.156,3.6728,-0.2602,-0.0256,-0.0225
