scaffold,start,end,mid,sites,sitesUsed,ABBA,BABA,D,fd,fdM
Herato1201,1,50000,25084,35444,3318,60.8525,58.2559,0.0218,0.0109,0.0085
Herato1201,50001,100000,74864,36763,3653,57.6718,59.6775,-0.0171,-0.009,-0.007
Herato1201,100001,150000,125219,37295,3510,61.017,53.7936,0.0629,0.0314,0.0248
Herato1201,150001,200000,174883,33801,3205,51.0176,60.748,-0.0871,-0.0486,-0.036
Herato1201,200001,250000,225393,35276,3606,60.5622,55.4112,0.0444,0.0312,0.0224
Herato1201,250001,300000,275918,33269,3512,57.898,58.3891,-0.0042,-0.0021,-0.0016
Herato1201,300001,350000,326132,36748,3525,57.1877,60.7613,-0.0303,-0.0162,-0.0122
Herato1201,350001,400000,374492,38481,3217,44.0648,47.6975,-0.0396,-0.0154,-0.0125
Herato1201,400001,450000,421297,29552,2845,38.8603,52.2431,-0.1469,-0.1352,-0.0901
Herato1201,450001,500000,476093,31432,2823,47.3422,45.2235,0.0229,0.0203,0.0149
Herato1201,500001,550000,525700,36037,3480,59.1396,61.9863,-0.0235,-0.0219,-0.0155
Herato1201,550001,600000,575073,38190,3016,53.8471,56.2372,-0.0217,-0.0163,-0.0117
Herato1201,600001,650000,625588,39846,1573,14.9743,15.2798,-0.0101,-0.0026,-0.0023
Herato1202,1,50000,25205,36268,3022,63.2835,50.7811,0.1096,0.062,0.0482
Herato1202,50001,100000,75021,40614,3110,43.9899,67.5035,-0.2109,-0.09,-0.0723
Herato1202,100001,150000,124280,38785,3663,72.7315,65.9662,0.0488,0.0281,0.0219
Herato1202,150001,200000,173556,33392,3580,61.603,59.0324,0.0213,0.0097,0.0076
Herato1202,200001,250000,223743,36939,3186,50.3179,48.2031,0.0215,0.0088,0.0072
Herato1202,250001,300000,275288,36407,2856,43.5765,50.6797,-0.0754,-0.0294,-0.0231
Herato1202,300001,350000,325512,36944,1741,37.1167,34.5552,0.0357,0.013,0.0109
Herato1202,350001,400000,374774,37313,3171,68.7523,66.9589,0.0132,0.0066,0.0051
Herato1202,400001,450000,424701,37096,4288,76.1127,77.0359,-0.006,-0.0025,-0.002
Herato1202,450001,500000,474729,34746,3505,52.3451,49.609,0.0268,0.0101,0.008
Herato1202,500001,550000,525094,35457,3537,61.4756,69.7134,-0.0628,-0.0269,-0.0212
Herato1202,550001,600000,574861,33130,2154,34.9473,40.6018,-0.0748,-0.0305,-0.0241
Herato1202,600001,650000,625568,24717,959,16.4482,12.324,0.1433,0.0463,0.0389
Herato1202,650001,700000,673957,31096,2200,45.2536,33.7462,0.1457,0.0586,0.0491
Herato1202,700001,750000,726671,29774,1543,28.4843,26.5213,0.0357,0.0141,0.0114
Herato1202,750001,800000,775660,35572,3086,51.1922,54.6848,-0.033,-0.014,-0.011
Herato1202,800001,850000,825304,35259,3714,70.0784,63.1743,0.0518,0.0264,0.0203
Herato1202,850001,900000,871781,20044,909,14.766,11.7472,0.1139,0.0478,0.0394
Herato1202,900001,950000,926545,33406,2415,39.3091,30.5363,0.1256,0.0554,0.0437
Herato1202,950001,1000000,974958,35547,3467,60.3386,60.528,-0.0016,-0.0007,-0.0005
Herato1202,1000001,1050000,1026301,32824,3305,47.7492,50.5286,-0.0283,-0.0162,-0.0119
Herato1202,1050001,1100000,1075510,31957,2534,47.071,48.9048,-0.0191,-0.0088,-0.0067
Herato1202,1100001,1150000,1124792,35647,3674,58.5721,61.2393,-0.0223,-0.0118,-0.0089
Herato1202,1150001,1200000,1174972,35655,3629,50.3498,55.3966,-0.0477,-0.0213,-0.0164
Herato1202,1200001,1250000,1225224,34611,3878,67.4865,60.126,0.0577,0.0254,0.02
Herato1202,1250001,1300000,1275293,33917,3722,55.1959,57.7776,-0.0229,-0.0102,-0.0079
Herato1202,1300001,1350000,1325135,34113,3053,64.4231,58.1086,0.0515,0.0242,0.0191
Herato1202,1350001,1400000,1376149,30299,2277,45.8057,41.2295,0.0526,0.0232,0.0176
Herato1202,1400001,1450000,1426699,32777,2627,47.6824,46.5412,0.0121,0.0048,0.0038
Herato1202,1450001,1500000,1474854,37935,3880,75.2401,69.7499,0.0379,0.0267,0.0193
Herato1202,1500001,1550000,1525153,38124,4303,93.2382,89.7601,0.019,0.011,0.0084
Herato1202,1550001,1600000,1575058,37830,3379,65.1632,66.9507,-0.0135,-0.0062,-0.0048
Herato1202,1600001,1650000,1623484,37627,3118,64.7134,66.6307,-0.0146,-0.0101,-0.0073
Herato1202,1650001,1700000,1676315,38548,3034,72.925,58.8573,0.1067,0.0581,0.0467
Herato1202,1700001,1750000,1725042,35557,4029,75.7886,72.9167,0.0193,0.0114,0.0085
Herato1202,1750001,1800000,1776416,31934,4329,75.6081,73.0463,0.0172,0.0105,0.0078
Herato1202,1800001,1850000,1824693,34956,3584,47.3101,48.7472,-0.015,-0.0066,-0.0051
Herato1202,1850001,1900000,1874859,34957,3399,46.1119,40.8514,0.0605,0.0259,0.0202
Herato1202,1900001,1950000,1924981,35395,3298,66.3621,61.1622,0.0408,0.0196,0.0157
Herato1202,1950001,2000000,1975586,30761,3826,64.1546,72.476,-0.0609,-0.0352,-0.0256
Herato1202,2000001,2050000,2025253,34502,3892,64.2046,61.8954,0.0183,0.0094,0.0071
Herato1202,2050001,2100000,2075236,34693,4113,66.6876,68.7473,-0.0152,-0.0079,-0.006
Herato1202,2100001,2150000,2124757,36023,3579,59.5993,53.9684,0.0496,0.0275,0.0205
Herato1202,2150001,2200000,2176222,30812,2427,41.072,36.705,0.0561,0.034,0.0251
Herato1202,2200001,2250000,2224962,37798,3568,79.3285,54.4527,0.1859,0.0872,0.0695
Herato1202,2250001,2300000,2275284,37663,4200,71.7667,71.8495,-0.0006,-0.0003,-0.0002
Herato1202,2300001,2350000,2324730,36723,4081,57.2174,58.5455,-0.0115,-0.0058,-0.0044
Herato1202,2350001,2400000,2373877,36926,4041,58.3355,59.0903,-0.0064,-0.0028,-0.0022
Herato1202,2400001,2450000,2424789,36632,3773,60.9573,61.0839,-0.001,-0.0004,-0.0003
Herato1202,2450001,2500000,2474931,34497,3671,57.1826,62.487,-0.0443,-0.0192,-0.0146
Herato1202,2500001,2550000,2525344,34177,3768,54.3761,62.8834,-0.0726,-0.0332,-0.0249
Herato1202,2550001,2600000,2575532,32259,2898,41.3656,47.0019,-0.0638,-0.023,-0.0183
Herato1202,2600001,2650000,2625398,36694,3722,64.043,60.608,0.0276,0.0123,0.0095
Herato1202,2650001,2700000,2674976,34498,3380,50.9745,47.937,0.0307,0.0133,0.0106
Herato1202,2700001,2750000,2725290,32471,2666,42.9897,45.3556,-0.0268,-0.0137,-0.0104
Herato1202,2750001,2800000,2774737,34450,3054,49.7696,47.242,0.0261,0.01,0.0082
Herato1202,2800001,2850000,2821192,26772,1996,31.2126,34.7601,-0.0538,-0.0221,-0.0173
Herato1202,2850001,2900000,2877350,32168,3099,51.3569,56.6323,-0.0489,-0.0217,-0.0172
Herato1202,2900001,2950000,2924891,35753,3990,60.9678,61.0277,-0.0005,-0.0002,-0.0002
Herato1202,2950001,3000000,2974739,36866,3585,64.7427,61.7878,0.0234,0.0141,0.0106
Herato1202,3000001,3050000,3025147,34196,3479,54.7914,52.6732,0.0197,0.0111,0.0083
Herato1202,3050001,3100000,3074799,36786,4226,70.0961,66.3186,0.0277,0.0157,0.0119
Herato1202,3100001,3150000,3125736,38024,3966,66.7343,68.9867,-0.0166,-0.0105,-0.0079
Herato1202,3150001,3200000,3175016,35187,3811,60.3945,61.593,-0.0098,-0.0061,-0.0045
Herato1202,3200001,3250000,3224920,36823,3982,60.7353,58.0856,0.0223,0.0107,0.0085
Herato1202,3250001,3300000,3275278,36851,4207,59.5076,61.3509,-0.0153,-0.0079,-0.0059
Herato1202,3300001,3350000,3329550,25467,2380,35.4167,41.1391,-0.0747,-0.0334,-0.0259
Herato1202,3350001,3400000,3374299,36628,3875,57.9881,52.9985,0.045,0.022,0.0174
Herato1202,3400001,3450000,3425646,34141,3845,58.9748,62.2745,-0.0272,-0.0127,-0.01
Herato1202,3450001,3500000,3474904,36518,4160,70.9936,65.9195,0.0371,0.022,0.0164
Herato1202,3500001,3550000,3525502,28586,2234,42.2069,42.3293,-0.0014,-0.0006,-0.0005
Herato1202,3550001,3600000,3574478,37408,4024,63.6513,63.4307,0.0017,0.0009,0.0007
Herato1202,3600001,3650000,3624739,35936,4131,67.199,64.112,0.0235,0.0151,0.0113
Herato1202,3650001,3700000,3675221,36603,4662,75.4442,75.4782,-0.0002,-0.0001,-0.0001
Herato1202,3700001,3750000,3724677,34674,3685,71.2337,62.1258,0.0683,0.0309,0.0249
Herato1202,3750001,3800000,3775395,34511,2993,56.6904,46.797,0.0956,0.0498,0.0391
Herato1202,3800001,3850000,3824996,37642,3719,72.2461,61.1064,0.0835,0.0411,0.0326
Herato1202,3850001,3900000,3874577,36189,3471,62.0694,62.2533,-0.0015,-0.0007,-0.0006
Herato1202,3900001,3950000,3925881,37810,3231,57.864,55.3632,0.0221,0.0118,0.0092
Herato1202,3950001,4000000,3974888,39299,3197,47.3118,42.381,0.055,0.0207,0.0168
Herato1202,4000001,4050000,4024343,34056,3460,65.5831,53.9788,0.0971,0.0487,0.0388
Herato1202,4050001,4100000,4075049,35615,3358,58.9058,69.1531,-0.08,-0.0392,-0.0297
Herato1202,4100001,4150000,4125233,37197,3632,58.0448,71.726,-0.1054,-0.0477,-0.0373
Herato1202,4150001,4200000,4174280,36431,2903,47.3184,41.7169,0.0629,0.0206,0.0176
Herato1202,4200001,4250000,4224777,35301,3667,61.3153,60.7719,0.0045,0.0021,0.0017
Herato1202,4250001,4300000,4275144,36236,3614,72.6112,64.2389,0.0612,0.026,0.0211
Herato1202,4300001,4350000,4324148,37432,3161,60.0959,55.9995,0.0353,0.0211,0.0159
Herato1202,4350001,4400000,4375845,33564,3229,47.1858,52.5536,-0.0538,-0.0248,-0.0198
Herato1202,4400001,4450000,4424448,35286,2960,43.8576,38.1467,0.0696,0.0229,0.0189
Herato1202,4450001,4500000,4474361,38083,3085,46.9261,45.6786,0.0135,0.0052,0.0042
Herato1202,4500001,4550000,4523470,31467,3285,46.5312,45.9527,0.0063,0.0027,0.0021
Herato1202,4550001,4600000,4575193,34884,4051,70.7741,70.9846,-0.0015,-0.0008,-0.0006
Herato1202,4600001,4650000,4626365,36443,3514,59.7509,71.7551,-0.0913,-0.0473,-0.0352
Herato1202,4650001,4700000,4674857,40471,2941,52.5957,46.5416,0.0611,0.0295,0.0223
Herato1202,4700001,4750000,4724572,38894,2837,60.9735,64.5637,-0.0286,-0.0113,-0.0089
Herato1202,4750001,4800000,4774999,34830,3683,71.4857,67.3088,0.0301,0.0138,0.0112
Herato1202,4800001,4850000,4825036,37052,3398,54.4002,62.5308,-0.0695,-0.0359,-0.0275
Herato1202,4850001,4900000,4875882,36629,3408,57.0329,61.5333,-0.038,-0.0188,-0.0146
Herato1202,4900001,4950000,4925032,35482,3412,67.0594,57.2108,0.0793,0.0403,0.0316
Herato1202,4950001,5000000,4974681,35666,3968,84.5638,62.586,0.1494,0.0841,0.0646
Herato1202,5000001,5050000,5025255,37086,3586,65.665,53.9125,0.0983,0.0445,0.0349
Herato1202,5050001,5100000,5073188,36098,3000,47.0022,52.3874,-0.0542,-0.022,-0.0181
Herato1202,5100001,5150000,5125386,38904,3453,48.8298,52.8675,-0.0397,-0.0165,-0.0132
Herato1202,5150001,5200000,5174975,37667,3707,68.4326,77.3672,-0.0613,-0.0308,-0.0247
Herato1202,5200001,5250000,5225113,36582,3988,65.8387,68.2149,-0.0177,-0.0081,-0.0064
Herato1202,5250001,5300000,5277756,34122,2664,42.6505,43.8465,-0.0138,-0.0073,-0.0056
Herato1202,5300001,5350000,5324486,37739,3391,54.078,54.4513,-0.0034,-0.0015,-0.0012
Herato1202,5350001,5400000,5375003,34400,3574,61.4479,55.5958,0.05,0.0252,0.0198
Herato1202,5400001,5450000,5425451,36061,3434,66.6287,64.8805,0.0133,0.0059,0.0047
Herato1202,5450001,5500000,5475064,37279,3704,62.5945,68.5214,-0.0452,-0.0202,-0.0162
Herato1202,5500001,5550000,5525543,36511,3811,67.744,65.5259,0.0166,0.008,0.0063
Herato1202,5550001,5600000,5575309,36593,3653,50.7581,54.6336,-0.0368,-0.0119,-0.0096
Herato1202,5600001,5650000,5623696,36052,2013,65.9908,45.2447,0.1865,0.1316,0.1059
Herato1202,5650001,5700000,5676869,30995,1103,27.0859,15.1299,0.2832,0.2243,0.1687
Herato1202,5700001,5750000,5725457,36244,3353,60.2366,55.8116,0.0381,0.019,0.0151
Herato1202,5750001,5800000,5774662,35513,3360,57.5706,50.9908,0.0606,0.0246,0.0203
Herato1202,5800001,5850000,5829525,28559,2598,43.9272,41.0378,0.034,0.0149,0.0121
Herato1202,5850001,5900000,5875135,33661,3816,68.9534,70.0819,-0.0081,-0.0044,-0.0034
Herato1202,5900001,5950000,5924190,34085,3625,57.611,54.8844,0.0242,0.0119,0.0093
Herato1202,5950001,6000000,5974578,34670,2915,56.7043,49.6747,0.0661,0.0304,0.0242
Herato1202,6000001,6050000,6024733,35607,3130,42.361,42.1103,0.003,0.0011,0.0009
Herato1202,6050001,6100000,6075638,34935,3292,45.3826,57.3993,-0.1169,-0.0536,-0.0413
Herato1202,6100001,6150000,6124548,36490,2764,52.753,59.9056,-0.0635,-0.0318,-0.0256
Herato1202,6150001,6200000,6174492,35170,1942,30.9577,30.4297,0.0086,0.0042,0.0032
Herato1202,6200001,6250000,6224513,36825,2237,37.5293,33.0181,0.0639,0.0362,0.0278
Herato1202,6250001,6300000,6277506,31703,1761,27.31,29.4201,-0.0372,-0.0125,-0.0098
Herato1202,6300001,6350000,6326587,27536,1573,28.1099,24.7597,0.0634,0.032,0.0233
Herato1202,6350001,6400000,6374259,33190,1744,28.0099,33.1664,-0.0843,-0.0325,-0.0261
Herato1202,6400001,6450000,6425109,30562,1404,25.2649,19.4357,0.1304,0.0473,0.0382
Herato1202,6450001,6500000,6474151,33408,1745,31.6439,32.1254,-0.0076,-0.0036,-0.0029
Herato1202,6500001,6550000,6524091,34136,2467,42.4261,35.3282,0.0913,0.0437,0.0352
Herato1202,6550001,6600000,6577448,30256,2046,27.5025,30.9361,-0.0588,-0.0222,-0.0177
Herato1202,6600001,6650000,6624878,34807,3292,49.2899,50.2168,-0.0093,-0.0036,-0.003
Herato1202,6650001,6700000,6674832,34310,3114,48.3193,48.5868,-0.0028,-0.0011,-0.0009
Herato1202,6700001,6750000,6724752,34575,3449,52.2654,53.4993,-0.0117,-0.0044,-0.0036
Herato1202,6750001,6800000,6774892,31798,3281,62.0724,53.7487,0.0719,0.0317,0.026
Herato1202,6800001,6850000,6824593,32851,3160,46.9604,46.4276,0.0057,0.002,0.0017
Herato1202,6850001,6900000,6875399,33419,2861,43.5113,43.469,0.0005,0.0002,0.0002
Herato1202,6900001,6950000,6924674,33759,3115,44.9675,56.1659,-0.1107,-0.0451,-0.0354
Herato1202,6950001,7000000,6974939,35534,3546,55.8848,56.4687,-0.0052,-0.0023,-0.0018
Herato1202,7000001,7050000,7024784,36233,3398,53.9553,59.5157,-0.049,-0.021,-0.017
Herato1202,7050001,7100000,7075577,35511,2501,45.8285,47.0981,-0.0137,-0.0061,-0.005
Herato1202,7100001,7150000,7125034,36216,4220,61.1903,58.1128,0.0258,0.0113,0.0091
Herato1202,7150001,7200000,7175420,36920,4154,43.7783,48.8682,-0.0549,-0.0245,-0.0187
Herato1202,7200001,7250000,7224926,34968,4336,59.232,56.7699,0.0212,0.01,0.0077
Herato1202,7250001,7300000,7275441,33134,3146,49.1188,45.882,0.0341,0.0136,0.0113
Herato1202,7300001,7350000,7325017,35297,3530,57.2918,60.5844,-0.0279,-0.0137,-0.0108
Herato1202,7350001,7400000,7376022,34767,3338,49.7725,42.4515,0.0794,0.0334,0.0272
Herato1202,7400001,7450000,7425133,34172,2988,44.2595,52.1321,-0.0817,-0.036,-0.0287
Herato1202,7450001,7500000,7473826,34197,3725,51.7805,57.4794,-0.0522,-0.0256,-0.02
Herato1202,7500001,7550000,7524397,36353,4242,68.4616,65.6669,0.0208,0.0093,0.0075
Herato1202,7550001,7600000,7575448,33687,3634,65.5733,64.8249,0.0057,0.0033,0.0025
Herato1202,7600001,7650000,7624793,36396,3617,72.2223,59.6473,0.0954,0.0434,0.0338
Herato1202,7650001,7700000,7673947,38471,3776,81.059,79.5487,0.0094,0.0044,0.0036
Herato1202,7700001,7750000,7725415,35915,4347,65.7108,69.9996,-0.0316,-0.0174,-0.0134
Herato1202,7750001,7800000,7773246,32904,2973,55.7445,62.7778,-0.0593,-0.0373,-0.0289
Herato1202,7800001,7850000,7824229,37731,4006,68.277,76.3647,-0.0559,-0.0222,-0.0178
Herato1202,7850001,7900000,7874619,36693,4238,63.6177,66.6005,-0.0229,-0.0089,-0.0073
Herato1202,7900001,7950000,7925020,34208,3282,58.2586,56.9813,0.0111,0.005,0.0039
Herato1202,7950001,8000000,7974521,35233,4008,67.7807,60.6194,0.0558,0.0257,0.0209
Herato1202,8000001,8050000,8025479,34817,3970,64.0157,69.116,-0.0383,-0.0189,-0.0147
Herato1202,8050001,8100000,8075010,35136,3292,58.2755,47.3353,0.1036,0.0537,0.0419
Herato1202,8100001,8150000,8124813,38999,3607,54.0801,57.4844,-0.0305,-0.0149,-0.0118
Herato1202,8150001,8200000,8174665,36284,3599,57.2726,60.8718,-0.0305,-0.0135,-0.0107
Herato1202,8200001,8250000,8225185,35318,1127,16.7896,17.8555,-0.0308,-0.0124,-0.0096
Herato1202,8250001,8300000,8274584,30232,2460,34.4783,32.4417,0.0304,0.0123,0.0096
Herato1202,8300001,8350000,8324031,33226,2338,39.3583,43.3561,-0.0483,-0.024,-0.0177
Herato1202,8350001,8400000,8376991,31927,2129,29.325,26.7565,0.0458,0.0208,0.016
Herato1202,8400001,8450000,8425156,34201,3134,47.2915,42.1783,0.0572,0.0241,0.0192
Herato1202,8450001,8500000,8473130,32892,2632,51.3959,44.9284,0.0671,0.0388,0.0303
Herato1202,8500001,8550000,8524854,35716,3021,49.4503,43.1907,0.0676,0.0294,0.0238
Herato1202,8550001,8600000,8575409,37416,2403,36.5627,40.2107,-0.0475,-0.0242,-0.0188
Herato1202,8600001,8650000,8624581,35945,3069,53.7951,54.338,-0.005,-0.002,-0.0016
Herato1202,8650001,8700000,8672121,28194,2537,32.5663,31.2198,0.0211,0.0076,0.0061
Herato1202,8700001,8750000,8725290,33277,2407,41.7883,40.9403,0.0103,0.0041,0.0032
Herato1202,8750001,8800000,8774094,34426,2974,46.0727,45.6052,0.0051,0.0022,0.0017
Herato1202,8800001,8850000,8825736,32062,2364,36.0198,33.7827,0.032,0.0131,0.0107
Herato1202,8850001,8900000,8874820,33704,3221,43.4963,44.2008,-0.008,-0.0035,-0.0027
Herato1202,8900001,8950000,8923981,33716,2729,37.4186,38.3444,-0.0122,-0.0056,-0.0042
Herato1202,8950001,9000000,8974494,32225,2957,38.5829,37.105,0.0195,0.0062,0.0052
Herato1202,9000001,9050000,9025194,34750,3672,62.6664,55.9142,0.0569,0.026,0.021
Herato1202,9050001,9100000,9075402,35484,3694,52.0482,49.1097,0.029,0.0105,0.0086
Herato1202,9100001,9150000,9125090,34714,4158,63.2693,67.3274,-0.0311,-0.0148,-0.0114
Herato1202,9150001,9200000,9176189,31292,3000,52.737,51.8771,0.0082,0.003,0.0025
Herato1202,9200001,9250000,9222544,29518,1814,39.9858,47.0308,-0.081,-0.0474,-0.0357
Herato1202,9250001,9300000,9274766,38087,2865,51.3083,46.0906,0.0536,0.0248,0.0192
Herato1202,9300001,9350000,9325347,36057,4087,78.1119,78.7337,-0.004,-0.0017,-0.0013
Herato1202,9350001,9400000,9374831,37051,2868,54.9906,60.1379,-0.0447,-0.0207,-0.0153
Herato1202,9400001,9450000,9425109,36560,4158,68.9977,69.2402,-0.0018,-0.0007,-0.0006
Herato1202,9450001,9500000,9474882,33935,2915,44.3671,47.8348,-0.0376,-0.0136,-0.011
Herato1202,9500001,9550000,9526064,39340,2479,41.314,37.5657,0.0475,0.0152,0.0127
Herato1202,9550001,9600000,9575067,35734,3332,56.1303,57.2639,-0.01,-0.004,-0.0032
Herato1202,9600001,9650000,9624670,35317,3621,63.7282,59.4159,0.035,0.0147,0.0118
Herato1202,9650001,9700000,9675567,34767,3359,52.7432,56.9035,-0.0379,-0.0174,-0.0135
Herato1202,9700001,9750000,9725354,37402,3112,56.795,56.0679,0.0064,0.0028,0.0022
Herato1202,9750001,9800000,9774852,35321,3471,62.5666,53.6664,0.0766,0.0344,0.0278
Herato1202,9800001,9850000,9824950,35996,3838,64.9615,62.7857,0.017,0.0089,0.0069
Herato1202,9850001,9900000,9874580,35871,4006,63.898,71.193,-0.054,-0.0307,-0.0234
Herato1202,9900001,9950000,9925347,34525,3698,57.3718,57.1289,0.0021,0.0011,0.0008
Herato1202,9950001,10000000,9976175,37349,3665,59.8653,54.1595,0.05,0.0222,0.0178
Herato1202,10000001,10050000,10024602,33838,3289,43.9592,43.6376,0.0037,0.0019,0.0014
Herato1202,10050001,10100000,10075031,35332,3489,50.6592,53.8758,-0.0308,-0.013,-0.0104
Herato1202,10100001,10150000,10125507,35175,4139,60.098,65.3012,-0.0415,-0.0188,-0.0145
Herato1202,10150001,10200000,10174287,33705,3261,53.1255,41.7222,0.1202,0.0538,0.0428
Herato1202,10200001,10250000,10224699,34253,3404,47.6583,53.1339,-0.0543,-0.0194,-0.0157
Herato1202,10250001,10300000,10274807,34545,3662,51.7182,54.598,-0.0271,-0.0124,-0.0094
Herato1202,10300001,10350000,10324806,35850,3674,56.7663,54.8379,0.0173,0.0086,0.0065
Herato1202,10350001,10400000,10374771,35531,3043,45.6503,55.4503,-0.0969,-0.0459,-0.0353
Herato1202,10400001,10450000,10424641,35071,2513,35.3422,39.8725,-0.0602,-0.0279,-0.0207
Herato1202,10450001,10500000,10474316,35805,3272,45.3598,41.1785,0.0483,0.0186,0.0146
Herato1202,10500001,10550000,10525269,35316,3678,53.6075,50.4388,0.0305,0.0123,0.0097
Herato1202,10550001,10600000,10574514,35744,3711,54.4271,57.0445,-0.0235,-0.012,-0.009
Herato1202,10600001,10650000,10624552,34657,3835,61.398,63.3639,-0.0158,-0.0071,-0.0054
Herato1202,10650001,10700000,10675856,39204,3309,50.2426,55.3748,-0.0486,-0.0189,-0.0152
Herato1202,10700001,10750000,10725070,35245,3398,61.7085,54.5359,0.0617,0.0268,0.0218
Herato1202,10750001,10800000,10775617,36587,2732,37.5427,37.5277,0.0002,0.0001,0.0001
Herato1202,10800001,10850000,10824969,37473,2800,43.2701,43.3843,-0.0013,-0.0006,-0.0004
Herato1202,10850001,10900000,10875494,32964,3576,63.7116,54.5448,0.0775,0.0397,0.0311
Herato1202,10900001,10950000,10925262,35933,3618,59.0415,58.6506,0.0033,0.0014,0.0011
Herato1202,10950001,11000000,10974979,35069,3122,56.3028,45.6268,0.1047,0.0472,0.0372
Herato1202,11000001,11050000,11023774,32608,3275,49.0635,59.2997,-0.0945,-0.0412,-0.0321
Herato1202,11050001,11100000,11074879,33351,3476,54.3801,49.9722,0.0422,0.0176,0.014
Herato1202,11100001,11150000,11125770,34994,2566,39.6036,38.7776,0.0105,0.0053,0.0041
Herato1202,11150001,11200000,11174962,36800,2907,54.021,52.0725,0.0184,0.0088,0.0067
Herato1202,11200001,11250000,11227341,35242,3804,56.9983,57.7233,-0.0063,-0.003,-0.0023
Herato1202,11250001,11300000,11274958,35309,3480,61.2469,56.7178,0.0384,0.0166,0.0132
Herato1202,11300001,11350000,11323156,32780,3094,64.7835,51.8619,0.1108,0.0624,0.0483
Herato1202,11350001,11400000,11374167,34111,2676,65.2816,50.823,0.1245,0.0798,0.0581
Herato1202,11400001,11450000,11426351,36953,3127,53.1144,56.0029,-0.0265,-0.0157,-0.0116
Herato1202,11450001,11500000,11475173,37899,3506,71.7392,66.4497,0.0383,0.0175,0.0141
Herato1202,11500001,11550000,11525120,38450,3461,59.9875,64.3891,-0.0354,-0.0165,-0.0128
Herato1202,11550001,11600000,11574476,37012,3207,50.8053,47.4133,0.0345,0.0154,0.0119
Herato1202,11600001,11650000,11625132,36145,3046,50.0357,50.3052,-0.0027,-0.0012,-0.0009
Herato1202,11650001,11700000,11675003,37050,4095,70.3025,67.0812,0.0234,0.0119,0.0092
Herato1202,11700001,11750000,11724976,35653,3796,61.338,54.877,0.0556,0.0252,0.0197
Herato1202,11750001,11800000,11775161,35065,3348,47.1363,52.9677,-0.0583,-0.024,-0.0185
Herato1202,11800001,11850000,11824850,33333,2524,39.6931,44.6592,-0.0589,-0.0338,-0.0245
Herato1202,11850001,11900000,11875675,35025,3216,51.5162,53.517,-0.019,-0.0083,-0.0066
Herato1202,11900001,11950000,11925208,31166,1955,29.9871,26.548,0.0608,0.0239,0.0191
Herato1202,11950001,12000000,11975396,35180,3628,60.086,57.9365,0.0182,0.0079,0.0062
Herato1202,12000001,12050000,12024366,34970,3513,60.3044,61.8843,-0.0129,-0.005,-0.0041
Herato1202,12050001,12100000,12075137,35258,3303,60.1199,52.4705,0.0679,0.0255,0.0204
Herato1202,12100001,12150000,12124914,37269,4427,70.5709,66.0643,0.033,0.0154,0.0119
Herato1202,12150001,12200000,12175435,36802,4251,80.0226,71.5204,0.0561,0.0252,0.0203
Herato1202,12200001,12250000,12225037,37158,4037,61.6857,59.3691,0.0191,0.0074,0.006
Herato1202,12250001,12300000,12275231,34372,3157,49.4087,42.9467,0.07,0.0289,0.0232
Herato1202,12300001,12350000,12324956,34126,2922,37.1969,32.525,0.067,0.0201,0.0167
Herato1202,12350001,12400000,12375556,35748,3381,48.3598,56.1383,-0.0744,-0.0324,-0.0249
Herato1202,12400001,12450000,12425256,36518,3631,52.1397,58.336,-0.0561,-0.0285,-0.0217
Herato1202,12450001,12500000,12474347,34586,3055,46.1611,43.1171,0.0341,0.0151,0.0117
Herato1202,12500001,12550000,12525068,34904,3509,51.7774,52.7283,-0.0091,-0.0039,-0.003
Herato1202,12550001,12600000,12575202,36181,2923,51.6866,43.7141,0.0836,0.0319,0.0256
Herato1202,12600001,12650000,12623858,34534,1602,23.2918,23.8468,-0.0118,-0.0064,-0.0048
Herato1202,12650001,12700000,12674781,37190,2615,40.475,42.1038,-0.0197,-0.0099,-0.0076
Herato1202,12700001,12750000,12725517,33084,2806,46.1933,46.0923,0.0011,0.0004,0.0004
Herato1202,12750001,12800000,12774488,34355,3173,51.7482,46.6027,0.0523,0.0285,0.0208
Herato1202,12800001,12850000,12824989,35120,3476,59.337,50.4135,0.0813,0.0455,0.0343
Herato1202,12850001,12900000,12875013,34641,2989,54.5238,50.3317,0.04,0.0303,0.0209
Herato1202,12900001,12950000,12925142,34062,2871,54.1619,42.0106,0.1263,0.0659,0.051
Herato1202,12950001,13000000,12974993,35104,3333,45.7982,49.1907,-0.0357,-0.0198,-0.0147
Herato1202,13000001,13050000,13024594,35925,3587,63.6528,59.4586,0.0341,0.0168,0.0131
Herato1202,13050001,13100000,13074976,37498,4119,73.8333,70.0909,0.026,0.0127,0.0098
Herato1202,13100001,13150000,13125028,39074,4009,59.2569,65.4047,-0.0493,-0.0188,-0.0152
Herato1202,13150001,13200000,13174940,35986,3469,57.8286,72.5455,-0.1129,-0.0882,-0.0616
Herato1202,13200001,13250000,13225242,38181,3948,65.4176,58.3107,0.0574,0.0294,0.0226
Herato1202,13250001,13300000,13274670,36416,3670,63.3759,71.3716,-0.0593,-0.0339,-0.0249
Herato1202,13300001,13350000,13325890,40181,2594,46.1644,62.9914,-0.1542,-0.0779,-0.0603
Herato1202,13350001,13400000,13374358,40865,3204,53.1466,59.4308,-0.0558,-0.0321,-0.0246
Herato1202,13400001,13450000,13425376,37197,3478,55.1349,58.8014,-0.0322,-0.0132,-0.0106
Herato1202,13450001,13500000,13474537,35154,3120,46.9504,46.4146,0.0057,0.0026,0.002
Herato1202,13500001,13550000,13524587,35129,3003,49.5789,46.0199,0.0372,0.0147,0.0118
Herato1202,13550001,13600000,13575251,37840,2970,62.7953,60.0892,0.022,0.0085,0.0071
Herato1202,13600001,13650000,13625055,38289,3563,51.5006,56.552,-0.0467,-0.0161,-0.013
Herato1202,13650001,13700000,13675342,36171,2296,29.6245,25.3101,0.0785,0.0288,0.0223
Herato1202,13700001,13750000,13723880,38401,1981,37.5674,35.8232,0.0238,0.0107,0.0087
Herato1202,13750001,13800000,13775651,35266,3006,41.4615,46.0899,-0.0529,-0.0284,-0.0212
Herato1202,13800001,13850000,13822688,29885,2198,37.673,36.6747,0.0134,0.0065,0.005
Herato1202,13850001,13900000,13875153,35277,3080,46.0596,44.3457,0.019,0.0076,0.0059
Herato1202,13900001,13950000,13925712,34716,3113,48.7352,52.6548,-0.0387,-0.0174,-0.0135
Herato1202,13950001,14000000,13975225,35863,3817,59.3262,59.5082,-0.0015,-0.0008,-0.0006
Herato1202,14000001,14050000,14025051,34827,2969,55.3507,52.2412,0.0289,0.0144,0.0113
Herato1202,14050001,14100000,14074992,35679,3528,55.3847,56.4189,-0.0092,-0.0041,-0.0032
Herato1202,14100001,14150000,14125518,36494,3227,55.1156,50.6473,0.0422,0.0206,0.0157
Herato1202,14150001,14200000,14175583,32152,2391,42.6215,38.0574,0.0566,0.0393,0.0288
Herato1202,14200001,14250000,14226524,31238,3383,64.874,61.4224,0.0273,0.0175,0.0131
Herato1202,14250001,14300000,14274147,33836,3568,60.6274,58.0908,0.0214,0.0122,0.0091
Herato1202,14300001,14350000,14326038,36347,3605,55.5987,65.0497,-0.0783,-0.0376,-0.0294
Herato1202,14350001,14400000,14374668,37245,2737,44.0105,40.4586,0.0421,0.0135,0.0111
Herato1202,14400001,14450000,14425941,33657,2654,45.9546,38.748,0.0851,0.0376,0.0303
Herato1202,14450001,14500000,14474678,37173,3272,58.292,61.9493,-0.0304,-0.0135,-0.0107
Herato1202,14500001,14550000,14525010,40215,3991,66.106,62.2385,0.0301,0.0135,0.0105
Herato1202,14550001,14600000,14574380,33990,3221,90.8272,52.0243,0.2716,0.147,0.1185
Herato1202,14600001,14650000,14624649,40172,3489,74.5206,48.2843,0.2136,0.1238,0.0976
Herato1202,14650001,14700000,14675213,38131,3821,80.1793,53.7147,0.1977,0.1053,0.0844
Herato1202,14700001,14750000,14725230,36405,3739,76.4555,55.5955,0.158,0.0861,0.0672
Herato1202,14750001,14800000,14774583,36331,3705,82.9329,56.9723,0.1856,0.1096,0.0824
Herato1202,14800001,14850000,14825510,38337,3865,98.1476,60.1058,0.2404,0.154,0.1207
Herato1202,14850001,14900000,14875155,36785,4091,79.3615,65.3693,0.0967,0.0689,0.0493
Herato1202,14900001,14950000,14924697,36345,3668,81.4829,58.9805,0.1602,0.0871,0.0678
Herato1202,14950001,15000000,14974917,36031,3176,72.0043,49.975,0.1806,0.1092,0.0845
Herato1202,15000001,15050000,15025893,33317,3254,71.7624,56.3042,0.1207,0.064,0.0491
Herato1202,15050001,15100000,15074886,37142,3726,82.9744,58.059,0.1767,0.1081,0.0808
Herato1202,15100001,15150000,15124632,34928,3226,74.7552,42.7158,0.2727,0.1396,0.1115
Herato1202,15150001,15200000,15174771,35281,3061,63.8024,46.934,0.1523,0.0852,0.065
Herato1202,15200001,15250000,15225237,35277,3327,57.1356,48.7083,0.0796,0.0479,0.0354
Herato1202,15250001,15300000,15275940,34795,3069,66.7887,46.7909,0.1761,0.1074,0.083
Herato1202,15300001,15350000,15324645,38356,3462,65.1179,45.2849,0.1796,0.0828,0.065
Herato1202,15350001,15400000,15374214,37868,3304,84.6401,54.507,0.2166,0.1028,0.0846
Herato1202,15400001,15450000,15425876,38913,3498,78.8249,54.7505,0.1802,0.1047,0.0811
Herato1202,15450001,15500000,15474264,38032,3172,66.0097,43.9953,0.2001,0.1053,0.0835
Herato1202,15500001,15550000,15522910,34478,3390,61.3362,42.4637,0.1818,0.0957,0.073
Herato1202,15550001,15600000,15573860,37772,3121,59.1236,44.9976,0.1357,0.0605,0.0488
Herato1202,15600001,15650000,15624686,36161,3505,78.3586,54.3189,0.1812,0.1083,0.0818
Herato1202,15650001,15700000,15675609,34695,2800,46.5936,44.1639,0.0268,0.0139,0.0106
Herato1202,15700001,15750000,15725230,35081,2976,46.9556,48.6293,-0.0175,-0.0074,-0.0059
Herato1202,15750001,15800000,15774827,35188,3528,52.586,56.5974,-0.0367,-0.019,-0.0141
Herato1202,15800001,15850000,15825060,37362,3470,57.9344,63.141,-0.043,-0.0215,-0.0164
Herato1202,15850001,15900000,15875289,36674,3400,63.2064,56.3587,0.0573,0.0225,0.0179
Herato1202,15900001,15950000,15925484,35843,3780,68.9468,67.2133,0.0127,0.0068,0.0053
Herato1202,15950001,16000000,15975272,37342,4216,77.5625,84.1044,-0.0405,-0.0206,-0.0161
Herato1202,16000001,16050000,16025591,35141,3713,66.4334,66.5166,-0.0006,-0.0003,-0.0002
Herato1202,16050001,16100000,16075480,36495,3702,65.9646,64.5084,0.0112,0.006,0.0046
Herato1202,16100001,16150000,16124245,38981,3326,69.1615,63.6662,0.0414,0.0223,0.0171
Herato1202,16150001,16200000,16176330,38598,2752,52.1245,54.5508,-0.0227,-0.0113,-0.0089
Herato1202,16200001,16250000,16225780,38010,3769,79.2741,76.4094,0.0184,0.0101,0.0081
Herato1202,16250001,16300000,16275091,39370,3281,59.705,64.1845,-0.0362,-0.0179,-0.0135
Herato1202,16300001,16350000,16325191,41995,3704,73.6381,81.0175,-0.0477,-0.0289,-0.0216
Herato1202,16350001,16400000,16374877,40072,3564,57.1482,61.1731,-0.034,-0.0153,-0.0119
Herato1202,16400001,16450000,16424818,39257,3853,66.4837,60.9179,0.0437,0.0236,0.0183
Herato1202,16450001,16500000,16474916,36519,3699,67.5436,68.228,-0.005,-0.0026,-0.002
Herato1202,16500001,16550000,16523988,34773,3007,43.7684,51.4153,-0.0803,-0.0396,-0.0299
Herato1202,16550001,16600000,16575002,37331,3729,75.9346,67.745,0.057,0.034,0.0254
Herato1202,16600001,16650000,16625158,37017,3700,53.8728,59.1066,-0.0463,-0.0205,-0.0159
Herato1202,16650001,16700000,16675217,39560,3810,72.1547,64.1971,0.0584,0.0252,0.0202
Herato1202,16700001,16750000,16724266,32536,2847,46.0847,55.2872,-0.0908,-0.0422,-0.032
Herato1202,16750001,16800000,16775382,36702,2747,47.2807,44.8408,0.0265,0.0115,0.0092
Herato1202,16800001,16850000,16825059,38834,3545,60.4916,55.0376,0.0472,0.0227,0.0177
Herato1202,16850001,16900000,16875205,36204,3652,43.0644,47.6677,-0.0507,-0.0203,-0.0161
Herato1202,16900001,16950000,16925085,35630,3800,61.9303,56.8574,0.0427,0.0185,0.0143
Herato1202,16950001,17000000,16975023,34916,3750,106.3626,52.7321,0.3371,0.1962,0.1548
Herato1202,17000001,17050000,17025015,34998,3372,90.7701,54.2699,0.2517,0.1968,0.1423
Herato1202,17050001,17100000,17075452,38930,3693,88.7034,61.5882,0.1804,0.094,0.0745
Herato1202,17100001,17150000,17127074,34529,3581,85.3692,73.092,0.0775,0.0424,0.0324
Herato1202,17150001,17200000,17173976,37665,3154,86.7912,49.6461,0.2722,0.1266,0.0994
Herato1202,17200001,17250000,17225083,37472,3713,69.5442,74.3574,-0.0334,-0.0194,-0.0145
Herato1202,17250001,17300000,17275695,33845,2997,71.8002,65.2315,0.0479,0.028,0.0209
Herato1202,17300001,17350000,17324789,37739,3889,66.5327,73.1366,-0.0473,-0.0274,-0.0202
Herato1202,17350001,17400000,17374828,36209,3999,72.848,66.5213,0.0454,0.0258,0.0194
Herato1202,17400001,17450000,17424603,35048,3891,61.0337,63.2917,-0.0182,-0.0096,-0.0073
Herato1202,17450001,17500000,17475096,35790,3711,56.6894,59.6714,-0.0256,-0.0125,-0.0097
Herato1202,17500001,17550000,17525052,35023,4164,66.9751,64.7376,0.017,0.0088,0.0067
Herato1202,17550001,17600000,17574905,35702,4106,68.1993,67.8703,0.0024,0.0013,0.001
Herato1202,17600001,17650000,17625741,35362,3374,64.0373,57.8623,0.0507,0.0297,0.022
Herato1202,17650001,17700000,17674759,34230,3107,61.9687,58.5066,0.0287,0.0182,0.0132
Herato1202,17700001,17750000,17724813,35470,2865,58.3461,52.2437,0.0552,0.0327,0.0245
Herato1202,17750001,17800000,17774837,35164,3826,66.8601,62.5375,0.0334,0.0153,0.0118
Herato1202,17800001,17850000,17824936,36717,3920,62.9126,61.7432,0.0094,0.0052,0.004
Herato1202,17850001,17900000,17872812,30892,2641,47.7897,42.5152,0.0584,0.0242,0.0192
Herato1202,17900001,17950000,17922971,31821,2374,40.3931,49.0847,-0.0971,-0.0373,-0.0297
Herato1202,17950001,18000000,17976044,32433,2047,27.8953,45.8572,-0.2435,-0.0949,-0.0725
Herato1202,18000001,18050000,18024030,32755,3776,61.5633,63.5013,-0.0155,-0.0069,-0.0056
Herato1202,18050001,18100000,18075502,37718,3728,66.5454,61.9868,0.0355,0.0194,0.0149
Herato1202,18100001,18150000,18124095,37827,3538,62.9699,65.3358,-0.0184,-0.01,-0.0075
Herato1202,18150001,18200000,18178142,28862,2923,44.4975,53.8994,-0.0956,-0.0552,-0.0396
Herato1202,18200001,18250000,18225213,33974,3048,44.3927,46.8543,-0.027,-0.0113,-0.0087
Herato1202,18250001,18300000,18274894,34299,3730,52.1294,56.1637,-0.0373,-0.0162,-0.0125
Herato1202,18300001,18350000,18325256,34436,3629,63.0673,61.12,0.0157,0.0083,0.0064
Herato1202,18350001,18400000,18375597,33757,3496,64.4251,60.315,0.0329,0.0182,0.014
Herato1202,18400001,18450000,18425779,34707,2735,59.9166,67.6301,-0.0605,-0.0308,-0.0241
Herato1202,18450001,18500000,18475449,36022,3537,68.8102,77.0158,-0.0563,-0.0272,-0.0211
Herato1202,18500001,18550000,18524488,36619,2984,60.6813,71.5194,-0.082,-0.0421,-0.0329
Herato1202,18550001,18600000,18575314,34371,2665,42.4162,62.8719,-0.1943,-0.0775,-0.0604
Herato1202,18600001,18650000,18626158,36036,2833,48.41,53.6614,-0.0514,-0.0224,-0.0174
Herato1202,18650001,18700000,18674887,37028,3842,60.2125,59.0217,0.01,0.0048,0.0038
Herato1202,18700001,18750000,18724852,37339,4274,66.9051,76.3109,-0.0657,-0.0363,-0.0267
Herato1202,18750001,18800000,18775204,35378,4715,82.0422,82.0559,-0.0001,-0.0001,-0.0
Herato1202,18800001,18850000,18824505,36252,4027,73.2236,67.7385,0.0389,0.0175,0.0141
Herato1202,18850001,18900000,18875208,37857,3665,62.0797,64.883,-0.0221,-0.0108,-0.0085
Herato1202,18900001,18950000,18925096,36045,3801,80.6187,79.3885,0.0077,0.0044,0.0034
Herato1202,18950001,19000000,18975236,37140,3335,59.3223,57.4598,0.0159,0.0078,0.0063
Herato1202,19000001,19050000,19024689,35254,3038,43.1925,35.2292,0.1015,0.0342,0.0278
Herato1202,19050001,19100000,19075141,36301,3778,58.7967,62.5933,-0.0313,-0.0156,-0.0114
Herato1202,19100001,19150000,19124078,37273,3601,56.1707,58.503,-0.0203,-0.0095,-0.0074
Herato1202,19150001,19200000,19175513,34266,4298,72.4797,70.8543,0.0113,0.0067,0.005
Herato1202,19200001,19250000,19224838,39456,4225,68.1946,61.5557,0.0512,0.0256,0.0195
Herato1202,19250001,19300000,19274386,35894,3676,65.5803,64.136,0.0111,0.0055,0.0043
Herato1202,19300001,19350000,19325547,36754,4147,62.8174,70.4499,-0.0573,-0.0321,-0.0234
Herato1202,19350001,19400000,19375985,36468,3866,57.7255,57.6811,0.0004,0.0002,0.0002
Herato1202,19400001,19450000,19424460,38956,3564,46.4491,50.3464,-0.0403,-0.0159,-0.0127
Herato1202,19450001,19500000,19475026,36080,3716,63.3047,52.4855,0.0934,0.0384,0.0308
Herato1202,19500001,19550000,19524839,37704,2998,49.712,55.852,-0.0582,-0.0272,-0.0214
Herato1202,19550001,19600000,19575064,37064,3803,65.1783,74.6809,-0.0679,-0.0464,-0.0338
Herato1202,19600001,19650000,19625198,38948,4001,70.821,54.7345,0.1281,0.0533,0.0435
Herato1202,19650001,19700000,19674585,39606,3567,45.1113,49.9363,-0.0508,-0.0197,-0.0156
Herato1202,19700001,19750000,19725305,41142,3161,36.627,48.1292,-0.1357,-0.0502,-0.0414
Herato1202,19750001,19800000,19775006,41716,3080,56.2257,54.9675,0.0113,0.0065,0.0049
Herato1202,19800001,19850000,19824331,42456,2732,47.1813,46.3985,0.0084,0.004,0.0033
Herato1202,19850001,19900000,19874879,35401,3952,68.0187,71.408,-0.0243,-0.0108,-0.0084
Herato1202,19900001,19950000,19924853,36859,4384,76.8826,80.7127,-0.0243,-0.0134,-0.0101
Herato1202,19950001,20000000,19974657,40452,4067,72.1133,83.001,-0.0702,-0.0338,-0.0273
Herato1202,20000001,20050000,20026062,36216,3082,50.6241,37.566,0.1481,0.0565,0.0469
Herato1202,20050001,20100000,20075025,40573,3025,48.7633,46.1066,0.028,0.0125,0.0103
Herato1202,20100001,20150000,20125725,38643,3078,63.7069,50.0531,0.12,0.0507,0.0412
Herato1202,20150001,20200000,20174953,40619,3501,46.2748,44.5112,0.0194,0.0079,0.0066
Herato1202,20200001,20250000,20225351,40700,3798,73.8588,58.9947,0.1119,0.0651,0.049
Herato1202,20250001,20300000,20275055,34716,4424,82.2904,87.4276,-0.0303,-0.0139,-0.0107
Herato1202,20300001,20350000,20325171,37596,2782,69.2716,57.4464,0.0933,0.0473,0.0371
Herato1202,20350001,20400000,20372158,32303,2449,38.2608,38.9154,-0.0085,-0.0047,-0.0035
Herato1202,20400001,20450000,20424398,36861,2402,54.8069,49.0599,0.0553,0.0247,0.0194
Herato1202,20450001,20500000,20477329,28458,1799,27.3797,25.0874,0.0437,0.0235,0.0182
Herato1202,20500001,20550000,20524542,36823,2981,48.9984,35.578,0.1587,0.0933,0.0739
Herato1202,20550001,20600000,20574565,34792,2390,43.5998,35.9604,0.096,0.0706,0.0522
Herato1202,20600001,20650000,20626225,36793,2620,32.2751,27.0044,0.0889,0.0401,0.032
Herato1202,20650001,20700000,20674354,38736,1684,24.3449,15.8755,0.2106,0.1106,0.0927
