scaffold,start,end,mid,sites,sitesUsed,ABBA,BABA,D,fd,fdM
Herato1501,1,50000,26070,36049,2223,51.5957,51.2051,0.0038,0.0032,0.0021
Herato1501,50001,100000,62592,16854,1302,19.9084,24.3019,-0.0994,-0.0934,-0.0587
Herato1502,1,50000,25389,32562,1110,27.0686,19.4873,0.1628,0.1296,0.094
Herato1502,50001,100000,74935,33107,2142,58.5688,59.7133,-0.0097,-0.0131,-0.0084
Herato1502,100001,150000,124025,28318,560,7.3758,5.8599,0.1145,0.1104,0.0861
Herato1503,1,50000,9879,12468,377,22.9554,19.801,0.0738,0.2514,0.1241
Herato1504,1,50000,25731,41264,358,16.2538,12.1657,0.1438,0.3024,0.1978
Herato1504,50001,100000,72098,35252,857,26.8683,22.3904,0.0909,0.2172,0.1278
Herato1505,1,50000,21713,22898,762,13.0493,15.5462,-0.0873,-0.1011,-0.0673
Herato1505,50001,100000,75653,33603,2074,42.0581,37.4536,0.0579,0.049,0.033
Herato1505,100001,150000,125072,36834,2204,47.9007,62.9343,-0.1356,-0.1438,-0.0867
Herato1505,150001,200000,177098,33774,2686,60.2519,55.8795,0.0377,0.025,0.0179
Herato1505,200001,250000,224121,34819,2916,64.3066,64.6119,-0.0024,-0.0019,-0.0013
Herato1505,250001,300000,277389,32721,2481,51.4098,58.6789,-0.066,-0.0691,-0.0415
Herato1505,300001,350000,324747,35011,3225,71.4948,72.0739,-0.004,-0.0033,-0.0022
Herato1505,350001,400000,374078,35095,3297,79.4319,69.482,0.0668,0.0457,0.0324
Herato1505,400001,450000,425136,38364,2781,59.7312,64.6489,-0.0395,-0.0206,-0.0153
Herato1505,450001,500000,475095,35460,1329,32.3608,41.0488,-0.1183,-0.0676,-0.0483
Herato1505,500001,550000,525493,35761,2453,68.6199,48.8735,0.1681,0.0877,0.0669
Herato1505,550001,600000,578004,30247,1936,37.7429,41.7344,-0.0502,-0.0166,-0.0132
Herato1505,600001,650000,625799,32019,2351,42.7721,48.3254,-0.061,-0.0301,-0.0221
Herato1505,650001,700000,674859,36736,3353,75.2774,69.0416,0.0432,0.0198,0.0155
Herato1505,700001,750000,724611,29670,2263,46.1693,47.1214,-0.0102,-0.0062,-0.0045
Herato1505,750001,800000,775470,33454,2052,32.9043,33.5538,-0.0098,-0.0035,-0.0027
Herato1505,800001,850000,823504,30861,2436,41.4595,62.1728,-0.1999,-0.0903,-0.0663
Herato1505,850001,900000,875034,37556,2520,58.0495,50.3954,0.0706,0.0266,0.0205
Herato1505,900001,950000,923100,32304,2070,43.1329,58.7762,-0.1535,-0.0504,-0.0381
Herato1505,950001,1000000,975220,35446,2210,42.7562,45.5821,-0.032,-0.0095,-0.0077
Herato1505,1000001,1050000,1024671,36040,3012,71.9118,67.4708,0.0319,0.0121,0.0096
Herato1505,1050001,1100000,1074150,37740,2957,64.0553,56.4288,0.0633,0.0281,0.0212
Herato1505,1100001,1150000,1123225,32111,2734,51.1829,65.1343,-0.1199,-0.0633,-0.045
Herato1505,1150001,1200000,1175729,35374,2759,61.3152,57.9326,0.0284,0.0122,0.0094
Herato1505,1200001,1250000,1226148,28581,2035,49.7164,44.8126,0.0519,0.0244,0.0189
Herato1505,1250001,1300000,1274932,36993,3136,66.9089,63.6708,0.0248,0.0128,0.0095
Herato1505,1300001,1350000,1325314,36457,3224,63.0834,59.4901,0.0293,0.0164,0.0106
Herato1505,1350001,1400000,1375054,35960,3459,57.2002,61.952,-0.0399,-0.0172,-0.0126
Herato1505,1400001,1450000,1423223,32158,2362,53.0014,53.8696,-0.0081,-0.0042,-0.0032
Herato1505,1450001,1500000,1473147,33286,3049,61.4223,64.5606,-0.0249,-0.0113,-0.0087
Herato1505,1500001,1550000,1524827,36394,2608,59.8066,54.9276,0.0425,0.0196,0.0149
Herato1505,1550001,1600000,1573665,30573,1400,31.4708,34.3021,-0.043,-0.0152,-0.0111
Herato1505,1600001,1650000,1624177,27542,735,16.1956,19.1757,-0.0843,-0.0284,-0.0224
Herato1505,1650001,1700000,1674542,24833,707,9.0425,14.2639,-0.224,-0.0513,-0.0434
Herato1505,1700001,1750000,1726567,29087,1016,23.7847,19.0039,0.1117,0.0276,0.0229
Herato1505,1750001,1800000,1775720,37585,2543,55.7528,55.471,0.0025,0.0011,0.0008
Herato1505,1800001,1850000,1825134,39751,2311,59.3926,55.4054,0.0347,0.0171,0.0129
Herato1505,1850001,1900000,1878214,34447,2066,48.7911,50.826,-0.0204,-0.0092,-0.0074
Herato1505,1900001,1950000,1925825,39091,2349,56.6736,58.5999,-0.0167,-0.0075,-0.0058
Herato1505,1950001,2000000,1974624,36175,2181,42.0899,39.384,0.0332,0.0099,0.0081
Herato1505,2000001,2050000,2024167,35310,2037,46.2028,41.7969,0.0501,0.0171,0.014
Herato1505,2050001,2100000,2076142,30552,1356,6.8841,7.7412,-0.0586,-0.0039,-0.0032
Herato1505,2100001,2150000,2124913,33524,1486,18.8058,20.3484,-0.0394,-0.0066,-0.0054
Herato1505,2150001,2200000,2174765,35587,1547,26.7712,28.7757,-0.0361,-0.0083,-0.0067
Herato1505,2200001,2250000,2223715,32960,1466,31.9095,29.1045,0.046,0.0146,0.0118
Herato1505,2250001,2300000,2275632,34443,1266,26.0578,28.2706,-0.0407,-0.0136,-0.0104
Herato1505,2300001,2350000,2324956,37933,1997,36.2224,40.1882,-0.0519,-0.0151,-0.012
Herato1505,2350001,2400000,2375227,37766,2503,56.7162,46.7956,0.0958,0.0367,0.0293
Herato1505,2400001,2450000,2424573,40350,2361,48.2122,55.3286,-0.0687,-0.0207,-0.0159
Herato1505,2450001,2500000,2475614,37405,1418,9.3138,17.9472,-0.3167,-0.0551,-0.0414
Herato1505,2500001,2550000,2524748,39533,1616,28.6517,48.3138,-0.2555,-0.0996,-0.0772
Herato1505,2550001,2600000,2573031,35774,2005,56.8145,85.6232,-0.2023,-0.1177,-0.0878
Herato1505,2600001,2650000,2625060,35801,2221,49.3062,50.4979,-0.0119,-0.0055,-0.0038
Herato1505,2650001,2700000,2675421,37104,2427,47.1038,48.2722,-0.0123,-0.005,-0.0039
Herato1505,2700001,2750000,2725422,38448,2963,68.0711,68.7199,-0.0047,-0.003,-0.0022
Herato1505,2750001,2800000,2775257,37000,2013,36.593,30.5564,0.0899,0.0291,0.0219
Herato1505,2800001,2850000,2824644,33100,2280,58.4524,48.852,0.0895,0.0353,0.0276
Herato1505,2850001,2900000,2875075,37712,2849,54.3313,64.8737,-0.0884,-0.0459,-0.0331
Herato1505,2900001,2950000,2924764,38561,2741,50.7298,46.3227,0.0454,0.0143,0.0115
Herato1505,2950001,3000000,2975110,37240,2319,47.2193,59.4626,-0.1148,-0.0407,-0.0331
Herato1505,3000001,3050000,3025059,38880,2481,48.7536,57.6023,-0.0832,-0.0481,-0.0343
Herato1505,3050001,3100000,3074885,40335,2912,77.1532,85.8913,-0.0536,-0.0434,-0.0322
Herato1505,3100001,3150000,3124914,38964,2487,68.5366,68.7023,-0.0012,-0.0008,-0.0006
Herato1505,3150001,3200000,3175185,37493,3015,60.6268,61.7073,-0.0088,-0.0048,-0.0036
Herato1505,3200001,3250000,3225067,36474,2491,41.3616,47.1338,-0.0652,-0.0391,-0.0289
Herato1505,3250001,3300000,3274934,37000,3064,48.5958,50.684,-0.021,-0.0119,-0.0086
Herato1505,3300001,3350000,3320282,29559,2239,43.3728,44.5798,-0.0137,-0.0066,-0.005
Herato1505,3350001,3400000,3377571,32773,2068,36.9781,38.5829,-0.0212,-0.0071,-0.0055
Herato1505,3400001,3450000,3420875,31583,1549,25.0034,24.9658,0.0008,0.0003,0.0003
Herato1505,3450001,3500000,3473889,32711,2423,53.4207,45.3453,0.0818,0.0369,0.0277
Herato1505,3500001,3550000,3525632,33456,2094,41.191,36.3077,0.063,0.0283,0.0213
Herato1505,3550001,3600000,3575894,34318,2385,46.1703,41.058,0.0586,0.0239,0.0176
Herato1505,3600001,3650000,3625212,35535,2560,46.174,42.5731,0.0406,0.0169,0.0133
Herato1505,3650001,3700000,3674994,32891,1872,39.4962,31.0577,0.1196,0.0576,0.0431
Herato1505,3700001,3750000,3725309,35970,2870,54.6628,56.8065,-0.0192,-0.0094,-0.0074
Herato1505,3750001,3800000,3773141,26994,1777,33.7328,38.8281,-0.0702,-0.0296,-0.0228
Herato1505,3800001,3850000,3823559,32118,2217,34.4,37.46,-0.0426,-0.0131,-0.0105
Herato1505,3850001,3900000,3873936,30269,939,12.2214,23.8808,-0.323,-0.1045,-0.0773
Herato1505,3900001,3950000,3906853,10227,394,5.5744,13.8915,-0.4273,-0.2224,-0.1541
Herato1506,1,50000,23932,28899,966,16.2484,22.1271,-0.1532,-0.0645,-0.052
Herato1506,50001,100000,79683,20152,409,6.4507,6.6778,-0.0173,-0.0046,-0.0037
Herato1506,100001,150000,127892,29514,928,19.0597,16.9625,0.0582,0.0321,0.0239
Herato1506,150001,200000,165591,20472,509,3.7554,7.1817,-0.3133,-0.08,-0.0611
Herato1507,1,50000,25743,33754,1519,24.6948,22.4565,0.0475,0.0151,0.012
Herato1507,50001,100000,72456,26434,948,16.4222,15.9367,0.015,0.0045,0.0037
Herato1507,100001,150000,125022,31864,1384,24.6111,23.1788,0.03,0.0105,0.0083
Herato1507,150001,200000,177203,31752,2307,43.3702,45.3989,-0.0229,-0.0103,-0.0079
Herato1507,200001,250000,225786,39711,3214,70.3359,64.1559,0.046,0.0241,0.0179
Herato1507,250001,300000,274199,37446,2171,49.1277,50.3234,-0.012,-0.005,-0.004
Herato1507,300001,350000,324689,36665,2871,57.5652,61.8827,-0.0361,-0.0151,-0.0123
Herato1507,350001,400000,374393,35837,3270,63.3311,56.9489,0.0531,0.0289,0.0218
Herato1507,400001,450000,425307,37583,3124,69.4147,61.8171,0.0579,0.0281,0.0216
Herato1507,450001,500000,475639,33678,2278,38.6011,36.9601,0.0217,0.0099,0.0079
Herato1507,500001,550000,524532,34039,2718,49.0878,52.2721,-0.0314,-0.0201,-0.0147
Herato1507,550001,600000,574141,32446,2323,39.7556,41.5754,-0.0224,-0.0103,-0.0079
Herato1507,600001,650000,626011,28399,1126,19.2274,21.2037,-0.0489,-0.0194,-0.0155
Herato1507,650001,700000,674574,30634,1881,32.1549,27.9624,0.0697,0.0296,0.0233
Herato1507,700001,750000,725958,30818,2182,40.6893,42.9431,-0.0269,-0.0107,-0.0087
Herato1507,750001,800000,773097,30713,2157,48.8126,41.5429,0.0805,0.0415,0.0316
Herato1507,800001,850000,830348,23862,1388,27.6111,20.423,0.1496,0.0681,0.0545
Herato1507,850001,900000,873963,22809,1357,20.8715,18.814,0.0518,0.0188,0.0155
Herato1507,900001,950000,927458,30047,2154,38.519,34.8971,0.0493,0.0248,0.0192
Herato1507,950001,1000000,973884,32522,2874,42.9274,45.0245,-0.0238,-0.0085,-0.007
Herato1507,1000001,1050000,1025988,35140,2585,41.3243,49.0754,-0.0857,-0.0381,-0.0288
Herato1507,1050001,1100000,1074484,32722,2447,42.0605,39.9572,0.0256,0.0121,0.0093
Herato1507,1100001,1150000,1127157,30025,2149,27.6876,34.1925,-0.1051,-0.0372,-0.0291
Herato1507,1150001,1200000,1174677,31853,2357,38.7268,40.189,-0.0185,-0.0094,-0.0072
Herato1507,1200001,1250000,1222606,26753,2166,39.6302,39.9055,-0.0035,-0.0017,-0.0013
Herato1507,1250001,1300000,1270351,20579,1251,21.3169,21.5994,-0.0066,-0.0027,-0.0021
Herato1507,1300001,1350000,1324316,34050,2858,50.4976,51.1233,-0.0062,-0.0032,-0.0025
Herato1507,1350001,1400000,1375805,33179,1945,36.8346,30.471,0.0945,0.0413,0.0336
Herato1507,1400001,1450000,1425330,31720,2073,39.51,37.6213,0.0245,0.011,0.0085
Herato1507,1450001,1500000,1478531,26216,1716,32.265,31.2848,0.0154,0.0072,0.0055
Herato1507,1500001,1550000,1524865,35453,2709,47.6671,42.8651,0.053,0.0236,0.0188
Herato1507,1550001,1600000,1572719,31858,2480,39.3618,37.2661,0.0273,0.0114,0.0092
Herato1507,1600001,1650000,1624573,27140,1046,10.318,11.2544,-0.0434,-0.0156,-0.0125
Herato1507,1650001,1700000,1674227,22740,588,2.9335,5.8978,-0.3357,-0.0773,-0.0586
Herato1507,1700001,1750000,1725466,33603,1760,28.0813,24.2234,0.0738,0.0294,0.0236
Herato1507,1750001,1800000,1776179,32463,2584,30.068,32.3554,-0.0366,-0.0113,-0.0092
Herato1507,1800001,1850000,1820073,27554,2046,28.9746,38.5821,-0.1422,-0.0679,-0.0512
Herato1507,1850001,1900000,1877535,31202,2580,33.8511,41.9082,-0.1064,-0.0336,-0.0266
Herato1507,1900001,1950000,1924564,33945,2657,43.991,45.0065,-0.0114,-0.0054,-0.0041
Herato1507,1950001,2000000,1975074,34114,2645,45.1096,41.4222,0.0426,0.0153,0.0126
Herato1507,2000001,2050000,2030271,26862,1565,26.6911,25.4241,0.0243,0.009,0.0072
Herato1507,2050001,2100000,2074992,35846,3056,42.5344,57.2195,-0.1472,-0.0562,-0.0438
Herato1507,2100001,2150000,2112778,15258,1239,16.4918,21.0808,-0.1221,-0.0384,-0.0314
Herato1507,2150001,2200000,2179081,30538,2090,39.1108,35.5153,0.0482,0.022,0.0172
Herato1507,2200001,2250000,2226004,34980,2831,49.4374,53.8164,-0.0424,-0.0202,-0.0157
Herato1507,2250001,2300000,2274139,35712,3233,53.6222,55.2767,-0.0152,-0.0069,-0.0054
Herato1507,2300001,2350000,2325137,35595,3157,65.5351,56.0682,0.0779,0.0314,0.025
Herato1507,2350001,2400000,2375320,34676,2615,52.1114,47.3595,0.0478,0.0191,0.0154
Herato1507,2400001,2450000,2424965,37300,2776,46.2978,63.1555,-0.154,-0.0645,-0.0498
Herato1507,2450001,2500000,2472830,20785,1498,23.2026,21.4316,0.0397,0.0157,0.0122
Herato1507,2500001,2550000,2526740,32102,2552,42.4412,40.0451,0.029,0.0132,0.0103
Herato1507,2600001,2650000,2627303,26960,1156,19.4262,18.5807,0.0222,0.0091,0.0073
Herato1507,2650001,2700000,2675451,34578,2624,48.2113,45.2409,0.0318,0.015,0.0121
Herato1507,2700001,2750000,2722180,26943,1752,32.7203,30.0358,0.0428,0.0178,0.0145
Herato1507,2750001,2800000,2779688,28058,2083,40.2501,36.9056,0.0433,0.0193,0.0153
Herato1507,2800001,2850000,2824585,34784,2626,53.1314,58.3522,-0.0468,-0.0227,-0.0175
Herato1507,2850001,2900000,2874802,35009,2322,45.8966,37.7594,0.0973,0.0336,0.0268
Herato1507,2900001,2950000,2924849,34626,2368,46.4072,54.175,-0.0772,-0.0365,-0.0277
Herato1507,2950001,3000000,2975457,35555,3184,61.723,72.0936,-0.0775,-0.0335,-0.0266
Herato1507,3000001,3050000,3023886,34914,2626,44.4437,47.9631,-0.0381,-0.0162,-0.0127
Herato1507,3050001,3100000,3076335,33940,1963,42.4035,49.0091,-0.0723,-0.0461,-0.0346
Herato1507,3100001,3150000,3125891,38085,1721,31.0142,27.0446,0.0684,0.0315,0.0253
Herato1507,3150001,3200000,3175272,36331,2588,41.1818,44.0949,-0.0342,-0.014,-0.0109
Herato1507,3200001,3250000,3224494,35991,1848,37.7212,33.2663,0.0628,0.03,0.0239
Herato1507,3250001,3300000,3274694,37431,3095,49.7798,51.3408,-0.0154,-0.0071,-0.0056
Herato1507,3300001,3350000,3325084,34599,3135,53.3588,53.7815,-0.0039,-0.0021,-0.0016
Herato1507,3350001,3400000,3374563,34029,2769,51.1664,48.0541,0.0314,0.0171,0.0133
Herato1507,3400001,3450000,3427381,32444,3380,44.8777,50.1013,-0.055,-0.0276,-0.0213
Herato1507,3450001,3500000,3474915,34447,3065,48.3288,45.6627,0.0284,0.015,0.0115
Herato1507,3500001,3550000,3525207,38285,4077,55.3031,67.572,-0.0998,-0.06,-0.044
Herato1507,3550001,3600000,3574856,35035,2984,48.4559,43.3475,0.0556,0.0354,0.0261
Herato1507,3600001,3650000,3624861,36370,2844,43.8845,44.8134,-0.0105,-0.0061,-0.0046
Herato1507,3650001,3700000,3671230,29237,2451,43.3249,48.4861,-0.0562,-0.0249,-0.0199
Herato1507,3700001,3750000,3728590,23741,1267,20.9516,20.5073,0.0107,0.0048,0.0037
Herato1507,3750001,3800000,3776294,28549,2249,28.581,33.9604,-0.086,-0.0324,-0.0256
Herato1507,3800001,3850000,3825212,27772,1721,22.0881,24.3643,-0.049,-0.0192,-0.015
Herato1507,3850001,3900000,3878290,26760,2388,34.4465,42.167,-0.1008,-0.0451,-0.0356
Herato1507,3900001,3950000,3926032,25504,1534,19.3556,22.9851,-0.0857,-0.0374,-0.0289
Herato1507,3950001,4000000,3971339,23747,1375,19.4786,21.5608,-0.0507,-0.0235,-0.0182
Herato1507,4000001,4050000,4029345,28549,2107,32.2259,34.0129,-0.027,-0.009,-0.0075
Herato1507,4050001,4100000,4075589,31119,2283,28.4966,33.2659,-0.0772,-0.0315,-0.0249
Herato1507,4100001,4150000,4124277,28056,1536,15.4579,17.0567,-0.0492,-0.0159,-0.013
Herato1507,4150001,4200000,4173513,22638,702,8.4804,6.4802,0.1337,0.0452,0.0361
Herato1507,4200001,4250000,4225496,30539,1834,26.0191,25.6933,0.0063,0.003,0.0023
Herato1507,4250001,4300000,4275503,32274,2854,37.4645,32.1421,0.0765,0.0302,0.0236
Herato1507,4300001,4350000,4328613,24257,1565,22.189,20.0463,0.0507,0.0174,0.0141
Herato1507,4350001,4400000,4375469,34959,3287,56.5629,54.9291,0.0147,0.0062,0.005
Herato1507,4400001,4450000,4423602,33682,3481,52.3798,46.7715,0.0566,0.0273,0.0216
Herato1507,4450001,4500000,4475949,33445,2978,49.667,52.4162,-0.0269,-0.0145,-0.0111
Herato1507,4500001,4550000,4524905,36834,3756,60.2771,59.3928,0.0074,0.0036,0.0029
Herato1507,4550001,4600000,4575020,33539,2892,46.1916,44.4805,0.0189,0.011,0.0084
Herato1507,4600001,4650000,4625318,36147,3085,47.3484,53.0201,-0.0565,-0.0299,-0.0228
Herato1507,4650001,4700000,4675145,35657,3252,46.3043,48.3525,-0.0216,-0.0103,-0.0081
Herato1507,4700001,4750000,4725091,35104,3483,56.509,55.9918,0.0046,0.0026,0.002
Herato1507,4750001,4800000,4773380,31079,2822,32.5889,30.7749,0.0286,0.0123,0.0095
Herato1507,4800001,4850000,4823786,33326,2174,24.3767,21.2149,0.0694,0.0263,0.0215
Herato1507,4850001,4900000,4875947,37593,2402,31.1342,29.4355,0.028,0.0196,0.0149
Herato1507,4900001,4950000,4928050,31288,2210,25.252,30.1427,-0.0883,-0.0477,-0.0369
Herato1507,4950001,5000000,4975783,37462,3180,36.089,35.6454,0.0062,0.0024,0.0019
Herato1507,5000001,5050000,5025502,38440,3456,47.0147,41.8572,0.058,0.0333,0.0255
Herato1507,5050001,5100000,5075154,36720,4026,61.5768,60.4067,0.0096,0.0057,0.0042
Herato1507,5100001,5150000,5124156,34873,3708,65.1195,59.8872,0.0419,0.0233,0.0178
Herato1507,5150001,5200000,5176073,32705,2974,45.7438,43.2295,0.0283,0.012,0.0095
Herato1507,5200001,5250000,5224999,37345,3659,60.6962,59.5156,0.0098,0.0044,0.0036
Herato1507,5250001,5300000,5275138,36227,3834,71.0431,82.8086,-0.0765,-0.0312,-0.0251
Herato1507,5300001,5350000,5327135,29608,2394,39.3538,37.3223,0.0265,0.0103,0.0085
Herato1507,5350001,5400000,5374049,34173,3093,55.384,46.2855,0.0895,0.0415,0.0335
Herato1507,5400001,5450000,5424053,29539,2919,42.7498,40.8636,0.0226,0.012,0.009
Herato1507,5450001,5500000,5475778,28596,1766,29.2116,29.168,0.0007,0.0003,0.0003
Herato1507,5500001,5550000,5526343,27637,1418,17.6125,20.9843,-0.0874,-0.0369,-0.0274
Herato1507,5550001,5600000,5575219,34405,3067,54.1462,74.4633,-0.158,-0.0807,-0.061
Herato1507,5600001,5650000,5625599,34205,3008,60.0863,46.3079,0.1295,0.0782,0.0601
Herato1507,5650001,5700000,5673062,37041,2919,58.2857,45.6645,0.1214,0.05,0.0399
Herato1507,5700001,5750000,5724354,33966,2733,45.6375,43.8455,0.02,0.0098,0.0075
Herato1507,5750001,5800000,5774520,33289,2755,45.3774,44.131,0.0139,0.0069,0.0052
Herato1507,5800001,5850000,5823303,28350,2216,53.252,42.5329,0.1119,0.0565,0.0444
Herato1507,5850001,5900000,5874740,35053,2803,58.3154,55.5085,0.0247,0.0124,0.0095
Herato1507,5900001,5950000,5925271,36060,3025,48.588,55.362,-0.0652,-0.0299,-0.0236
Herato1507,5950001,6000000,5974009,31845,2067,25.2029,29.0127,-0.0703,-0.0356,-0.027
Herato1507,6000001,6050000,6026362,30895,1790,21.661,19.076,0.0635,0.0332,0.0254
Herato1507,6050001,6100000,6076161,35899,3285,59.8319,55.6357,0.0363,0.0194,0.0151
Herato1507,6100001,6150000,6125620,31690,2848,44.5199,48.5743,-0.0436,-0.0224,-0.0175
Herato1507,6150001,6200000,6176323,29698,2547,42.3692,42.1493,0.0026,0.0016,0.0011
Herato1507,6200001,6250000,6225235,19411,2077,35.2163,32.5209,0.0398,0.0235,0.0175
Herato1507,6250001,6300000,6274706,34310,3030,53.755,42.3323,0.1189,0.055,0.043
Herato1507,6300001,6350000,6324242,29211,2471,43.6677,40.8326,0.0336,0.017,0.0132
Herato1507,6350001,6400000,6374417,30791,2127,29.8623,29.3417,0.0088,0.0041,0.0032
Herato1507,6400001,6450000,6425447,34268,3294,52.7965,55.8846,-0.0284,-0.0135,-0.0106
Herato1507,6450001,6500000,6476031,31898,3275,45.7846,46.1099,-0.0035,-0.0018,-0.0014
Herato1507,6500001,6550000,6525040,36106,3081,55.4537,55.5375,-0.0008,-0.0003,-0.0003
Herato1507,6550001,6600000,6574146,32566,2774,35.9141,40.5313,-0.0604,-0.0276,-0.0213
Herato1507,6600001,6650000,6624506,32350,2777,35.9616,44.134,-0.102,-0.04,-0.0314
Herato1507,6650001,6700000,6678136,30010,2322,38.805,40.4865,-0.0212,-0.0093,-0.0074
Herato1507,6700001,6750000,6724894,35651,3194,47.1939,54.2927,-0.0699,-0.0263,-0.0215
Herato1507,6750001,6800000,6775487,32955,2353,37.0986,36.9652,0.0018,0.001,0.0007
Herato1507,6800001,6850000,6825830,36683,2936,54.9546,47.3037,0.0748,0.037,0.0289
Herato1507,6850001,6900000,6874002,32547,3248,65.1506,56.4649,0.0714,0.0371,0.0296
Herato1507,6900001,6950000,6925395,35686,3818,59.4484,62.1008,-0.0218,-0.0135,-0.0098
Herato1507,6950001,7000000,6974465,33348,3182,46.3119,46.7687,-0.0049,-0.0027,-0.0021
Herato1507,7000001,7050000,7024755,35081,3436,59.1393,57.1282,0.0173,0.0101,0.0076
Herato1507,7050001,7100000,7074897,35486,3607,67.3901,65.3883,0.0151,0.0099,0.0074
Herato1507,7100001,7150000,7124536,35862,3411,53.7457,58.1993,-0.0398,-0.0229,-0.0175
Herato1507,7150001,7200000,7174432,33461,3124,49.2781,46.1904,0.0323,0.0134,0.0105
Herato1507,7200001,7250000,7224250,35385,2887,58.7789,54.2581,0.04,0.0222,0.0177
Herato1507,7250001,7300000,7274979,34669,2746,43.8645,42.3703,0.0173,0.008,0.0061
Herato1507,7300001,7350000,7324533,31478,2524,50.6919,38.1094,0.1417,0.0891,0.0663
Herato1507,7350001,7400000,7375385,32891,2727,48.9154,47.6929,0.0127,0.0065,0.005
Herato1507,7400001,7450000,7424525,28623,2208,34.5203,31.5659,0.0447,0.0204,0.0158
Herato1507,7450001,7500000,7474796,33490,2720,44.1186,46.3988,-0.0252,-0.0147,-0.0109
Herato1507,7500001,7550000,7524735,34800,3166,56.4298,56.5104,-0.0007,-0.0004,-0.0003
Herato1507,7550001,7600000,7575996,36227,3478,54.8351,61.1155,-0.0542,-0.0243,-0.0191
Herato1507,7600001,7650000,7625056,33867,3233,52.2157,52.0249,0.0018,0.0009,0.0007
Herato1507,7650001,7700000,7673597,30293,1991,37.8373,30.0257,0.1151,0.0443,0.0363
Herato1507,7700001,7750000,7726128,28425,2449,40.2279,38.3091,0.0244,0.0115,0.009
Herato1507,7750001,7800000,7774613,30073,2509,46.6223,49.6509,-0.0315,-0.0172,-0.0132
Herato1507,7800001,7850000,7824145,24651,1579,27.8684,25.3303,0.0477,0.023,0.0177
Herato1507,7850001,7900000,7875283,35116,2953,58.0933,61.1694,-0.0258,-0.0141,-0.0108
Herato1507,7900001,7950000,7925520,31996,2781,51.8552,50.5606,0.0126,0.0075,0.0058
Herato1507,7950001,8000000,7973785,35376,3419,75.0022,62.9087,0.0877,0.0488,0.0375
Herato1507,8000001,8050000,8027740,24836,1535,28.9275,24.8692,0.0754,0.0402,0.0307
Herato1507,8050001,8100000,8075031,36149,3163,50.5316,50.3837,0.0015,0.0008,0.0006
Herato1507,8100001,8150000,8125632,33060,2957,45.5485,53.4551,-0.0799,-0.0319,-0.0255
Herato1507,8150001,8200000,8174867,36956,3877,73.2903,81.2998,-0.0518,-0.0276,-0.0211
Herato1507,8200001,8250000,8223452,34166,2784,51.7236,53.947,-0.021,-0.0116,-0.0087
Herato1507,8250001,8300000,8278238,28715,2486,39.5553,38.6232,0.0119,0.0054,0.0042
Herato1507,8300001,8350000,8324228,30842,2364,38.1568,43.8172,-0.0691,-0.0386,-0.0287
Herato1507,8350001,8400000,8375789,22723,1603,24.1266,25.1696,-0.0212,-0.0131,-0.0096
Herato1507,8400001,8450000,8424620,32851,2793,52.1128,53.9034,-0.0169,-0.0092,-0.0069
Herato1507,8450001,8500000,8474862,29822,2286,31.461,32.0824,-0.0098,-0.0044,-0.0033
Herato1507,8500001,8550000,8524865,33767,2816,47.1501,46.8715,0.003,0.0015,0.0011
Herato1507,8550001,8600000,8577264,27602,2420,41.4759,41.2178,0.0031,0.0019,0.0014
Herato1507,8600001,8650000,8626463,31621,2979,49.2053,47.0882,0.022,0.0097,0.0076
Herato1507,8650001,8700000,8670913,24503,1435,24.1103,26.8823,-0.0544,-0.0281,-0.0212
Herato1507,8700001,8750000,8723123,29304,2521,41.2165,35.6829,0.072,0.0354,0.0277
Herato1507,8750001,8800000,8774207,30115,2281,30.8718,41.0703,-0.1418,-0.0781,-0.0577
Herato1507,8800001,8850000,8827102,29435,2749,38.4043,35.9263,0.0333,0.0132,0.0104
Herato1507,8850001,8900000,8873794,30159,2600,43.0638,47.113,-0.0449,-0.0203,-0.0158
Herato1507,8900001,8950000,8923849,27513,1784,36.6433,36.7979,-0.0021,-0.001,-0.0008
Herato1507,8950001,9000000,8970204,25828,1828,32.2229,32.7026,-0.0074,-0.0035,-0.0027
Herato1507,9000001,9050000,9024004,33913,2989,40.7868,41.1779,-0.0048,-0.002,-0.0016
Herato1507,9050001,9100000,9075253,33976,2926,44.1796,53.0365,-0.0911,-0.0458,-0.0347
Herato1507,9100001,9150000,9124498,29965,2103,35.498,37.0152,-0.0209,-0.0094,-0.0075
Herato1507,9150001,9200000,9174596,33023,2431,40.808,37.3727,0.0439,0.0157,0.0129
Herato1507,9200001,9250000,9222746,30961,2557,42.3942,40.8254,0.0189,0.0075,0.006
Herato1507,9250001,9300000,9274335,31939,2084,21.9231,24.7829,-0.0612,-0.0175,-0.0141
Herato1507,9300001,9350000,9324011,28511,2381,44.933,45.2061,-0.003,-0.0013,-0.0011
Herato1507,9350001,9400000,9375868,30831,2351,36.3164,32.5575,0.0546,0.0248,0.0193
Herato1507,9400001,9450000,9425568,33223,3342,57.188,50.1919,0.0652,0.028,0.0224
Herato1507,9450001,9500000,9475708,33448,2810,56.1043,48.9287,0.0683,0.034,0.0269
Herato1507,9500001,9550000,9527546,27895,2416,38.3304,42.5508,-0.0522,-0.0288,-0.0215
Herato1507,9550001,9600000,9575247,30281,2392,44.9315,39.9944,0.0581,0.0327,0.0248
Herato1507,9600001,9650000,9624405,35559,3063,50.5567,48.945,0.0162,0.0087,0.0068
Herato1507,9650001,9700000,9674768,33736,3404,45.9267,50.9851,-0.0522,-0.0225,-0.0174
Herato1507,9700001,9750000,9724968,34711,3977,69.2903,70.1061,-0.0059,-0.0034,-0.0026
Herato1507,9750001,9800000,9775115,34997,3461,59.7282,58.2818,0.0123,0.0056,0.0045
Herato1507,9800001,9850000,9824836,33594,3150,56.1202,54.0522,0.0188,0.0086,0.0068
Herato1507,9850001,9900000,9875117,31851,1468,22.8634,23.877,-0.0217,-0.0073,-0.0059
Herato1507,9900001,9950000,9924534,32507,2736,47.5371,47.4384,0.001,0.0006,0.0004
Herato1507,9950001,10000000,9974269,27505,2325,38.5405,36.6887,0.0246,0.0126,0.0098
Herato1507,10000001,10050000,10022942,29428,1707,29.3532,28.0973,0.0219,0.0094,0.0076
Herato1507,10050001,10100000,10079944,27982,1420,28.453,25.0106,0.0644,0.0266,0.0214
Herato1507,10100001,10150000,10124660,34335,2023,43.1435,38.3908,0.0583,0.0278,0.0222
Herato1507,10150001,10200000,10174806,30129,2104,33.8664,33.1308,0.011,0.005,0.004
Herato1507,10200001,10250000,10222906,30628,2287,34.5561,46.7918,-0.1504,-0.0622,-0.0487
Herato1507,10250001,10300000,10278595,27247,2175,39.8867,40.588,-0.0087,-0.004,-0.0031
Herato1507,10300001,10350000,10325044,31959,2574,46.0645,41.9189,0.0471,0.0207,0.0163
Herato1507,10350001,10400000,10374311,33956,3067,42.1402,39.8606,0.0278,0.0115,0.009
Herato1507,10400001,10450000,10424694,33106,2130,28.8788,27.259,0.0289,0.0109,0.0087
Herato1507,10450001,10500000,10473272,29326,1714,28.1071,29.3954,-0.0224,-0.0093,-0.0073
Herato1507,10500001,10550000,10524512,34035,1854,30.274,29.4887,0.0131,0.0044,0.0036
Herato1507,10550001,10600000,10574728,32047,1992,31.7569,30.1413,0.0261,0.0096,0.0079
Herato1507,10600001,10650000,10625864,31661,2177,30.399,28.4101,0.0338,0.0109,0.0091
Herato1507,10650001,10700000,10674548,34123,1764,26.1066,23.6287,0.0498,0.0184,0.0146
Herato1507,10700001,10750000,10725461,27654,834,8.865,7.5151,0.0824,0.0199,0.017
Herato1507,10750001,10800000,10774121,26810,1114,14.2774,15.6284,-0.0452,-0.0244,-0.0171
Herato1508,1,50000,25989,23399,1104,15.329,13.9875,0.0458,0.0268,0.0201
Herato1508,50001,100000,60745,7973,381,9.4991,6.636,0.1774,0.1142,0.0925
Herato1509,1,50000,25799,28057,2044,30.1129,26.2039,0.0694,0.0425,0.0325
Herato1510,1,50000,25638,25922,953,13.3544,13.6654,-0.0115,-0.0058,-0.0044
Herato1510,50001,100000,64984,13720,732,8.8711,7.768,0.0663,0.0323,0.0258
Herato1511,1,50000,25197,22806,1390,15.807,14.0923,0.0573,0.0235,0.0189
Herato1512,1,50000,26477,23156,1185,13.34,13.6899,-0.0129,-0.007,-0.0053
Herato1512,50001,100000,74618,28242,1243,15.4739,14.1693,0.044,0.0241,0.0177
Herato1512,100001,150000,126440,30279,2009,31.8919,29.1855,0.0443,0.0338,0.0251
Herato1512,150001,200000,175756,27434,1416,17.4572,18.579,-0.0311,-0.0174,-0.0129
Herato1512,200001,250000,224478,28479,1361,18.2508,13.3448,0.1553,0.0752,0.0591
Herato1512,250001,300000,277456,25031,1456,18.7613,16.5928,0.0613,0.0366,0.0272
Herato1512,300001,350000,326124,26603,1426,18.768,20.0038,-0.0319,-0.0195,-0.0144
Herato1512,350001,400000,377277,27531,1812,22.8286,21.312,0.0344,0.0187,0.0145
Herato1512,400001,450000,427224,22993,1080,9.8285,10.3403,-0.0254,-0.0112,-0.0088
Herato1513,1,50000,25802,22469,1480,16.5345,15.7976,0.0228,0.0137,0.0103
Herato1513,50001,100000,67005,16848,655,8.5458,6.425,0.1417,0.0732,0.0579
Herato1514,1,50000,25900,20371,616,8.7652,6.6076,0.1403,0.0889,0.068
Herato1515,1,50000,11455,12100,410,1.7659,4.0673,-0.3945,-0.1478,-0.1004
Herato1516,1,50000,20695,22469,1279,15.9266,13.3485,0.0881,0.0419,0.0334
Herato1517,1,50000,10340,9625,847,12.6321,13.7739,-0.0432,-0.0344,-0.0244
Herato1518,1,50000,6567,6489,313,4.9515,6.4641,-0.1325,-0.1073,-0.0776
Herato1520,1,50000,6931,8229,872,11.795,9.4107,0.1124,0.0655,0.0485
Herato1521,1,50000,20564,23116,938,10.3529,10.3993,-0.0022,-0.0012,-0.0009
Herato1522,1,50000,8207,9388,432,7.3055,5.395,0.1504,0.0858,0.067
Herato1523,1,50000,10253,12311,640,5.2891,5.9109,-0.0555,-0.0256,-0.0191
Herato1524,1,50000,25371,26645,653,11.8894,9.0964,0.1331,0.0715,0.0575
Herato1524,50001,100000,76762,18751,1132,12.3794,10.9615,0.0607,0.0321,0.0241
Herato1524,100001,150000,122709,24885,1317,19.356,18.8041,0.0145,0.0086,0.0066
Herato1524,150001,200000,178722,24848,1183,18.1174,18.7011,-0.0159,-0.0105,-0.0077
Herato1524,200001,250000,225579,24403,1436,18.2255,15.1752,0.0913,0.0501,0.0398
Herato1524,250001,300000,274915,26891,1758,23.9537,19.3429,0.1065,0.0571,0.043
Herato1524,300001,350000,322914,24470,1252,13.7777,13.8771,-0.0036,-0.0019,-0.0014
Herato1524,350001,400000,375184,31931,2024,27.7681,26.4355,0.0246,0.0176,0.0131
Herato1524,400001,450000,424591,34193,2776,50.7413,49.8945,0.0084,0.0041,0.0032
Herato1524,450001,500000,474502,31154,2279,45.3337,46.6354,-0.0142,-0.0065,-0.0051
Herato1524,500001,550000,523513,34175,3144,55.7304,55.8545,-0.0011,-0.0005,-0.0004
Herato1524,550001,600000,575002,30280,2846,55.4054,54.2015,0.011,0.0058,0.0045
Herato1524,600001,650000,624908,34546,3778,70.1931,67.0443,0.0229,0.0113,0.0086
Herato1524,650001,700000,674908,35183,3383,62.9021,57.1451,0.048,0.0256,0.0201
Herato1524,700001,750000,724962,36906,3249,69.9101,62.9911,0.0521,0.0281,0.0217
Herato1524,750001,800000,775814,35286,2576,56.1106,55.5906,0.0047,0.0026,0.002
Herato1524,800001,850000,821965,33336,2980,71.0172,66.1874,0.0352,0.0216,0.0172
