scaffold,start,end,mid,sites,sitesUsed,ABBA,BABA,D,fd,fdM
Herato0501,1,50000,25079,38060,1673,16.5486,16.7072,-0.0048,-0.0018,-0.0014
Herato0501,50001,100000,74993,38309,2493,42.3252,39.8551,0.0301,0.0142,0.0113
Herato0501,100001,150000,124720,36130,3977,68.2623,83.3321,-0.0994,-0.0526,-0.0406
Herato0501,150001,200000,175378,33448,4162,82.3364,71.6178,0.0696,0.0361,0.0291
Herato0501,200001,250000,224673,35543,4858,74.6891,68.2481,0.0451,0.0217,0.017
Herato0501,250001,300000,275127,35580,4953,84.9209,81.7181,0.0192,0.0107,0.0082
Herato0501,300001,350000,321982,28013,3792,65.2839,55.0634,0.0849,0.0459,0.0359
Herato0501,350001,400000,374995,35515,4325,89.1524,67.4681,0.1385,0.0844,0.0647
Herato0501,400001,450000,425931,32399,3670,75.0754,60.7589,0.1054,0.0606,0.0463
Herato0501,450001,500000,475721,32944,4100,63.8894,60.7402,0.0253,0.0132,0.0103
Herato0501,500001,550000,525597,34347,3869,53.0869,58.0364,-0.0445,-0.0248,-0.0183
Herato0501,550001,600000,576145,34849,3854,63.8339,74.747,-0.0787,-0.0607,-0.0425
Herato0501,600001,650000,624588,35014,3976,64.6969,77.6188,-0.0908,-0.056,-0.0419
Herato0501,650001,700000,674041,32480,3131,55.9213,49.9803,0.0561,0.0344,0.0257
Herato0501,700001,750000,723981,33664,2360,37.375,40.0596,-0.0347,-0.0174,-0.0135
Herato0501,750001,800000,775870,33393,2719,44.0693,45.4507,-0.0154,-0.0067,-0.0053
Herato0501,800001,850000,825494,32069,3500,56.0151,54.1407,0.017,0.0081,0.0062
Herato0501,850001,900000,874829,33176,3670,61.9123,57.7185,0.0351,0.0163,0.0131
Herato0501,900001,950000,925133,35431,3757,61.6956,65.6492,-0.031,-0.0134,-0.0106
Herato0501,950001,1000000,973764,33675,4132,62.3546,69.0577,-0.051,-0.0221,-0.0175
Herato0501,1000001,1050000,1024887,36841,3546,57.5597,57.3795,0.0016,0.0008,0.0006
Herato0501,1050001,1100000,1076036,38813,3750,59.5135,59.5928,-0.0007,-0.0003,-0.0002
Herato0501,1100001,1150000,1124568,33622,2694,51.1193,42.2077,0.0955,0.0363,0.0303
Herato0501,1150001,1200000,1177266,27841,1627,21.0132,25.5676,-0.0978,-0.0367,-0.0286
Herato0501,1200001,1250000,1224608,35189,3963,64.5991,64.4753,0.001,0.0005,0.0004
Herato0501,1250001,1300000,1257145,9606,1257,15.2585,16.1784,-0.0293,-0.0176,-0.0131
Herato0502,1,50000,24971,30280,1607,25.0321,21.1794,0.0834,0.0615,0.0447
Herato0502,50001,100000,75501,30790,2133,23.4491,18.1109,0.1284,0.0782,0.0556
Herato0502,100001,150000,124947,30617,1502,15.5028,12.0496,0.1253,0.0815,0.0562
Herato0502,150001,200000,174620,29564,1499,18.7424,15.6474,0.09,0.0576,0.0425
Herato0502,200001,250000,220125,16748,1097,13.9579,14.9155,-0.0332,-0.0348,-0.0216
Herato0503,1,50000,25058,34138,4362,76.0206,73.7033,0.0155,0.01,0.0075
Herato0503,50001,100000,75592,30900,3285,49.7611,45.2208,0.0478,0.0254,0.0198
Herato0503,100001,150000,123817,32515,2753,45.3846,44.5689,0.0091,0.0049,0.0037
Herato0503,150001,200000,175005,27007,2287,33.5093,34.0186,-0.0075,-0.0049,-0.0035
Herato0503,200001,250000,225695,33312,2524,30.194,25.8892,0.0768,0.037,0.0279
Herato0503,250001,300000,275043,38319,3426,57.2943,49.6491,0.0715,0.0499,0.036
Herato0503,300001,350000,325404,34983,3679,54.0289,50.0726,0.038,0.025,0.0178
Herato0503,350001,400000,375058,33304,3712,58.3395,52.8754,0.0491,0.0307,0.0231
Herato0503,400001,450000,424999,34443,2982,49.8433,48.2906,0.0158,0.0081,0.0064
Herato0503,450001,500000,474076,32361,2092,37.0577,34.8714,0.0304,0.0141,0.0111
Herato0503,500001,550000,524766,35653,3600,52.5136,61.2467,-0.0768,-0.0377,-0.0284
Herato0503,550001,600000,575260,35122,2590,48.4314,41.3722,0.0786,0.0419,0.0316
Herato0503,600001,650000,624345,33170,2798,37.7115,41.4509,-0.0472,-0.0316,-0.0228
Herato0503,650001,700000,674232,32282,2987,67.3879,48.0569,0.1674,0.0893,0.0718
Herato0503,700001,750000,724577,33739,3837,57.2069,49.6398,0.0708,0.0374,0.0284
Herato0503,750001,800000,775233,33342,3430,52.3222,58.6165,-0.0567,-0.0314,-0.0237
Herato0503,800001,850000,824321,33353,3030,40.4113,40.9854,-0.0071,-0.0031,-0.0024
Herato0503,850001,900000,874808,33951,3554,67.8904,60.53,0.0573,0.032,0.0243
Herato0503,900001,950000,924933,32777,3646,56.1946,55.2267,0.0087,0.0058,0.0042
Herato0503,950001,1000000,975160,35037,3773,68.2578,67.4901,0.0057,0.0035,0.0026
Herato0503,1000001,1050000,1025051,37814,3924,62.8552,59.2438,0.0296,0.0152,0.012
Herato0503,1050001,1100000,1074704,38210,3852,69.3266,52.2185,0.1408,0.093,0.0691
Herato0503,1100001,1150000,1118676,28280,2372,46.0442,38.1327,0.094,0.0526,0.0395
Herato0503,1150001,1200000,1174857,34310,3651,70.2161,56.2943,0.11,0.056,0.0445
Herato0503,1200001,1250000,1225252,34307,3742,52.4589,55.2758,-0.0261,-0.0155,-0.0116
Herato0503,1250001,1300000,1275244,34598,3649,53.722,59.5401,-0.0514,-0.0249,-0.0192
Herato0503,1300001,1350000,1324892,34608,3386,53.3613,50.7586,0.025,0.0131,0.0102
Herato0503,1350001,1400000,1374507,36784,2511,42.3949,44.8107,-0.0277,-0.0146,-0.0114
Herato0503,1400001,1450000,1424800,35315,3538,55.934,56.8532,-0.0081,-0.0052,-0.0038
Herato0503,1450001,1500000,1474926,33917,3202,51.4607,52.4773,-0.0098,-0.0065,-0.0048
Herato0503,1500001,1550000,1525602,33501,3288,53.1863,50.5025,0.0259,0.0157,0.0115
Herato0503,1550001,1600000,1574782,33383,3220,50.5104,47.542,0.0303,0.0161,0.0123
Herato0503,1600001,1650000,1623741,37987,3413,59.0842,57.3844,0.0146,0.0083,0.0061
Herato0503,1650001,1700000,1674695,35835,3878,70.0411,61.4995,0.0649,0.0394,0.0308
Herato0503,1700001,1750000,1725489,37500,4028,59.0058,58.4207,0.005,0.0026,0.002
Herato0503,1750001,1800000,1774666,36322,3573,61.9603,63.5033,-0.0123,-0.0086,-0.0063
Herato0503,1800001,1850000,1825022,36766,3511,57.9857,62.6296,-0.0385,-0.0257,-0.0184
Herato0503,1850001,1900000,1874841,33930,2533,38.1609,35.5497,0.0354,0.0236,0.0167
Herato0503,1900001,1950000,1924443,29543,1720,25.3373,18.6403,0.1523,0.1251,0.0872
Herato0503,1950001,2000000,1974165,30089,2192,27.2013,21.6359,0.114,0.0757,0.0535
Herato0503,2000001,2050000,2024814,28952,3055,40.0951,33.107,0.0955,0.0549,0.0419
Herato0503,2050001,2100000,2077921,31813,1885,39.0507,29.4205,0.1406,0.1222,0.0939
Herato0503,2100001,2150000,2124263,35134,3383,73.0247,64.2664,0.0638,0.0575,0.0387
Herato0503,2150001,2200000,2175558,35741,3311,86.6189,54.0084,0.2319,0.1602,0.123
Herato0503,2200001,2250000,2225267,36165,3835,76.53,60.0914,0.1203,0.104,0.0733
Herato0503,2250001,2300000,2275038,33223,3299,62.5953,50.4706,0.1072,0.0838,0.0608
Herato0503,2300001,2350000,2325584,35463,3987,81.5311,60.0379,0.1518,0.116,0.0856
Herato0503,2350001,2400000,2374389,37980,3467,74.7511,58.0529,0.1257,0.0871,0.0649
Herato0503,2400001,2450000,2424312,37827,3326,76.649,50.4168,0.2064,0.11,0.0874
Herato0503,2450001,2500000,2474695,39417,4053,90.2487,64.4545,0.1667,0.0922,0.0726
Herato0503,2500001,2550000,2525422,34333,2755,51.9522,38.0542,0.1544,0.0734,0.0574
Herato0503,2550001,2600000,2574521,33790,2853,61.6774,44.5916,0.1608,0.1057,0.0796
Herato0503,2600001,2650000,2625549,33820,2632,50.2391,37.4602,0.1457,0.0801,0.0595
Herato0503,2650001,2700000,2674453,32323,2922,71.0421,46.4085,0.2097,0.1254,0.0949
Herato0503,2700001,2750000,2725186,28663,2944,61.1904,44.8024,0.1546,0.0818,0.064
Herato0503,2750001,2800000,2774788,33641,2748,49.5122,37.6639,0.1359,0.0595,0.047
Herato0503,2800001,2850000,2823058,30765,2730,53.9173,39.282,0.157,0.1064,0.0801
Herato0503,2850001,2900000,2875600,33244,2645,42.1959,34.5388,0.0998,0.051,0.0393
Herato0503,2900001,2950000,2924868,34925,3194,61.1461,50.1613,0.0987,0.0595,0.0447
Herato0503,2950001,3000000,2974995,33935,3934,72.5026,60.1781,0.0929,0.0697,0.051
Herato0503,3000001,3050000,3024445,33761,3274,69.1611,49.1952,0.1687,0.0953,0.0764
Herato0503,3050001,3100000,3074606,33764,3096,62.1885,42.4969,0.1881,0.1041,0.0803
Herato0503,3100001,3150000,3124989,33928,3495,74.1528,50.0829,0.1937,0.1138,0.0879
Herato0503,3150001,3200000,3172268,29280,2075,37.4655,27.1112,0.1603,0.0781,0.0605
Herato0503,3200001,3250000,3225578,31479,2629,43.2667,40.5826,0.032,0.0135,0.0109
Herato0503,3250001,3300000,3274897,36641,3961,61.4386,59.7689,0.0138,0.0055,0.0044
Herato0503,3300001,3350000,3323161,31237,3390,42.6994,45.7077,-0.034,-0.014,-0.0111
Herato0503,3350001,3400000,3376481,32899,3341,56.3972,51.1584,0.0487,0.0264,0.0207
Herato0503,3400001,3450000,3425021,34323,3094,57.5323,47.195,0.0987,0.065,0.0489
Herato0503,3450001,3500000,3474579,35959,3363,54.9519,54.4918,0.0042,0.0028,0.0021
Herato0503,3500001,3550000,3524362,30313,2742,44.4586,43.6668,0.009,0.0059,0.0043
Herato0503,3550001,3600000,3574324,36288,3771,54.1424,63.655,-0.0808,-0.0522,-0.0382
Herato0503,3600001,3650000,3624307,36353,3068,57.7372,48.6276,0.0856,0.0483,0.0382
Herato0503,3650001,3700000,3674602,33261,2798,44.1103,42.3314,0.0206,0.0133,0.0101
Herato0503,3700001,3750000,3725632,34634,3510,58.6218,61.0041,-0.0199,-0.0126,-0.0093
Herato0503,3750001,3800000,3774717,33557,2888,39.4093,41.7697,-0.0291,-0.0147,-0.0114
Herato0503,3800001,3850000,3826789,29938,2435,45.0601,38.8583,0.0739,0.0458,0.0344
Herato0503,3850001,3900000,3874405,34307,3066,42.1446,37.4645,0.0588,0.0267,0.0209
Herato0503,3900001,3950000,3925116,34207,3360,43.4726,47.4932,-0.0442,-0.0203,-0.0157
Herato0503,3950001,4000000,3974546,35617,3832,57.872,56.6945,0.0103,0.0056,0.0043
Herato0503,4000001,4050000,4024982,35166,3471,51.5876,54.9316,-0.0314,-0.0134,-0.0106
Herato0503,4050001,4100000,4073930,34360,3304,51.1278,54.1558,-0.0288,-0.0143,-0.011
Herato0503,4100001,4150000,4123080,32073,2994,45.7875,45.1399,0.0071,0.0035,0.0027
Herato0503,4150001,4200000,4175014,35945,4081,67.7972,64.6625,0.0237,0.0112,0.0089
Herato0503,4200001,4250000,4224488,34312,3361,51.4177,54.3609,-0.0278,-0.0142,-0.011
Herato0503,4250001,4300000,4274984,35848,3546,63.6016,64.0148,-0.0032,-0.002,-0.0015
Herato0503,4300001,4350000,4324740,34670,3079,49.932,49.309,0.0063,0.0031,0.0024
Herato0503,4350001,4400000,4376232,30761,2316,37.6921,36.3566,0.018,0.0079,0.0063
Herato0503,4400001,4450000,4425020,34604,3129,43.3841,48.5728,-0.0564,-0.0283,-0.0214
Herato0503,4450001,4500000,4475118,35224,2909,65.0763,45.9461,0.1723,0.1023,0.0781
Herato0503,4500001,4550000,4525876,33946,2993,55.3522,48.6767,0.0642,0.0334,0.0263
Herato0503,4550001,4600000,4574946,35240,3376,58.6513,61.1271,-0.0207,-0.0132,-0.0097
Herato0503,4600001,4650000,4625455,32515,2913,52.1462,46.114,0.0614,0.0333,0.0254
Herato0503,4650001,4700000,4676404,28551,2159,35.9237,31.6413,0.0634,0.0348,0.0265
Herato0503,4700001,4750000,4724791,33118,3045,44.779,46.7005,-0.021,-0.0106,-0.0079
Herato0503,4750001,4800000,4775724,35762,2668,48.286,42.5664,0.063,0.0303,0.0236
Herato0503,4800001,4850000,4824418,35779,2781,58.8784,52.8901,0.0536,0.0274,0.0215
Herato0503,4850001,4900000,4875212,33906,2544,60.7496,41.2627,0.191,0.1118,0.0865
Herato0503,4900001,4950000,4924635,37713,3320,64.0067,54.578,0.0795,0.0502,0.0375
Herato0503,4950001,5000000,4973305,35021,2375,50.7323,42.0699,0.0933,0.0589,0.0447
Herato0503,5000001,5050000,5025848,33251,1269,16.9151,22.8241,-0.1487,-0.0694,-0.0517
Herato0503,5050001,5100000,5074434,37198,3573,72.861,51.2891,0.1738,0.0876,0.0706
Herato0503,5100001,5150000,5124112,34862,3499,90.812,61.8748,0.1895,0.1338,0.1013
Herato0503,5150001,5200000,5177273,30362,2459,65.8094,45.9565,0.1776,0.1094,0.0869
Herato0503,5200001,5250000,5225352,31371,2776,62.1475,53.4045,0.0757,0.0434,0.0342
Herato0503,5250001,5300000,5275152,35451,3835,63.8522,66.3078,-0.0189,-0.012,-0.0089
Herato0503,5300001,5350000,5325599,33059,2660,39.2426,40.1066,-0.0109,-0.0061,-0.0046
Herato0503,5350001,5400000,5374799,35769,3458,56.1192,52.7076,0.0313,0.0158,0.0121
Herato0503,5400001,5450000,5424117,30475,2929,40.3243,40.6026,-0.0034,-0.0017,-0.0013
Herato0503,5450001,5500000,5474703,34979,2918,43.602,39.6966,0.0469,0.0224,0.0178
Herato0503,5500001,5550000,5524973,34455,3040,37.1439,37.9755,-0.0111,-0.0052,-0.0042
Herato0503,5550001,5600000,5573926,32967,2558,30.4164,29.6042,0.0135,0.006,0.0047
Herato0503,5600001,5650000,5626273,32799,2813,38.5686,39.9549,-0.0177,-0.0075,-0.0059
Herato0503,5650001,5700000,5674981,34835,2206,33.9531,29.56,0.0692,0.0298,0.0244
Herato0503,5700001,5750000,5724864,34969,1932,29.1496,32.6298,-0.0563,-0.0264,-0.0204
Herato0503,5750001,5800000,5775942,33821,2561,45.189,44.5241,0.0074,0.0039,0.003
Herato0503,5800001,5850000,5825260,39518,3065,56.6155,46.5816,0.0972,0.0431,0.0357
Herato0503,5850001,5900000,5875226,31424,2409,34.1173,44.9137,-0.1366,-0.0501,-0.0407
Herato0503,5900001,5950000,5925281,37578,3199,48.7429,58.2297,-0.0887,-0.0392,-0.0309
Herato0503,5950001,6000000,5975138,36190,3650,64.205,58.7139,0.0447,0.0224,0.0176
Herato0503,6000001,6050000,6024271,34198,3401,49.7265,58.4038,-0.0802,-0.045,-0.0332
Herato0503,6050001,6100000,6076823,37677,3030,40.8064,47.7024,-0.0779,-0.0427,-0.0318
Herato0503,6100001,6150000,6126209,31943,3067,37.5198,48.5119,-0.1278,-0.0455,-0.0369
Herato0503,6150001,6200000,6173937,34040,3566,45.4781,49.9762,-0.0471,-0.0231,-0.0179
Herato0503,6200001,6250000,6224588,36993,4075,76.9573,71.7791,0.0348,0.022,0.0172
Herato0503,6250001,6300000,6274648,36962,3823,62.1032,73.7154,-0.0855,-0.0487,-0.0362
Herato0503,6300001,6350000,6325040,36789,3553,60.3667,64.3863,-0.0322,-0.0194,-0.0144
Herato0503,6350001,6400000,6374663,36659,3902,71.8275,72.4217,-0.0041,-0.0025,-0.0019
Herato0503,6400001,6450000,6425100,37201,3633,58.5729,61.458,-0.024,-0.0169,-0.0123
Herato0503,6450001,6500000,6474841,34554,2916,54.7815,46.8517,0.078,0.0418,0.0327
Herato0503,6500001,6550000,6524857,35080,3247,50.9142,50.6423,0.0027,0.0013,0.001
Herato0503,6550001,6600000,6574724,37822,3764,58.2233,60.5174,-0.0193,-0.0098,-0.0076
Herato0503,6600001,6650000,6624893,35034,2983,50.5978,45.5234,0.0528,0.0268,0.0211
Herato0503,6650001,6700000,6675029,36417,4241,70.0605,66.8797,0.0232,0.0143,0.0108
Herato0503,6700001,6750000,6724897,38027,3527,65.1322,58.0261,0.0577,0.0338,0.0256
Herato0503,6750001,6800000,6774921,36642,4219,66.5747,57.0763,0.0768,0.0387,0.0307
Herato0503,6800001,6850000,6824904,30199,2568,39.9976,36.2191,0.0496,0.0266,0.0199
Herato0503,6850001,6900000,6874866,34610,3169,47.3269,50.422,-0.0317,-0.0155,-0.0118
Herato0503,6900001,6950000,6925300,37737,4050,69.036,66.1583,0.0213,0.0114,0.0087
Herato0503,6950001,7000000,6975135,36110,3501,58.1088,52.2563,0.053,0.0266,0.0209
Herato0503,7000001,7050000,7025705,34560,3516,61.1727,63.6826,-0.0201,-0.0128,-0.0095
Herato0503,7050001,7100000,7076092,33002,3003,48.441,44.5136,0.0422,0.0255,0.0189
Herato0503,7100001,7150000,7125393,33960,3120,48.4076,47.2173,0.0124,0.0071,0.0052
Herato0503,7150001,7200000,7175315,33841,3125,48.9891,62.2552,-0.1193,-0.0677,-0.0497
Herato0503,7200001,7250000,7226039,33627,2983,49.4039,52.2375,-0.0279,-0.0168,-0.0122
Herato0503,7250001,7300000,7269420,26829,2091,32.1048,35.9208,-0.0561,-0.0373,-0.0264
Herato0503,7300001,7350000,7327112,26534,1667,22.6404,22.6672,-0.0006,-0.0004,-0.0003
Herato0503,7350001,7400000,7375326,34124,2890,50.1105,43.8725,0.0664,0.0416,0.0319
Herato0503,7400001,7450000,7425611,37841,2686,41.3738,48.5383,-0.0797,-0.0556,-0.0404
Herato0503,7450001,7500000,7474550,36829,3256,57.2407,64.7997,-0.0619,-0.0397,-0.0288
Herato0503,7500001,7550000,7525615,38385,3110,55.976,67.0571,-0.0901,-0.0414,-0.033
Herato0503,7550001,7600000,7574084,37266,1068,10.497,8.469,0.1069,0.0277,0.0228
Herato0503,7600001,7650000,7623784,37781,3028,44.934,42.7965,0.0244,0.0124,0.0096
Herato0503,7650001,7700000,7679708,21513,1907,41.7847,30.6131,0.1543,0.1111,0.0865
Herato0503,7700001,7750000,7724871,36607,3504,57.1733,49.5682,0.0712,0.047,0.0348
Herato0503,7750001,7800000,7774488,36775,3184,42.0335,52.9926,-0.1153,-0.0648,-0.0472
Herato0503,7800001,7850000,7824862,34531,3083,53.5213,47.0759,0.0641,0.0338,0.0267
Herato0503,7850001,7900000,7874139,34204,2929,56.8712,45.9347,0.1064,0.0768,0.057
Herato0503,7900001,7950000,7925069,33800,3191,57.0303,45.9795,0.1073,0.0794,0.0584
Herato0503,7950001,8000000,7973093,31492,2822,41.2763,41.1391,0.0017,0.0011,0.0008
Herato0503,8000001,8050000,8024366,33120,3025,49.3571,42.424,0.0755,0.044,0.034
Herato0503,8050001,8100000,8074136,31432,2534,41.3737,37.5156,0.0489,0.0267,0.021
Herato0503,8100001,8150000,8125154,36091,3671,50.4507,53.1045,-0.0256,-0.0165,-0.0119
Herato0503,8150001,8200000,8175116,37774,3823,54.5847,64.2602,-0.0814,-0.061,-0.0422
Herato0503,8200001,8250000,8225709,38597,3583,57.3944,56.7591,0.0056,0.003,0.0023
Herato0503,8250001,8300000,8274449,39586,3944,71.9094,70.8604,0.0073,0.0055,0.004
Herato0503,8300001,8350000,8325101,36306,3186,56.6149,56.9508,-0.003,-0.0019,-0.0014
Herato0503,8350001,8400000,8375101,36242,3679,62.4294,57.6457,0.0398,0.024,0.0181
Herato0503,8400001,8450000,8425210,35808,3373,51.9107,53.1042,-0.0114,-0.0065,-0.0049
Herato0503,8450001,8500000,8474752,35606,3034,42.6028,48.4123,-0.0638,-0.0365,-0.0267
Herato0503,8500001,8550000,8523360,30517,2869,49.3942,47.4657,0.0199,0.0152,0.0108
Herato0503,8550001,8600000,8575196,33622,3505,52.2902,48.6296,0.0363,0.025,0.018
Herato0503,8600001,8650000,8624544,35739,3630,66.4151,54.142,0.1018,0.0798,0.0568
Herato0503,8650001,8700000,8674858,34749,3519,62.1215,57.657,0.0373,0.0253,0.0187
Herato0503,8700001,8750000,8725091,35438,2955,47.7867,49.0938,-0.0135,-0.0098,-0.0071
Herato0503,8750001,8800000,8775475,34570,3578,58.1741,57.5568,0.0053,0.0036,0.0026
Herato0503,8800001,8850000,8824962,36094,3831,64.9215,59.6384,0.0424,0.0269,0.0197
Herato0503,8850001,8900000,8872782,28729,2746,47.631,47.8647,-0.0024,-0.0013,-0.001
Herato0503,8900001,8950000,8924156,29382,1914,33.2272,32.3695,0.0131,0.0073,0.0055
Herato0503,8950001,9000000,8971137,22442,2508,30.7529,31.3762,-0.01,-0.005,-0.0038
Herato0504,1,50000,20187,22145,1269,14.905,14.5024,0.0137,0.0094,0.0066
Herato0505,1,50000,24988,31668,1151,11.8898,11.3215,0.0245,0.0123,0.0091
Herato0506,1,50000,17516,21487,908,10.9015,8.5855,0.1188,0.0538,0.0422
Herato0507,1,50000,25987,23807,997,9.5795,9.7962,-0.0112,-0.0065,-0.0047
Herato0507,50001,100000,75077,30648,1815,19.8453,17.5589,0.0611,0.0377,0.028
Herato0507,100001,150000,121823,23808,1808,23.7283,20.1186,0.0823,0.0539,0.0413
Herato0507,150001,200000,175018,24286,881,13.7261,11.7169,0.079,0.048,0.0371
Herato0507,200001,250000,215426,19681,1128,13.8292,14.116,-0.0103,-0.0065,-0.0049
Herato0508,1,50000,26040,24233,469,4.0888,5.6332,-0.1589,-0.1084,-0.0722
Herato0508,50001,100000,74126,24620,1443,18.2547,17.6756,0.0161,0.0116,0.0081
Herato0508,100001,150000,124516,26302,1474,19.2384,15.822,0.0974,0.0509,0.0402
Herato0508,150001,200000,175000,32057,3139,45.6754,45.3878,0.0032,0.0016,0.0013
Herato0508,200001,250000,224772,34261,3055,49.5815,46.2879,0.0344,0.015,0.012
Herato0508,250001,300000,275149,36448,3467,73.0197,63.8936,0.0667,0.0461,0.0349
Herato0508,300001,350000,322821,30995,2829,45.4241,47.0395,-0.0175,-0.0098,-0.0074
Herato0508,350001,400000,375420,35442,4042,65.6857,61.9443,0.0293,0.0141,0.0111
Herato0508,400001,450000,425375,35909,3509,51.3192,54.4819,-0.0299,-0.0139,-0.0107
Herato0508,450001,500000,475048,22647,664,15.9402,15.0378,0.0291,0.0235,0.0173
Herato0508,500001,550000,524861,33788,3242,54.5807,51.6491,0.0276,0.0138,0.0106
Herato0508,550001,600000,574703,32840,2773,48.2931,43.3472,0.054,0.027,0.0206
Herato0508,600001,650000,623293,30072,2394,41.4395,36.2819,0.0664,0.0251,0.0203
Herato0508,650001,700000,674627,33200,2820,44.9588,39.2978,0.0672,0.0299,0.0239
Herato0508,700001,750000,725993,33797,2692,52.504,52.381,0.0012,0.0005,0.0004
Herato0508,750001,800000,775502,35880,3188,46.5334,45.9378,0.0064,0.0024,0.002
Herato0508,800001,850000,825178,31217,2813,46.9569,41.91,0.0568,0.026,0.0207
Herato0508,850001,900000,875273,31282,2574,44.6447,46.5976,-0.0214,-0.0135,-0.01
Herato0508,900001,950000,924807,34783,3680,48.7664,50.0588,-0.0131,-0.0059,-0.0046
Herato0508,950001,1000000,975047,34380,2823,49.4669,47.0865,0.0247,0.0129,0.0101
Herato0508,1000001,1050000,1025216,35580,3534,50.8606,50.8384,0.0002,0.0001,0.0001
Herato0508,1050001,1100000,1075046,35781,3680,66.1794,52.7033,0.1134,0.0524,0.0417
Herato0508,1100001,1150000,1123098,32813,1722,21.0115,24.4353,-0.0753,-0.0266,-0.0214
Herato0508,1150001,1200000,1174623,30170,2020,28.2357,28.2811,-0.0008,-0.0004,-0.0003
Herato0508,1200001,1250000,1224604,34964,4191,68.1651,67.4475,0.0053,0.0028,0.0021
Herato0508,1250001,1300000,1275414,33840,3886,70.1907,61.9512,0.0624,0.0329,0.0257
Herato0508,1300001,1350000,1325043,31933,3359,54.7453,54.3407,0.0037,0.0022,0.0016
Herato0508,1350001,1400000,1375249,33860,4097,64.6074,68.3215,-0.0279,-0.0173,-0.0127
Herato0508,1400001,1450000,1423027,27777,2818,40.0124,43.6107,-0.043,-0.0225,-0.0169
Herato0508,1450001,1500000,1475323,32008,3537,52.4365,49.6556,0.0272,0.0137,0.011
Herato0508,1500001,1550000,1525133,33523,3890,51.7915,61.2413,-0.0836,-0.0356,-0.0279
Herato0508,1550001,1600000,1576608,29102,3046,47.5287,48.3872,-0.0089,-0.0039,-0.0031
Herato0508,1600001,1650000,1624988,33868,3974,59.2821,56.5276,0.0238,0.0105,0.0083
Herato0508,1650001,1700000,1674962,34080,3498,51.6769,50.6673,0.0099,0.0046,0.0036
Herato0508,1700001,1750000,1723544,32313,3360,49.9758,47.441,0.026,0.0127,0.0097
Herato0508,1750001,1800000,1773333,30894,3388,56.3997,55.0384,0.0122,0.0064,0.005
Herato0508,1800001,1850000,1825168,33670,3919,61.0993,57.1729,0.0332,0.0205,0.0153
Herato0508,1850001,1900000,1874912,36713,3416,57.977,58.3168,-0.0029,-0.0013,-0.0011
Herato0508,1900001,1950000,1925228,34327,3107,50.4364,47.0095,0.0352,0.0134,0.0109
Herato0508,1950001,2000000,1975560,32227,2881,57.7922,61.4268,-0.0305,-0.0156,-0.0123
Herato0508,2000001,2050000,2025442,35102,3995,59.7106,61.1623,-0.012,-0.005,-0.004
Herato0508,2050001,2100000,2072098,29124,3695,65.6919,66.4058,-0.0054,-0.0027,-0.0021
Herato0508,2100001,2150000,2125205,37482,3716,65.617,78.0989,-0.0869,-0.0446,-0.0339
Herato0508,2150001,2200000,2175064,33533,3699,60.4778,63.7813,-0.0266,-0.0117,-0.0096
Herato0508,2200001,2250000,2224951,35794,4039,66.7563,68.1264,-0.0102,-0.0046,-0.0037
Herato0508,2250001,2300000,2275190,36843,5023,82.1787,83.1947,-0.0061,-0.004,-0.0029
Herato0508,2300001,2350000,2324538,32539,4145,69.2598,62.3464,0.0525,0.0299,0.0227
Herato0508,2350001,2400000,2375218,33433,3448,50.6373,61.0566,-0.0933,-0.049,-0.0374
Herato0508,2400001,2450000,2425521,35107,3716,51.9892,56.2286,-0.0392,-0.0196,-0.0152
Herato0508,2450001,2500000,2476017,33448,3941,66.0307,59.1049,0.0553,0.0257,0.0207
Herato0508,2500001,2550000,2524996,35734,4135,76.6807,65.7136,0.077,0.0377,0.0306
Herato0508,2550001,2600000,2573526,31896,3263,56.0924,58.3833,-0.02,-0.0102,-0.0081
Herato0508,2600001,2650000,2624922,31136,2649,41.7126,45.0885,-0.0389,-0.0186,-0.0146
Herato0508,2650001,2700000,2657618,10149,670,10.9891,9.7349,0.0605,0.0296,0.0219
Herato0509,1,50000,23400,34277,1130,21.0945,14.4194,0.188,0.1927,0.1321
Herato0509,50001,100000,77570,34468,2277,46.4971,48.3367,-0.0194,-0.0197,-0.0132
Herato0509,100001,150000,123585,31984,3436,62.3102,64.1855,-0.0148,-0.0096,-0.0072
Herato0509,150001,200000,178199,30320,3954,62.5153,62.7636,-0.002,-0.0012,-0.0009
Herato0509,200001,250000,225257,34780,3680,54.9365,58.1024,-0.028,-0.0147,-0.0112
Herato0509,250001,300000,274141,31758,2591,42.3083,42.0334,0.0033,0.002,0.0014
Herato0509,300001,350000,302443,3350,347,4.1158,5.7518,-0.1658,-0.104,-0.0714
Herato0510,1,50000,20625,17513,440,4.8704,4.9284,-0.0059,-0.0018,-0.0015
Herato0511,1,50000,26059,30080,1314,26.1298,30.154,-0.0715,-0.0593,-0.0428
Herato0511,50001,100000,74657,40343,965,22.2951,26.4019,-0.0843,-0.0969,-0.0696
Herato0511,100001,150000,114696,21930,290,6.9639,5.5594,0.1122,0.1313,0.1023
