scaffold,start,end,mid,sites,sitesUsed,ABBA,BABA,D,fd,fdM
Herato1501,1,50000,26165,35993,1781,27.6116,27.3635,0.0045,0.0015,0.0012
Herato1501,50001,100000,62862,17829,894,14.5419,12.9856,0.0565,0.0185,0.0153
Herato1502,1,50000,25286,32724,775,13.0203,12.0028,0.0407,0.0147,0.0119
Herato1502,50001,100000,75268,32269,1694,30.8388,31.9246,-0.0173,-0.01,-0.008
Herato1502,100001,150000,123978,28480,524,4.144,3.3316,0.1087,0.0355,0.0297
Herato1503,1,50000,9626,12913,275,7.8969,6.268,0.115,0.1496,0.1112
Herato1504,1,50000,26095,40442,637,17.3862,14.9122,0.0766,0.1315,0.0977
Herato1504,50001,100000,71824,34830,889,15.3392,15.9157,-0.0184,-0.0252,-0.0156
Herato1505,1,50000,22499,24272,541,9.414,6.2784,0.1998,0.0744,0.0629
Herato1505,50001,100000,75383,34346,1456,21.9715,29.765,-0.1506,-0.0531,-0.0426
Herato1505,100001,150000,125076,37581,1706,37.1562,24.7151,0.2011,0.0832,0.061
Herato1505,150001,200000,177059,33774,2416,44.1902,51.249,-0.074,-0.0326,-0.0268
Herato1505,200001,250000,224466,36636,2274,42.9224,38.9174,0.0489,0.0271,0.0183
Herato1505,250001,300000,277407,32064,1870,21.1617,21.7277,-0.0132,-0.0036,-0.0029
Herato1505,300001,350000,324568,35857,2817,54.6094,47.5228,0.0694,0.0398,0.0289
Herato1505,350001,400000,374366,34651,2520,47.5794,48.779,-0.0124,-0.0063,-0.0048
Herato1505,400001,450000,425175,38453,2428,38.4423,42.7056,-0.0525,-0.0243,-0.0187
Herato1505,450001,500000,475592,37680,1135,12.5812,21.9733,-0.2718,-0.068,-0.0573
Herato1505,500001,550000,525721,36656,2188,25.7933,32.6062,-0.1167,-0.0344,-0.0284
Herato1505,550001,600000,577092,33051,1763,17.6218,14.0612,0.1124,0.0154,0.0127
Herato1505,600001,650000,625818,32189,2074,29.9867,32.662,-0.0427,-0.0174,-0.0125
Herato1505,650001,700000,675024,37163,3088,51.24,46.0541,0.0533,0.0195,0.0152
Herato1505,700001,750000,724025,30661,1786,21.231,20.6413,0.0141,0.0045,0.0037
Herato1505,750001,800000,775281,32365,1638,20.7823,18.5022,0.058,0.0148,0.012
Herato1505,800001,850000,823562,31556,2051,24.3417,20.066,0.0963,0.0187,0.0164
Herato1505,850001,900000,874989,38043,2500,25.7133,25.5243,0.0037,0.0008,0.0007
Herato1505,900001,950000,923104,32155,1835,39.3142,34.6397,0.0632,0.0183,0.0156
Herato1505,950001,1000000,975222,35548,2270,30.171,31.0027,-0.0136,-0.0035,-0.003
Herato1505,1000001,1050000,1024475,36180,2636,26.5068,35.1698,-0.1405,-0.0338,-0.0284
Herato1505,1050001,1100000,1074233,38414,2626,41.422,41.2765,0.0018,0.0007,0.0006
Herato1505,1100001,1150000,1123146,32268,2114,30.0971,30.7284,-0.0104,-0.0029,-0.0023
Herato1505,1150001,1200000,1175969,36176,2165,29.2894,31.1471,-0.0307,-0.0088,-0.0072
Herato1505,1200001,1250000,1226645,29002,1410,25.6488,23.5439,0.0428,0.0122,0.0104
Herato1505,1250001,1300000,1275032,36200,2693,32.9769,47.8856,-0.1844,-0.0673,-0.0533
Herato1505,1300001,1350000,1325292,36626,2428,23.0528,21.1862,0.0422,0.0102,0.0083
Herato1505,1350001,1400000,1375068,35699,2744,26.9852,28.669,-0.0303,-0.0075,-0.0061
Herato1505,1400001,1450000,1423198,31999,1758,21.2616,21.8958,-0.0147,-0.0036,-0.0031
Herato1505,1450001,1500000,1472819,32567,2325,31.3314,35.7939,-0.0665,-0.021,-0.0172
Herato1505,1500001,1550000,1524788,35826,2011,33.7573,25.8358,0.1329,0.0336,0.0284
Herato1505,1550001,1600000,1574087,35135,1477,6.2396,6.4504,-0.0166,-0.0011,-0.001
Herato1505,1600001,1650000,1625073,30914,768,5.3072,5.4108,-0.0097,-0.001,-0.0009
Herato1505,1650001,1700000,1674715,31642,839,6.6436,7.3549,-0.0508,-0.006,-0.0052
Herato1505,1700001,1750000,1725327,36500,951,6.4197,4.9039,0.1339,0.0101,0.0095
Herato1505,1750001,1800000,1775122,38523,1971,29.4333,25.47,0.0722,0.0199,0.0174
Herato1505,1800001,1850000,1825308,39052,1888,21.0523,21.8036,-0.0175,-0.0038,-0.0034
Herato1505,1850001,1900000,1878279,34506,1886,19.003,19.3488,-0.009,-0.0015,-0.0014
Herato1505,1900001,1950000,1925685,38701,2011,14.3735,15.8789,-0.0498,-0.0048,-0.0045
Herato1505,1950001,2000000,1974614,37172,2224,30.075,25.1801,0.0886,0.0191,0.0167
Herato1505,2000001,2050000,2023929,35955,1553,12.1288,9.5289,0.12,0.011,0.0098
Herato1505,2050001,2100000,2075896,33494,1286,0.8559,0.9593,-0.057,-0.0005,-0.0005
Herato1505,2100001,2150000,2125041,34305,1224,1.8694,2.4727,-0.1389,-0.0031,-0.003
Herato1505,2150001,2200000,2174599,35531,1286,2.198,1.7083,0.1254,0.0023,0.0022
Herato1505,2200001,2250000,2224535,34946,1410,2.5044,2.2189,0.0604,0.0013,0.0012
Herato1505,2250001,2300000,2275091,36854,1215,2.9115,1.4879,0.3236,0.0074,0.007
Herato1505,2300001,2350000,2325482,38048,1723,12.4796,12.9886,-0.02,-0.0021,-0.0018
Herato1505,2350001,2400000,2374878,37556,1784,21.1898,20.5556,0.0152,0.0029,0.0024
Herato1505,2400001,2450000,2424679,40535,2004,19.7459,16.1954,0.0988,0.0118,0.0104
Herato1505,2450001,2500000,2475336,38572,1761,18.7645,18.1056,0.0179,0.002,0.0018
Herato1505,2500001,2550000,2524871,40671,2015,22.7791,19.6117,0.0747,0.0095,0.0085
Herato1505,2550001,2600000,2573096,36831,1715,17.919,19.3929,-0.0395,-0.0063,-0.0055
Herato1505,2600001,2650000,2624971,37400,1956,19.2593,22.3552,-0.0744,-0.0189,-0.0154
Herato1505,2650001,2700000,2675119,37916,2210,37.8866,38.5477,-0.0086,-0.0033,-0.0026
Herato1505,2700001,2750000,2725251,37457,2287,44.8039,42.0142,0.0321,0.0126,0.0099
Herato1505,2750001,2800000,2775208,37860,2091,45.9829,42.7386,0.0366,0.0153,0.0125
Herato1505,2800001,2850000,2825198,35500,1879,42.2366,40.7552,0.0179,0.0069,0.0053
Herato1505,2850001,2900000,2875258,38210,2119,40.0077,46.2142,-0.072,-0.0303,-0.0231
Herato1505,2900001,2950000,2924692,38547,2170,38.6958,38.8964,-0.0026,-0.001,-0.0008
Herato1505,2950001,3000000,2975483,36084,1620,33.8904,33.8451,0.0007,0.0002,0.0002
Herato1505,3000001,3050000,3025181,38698,1816,66.6396,56.0178,0.0866,0.0824,0.0579
Herato1505,3050001,3100000,3074915,39540,2043,57.2661,58.4999,-0.0107,-0.0123,-0.0076
Herato1505,3100001,3150000,3125186,38501,2078,65.3259,56.1577,0.0755,0.0571,0.0468
Herato1505,3150001,3200000,3175031,38053,2422,46.154,48.4388,-0.0242,-0.0118,-0.0093
Herato1505,3200001,3250000,3225300,36666,2009,30.6159,29.5979,0.0169,0.0088,0.0068
Herato1505,3250001,3300000,3274783,37827,2320,35.9092,35.2133,0.0098,0.004,0.0031
Herato1505,3300001,3350000,3320125,29159,1778,31.7608,26.9821,0.0814,0.0327,0.027
Herato1505,3350001,3400000,3377422,33299,1885,24.8505,30.5049,-0.1021,-0.0273,-0.023
Herato1505,3400001,3450000,3420647,31293,1266,21.1603,20.3417,0.0197,0.0062,0.0054
Herato1505,3450001,3500000,3474386,32453,1844,25.4421,24.6412,0.016,0.0047,0.004
Herato1505,3500001,3550000,3525513,32854,1475,17.0931,18.2534,-0.0328,-0.0093,-0.0078
Herato1505,3550001,3600000,3575669,33978,1694,15.8482,14.8431,0.0327,0.0064,0.0051
Herato1505,3600001,3650000,3625000,35176,1836,12.4582,10.796,0.0715,0.0104,0.0089
Herato1505,3650001,3700000,3675112,31578,1417,14.544,14.73,-0.0064,-0.0017,-0.0013
Herato1505,3700001,3750000,3725146,35446,1869,18.2506,15.7151,0.0746,0.0117,0.01
Herato1505,3750001,3800000,3772863,26604,1158,8.1116,10.5584,-0.1311,-0.0182,-0.0154
Herato1505,3800001,3850000,3823498,31219,1524,8.9481,8.2279,0.0419,0.0037,0.0033
Herato1505,3850001,3900000,3874194,32533,719,1.8496,2.4138,-0.1323,-0.0062,-0.0055
Herato1505,3900001,3950000,3906846,10833,307,1.1871,1.1223,0.0281,0.0015,0.0014
Herato1506,1,50000,24831,31290,815,1.5591,3.9117,-0.43,-0.0255,-0.023
Herato1506,50001,100000,80428,24587,573,2.2049,2.4133,-0.0451,-0.0032,-0.0028
Herato1506,100001,150000,127279,32131,647,3.1556,3.2249,-0.0109,-0.0009,-0.0008
Herato1506,150001,200000,164866,23261,681,3.5936,2.8979,0.1072,0.0106,0.0095
Herato1507,1,50000,25480,34877,1331,8.2891,8.3743,-0.0051,-0.0005,-0.0005
Herato1507,50001,100000,71798,26383,644,5.221,4.9983,0.0218,0.0026,0.0023
Herato1507,100001,150000,124729,33862,1230,9.3774,9.175,0.0109,0.0015,0.0012
Herato1507,150001,200000,176952,33202,1744,16.6502,17.2825,-0.0186,-0.0037,-0.0031
Herato1507,200001,250000,225361,40197,2563,39.8705,38.4536,0.0181,0.0056,0.0047
Herato1507,250001,300000,274261,37454,1712,38.001,31.25,0.0975,0.0309,0.0248
Herato1507,300001,350000,324714,36865,2295,31.6522,33.3474,-0.0261,-0.0067,-0.0057
Herato1507,350001,400000,374295,35461,2513,30.9758,28.0182,0.0501,0.0145,0.0122
Herato1507,400001,450000,425188,36474,2190,35.7504,33.254,0.0362,0.0134,0.0103
Herato1507,450001,500000,475336,34262,1679,21.5999,24.5598,-0.0641,-0.0225,-0.0184
Herato1507,500001,550000,524686,33537,1907,27.5631,22.5131,0.1008,0.0399,0.0303
Herato1507,550001,600000,574327,32237,1875,23.5089,24.8499,-0.0277,-0.0092,-0.0078
Herato1507,600001,650000,625381,28617,860,9.8515,12.2847,-0.1099,-0.0266,-0.0222
Herato1507,650001,700000,674939,31135,1465,19.1791,18.9355,0.0064,0.0022,0.0018
Herato1507,700001,750000,726025,31603,1900,23.2361,23.6275,-0.0084,-0.0019,-0.0017
Herato1507,750001,800000,772743,30386,1722,20.9474,18.1626,0.0712,0.0197,0.0162
Herato1507,800001,850000,830256,23821,1064,14.4734,12.1023,0.0892,0.0258,0.0222
Herato1507,850001,900000,873531,21580,1014,13.5255,9.77,0.1612,0.0404,0.0327
Herato1507,900001,950000,927633,28728,1318,13.4075,13.6049,-0.0073,-0.0015,-0.0013
Herato1507,950001,1000000,973783,31831,1826,14.0383,15.3536,-0.0448,-0.0069,-0.0061
Herato1507,1000001,1050000,1026073,34968,1912,14.169,14.5719,-0.014,-0.0026,-0.0023
Herato1507,1050001,1100000,1074208,32746,1704,14.2544,12.8087,0.0534,0.0098,0.0085
Herato1507,1100001,1150000,1126950,29745,1559,14.0679,13.6266,0.0159,0.0033,0.0027
Herato1507,1150001,1200000,1174978,32910,1690,17.639,17.71,-0.002,-0.0005,-0.0004
Herato1507,1200001,1250000,1223173,28443,1531,17.5069,22.4795,-0.1244,-0.03,-0.0261
Herato1507,1250001,1300000,1270613,20976,956,10.7743,10.3004,0.0225,0.0056,0.0049
Herato1507,1300001,1350000,1324458,33714,2091,23.7287,19.6614,0.0937,0.0287,0.0225
Herato1507,1350001,1400000,1375929,31977,1244,13.603,15.6375,-0.0696,-0.0141,-0.0121
Herato1507,1400001,1450000,1425478,32459,1369,19.5717,18.8947,0.0176,0.0045,0.0037
Herato1507,1450001,1500000,1479187,24485,1261,16.8688,21.9489,-0.1309,-0.0404,-0.0329
Herato1507,1500001,1550000,1525066,35074,2066,27.2871,30.6039,-0.0573,-0.0217,-0.0172
Herato1507,1550001,1600000,1572641,31184,2083,26.3088,27.1529,-0.0158,-0.0052,-0.0043
Herato1507,1600001,1650000,1626143,24935,748,6.4538,5.3227,0.096,0.0298,0.0243
Herato1507,1650001,1700000,1674483,21971,281,1.9136,1.9362,-0.0059,-0.0013,-0.001
Herato1507,1700001,1750000,1725533,33447,1289,16.1214,15.7188,0.0126,0.0043,0.0035
Herato1507,1750001,1800000,1776300,33002,1879,18.1341,15.546,0.0768,0.0135,0.0117
Herato1507,1800001,1850000,1820215,27735,1344,10.3778,12.8929,-0.1081,-0.0252,-0.02
Herato1507,1850001,1900000,1877370,30858,1739,19.5112,18.6705,0.022,0.0054,0.0045
Herato1507,1900001,1950000,1925379,33628,2205,32.754,34.6807,-0.0286,-0.0113,-0.0089
Herato1507,1950001,2000000,1974951,34699,1767,24.924,23.9842,0.0192,0.0056,0.0044
Herato1507,2000001,2050000,2030106,26748,1183,16.7208,18.6383,-0.0542,-0.0202,-0.0159
Herato1507,2050001,2100000,2075099,35750,2544,28.985,28.568,0.0072,0.0021,0.0016
Herato1507,2100001,2150000,2112866,15499,882,10.3025,11.4076,-0.0509,-0.0099,-0.0088
Herato1507,2150001,2200000,2179256,30105,1495,10.848,15.6844,-0.1823,-0.0336,-0.0282
Herato1507,2200001,2250000,2225769,34522,1889,23.8272,19.0583,0.1112,0.0254,0.0215
Herato1507,2250001,2300000,2274476,36260,2316,26.3789,27.1314,-0.0141,-0.0033,-0.0028
Herato1507,2300001,2350000,2325111,35815,2233,26.7185,21.8708,0.0998,0.022,0.0192
Herato1507,2350001,2400000,2375266,34735,1961,25.5611,25.0217,0.0107,0.0032,0.0026
Herato1507,2400001,2450000,2424926,36845,2370,33.7961,32.9538,0.0126,0.0038,0.0031
Herato1507,2450001,2500000,2472381,20330,1203,14.9098,22.2219,-0.1969,-0.0894,-0.0661
Herato1507,2500001,2550000,2527206,32313,1817,19.4688,21.5333,-0.0504,-0.0134,-0.011
Herato1507,2600001,2650000,2627334,25947,868,12.4226,10.5731,0.0804,0.0268,0.0218
Herato1507,2650001,2700000,2675766,35242,2010,25.3917,22.0897,0.0695,0.0183,0.0147
Herato1507,2700001,2750000,2721920,26078,1231,15.5996,15.5568,0.0014,0.0003,0.0003
Herato1507,2750001,2800000,2780059,28018,1674,24.8842,23.3635,0.0315,0.0118,0.0097
Herato1507,2800001,2850000,2824637,34502,1940,30.6971,32.2239,-0.0243,-0.0076,-0.0064
Herato1507,2850001,2900000,2874774,35487,1758,13.8258,12.6131,0.0459,0.0065,0.0057
Herato1507,2900001,2950000,2925321,35225,1696,15.4477,15.0472,0.0131,0.0025,0.0021
Herato1507,2950001,3000000,2975779,36186,2309,40.5043,34.1483,0.0851,0.0249,0.0207
Herato1507,3000001,3050000,3023979,35665,1971,26.405,29.1495,-0.0494,-0.0142,-0.0118
Herato1507,3050001,3100000,3076376,33570,1551,22.3681,16.9038,0.1391,0.0467,0.0381
Herato1507,3100001,3150000,3125960,37839,1463,14.2771,12.6039,0.0622,0.0146,0.0123
Herato1507,3150001,3200000,3174735,37259,1976,13.5389,16.9101,-0.1107,-0.0206,-0.0166
Herato1507,3200001,3250000,3224456,35721,1644,19.0244,17.6645,0.0371,0.0086,0.0073
Herato1507,3250001,3300000,3274554,37086,2339,28.3037,28.1248,0.0032,0.0009,0.0008
Herato1507,3300001,3350000,3325016,34876,2543,38.546,39.3463,-0.0103,-0.0041,-0.0033
Herato1507,3350001,3400000,3374480,34296,1987,29.3877,30.2682,-0.0148,-0.0067,-0.0051
Herato1507,3400001,3450000,3427306,31942,2339,33.4866,32.5798,0.0137,0.0059,0.0045
Herato1507,3450001,3500000,3474708,35333,2248,27.4584,25.0909,0.0451,0.0133,0.0113
Herato1507,3500001,3550000,3525182,37998,3080,42.507,41.4987,0.012,0.0053,0.0041
Herato1507,3550001,3600000,3574943,34607,2015,24.8452,20.7838,0.089,0.0308,0.0235
Herato1507,3600001,3650000,3625387,33179,1870,19.241,17.2413,0.0548,0.0146,0.0118
Herato1507,3650001,3700000,3670877,29994,1719,22.5102,22.4518,0.0013,0.0003,0.0003
Herato1507,3700001,3750000,3727936,25227,891,13.2986,9.454,0.169,0.053,0.0432
Herato1507,3750001,3800000,3775658,27631,1614,18.0253,19.5968,-0.0418,-0.0131,-0.0106
Herato1507,3800001,3850000,3825352,29111,1190,12.3125,12.5072,-0.0078,-0.0027,-0.0021
Herato1507,3850001,3900000,3878251,25483,1455,16.4549,17.884,-0.0416,-0.0131,-0.0105
Herato1507,3900001,3950000,3926289,25592,1084,12.6848,9.6431,0.1362,0.0397,0.032
Herato1507,3950001,4000000,3973461,25501,957,12.37,12.1093,0.0106,0.0036,0.0027
Herato1507,4000001,4050000,4029009,29431,1531,19.2347,24.2682,-0.1157,-0.0288,-0.025
Herato1507,4050001,4100000,4075272,31846,1660,22.6933,21.5066,0.0268,0.0091,0.0073
Herato1507,4100001,4150000,4124973,28856,1106,10.0516,10.6678,-0.0297,-0.0086,-0.0069
Herato1507,4150001,4200000,4173887,23086,558,7.1445,5.0344,0.1733,0.0724,0.0548
Herato1507,4200001,4250000,4225828,30832,1644,18.9328,18.3505,0.0156,0.0057,0.0045
Herato1507,4250001,4300000,4274887,33340,2008,21.0911,21.475,-0.009,-0.0032,-0.0026
Herato1507,4300001,4350000,4328834,24264,1280,12.5413,14.109,-0.0588,-0.0192,-0.0156
Herato1507,4350001,4400000,4375697,34948,2267,37.0159,31.1074,0.0867,0.0266,0.0224
Herato1507,4400001,4450000,4423394,35117,2614,37.6142,38.4357,-0.0108,-0.0043,-0.0035
Herato1507,4450001,4500000,4475238,35097,2330,33.4416,33.7188,-0.0041,-0.0016,-0.0013
Herato1507,4500001,4550000,4524803,36861,3014,46.4894,48.6282,-0.0225,-0.0102,-0.0081
Herato1507,4550001,4600000,4574924,32811,2234,28.4303,29.1204,-0.012,-0.0049,-0.0037
Herato1507,4600001,4650000,4625293,35948,2323,31.4428,30.1935,0.0203,0.0073,0.0059
Herato1507,4650001,4700000,4675830,36276,2327,32.5681,28.1263,0.0732,0.0237,0.0199
Herato1507,4700001,4750000,4725070,35202,2624,35.6857,35.4568,0.0032,0.0009,0.0008
Herato1507,4750001,4800000,4773394,30828,2002,20.3323,20.0608,0.0067,0.0018,0.0015
Herato1507,4800001,4850000,4823431,33245,1706,11.5379,12.1992,-0.0279,-0.0066,-0.0053
Herato1507,4850001,4900000,4876163,36983,2038,16.5805,15.3518,0.0385,0.0104,0.0083
Herato1507,4900001,4950000,4927496,32508,1910,28.0273,19.2567,0.1855,0.064,0.0569
Herato1507,4950001,5000000,4975714,37661,2748,27.5864,27.5854,0.0,0.0,0.0
Herato1507,5000001,5050000,5025453,38679,2862,36.3682,31.4843,0.072,0.0333,0.0255
Herato1507,5050001,5100000,5075288,36882,2691,45.6124,42.7835,0.032,0.0149,0.0118
Herato1507,5100001,5150000,5124305,34485,2695,37.9563,37.8729,0.0011,0.0004,0.0003
Herato1507,5150001,5200000,5176149,33839,1892,18.8921,22.1677,-0.0798,-0.0242,-0.0193
Herato1507,5200001,5250000,5225002,36912,2712,40.2896,41.1637,-0.0107,-0.004,-0.0033
Herato1507,5250001,5300000,5274894,36713,2794,43.0982,38.7899,0.0526,0.0177,0.0145
Herato1507,5300001,5350000,5327631,28401,1874,27.1364,28.0174,-0.016,-0.0047,-0.004
Herato1507,5350001,5400000,5374125,34101,2064,34.2192,38.6884,-0.0613,-0.0215,-0.0174
Herato1507,5400001,5450000,5424431,30179,2103,29.5109,31.2779,-0.0291,-0.0111,-0.0088
Herato1507,5450001,5500000,5476461,28923,1340,18.3464,25.7141,-0.1672,-0.0606,-0.0495
Herato1507,5500001,5550000,5524728,29540,882,11.4669,12.2387,-0.0326,-0.0091,-0.0077
Herato1507,5550001,5600000,5575225,35911,2350,44.1068,45.2141,-0.0124,-0.0045,-0.0038
Herato1507,5600001,5650000,5625403,33627,2295,28.997,37.876,-0.1328,-0.0426,-0.0325
Herato1507,5650001,5700000,5673456,38000,2230,36.0346,33.5387,0.0359,0.0123,0.0102
Herato1507,5700001,5750000,5724801,34249,2158,29.5347,30.5068,-0.0162,-0.0059,-0.0047
Herato1507,5750001,5800000,5774519,32310,1851,30.7938,29.1533,0.0274,0.0116,0.0092
Herato1507,5800001,5850000,5822907,28418,1604,30.4678,32.5443,-0.033,-0.0127,-0.0104
Herato1507,5850001,5900000,5874558,35570,2035,32.0334,32.4588,-0.0066,-0.0029,-0.0023
Herato1507,5900001,5950000,5925254,35615,2330,38.8729,39.2583,-0.0049,-0.0019,-0.0015
Herato1507,5950001,6000000,5973900,31035,1640,21.0388,20.5192,0.0125,0.0052,0.0041
Herato1507,6000001,6050000,6026452,29802,1271,10.5096,10.9327,-0.0197,-0.0076,-0.0059
Herato1507,6050001,6100000,6076196,35564,2591,45.6465,44.5826,0.0118,0.0052,0.0042
Herato1507,6100001,6150000,6125380,30594,1757,22.6668,26.5373,-0.0787,-0.024,-0.0197
Herato1507,6150001,6200000,6176360,29669,1854,34.4279,30.5294,0.06,0.0213,0.0173
Herato1507,6200001,6250000,6225088,19384,1545,20.6435,20.1489,0.0121,0.0047,0.0037
Herato1507,6250001,6300000,6274870,33864,2055,28.2457,28.3251,-0.0014,-0.0004,-0.0003
Herato1507,6300001,6350000,6324281,28524,1819,31.3738,29.1405,0.0369,0.0171,0.0137
Herato1507,6350001,6400000,6374121,30063,1518,21.0966,18.7358,0.0593,0.0189,0.0156
Herato1507,6400001,6450000,6425528,34148,2259,39.4224,42.4913,-0.0375,-0.0163,-0.0131
Herato1507,6450001,6500000,6475912,31751,2522,37.0542,32.9689,0.0583,0.025,0.0196
Herato1507,6500001,6550000,6524791,34659,2171,32.4593,34.4519,-0.0298,-0.0095,-0.0076
Herato1507,6550001,6600000,6574404,32913,1730,18.199,20.1217,-0.0502,-0.0121,-0.01
Herato1507,6600001,6650000,6624798,31817,1888,27.3784,22.1558,0.1054,0.0263,0.0219
Herato1507,6650001,6700000,6678119,29639,1600,24.7758,23.6901,0.0224,0.0076,0.0062
Herato1507,6700001,6750000,6724727,35549,2244,33.6101,33.2448,0.0055,0.0019,0.0016
Herato1507,6750001,6800000,6775721,32331,1742,25.3353,25.5664,-0.0045,-0.0018,-0.0014
Herato1507,6800001,6850000,6825672,36797,2324,35.2288,37.3123,-0.0287,-0.0144,-0.0113
Herato1507,6850001,6900000,6874016,32447,2563,42.0108,39.5979,0.0296,0.0126,0.0101
Herato1507,6900001,6950000,6925347,35608,2669,39.6135,36.6963,0.0382,0.0122,0.01
Herato1507,6950001,7000000,6974628,33569,2402,31.2405,30.7615,0.0077,0.003,0.0023
Herato1507,7000001,7050000,7024704,35357,2429,36.4181,32.634,0.0548,0.0207,0.0166
Herato1507,7050001,7100000,7075159,35706,2852,41.566,46.8231,-0.0595,-0.0239,-0.0194
Herato1507,7100001,7150000,7124662,36491,2376,35.4739,30.6582,0.0728,0.0273,0.0218
Herato1507,7150001,7200000,7174774,33725,2226,35.2656,36.2219,-0.0134,-0.0051,-0.0041
Herato1507,7200001,7250000,7224622,35966,2249,32.1936,36.5047,-0.0628,-0.0204,-0.0166
Herato1507,7250001,7300000,7274860,34475,2011,35.7018,30.5633,0.0775,0.0336,0.0264
Herato1507,7300001,7350000,7324750,32891,1926,28.7095,24.8545,0.072,0.0296,0.0223
Herato1507,7350001,7400000,7375331,32316,2031,30.3592,29.4,0.0161,0.0054,0.0044
Herato1507,7400001,7450000,7424341,28895,1484,21.2377,22.2794,-0.0239,-0.0082,-0.0066
Herato1507,7450001,7500000,7475215,33604,2072,29.6775,30.6914,-0.0168,-0.006,-0.005
Herato1507,7500001,7550000,7524879,34695,2344,38.8065,32.6462,0.0862,0.0382,0.0313
Herato1507,7550001,7600000,7576163,36579,2617,44.3152,41.0724,0.038,0.0143,0.0117
Herato1507,7600001,7650000,7624909,34881,2210,30.5347,28.777,0.0296,0.0087,0.0072
Herato1507,7650001,7700000,7673311,30162,1222,16.2895,16.3585,-0.0021,-0.0006,-0.0005
Herato1507,7700001,7750000,7725830,26768,1836,33.6891,27.3577,0.1037,0.0421,0.0333
Herato1507,7750001,7800000,7774829,30335,1812,32.4479,31.9448,0.0078,0.0027,0.0023
Herato1507,7800001,7850000,7824070,23969,1124,17.4522,18.2824,-0.0232,-0.0094,-0.0075
Herato1507,7850001,7900000,7875546,35178,2262,35.2281,43.5849,-0.106,-0.0438,-0.0339
Herato1507,7900001,7950000,7925634,32794,2033,34.5948,34.5705,0.0004,0.0002,0.0001
Herato1507,7950001,8000000,7973617,34952,2566,40.9397,45.9267,-0.0574,-0.0199,-0.0164
Herato1507,8000001,8050000,8027971,24151,1143,15.4765,15.5735,-0.0031,-0.0011,-0.0009
Herato1507,8050001,8100000,8074861,36392,2242,34.8251,27.4218,0.1189,0.0409,0.0319
Herato1507,8100001,8150000,8125866,33413,2122,33.9038,35.1248,-0.0177,-0.006,-0.0049
Herato1507,8150001,8200000,8175309,35898,2812,41.3037,43.0016,-0.0201,-0.0065,-0.0053
Herato1507,8200001,8250000,8223500,34387,1977,31.3409,31.6584,-0.005,-0.002,-0.0016
Herato1507,8250001,8300000,8278336,28567,1782,29.173,30.016,-0.0142,-0.0066,-0.0052
Herato1507,8300001,8350000,8324405,31225,1818,23.3612,26.8995,-0.0704,-0.0309,-0.0236
Herato1507,8350001,8400000,8376310,22466,1021,9.9782,9.1056,0.0457,0.0148,0.0115
Herato1507,8400001,8450000,8424322,33294,1995,34.7224,30.3028,0.068,0.0234,0.0192
Herato1507,8450001,8500000,8474900,28938,1356,11.7775,12.156,-0.0158,-0.0025,-0.0022
Herato1507,8500001,8550000,8524850,33394,1941,28.2434,30.9597,-0.0459,-0.0154,-0.0126
Herato1507,8550001,8600000,8577235,26961,1513,19.4288,18.3762,0.0278,0.008,0.0067
Herato1507,8600001,8650000,8626022,32591,2139,24.3582,33.3163,-0.1553,-0.0634,-0.0462
Herato1507,8650001,8700000,8672705,26651,1047,16.9749,19.0907,-0.0587,-0.0239,-0.019
Herato1507,8700001,8750000,8722981,28137,1748,24.2626,22.2082,0.0442,0.0122,0.0101
Herato1507,8750001,8800000,8774635,29433,1597,19.6402,22.5821,-0.0697,-0.0292,-0.0223
Herato1507,8800001,8850000,8827275,30206,1893,25.511,25.9984,-0.0095,-0.0035,-0.0029
Herato1507,8850001,8900000,8874103,30482,1908,30.4501,26.6627,0.0663,0.0214,0.0174
Herato1507,8900001,8950000,8923954,26683,1148,11.1971,11.7543,-0.0243,-0.0036,-0.0033
Herato1507,8950001,9000000,8970231,25676,1130,16.0077,16.9372,-0.0282,-0.0082,-0.0069
Herato1507,9000001,9050000,9024023,33429,2304,28.5733,27.9962,0.0102,0.0035,0.0029
Herato1507,9050001,9100000,9075405,33335,1949,25.5813,26.1857,-0.0117,-0.0035,-0.0028
Herato1507,9100001,9150000,9123809,28944,1326,15.5854,12.4356,0.1124,0.0221,0.0197
Herato1507,9150001,9200000,9174806,32841,1649,22.5699,22.4763,0.0021,0.0005,0.0004
Herato1507,9200001,9250000,9223508,32053,1803,21.7592,22.6998,-0.0212,-0.0056,-0.0046
Herato1507,9250001,9300000,9274782,32038,1519,16.8704,21.1484,-0.1125,-0.0269,-0.0224
Herato1507,9300001,9350000,9323267,29225,1540,23.0053,21.2514,0.0396,0.0095,0.008
Herato1507,9350001,9400000,9376263,30997,1682,22.3723,24.518,-0.0458,-0.0117,-0.0099
Herato1507,9400001,9450000,9425570,33228,2290,36.3032,37.6451,-0.0181,-0.0063,-0.0052
Herato1507,9450001,9500000,9475403,32180,1836,22.9639,23.1825,-0.0047,-0.0013,-0.0011
Herato1507,9500001,9550000,9527166,27661,1693,26.2374,24.2254,0.0399,0.0145,0.0117
Herato1507,9550001,9600000,9575649,30961,1315,18.458,17.6824,0.0215,0.0061,0.0051
Herato1507,9600001,9650000,9624425,35115,2015,24.4814,22.1137,0.0508,0.0159,0.013
Herato1507,9650001,9700000,9674866,33734,2290,37.2631,33.1841,0.0579,0.0186,0.0151
Herato1507,9700001,9750000,9725032,34049,2829,50.4998,43.4089,0.0755,0.0273,0.0217
Herato1507,9750001,9800000,9775044,34412,2493,35.7454,36.7647,-0.0141,-0.0051,-0.004
Herato1507,9800001,9850000,9825219,33587,2268,34.4207,33.3841,0.0153,0.0047,0.004
Herato1507,9850001,9900000,9874941,31250,993,11.5223,11.0646,0.0203,0.0046,0.0037
Herato1507,9900001,9950000,9924573,33052,1725,21.0841,27.0805,-0.1245,-0.0366,-0.03
Herato1507,9950001,10000000,9973950,27943,1600,22.9012,15.5666,0.1907,0.0513,0.0437
Herato1507,10000001,10050000,10022646,28668,1247,19.4882,19.3071,0.0047,0.0016,0.0013
Herato1507,10050001,10100000,10080082,26414,828,9.4979,8.0867,0.0803,0.0151,0.0128
Herato1507,10100001,10150000,10125337,34951,1530,24.7736,18.1792,0.1535,0.0441,0.0374
Herato1507,10150001,10200000,10174749,30008,1566,14.6126,17.6321,-0.0936,-0.0271,-0.0214
Herato1507,10200001,10250000,10223383,30155,1898,22.7139,21.575,0.0257,0.007,0.0059
Herato1507,10250001,10300000,10279156,27168,1442,20.3027,19.1437,0.0294,0.0081,0.0066
Herato1507,10300001,10350000,10325185,32453,2138,26.4431,27.2168,-0.0144,-0.0053,-0.0041
Herato1507,10350001,10400000,10374793,34564,2050,24.3562,22.8513,0.0319,0.0087,0.0074
Herato1507,10400001,10450000,10425451,34945,1511,13.5705,14.4739,-0.0322,-0.008,-0.0064
Herato1507,10450001,10500000,10473763,30183,1446,20.3478,14.6307,0.1634,0.0473,0.034
Herato1507,10500001,10550000,10524205,33775,1269,11.0515,13.0064,-0.0813,-0.0123,-0.0092
Herato1507,10550001,10600000,10574845,32464,1438,15.3417,15.6381,-0.0096,-0.002,-0.0015
Herato1507,10600001,10650000,10625683,32020,1474,10.2503,9.1926,0.0544,0.0057,0.0051
Herato1507,10650001,10700000,10675178,35571,1367,14.7914,10.2261,0.1825,0.036,0.0302
Herato1507,10700001,10750000,10725759,34792,868,4.5962,2.9703,0.2149,0.0201,0.0176
Herato1507,10750001,10800000,10772508,28155,933,7.0616,5.3786,0.1353,0.0291,0.025
Herato1508,1,50000,23731,25684,304,1.8095,1.4624,0.1061,0.0186,0.0167
Herato1509,1,50000,25473,28350,1084,11.4163,8.8847,0.1247,0.0396,0.0328
Herato1510,1,50000,22937,28340,387,1.6284,1.2376,0.1364,0.0118,0.0099
Herato1510,50001,100000,65077,12924,291,3.7173,1.8947,0.3248,0.1008,0.0777
Herato1511,1,50000,24452,24212,525,4.5188,3.2197,0.1679,0.0401,0.0333
Herato1512,1,50000,26629,26104,608,3.1964,2.5705,0.1085,0.0195,0.0163
Herato1512,50001,100000,74747,28246,897,7.2101,5.6567,0.1207,0.03,0.0249
Herato1512,100001,150000,126438,28192,1215,13.0537,13.6864,-0.0237,-0.0098,-0.008
Herato1512,150001,200000,174984,26444,835,7.395,6.1772,0.0897,0.0252,0.0202
Herato1512,200001,250000,224259,28134,620,5.5835,5.1213,0.0432,0.0145,0.0108
Herato1512,250001,300000,277578,24076,952,9.1883,5.3784,0.2615,0.0779,0.0602
Herato1512,300001,350000,326668,28562,770,5.3519,5.4528,-0.0093,-0.0023,-0.0019
Herato1512,350001,400000,375683,30862,1116,10.7333,9.038,0.0857,0.0225,0.0189
Herato1512,400001,450000,426284,23443,602,3.4972,3.8681,-0.0503,-0.0098,-0.0081
Herato1513,1,50000,25447,22135,914,6.1124,5.5419,0.049,0.0125,0.01
Herato1513,50001,100000,67316,18432,369,1.5357,1.1234,0.1551,0.0153,0.0128
Herato1514,1,50000,27210,25250,425,3.5906,3.8378,-0.0333,-0.0114,-0.0087
Herato1516,1,50000,20806,18949,843,5.9455,6.1629,-0.018,-0.0046,-0.0038
Herato1517,1,50000,9920,9132,517,3.9505,4.3675,-0.0501,-0.0153,-0.0122
Herato1520,1,50000,6810,8242,351,3.7768,3.2357,0.0772,0.0217,0.0175
Herato1521,1,50000,22187,24502,568,4.0943,3.457,0.0844,0.0168,0.0147
Herato1522,1,50000,8432,9373,306,2.4343,1.3831,0.2754,0.0431,0.0369
Herato1524,1,50000,25214,32035,739,3.0949,3.8176,-0.1046,-0.0125,-0.0103
Herato1524,50001,100000,75437,19144,806,6.4529,7.0468,-0.044,-0.0162,-0.0132
Herato1524,100001,150000,122230,29759,1180,10.2775,8.2761,0.1079,0.0278,0.0222
Herato1524,150001,200000,177125,29816,846,8.9834,5.2954,0.2583,0.0673,0.0562
Herato1524,200001,250000,225121,25296,621,5.7894,4.1738,0.1622,0.0452,0.0362
Herato1524,250001,300000,275319,26325,955,7.7126,7.4015,0.0206,0.0066,0.0051
Herato1524,300001,350000,323588,23519,812,7.3055,7.4346,-0.0088,-0.0028,-0.0023
Herato1524,350001,400000,375790,32851,1469,17.9486,14.3725,0.1106,0.0453,0.0367
Herato1524,400001,450000,424598,36271,2161,36.3376,31.9379,0.0644,0.0205,0.0179
Herato1524,450001,500000,474823,35248,1446,14.3126,14.0116,0.0106,0.0013,0.0012
Herato1524,500001,550000,523540,33868,2019,33.0533,23.0705,0.1779,0.0386,0.0333
Herato1524,550001,600000,574879,28825,1641,33.6056,20.9026,0.233,0.0722,0.0557
Herato1524,600001,650000,624597,34249,2351,48.7305,33.6215,0.1835,0.0664,0.0495
Herato1524,650001,700000,674801,35313,2424,58.7022,32.3906,0.2888,0.0982,0.0733
Herato1524,700001,750000,724555,35424,2165,51.7334,27.6539,0.3033,0.1151,0.089
Herato1524,750001,800000,775973,33304,1680,28.2339,7.2435,0.5917,0.1092,0.0861
Herato1524,800001,850000,821749,32138,1694,46.034,13.3393,0.5507,0.1354,0.1084
