scaffold,start,end,mid,sites,sitesUsed,ABBA,BABA,D,fd,fdM
Herato1101,1,50000,26242,37815,1470,3.906,4.2519,-0.0424,-0.0014,-0.0013
Herato1101,50001,100000,58913,14035,793,5.0543,2.6624,0.31,0.0202,0.0183
Herato1102,1,50000,23875,35855,1697,6.7119,7.1015,-0.0282,-0.0014,-0.0013
Herato1102,50001,100000,74780,38270,2770,19.7286,22.719,-0.0704,-0.0082,-0.0075
Herato1102,100001,150000,125459,36169,2287,25.8323,25.5916,0.0047,0.0011,0.0009
Herato1102,150001,200000,174749,34875,1617,28.6512,29.3403,-0.0119,-0.0058,-0.0047
Herato1102,200001,250000,224497,35457,2886,44.667,40.222,0.0524,0.0145,0.0124
Herato1102,250001,300000,274569,33843,2550,28.7411,27.6916,0.0186,0.0035,0.003
Herato1102,300001,350000,324766,31794,2180,19.6157,17.6728,0.0521,0.0076,0.0068
Herato1102,350001,400000,375805,36751,2599,25.9068,26.2504,-0.0066,-0.0013,-0.0011
Herato1102,400001,450000,425037,35926,2300,24.2117,20.8507,0.0746,0.0118,0.0103
Herato1102,450001,500000,475328,35822,2371,27.3678,27.178,0.0035,0.0008,0.0007
Herato1102,500001,550000,524593,34241,2002,13.4986,15.382,-0.0652,-0.0088,-0.0078
Herato1102,550001,600000,575040,36388,2512,22.3479,23.0124,-0.0147,-0.0023,-0.002
Herato1102,600001,650000,625195,34997,2725,25.4104,32.622,-0.1243,-0.0247,-0.0215
Herato1102,650001,700000,674650,35307,2347,22.4417,21.9507,0.0111,0.0023,0.002
Herato1102,700001,750000,724835,37297,2563,28.7975,28.6447,0.0027,0.0007,0.0006
Herato1102,750001,800000,775054,34041,2243,19.7949,21.8358,-0.049,-0.0107,-0.0089
Herato1102,800001,850000,824998,32514,2112,20.6263,19.6273,0.0248,0.0049,0.0042
Herato1102,850001,900000,874948,33895,1877,19.7905,18.5348,0.0328,0.0077,0.0065
Herato1102,900001,950000,925269,34760,2519,27.8084,30.0374,-0.0385,-0.0079,-0.0067
Herato1102,950001,1000000,974953,36019,2418,25.3223,25.651,-0.0064,-0.0017,-0.0013
Herato1102,1000001,1050000,1024438,30016,1733,21.5153,21.898,-0.0088,-0.003,-0.0025
Herato1102,1050001,1100000,1075009,25816,1471,13.8704,13.4797,0.0143,0.0047,0.0037
Herato1102,1150001,1200000,1159448,10472,403,2.0015,1.9442,0.0145,0.004,0.0029
Herato1103,1,50000,26022,30897,1346,8.6758,9.7572,-0.0587,-0.0184,-0.0147
Herato1103,50001,100000,75401,23195,1211,10.5767,7.7481,0.1544,0.042,0.0347
Herato1104,1,50000,15397,19954,686,3.6263,3.6626,-0.005,-0.0015,-0.0011
Herato1105,1,50000,25332,27312,741,5.0223,6.0722,-0.0946,-0.0346,-0.0267
Herato1105,50001,100000,59199,9576,275,1.57,2.413,-0.2116,-0.079,-0.0614
Herato1106,1,50000,24415,26114,592,4.2671,3.3386,0.1221,0.038,0.0276
Herato1106,50001,100000,74556,29166,888,8.5708,8.7596,-0.0109,-0.0034,-0.0029
Herato1106,100001,150000,123604,25994,1188,13.3201,10.9722,0.0967,0.0363,0.0299
Herato1106,150001,200000,175108,28090,628,5.2372,5.949,-0.0636,-0.0246,-0.0196
Herato1106,200001,250000,213150,13717,436,4.8482,2.9121,0.2495,0.0817,0.0655
Herato1107,1,50000,26385,32239,326,1.4574,1.249,0.077,0.014,0.0113
Herato1108,1,50000,27646,27948,1587,14.9923,15.5806,-0.0192,-0.0041,-0.0035
Herato1108,50001,100000,75145,31430,2307,23.8083,26.6426,-0.0562,-0.0159,-0.0131
Herato1108,100001,150000,125425,35391,2777,38.0248,32.7239,0.0749,0.0182,0.015
Herato1108,150001,200000,175460,35470,2619,32.2024,34.2694,-0.0311,-0.0084,-0.0071
Herato1108,200001,250000,225203,33035,2554,49.5797,31.3443,0.2253,0.0718,0.0588
Herato1108,250001,300000,275185,34546,2829,55.3563,40.0897,0.16,0.0702,0.0536
Herato1108,300001,350000,323919,32904,2292,47.5871,30.8944,0.2127,0.0904,0.0702
Herato1108,350001,400000,373683,30821,1687,37.7357,22.5487,0.2519,0.1269,0.0986
Herato1108,400001,450000,425525,32384,2110,45.9873,23.0587,0.3321,0.1463,0.1104
Herato1108,450001,500000,477732,28480,1886,33.2048,30.4272,0.0437,0.0158,0.0132
Herato1108,500001,550000,524878,35032,2910,43.5249,38.2007,0.0651,0.0215,0.018
Herato1108,550001,600000,574349,34181,2502,27.6467,27.089,0.0102,0.0026,0.0022
Herato1108,600001,650000,625123,34391,2514,24.9138,23.0407,0.0391,0.0088,0.0073
Herato1108,650001,700000,675784,35819,1819,17.8286,17.2118,0.0176,0.0029,0.0025
Herato1108,700001,750000,725413,33601,1928,26.2572,23.6055,0.0532,0.0132,0.0111
Herato1108,750001,800000,776998,27936,1742,22.0721,23.0068,-0.0207,-0.0055,-0.0045
Herato1108,800001,850000,825545,35956,2662,34.5701,33.5785,0.0145,0.0044,0.0036
Herato1108,850001,900000,874597,32379,1298,19.6042,15.9172,0.1038,0.0214,0.0183
Herato1108,900001,950000,924134,31262,1831,23.0379,28.8734,-0.1124,-0.0263,-0.022
Herato1108,950001,1000000,976059,33063,2064,24.9563,26.7895,-0.0354,-0.01,-0.0083
Herato1108,1000001,1050000,1025476,32680,2070,27.0119,25.336,0.032,0.0105,0.0086
Herato1108,1050001,1100000,1074488,34141,2603,38.9424,37.9654,0.0127,0.0037,0.0031
Herato1108,1100001,1150000,1124628,36979,2887,40.5228,39.226,0.0163,0.005,0.0043
Herato1108,1150001,1200000,1174900,35261,3043,47.5381,45.5081,0.0218,0.008,0.0064
Herato1108,1200001,1250000,1219501,26914,1528,24.4463,24.5977,-0.0031,-0.0011,-0.0008
Herato1108,1250001,1300000,1275688,31649,1488,21.4399,19.1321,0.0569,0.0163,0.0138
Herato1108,1300001,1350000,1325286,36562,2008,19.6004,17.8691,0.0462,0.0094,0.0077
Herato1108,1350001,1400000,1374530,37920,2795,42.7415,44.2935,-0.0178,-0.0069,-0.0051
Herato1108,1400001,1450000,1425006,36008,2317,33.0058,29.9136,0.0491,0.0125,0.0104
Herato1108,1450001,1500000,1474341,34271,2190,39.4812,34.5998,0.0659,0.0278,0.0229
Herato1108,1500001,1550000,1524967,31631,1974,27.5623,25.3087,0.0426,0.0125,0.0104
Herato1108,1550001,1600000,1575391,35343,2073,29.2402,34.419,-0.0814,-0.0258,-0.0211
Herato1108,1600001,1650000,1623857,39212,2396,23.1116,23.0516,0.0013,0.0003,0.0002
Herato1108,1650001,1700000,1675280,37076,2963,47.042,43.8839,0.0347,0.0118,0.01
Herato1108,1700001,1750000,1724873,36219,2517,24.9221,31.5798,-0.1178,-0.0285,-0.024
Herato1108,1750001,1800000,1774673,34725,2772,29.6962,36.2455,-0.0993,-0.03,-0.0246
Herato1108,1800001,1850000,1824166,35290,2158,26.047,26.1576,-0.0021,-0.0007,-0.0006
Herato1108,1850001,1900000,1873762,25567,534,5.2837,5.8324,-0.0494,-0.0084,-0.0073
Herato1108,1900001,1950000,1925358,33021,1433,17.6216,18.5381,-0.0253,-0.0083,-0.0067
Herato1108,1950001,2000000,1975285,31287,1412,16.1143,16.7929,-0.0206,-0.0078,-0.0065
Herato1108,2000001,2050000,2025214,31710,1832,23.5416,23.7454,-0.0043,-0.0015,-0.0012
Herato1108,2050001,2100000,2074841,34982,2821,33.9521,39.6767,-0.0777,-0.0244,-0.0203
Herato1108,2100001,2150000,2124330,32304,2372,24.6362,30.0506,-0.099,-0.0282,-0.0235
Herato1108,2150001,2200000,2175548,33492,2364,34.1522,32.0134,0.0323,0.011,0.0091
Herato1108,2200001,2250000,2223745,28306,1231,9.567,11.4404,-0.0892,-0.0171,-0.0138
Herato1108,2250001,2300000,2277039,28370,987,8.3786,11.3127,-0.149,-0.0333,-0.0265
Herato1108,2300001,2350000,2326129,34533,1399,13.1592,16.8155,-0.122,-0.0285,-0.024
Herato1108,2350001,2400000,2376461,29356,1384,18.3048,19.9994,-0.0442,-0.0151,-0.0127
Herato1108,2400001,2450000,2425353,32268,1373,13.7683,14.952,-0.0412,-0.0104,-0.009
Herato1108,2450001,2500000,2475429,29837,1683,21.9042,19.6022,0.0555,0.0187,0.0153
Herato1108,2500001,2550000,2523247,28564,1885,22.4477,19.9077,0.06,0.0151,0.0129
Herato1108,2550001,2600000,2575320,33678,2499,26.304,22.9389,0.0683,0.0204,0.0168
Herato1108,2600001,2650000,2624951,33975,2245,24.6583,23.2771,0.0288,0.0069,0.0058
Herato1108,2650001,2700000,2675201,34352,2433,29.3074,29.7118,-0.0069,-0.0018,-0.0015
Herato1108,2700001,2750000,2723870,32068,2008,27.8594,31.0061,-0.0535,-0.0172,-0.0138
Herato1108,2750001,2800000,2774775,36922,1877,18.1688,17.7129,0.0127,0.0025,0.0021
Herato1108,2800001,2850000,2824771,36241,2413,26.5378,32.6766,-0.1037,-0.0356,-0.0292
Herato1108,2850001,2900000,2874559,37219,3041,51.9592,46.4867,0.0556,0.0213,0.0175
Herato1108,2900001,2950000,2913396,17333,1144,13.0423,15.1923,-0.0761,-0.0261,-0.0208
Herato1108,2950001,3000000,2977109,28976,1463,24.5742,25.3437,-0.0154,-0.0051,-0.0041
Herato1108,3000001,3050000,3024913,34817,2292,30.0509,31.8762,-0.0295,-0.0091,-0.0074
Herato1108,3050001,3100000,3074848,34756,2161,34.0056,32.1191,0.0285,0.0091,0.0076
Herato1108,3100001,3150000,3126037,30215,1655,24.4458,22.2047,0.048,0.0142,0.0118
Herato1108,3150001,3200000,3174307,37518,2230,18.5017,16.9526,0.0437,0.0069,0.006
Herato1108,3200001,3250000,3226898,33951,1707,19.6501,21.7266,-0.0502,-0.01,-0.0087
Herato1108,3250001,3300000,3275139,40001,2583,29.4643,28.6624,0.0138,0.0031,0.0027
Herato1108,3300001,3350000,3323329,32981,2053,23.2581,20.3204,0.0674,0.0169,0.014
Herato1108,3350001,3400000,3374885,36048,3032,42.5095,43.0659,-0.0065,-0.0022,-0.0017
Herato1108,3400001,3450000,3424077,33955,2208,32.8936,28.5948,0.0699,0.0194,0.0165
Herato1108,3450001,3500000,3474253,30234,1981,26.561,25.6095,0.0182,0.0049,0.004
Herato1108,3500001,3550000,3527476,25965,1124,16.9023,15.5451,0.0418,0.0164,0.013
Herato1108,3550001,3600000,3572437,35910,2386,37.7324,37.1322,0.008,0.0036,0.0029
Herato1108,3600001,3650000,3625093,37150,2126,17.6166,17.7557,-0.0039,-0.0005,-0.0005
Herato1108,3650001,3700000,3674844,38413,2265,35.6648,32.7321,0.0429,0.0137,0.0112
Herato1108,3700001,3750000,3724481,36088,2668,36.0752,36.4609,-0.0053,-0.0015,-0.0013
Herato1108,3750001,3800000,3775381,36708,2921,44.1449,53.6207,-0.0969,-0.0367,-0.0292
Herato1108,3800001,3850000,3826033,36345,2863,42.2261,39.0924,0.0385,0.0095,0.0082
Herato1108,3850001,3900000,3874368,33516,2235,30.3978,27.9797,0.0414,0.0137,0.0112
Herato1108,3900001,3950000,3924620,36304,2656,35.9561,33.4909,0.0355,0.0135,0.0107
Herato1108,3950001,4000000,3975612,33571,2235,27.0338,24.1189,0.057,0.0173,0.0145
Herato1108,4000001,4050000,4026003,36366,2136,22.3973,21.0592,0.0308,0.006,0.0052
Herato1108,4050001,4100000,4075662,34814,2398,37.1459,31.0932,0.0887,0.0243,0.0206
Herato1108,4100001,4150000,4125211,35460,2254,29.3763,28.6715,0.0121,0.003,0.0025
Herato1108,4150001,4200000,4175444,31816,1491,11.7789,12.0201,-0.0101,-0.0017,-0.0014
Herato1108,4200001,4250000,4226126,32829,2031,24.5729,22.9593,0.0339,0.0087,0.0074
Herato1108,4250001,4300000,4275805,34937,2215,51.1607,39.2003,0.1324,0.0489,0.0421
Herato1108,4300001,4350000,4324689,38110,1880,28.3852,28.7996,-0.0072,-0.0018,-0.0016
Herato1108,4350001,4400000,4375022,37490,1918,31.257,36.8021,-0.0815,-0.0208,-0.0176
Herato1108,4400001,4450000,4423957,36597,1695,14.5714,12.9999,0.057,0.0059,0.0054
Herato1108,4450001,4500000,4474594,37890,2547,30.7848,29.6621,0.0186,0.0039,0.0034
Herato1108,4500001,4550000,4525188,37504,2346,24.8028,22.7021,0.0442,0.0083,0.0073
Herato1108,4550001,4600000,4573798,33582,2023,17.8584,18.1553,-0.0082,-0.0013,-0.0011
Herato1108,4600001,4650000,4625956,33911,2577,34.3613,30.6554,0.057,0.0154,0.0131
Herato1108,4650001,4700000,4677925,32021,1764,24.5642,25.1572,-0.0119,-0.003,-0.0025
Herato1108,4700001,4750000,4723734,38251,2030,22.557,27.6312,-0.1011,-0.0247,-0.0209
Herato1108,4750001,4800000,4775033,36543,2462,34.5547,31.2505,0.0502,0.0131,0.011
Herato1108,4800001,4850000,4825980,37301,2323,37.4106,33.9393,0.0487,0.0152,0.0126
Herato1108,4850001,4900000,4875938,34742,1818,20.541,20.1543,0.0095,0.0015,0.0013
Herato1108,4900001,4950000,4924913,38357,1968,15.2204,17.6056,-0.0727,-0.0108,-0.0095
Herato1108,4950001,5000000,4975221,40868,2269,22.2986,21.5641,0.0167,0.0025,0.0022
Herato1108,5000001,5050000,5024765,40264,2181,21.0076,20.4093,0.0144,0.0019,0.0017
Herato1108,5050001,5100000,5076107,37583,2200,26.3742,26.6713,-0.0056,-0.0009,-0.0008
Herato1108,5100001,5150000,5124123,38371,2215,26.6027,28.8495,-0.0405,-0.0084,-0.0071
Herato1108,5150001,5200000,5175400,36071,1498,10.8357,14.5141,-0.1451,-0.0165,-0.0148
Herato1108,5200001,5250000,5225077,39380,1674,19.5921,14.6087,0.1457,0.0251,0.0218
Herato1108,5250001,5300000,5275400,34654,1920,22.5833,21.3665,0.0277,0.007,0.0057
Herato1108,5300001,5350000,5325441,36314,2227,18.6,21.8317,-0.0799,-0.014,-0.012
Herato1108,5350001,5400000,5374999,39196,2556,29.9797,30.5118,-0.0088,-0.0021,-0.0018
Herato1108,5400001,5450000,5423270,32641,2143,27.7814,23.9672,0.0737,0.0184,0.0152
Herato1108,5450001,5500000,5474888,34802,2211,22.9132,20.8359,0.0475,0.0078,0.0069
Herato1108,5500001,5550000,5525894,35643,2126,30.422,27.0825,0.0581,0.0152,0.0127
Herato1108,5550001,5600000,5573647,31720,1449,9.6541,12.8014,-0.1402,-0.0254,-0.0218
Herato1108,5600001,5650000,5625252,35992,2419,33.4828,34.3365,-0.0126,-0.0033,-0.0028
Herato1108,5650001,5700000,5670881,24611,1288,20.9107,17.5115,0.0885,0.028,0.023
Herato1108,5700001,5750000,5726478,30831,1484,23.4407,21.7429,0.0376,0.0108,0.0091
Herato1108,5750001,5800000,5774385,36056,1639,19.4072,17.6936,0.0462,0.0103,0.0085
Herato1108,5800001,5850000,5824692,36735,2334,28.8696,33.6357,-0.0762,-0.0225,-0.0186
Herato1108,5850001,5900000,5875030,34428,2210,28.566,24.9719,0.0671,0.0168,0.0145
Herato1108,5900001,5950000,5925257,35673,2529,32.7094,37.9218,-0.0738,-0.0181,-0.0154
Herato1108,5950001,6000000,5975106,31904,1764,26.5014,29.2779,-0.0498,-0.0118,-0.0103
Herato1108,6000001,6050000,6024891,35360,2209,31.5964,32.5421,-0.0147,-0.0043,-0.0035
Herato1108,6050001,6100000,6075475,40873,2262,43.2698,41.1026,0.0257,0.0088,0.0075
Herato1108,6100001,6150000,6124471,35021,2321,31.9368,34.5332,-0.0391,-0.0102,-0.0086
Herato1108,6150001,6200000,6174691,34948,1743,18.3228,19.3911,-0.0283,-0.0061,-0.0052
Herato1108,6200001,6250000,6224753,35942,2317,32.4347,34.4741,-0.0305,-0.0089,-0.0073
Herato1108,6250001,6300000,6275004,36013,2134,31.0445,34.0558,-0.0463,-0.0138,-0.0113
Herato1108,6300001,6350000,6324302,34445,1827,32.2517,26.9141,0.0902,0.0267,0.0231
Herato1108,6350001,6400000,6374644,34201,2343,27.6835,31.0112,-0.0567,-0.0127,-0.0109
Herato1108,6400001,6450000,6424834,38251,2309,37.3596,36.1508,0.0164,0.0044,0.0037
Herato1108,6450001,6500000,6475384,33750,1793,16.4552,14.8441,0.0515,0.0068,0.0062
Herato1108,6500001,6550000,6527366,27501,1062,10.4732,12.4957,-0.0881,-0.0138,-0.0123
Herato1108,6550001,6600000,6574975,39771,2414,26.2433,25.6403,0.0116,0.0019,0.0017
Herato1108,6600001,6650000,6624892,37851,2034,19.7163,17.2898,0.0656,0.0081,0.0074
Herato1108,6650001,6700000,6675146,36159,2305,26.1257,23.1956,0.0594,0.0116,0.0101
Herato1108,6700001,6750000,6723021,32756,1674,17.0133,19.6392,-0.0716,-0.0138,-0.0119
Herato1108,6750001,6800000,6775809,37681,1661,18.0755,14.6361,0.1051,0.0201,0.0177
Herato1108,6800001,6850000,6826151,35786,1888,19.1343,22.5965,-0.083,-0.013,-0.0115
Herato1108,6850001,6900000,6874030,26092,1383,14.0998,14.4816,-0.0134,-0.0023,-0.0021
Herato1108,6900001,6950000,6924711,36801,2129,24.6553,29.4259,-0.0882,-0.0208,-0.0176
Herato1108,6950001,7000000,6975736,39801,2528,24.527,22.8413,0.0356,0.0074,0.0061
Herato1108,7000001,7050000,7025014,37281,2027,36.5049,36.9413,-0.0059,-0.002,-0.0017
Herato1108,7050001,7100000,7073674,34951,2338,38.3726,38.5289,-0.002,-0.0007,-0.0006
Herato1108,7100001,7150000,7125566,35181,2041,22.3464,23.0567,-0.0156,-0.0033,-0.0028
Herato1108,7150001,7200000,7175348,36168,2456,27.0508,29.041,-0.0355,-0.0061,-0.0053
Herato1108,7200001,7250000,7224980,38188,2629,35.7072,39.9587,-0.0562,-0.0152,-0.0132
Herato1108,7250001,7300000,7274981,38775,2491,36.3567,35.4213,0.013,0.0028,0.0024
Herato1108,7300001,7350000,7324746,37460,2524,45.832,37.9182,0.0945,0.028,0.0231
Herato1108,7350001,7400000,7374911,36862,2620,46.9317,43.1577,0.0419,0.015,0.0125
Herato1108,7400001,7450000,7425312,33398,1891,21.8303,24.5431,-0.0585,-0.0245,-0.0189
Herato1108,7450001,7500000,7474585,31990,2511,27.1111,28.9487,-0.0328,-0.0114,-0.009
Herato1108,7500001,7550000,7521042,21793,806,8.4291,9.6284,-0.0664,-0.0188,-0.0151
Herato1108,7550001,7600000,7577525,26727,1529,17.0712,19.3391,-0.0623,-0.0167,-0.0137
Herato1108,7600001,7650000,7624269,35481,2377,36.591,37.4906,-0.0121,-0.0039,-0.0033
Herato1108,7650001,7700000,7674650,35154,2907,34.8119,40.3487,-0.0737,-0.0311,-0.0243
Herato1108,7700001,7750000,7725473,32241,2234,16.4774,14.3653,0.0685,0.0214,0.0173
Herato1108,7750001,7800000,7773901,30856,1410,20.7215,21.3112,-0.014,-0.0057,-0.0046
Herato1108,7800001,7850000,7826434,34213,1912,26.4556,26.4244,0.0006,0.0002,0.0002
Herato1108,7850001,7900000,7875145,36658,2767,49.0264,47.9105,0.0115,0.0039,0.0033
Herato1108,7900001,7950000,7925314,36488,2063,19.5041,23.8154,-0.0995,-0.0168,-0.0147
Herato1108,7950001,8000000,7974904,37076,1995,24.6723,28.5712,-0.0732,-0.0178,-0.015
Herato1108,8000001,8050000,8025186,36519,2905,45.5065,47.2837,-0.0192,-0.0064,-0.0053
Herato1108,8050001,8100000,8074467,35132,2639,41.9472,43.6878,-0.0203,-0.0081,-0.0067
Herato1108,8100001,8150000,8124336,34274,2296,32.4577,37.4702,-0.0717,-0.0238,-0.0197
Herato1108,8150001,8200000,8175346,34822,2648,32.7693,31.1078,0.026,0.0083,0.0067
Herato1108,8200001,8250000,8225564,34863,2561,32.8744,30.0559,0.0448,0.0144,0.012
Herato1108,8250001,8300000,8275158,34348,2317,33.3863,32.3599,0.0156,0.0056,0.0046
Herato1108,8300001,8350000,8324568,35073,2326,33.3184,32.6132,0.0107,0.003,0.0025
Herato1108,8350001,8400000,8375235,34732,2287,24.3747,23.0792,0.0273,0.0072,0.0059
Herato1108,8400001,8450000,8424913,34037,1977,21.8238,21.1372,0.016,0.0041,0.0034
Herato1108,8450001,8500000,8474946,34721,2142,37.3123,33.7192,0.0506,0.0161,0.0134
Herato1108,8500001,8550000,8519652,26647,1064,10.7337,11.1835,-0.0205,-0.0039,-0.0034
Herato1108,8550001,8600000,8576235,30138,1270,15.8959,13.1469,0.0947,0.016,0.014
Herato1108,8600001,8650000,8625830,33899,1531,16.7744,14.3469,0.078,0.0125,0.0111
Herato1108,8650001,8700000,8679287,26859,1145,13.214,11.9403,0.0506,0.0102,0.0087
Herato1108,8700001,8750000,8724629,38813,2320,30.8143,26.8641,0.0685,0.0161,0.0141
Herato1108,8750001,8800000,8774458,35913,1796,23.2412,17.8339,0.1316,0.026,0.0228
Herato1108,8800001,8850000,8826065,26035,461,4.7342,4.3073,0.0472,0.0091,0.0076
Herato1108,8850001,8900000,8874339,29799,1443,12.2189,13.3908,-0.0458,-0.0101,-0.0081
Herato1108,8900001,8950000,8925287,33662,1612,20.9925,19.2553,0.0432,0.0115,0.0097
Herato1108,8950001,9000000,8975159,35477,2529,26.0745,29.2386,-0.0572,-0.0185,-0.0151
Herato1108,9000001,9050000,9025413,34978,2561,37.2351,34.959,0.0315,0.012,0.0097
Herato1108,9050001,9100000,9075164,35249,2310,37.6518,36.7701,0.0118,0.0046,0.0038
Herato1108,9100001,9150000,9125452,37823,2401,33.9573,33.1499,0.012,0.0054,0.0044
Herato1108,9150001,9200000,9173724,33064,2287,33.6192,33.5652,0.0008,0.0003,0.0003
Herato1108,9200001,9250000,9226885,26885,1595,22.083,22.6461,-0.0126,-0.0046,-0.0038
Herato1108,9250001,9300000,9274480,35824,2166,29.3473,28.4334,0.0158,0.0062,0.0048
Herato1108,9300001,9350000,9325349,32738,1823,20.8715,20.5122,0.0087,0.0021,0.0017
Herato1108,9350001,9400000,9375438,36023,2228,25.5959,25.636,-0.0008,-0.0003,-0.0002
Herato1108,9400001,9450000,9422465,32410,2053,23.6055,24.5502,-0.0196,-0.0057,-0.0047
Herato1108,9450001,9500000,9473881,27522,1348,21.4819,20.1668,0.0316,0.0091,0.0076
Herato1108,9500001,9550000,9524752,36986,2936,44.3758,40.151,0.05,0.0156,0.0134
Herato1108,9550001,9600000,9575478,35610,2270,32.0237,36.1612,-0.0607,-0.0241,-0.0188
Herato1108,9600001,9650000,9625562,35478,2396,37.1908,36.647,0.0074,0.0029,0.0023
Herato1108,9650001,9700000,9674804,33120,1733,26.1326,27.2075,-0.0202,-0.0059,-0.0051
Herato1108,9700001,9750000,9726239,38217,2104,21.9749,25.4547,-0.0734,-0.0156,-0.0133
Herato1108,9750001,9800000,9774858,33482,2017,28.1323,33.2672,-0.0836,-0.0317,-0.0248
Herato1108,9800001,9850000,9825672,37100,2700,47.2719,52.7013,-0.0543,-0.0198,-0.0154
Herato1108,9850001,9900000,9874781,39431,2407,36.6117,48.2885,-0.1375,-0.0626,-0.0485
Herato1108,9900001,9950000,9922761,27889,1840,23.5704,26.3895,-0.0564,-0.0168,-0.0141
Herato1108,9950001,10000000,9974933,34856,2931,51.2583,45.4887,0.0596,0.0261,0.0212
Herato1108,10000001,10050000,10024906,34432,2822,45.6715,50.9706,-0.0548,-0.0243,-0.0191
Herato1108,10050001,10100000,10075322,36294,2696,46.4246,50.0067,-0.0371,-0.0143,-0.0115
Herato1108,10100001,10150000,10124942,35909,2649,38.3954,34.6333,0.0515,0.0146,0.0123
Herato1108,10150001,10200000,10175126,38016,2722,38.4295,36.2737,0.0289,0.0094,0.0076
Herato1108,10200001,10250000,10224199,32879,1875,24.7218,24.927,-0.0041,-0.0015,-0.0012
Herato1108,10300001,10350000,10325322,24748,535,5.7171,6.8528,-0.0903,-0.0323,-0.0261
Herato1108,10350001,10400000,10374250,27862,486,2.5506,4.0796,-0.2306,-0.0355,-0.0312
Herato1108,10400001,10450000,10425544,33149,1471,17.0834,14.6162,0.0778,0.0171,0.0144
Herato1108,10450001,10500000,10474598,33783,1950,24.5059,24.975,-0.0095,-0.0031,-0.0026
Herato1108,10500001,10550000,10525119,32355,2009,23.2583,25.5233,-0.0464,-0.0117,-0.0098
Herato1108,10550001,10600000,10576873,32776,2121,31.9786,28.4033,0.0592,0.0188,0.015
Herato1108,10600001,10650000,10625423,32550,1821,37.307,34.974,0.0323,0.0123,0.0101
Herato1108,10650001,10700000,10674166,34056,2214,27.2141,24.7754,0.0469,0.0125,0.0098
Herato1108,10700001,10750000,10724002,31685,1163,14.2519,14.3662,-0.004,-0.0015,-0.0012
Herato1108,10750001,10800000,10773393,28474,1305,16.1794,13.0617,0.1066,0.0372,0.031
Herato1108,10800001,10850000,10825611,33210,1597,24.6242,22.7577,0.0394,0.018,0.0141
Herato1108,10850001,10900000,10874886,32802,2127,29.2815,30.057,-0.0131,-0.005,-0.004
Herato1108,10900001,10950000,10926757,37855,2648,33.4496,32.7549,0.0105,0.0041,0.0033
Herato1108,10950001,11000000,10973831,38045,2485,31.0132,30.5262,0.0079,0.0027,0.0022
Herato1108,11000001,11050000,11023001,29062,1922,23.8832,22.0379,0.0402,0.0099,0.0085
Herato1108,11050001,11100000,11074877,38074,2353,24.9842,25.2043,-0.0044,-0.0009,-0.0008
Herato1108,11100001,11150000,11125417,35540,2282,34.4988,32.4064,0.0313,0.0103,0.0086
Herato1108,11150001,11200000,11173793,31216,2057,32.7683,30.9405,0.0287,0.0102,0.0084
Herato1108,11200001,11250000,11223809,30153,1839,20.8732,23.8497,-0.0666,-0.0192,-0.0155
Herato1108,11250001,11300000,11275424,36524,2243,31.0479,32.7296,-0.0264,-0.0077,-0.0065
Herato1108,11300001,11350000,11324502,34506,2169,36.9424,34.1383,0.0394,0.0134,0.011
Herato1108,11350001,11400000,11376000,32034,1998,35.986,32.2997,0.054,0.0237,0.0192
Herato1108,11400001,11450000,11424976,33501,2249,31.0825,33.0031,-0.03,-0.0097,-0.008
Herato1108,11450001,11500000,11474548,37797,2366,37.6036,30.9701,0.0967,0.0317,0.0256
Herato1108,11500001,11550000,11525475,34583,1969,22.7512,23.6479,-0.0193,-0.0046,-0.0039
Herato1108,11550001,11600000,11575554,34101,1626,19.4805,18.7635,0.0187,0.0054,0.0043
Herato1108,11600001,11650000,11625047,33794,1689,25.2849,28.5028,-0.0598,-0.0256,-0.0198
Herato1108,11650001,11700000,11674241,33355,2019,30.4953,34.1881,-0.0571,-0.0215,-0.0176
Herato1108,11700001,11750000,11725261,30733,1531,16.6999,20.963,-0.1132,-0.0307,-0.024
Herato1108,11750001,11800000,11777622,20582,1344,19.6663,20.0172,-0.0088,-0.0042,-0.0033
Herato1108,11800001,11850000,11823497,31056,1854,24.7312,29.312,-0.0848,-0.0264,-0.0215
Herato1108,11850001,11900000,11875055,35167,2864,43.8422,48.8689,-0.0542,-0.0253,-0.0193
Herato1108,11900001,11950000,11925556,35358,2550,41.2934,31.9913,0.1269,0.0442,0.0377
Herato1108,11950001,12000000,11975242,36255,3105,49.6031,51.5996,-0.0197,-0.0095,-0.0073
Herato1108,12000001,12050000,12024640,35334,2756,42.9223,40.818,0.0251,0.0085,0.0071
Herato1108,12050001,12100000,12075341,34190,2479,33.1885,33.5501,-0.0054,-0.0019,-0.0015
Herato1108,12100001,12150000,12124109,30703,1934,27.1682,28.4718,-0.0234,-0.0081,-0.0065
Herato1108,12150001,12200000,12174656,29674,2264,34.9558,30.7331,0.0643,0.0231,0.0187
Herato1108,12200001,12250000,12225162,33928,2279,34.2951,27.9635,0.1017,0.0372,0.0296
Herato1108,12250001,12300000,12275131,34228,2467,34.1807,38.1427,-0.0548,-0.0171,-0.0138
Herato1108,12300001,12350000,12325751,33254,2175,40.2018,32.6561,0.1036,0.0503,0.0404
Herato1108,12350001,12400000,12374373,33314,2490,39.976,37.5767,0.0309,0.016,0.0122
Herato1108,12400001,12450000,12424556,34841,2181,29.8762,33.7205,-0.0604,-0.0284,-0.0213
Herato1108,12450001,12500000,12472767,30054,1534,22.4263,25.0132,-0.0545,-0.0272,-0.0216
Herato1108,12500001,12550000,12524762,36703,3358,46.8831,50.445,-0.0366,-0.015,-0.012
Herato1108,12550001,12600000,12574794,35865,3232,46.8059,46.5361,0.0029,0.0009,0.0008
Herato1108,12600001,12650000,12624356,36077,2570,42.1711,35.5341,0.0854,0.0268,0.0224
Herato1108,12650001,12700000,12675141,33234,2235,38.8665,36.5839,0.0303,0.0108,0.0088
Herato1108,12700001,12750000,12727523,31839,2119,29.6345,31.0934,-0.024,-0.0078,-0.0062
Herato1108,12750001,12800000,12775358,35225,2596,36.5269,35.8137,0.0099,0.0036,0.003
Herato1108,12800001,12850000,12826197,30692,2006,31.9745,32.0136,-0.0006,-0.0003,-0.0002
Herato1108,12850001,12900000,12874960,36420,2596,36.6331,31.8783,0.0694,0.0214,0.0174
Herato1108,12900001,12950000,12925202,37088,2267,30.6288,29.0078,0.0272,0.006,0.0049
Herato1108,12950001,13000000,12975458,35511,1611,16.7714,16.5478,0.0067,0.0012,0.001
Herato1108,13000001,13050000,13025823,37687,2166,22.505,28.1185,-0.1109,-0.0207,-0.0182
Herato1108,13050001,13100000,13075449,37560,2214,14.7078,13.5693,0.0403,0.0034,0.0031
Herato1108,13100001,13150000,13124623,38356,2494,29.7586,27.1564,0.0457,0.0105,0.0091
Herato1108,13150001,13200000,13174763,36989,1713,16.9858,14.3854,0.0829,0.0117,0.0105
Herato1108,13200001,13250000,13224920,37961,2181,25.8393,21.5441,0.0906,0.0143,0.0122
Herato1108,13250001,13300000,13274562,36093,2089,30.2164,27.0078,0.0561,0.0158,0.0131
Herato1108,13300001,13350000,13325149,34644,2748,43.7362,41.9781,0.0205,0.0077,0.0059
Herato1108,13350001,13400000,13374593,32700,2156,29.1235,32.0676,-0.0481,-0.016,-0.0124
Herato1108,13400001,13450000,13424806,34777,2463,34.6098,37.8821,-0.0451,-0.0163,-0.0129
Herato1108,13450001,13500000,13474793,35485,3082,41.5783,40.3423,0.0151,0.005,0.0039
Herato1108,13500001,13550000,13525357,35574,2534,29.219,31.8898,-0.0437,-0.0078,-0.0068
Herato1108,13550001,13600000,13572967,26250,1203,16.2006,10.6449,0.207,0.0447,0.0392
Herato1108,13600001,13650000,13627162,31387,2068,27.4585,29.7113,-0.0394,-0.0102,-0.0085
Herato1108,13650001,13700000,13675593,34596,1671,30.204,37.8157,-0.1119,-0.0367,-0.0297
Herato1108,13700001,13750000,13724588,39675,2048,35.1311,29.691,0.0839,0.0207,0.0169
Herato1108,13750001,13800000,13775511,33442,2139,30.7552,31.4754,-0.0116,-0.0026,-0.0023
Herato1108,13800001,13850000,13821790,29661,1807,26.9951,17.7472,0.2067,0.0532,0.0415
Herato1108,13850001,13900000,13874698,30803,1976,15.856,15.7343,0.0039,0.0005,0.0005
Herato1108,13900001,13950000,13925020,37658,3304,37.2558,38.2003,-0.0125,-0.0031,-0.0026
Herato1108,13950001,14000000,13970079,28756,2298,30.3797,27.9555,0.0416,0.013,0.01
Herato1108,14000001,14050000,14029530,32879,2500,35.4557,38.6538,-0.0432,-0.0152,-0.0119
Herato1108,14050001,14100000,14069091,30235,1660,8.4299,8.3162,0.0068,0.0005,0.0005
Herato1108,14100001,14150000,14124862,35301,2748,21.0395,22.4785,-0.0331,-0.0051,-0.0044
Herato1108,14150001,14200000,14175557,35915,2347,31.1586,30.1176,0.017,0.0045,0.0036
Herato1108,14200001,14250000,14227749,33506,2632,21.9046,25.449,-0.0748,-0.0156,-0.0132
Herato1108,14250001,14300000,14275696,34912,2018,13.8662,17.3827,-0.1125,-0.0158,-0.0139
Herato1108,14300001,14350000,14323195,35970,2546,33.3071,29.0603,0.0681,0.0129,0.0115
Herato1108,14350001,14400000,14371126,26660,1601,19.3914,14.5603,0.1423,0.0287,0.0248
Herato1108,14400001,14450000,14428861,24846,1154,14.4274,15.2218,-0.0268,-0.0058,-0.0049
Herato1108,14450001,14500000,14466144,20489,846,8.136,6.4185,0.118,0.021,0.0181
Herato1116,50001,100000,74686,35534,1482,18.6949,22.6918,-0.0966,-0.022,-0.0189
Herato1116,100001,150000,128302,28305,936,15.6717,19.3432,-0.1049,-0.0314,-0.0259
Herato1116,150001,200000,172877,29872,1003,13.2448,16.6271,-0.1132,-0.0209,-0.018
Herato1116,200001,250000,214884,17859,374,3.4007,4.9171,-0.1823,-0.0428,-0.0362
