scaffold,start,end,mid,sites,sitesUsed,ABBA,BABA,D,fd,fdM
Herato1801,1,50000,26523,37955,1264,10.7944,6.3908,0.2562,0.0223,0.0207
Herato1801,50001,100000,75093,40645,1647,16.4344,13.8755,0.0844,0.0113,0.0108
Herato1801,100001,150000,127398,34108,989,2.8651,3.0345,-0.0287,-0.0014,-0.0013
Herato1801,150001,200000,175137,40471,1836,4.0165,2.9953,0.1456,0.0033,0.0032
Herato1801,200001,250000,224704,41207,1611,1.7442,3.3358,-0.3133,-0.006,-0.0058
Herato1801,250001,300000,274648,36798,1998,7.9791,9.3774,-0.0806,-0.0043,-0.0039
Herato1801,300001,350000,324505,36014,2038,9.2683,7.5525,0.102,0.0046,0.0042
Herato1801,350001,400000,375394,36366,2152,9.1282,14.8357,-0.2382,-0.022,-0.018
Herato1801,400001,450000,424805,36656,2533,10.9339,9.6156,0.0642,0.0037,0.0033
Herato1801,450001,500000,473777,36280,1970,4.133,6.2379,-0.203,-0.0064,-0.0059
Herato1801,500001,550000,525886,29789,1202,7.6356,8.1996,-0.0356,-0.0045,-0.0037
Herato1801,550001,600000,577684,29051,1091,1.8637,2.1894,-0.0804,-0.0018,-0.0018
Herato1801,600001,650000,624953,36940,2085,18.2978,15.7304,0.0755,0.0081,0.0075
Herato1801,650001,700000,673100,31957,1605,7.1001,7.0455,0.0039,0.0002,0.0002
Herato1801,700001,750000,723905,39014,2230,13.797,16.5392,-0.0904,-0.0078,-0.0073
Herato1801,750001,800000,774825,36882,2329,8.8405,9.7121,-0.047,-0.0025,-0.0024
Herato1801,800001,850000,824723,36419,2327,11.6085,8.7197,0.1421,0.0082,0.0077
Herato1801,850001,900000,874907,36707,1813,10.0883,10.2893,-0.0099,-0.0007,-0.0006
Herato1801,900001,950000,924231,37788,2070,7.8426,9.629,-0.1022,-0.0073,-0.0066
Herato1801,950001,1000000,974996,37100,2075,10.3768,14.8982,-0.1789,-0.0138,-0.0126
Herato1801,1000001,1050000,1024760,36887,2562,26.9665,29.7604,-0.0493,-0.0082,-0.0063
Herato1801,1050001,1100000,1074993,37117,2582,19.0678,18.3739,0.0185,0.0024,0.0021
Herato1801,1100001,1150000,1125319,37564,2307,12.2287,13.9594,-0.0661,-0.0059,-0.0052
Herato1801,1150001,1200000,1173982,38281,2156,19.6204,17.2691,0.0637,0.0127,0.0099
Herato1801,1200001,1250000,1225680,35462,1751,11.5063,10.8107,0.0312,0.0024,0.0022
Herato1801,1250001,1300000,1270186,30675,1932,8.0178,8.7944,-0.0462,-0.0025,-0.0022
Herato1801,1300001,1350000,1330469,25556,1294,9.4283,12.4366,-0.1376,-0.0158,-0.0142
Herato1801,1350001,1400000,1375471,36695,1981,6.7144,5.5672,0.0934,0.0031,0.0028
Herato1801,1400001,1450000,1424341,37906,2172,13.2671,13.5004,-0.0087,-0.0007,-0.0006
Herato1801,1450001,1500000,1474489,38591,2474,12.7468,15.0304,-0.0822,-0.0057,-0.0053
Herato1801,1500001,1550000,1524061,34240,2545,20.7208,24.589,-0.0854,-0.0124,-0.0112
Herato1801,1550001,1600000,1573749,34995,2287,15.047,13.8306,0.0421,0.0033,0.003
Herato1801,1600001,1650000,1626565,34630,2537,20.2379,19.2901,0.024,0.0031,0.0027
Herato1801,1650001,1700000,1680347,27979,1951,14.0298,12.644,0.052,0.0045,0.0041
Herato1801,1700001,1750000,1728696,27682,1850,20.0372,14.8946,0.1472,0.0212,0.0188
Herato1801,1750001,1800000,1775492,33634,2409,22.598,23.707,-0.024,-0.0043,-0.0037
Herato1801,1800001,1850000,1825224,36097,2483,22.0442,24.5305,-0.0534,-0.0089,-0.0077
Herato1801,1850001,1900000,1874645,35817,2211,19.264,18.958,0.008,0.0011,0.001
Herato1801,1900001,1950000,1923995,38526,2752,39.8103,37.5626,0.029,0.0081,0.0067
Herato1801,1950001,2000000,1975381,29948,1973,25.9323,25.111,0.0161,0.0049,0.0042
Herato1801,2000001,2050000,2025716,34762,2235,31.6309,31.4306,0.0032,0.0009,0.0007
Herato1801,2050001,2100000,2075078,36050,2476,32.1804,34.0772,-0.0286,-0.0066,-0.0057
Herato1801,2100001,2150000,2124835,34360,3020,43.6473,46.33,-0.0298,-0.0102,-0.0085
Herato1801,2150001,2200000,2172869,32335,2953,50.8415,46.7416,0.042,0.015,0.0125
Herato1801,2200001,2250000,2229773,27758,2439,32.7473,29.4484,0.053,0.0171,0.014
Herato1801,2250001,2300000,2275155,35337,2217,26.0021,27.463,-0.0273,-0.0058,-0.0049
Herato1801,2300001,2350000,2325125,35585,2497,27.3689,23.83,0.0691,0.0166,0.0137
Herato1801,2350001,2400000,2374937,34665,2165,26.3839,25.5289,0.0165,0.0047,0.0038
Herato1801,2400001,2450000,2425851,34181,1725,21.5846,17.5063,0.1043,0.0225,0.0198
Herato1801,2450001,2500000,2474328,34649,2204,20.9846,22.6522,-0.0382,-0.0063,-0.0055
Herato1801,2500001,2550000,2524860,34351,2249,23.1107,21.588,0.0341,0.0058,0.0051
Herato1801,2550001,2600000,2575194,31371,1880,18.0374,15.7564,0.0675,0.0103,0.0092
Herato1801,2600001,2650000,2625673,26437,922,9.1382,12.2604,-0.1459,-0.0306,-0.0249
Herato1801,2650001,2700000,2675807,35065,2303,23.2797,25.2508,-0.0406,-0.0074,-0.0062
Herato1801,2700001,2750000,2725131,35159,2515,33.0675,28.8573,0.068,0.0141,0.0123
Herato1801,2750001,2800000,2774784,34628,2501,30.2384,29.9687,0.0045,0.0011,0.001
Herato1801,2800001,2850000,2824920,34173,2498,28.2095,30.6696,-0.0418,-0.0104,-0.0086
Herato1801,2850001,2900000,2874843,37052,2499,29.3144,35.4029,-0.0941,-0.0236,-0.0197
Herato1801,2900001,2950000,2925233,38347,2170,20.183,23.5245,-0.0765,-0.0124,-0.0108
Herato1801,2950001,3000000,2974039,36255,2597,28.2985,23.696,0.0885,0.0167,0.0145
Herato1801,3000001,3050000,3024654,36685,2813,37.0613,37.7026,-0.0086,-0.0023,-0.0019
Herato1801,3050001,3100000,3075785,36692,2216,29.1468,25.7698,0.0615,0.0136,0.0118
Herato1801,3100001,3150000,3124465,33818,1707,13.3405,12.4904,0.0329,0.0046,0.004
Herato1801,3150001,3200000,3175922,31846,1686,15.3813,14.7657,0.0204,0.0035,0.0031
Herato1801,3200001,3250000,3224111,37133,1665,17.7639,15.7268,0.0608,0.009,0.0081
Herato1801,3250001,3300000,3275663,32117,2164,26.4421,28.8586,-0.0437,-0.0113,-0.0095
Herato1801,3300001,3350000,3325019,36729,2571,33.4371,29.4706,0.0631,0.0155,0.013
Herato1801,3350001,3400000,3374572,31473,1902,21.8655,25.5805,-0.0783,-0.0231,-0.0185
Herato1801,3400001,3450000,3424963,38111,2260,23.4817,24.281,-0.0167,-0.0037,-0.0032
Herato1801,3450001,3500000,3483219,12771,655,7.1709,7.8711,-0.0465,-0.012,-0.0096
Herato1801,3500001,3550000,3524492,34682,1765,21.5264,21.7957,-0.0062,-0.0016,-0.0013
Herato1801,3550001,3600000,3575097,35944,2242,24.6998,27.5469,-0.0545,-0.012,-0.0102
Herato1801,3600001,3650000,3625201,34477,2248,30.5117,25.4831,0.0898,0.018,0.0158
Herato1801,3650001,3700000,3674205,34863,1933,20.5171,19.6094,0.0226,0.0045,0.0037
Herato1801,3750001,3800000,3775522,37185,2365,25.8147,23.4939,0.0471,0.0075,0.0066
Herato1801,3800001,3850000,3823547,35627,1684,19.3091,20.748,-0.0359,-0.0058,-0.0052
Herato1801,3850001,3900000,3878281,28064,1735,27.0088,22.6416,0.088,0.0246,0.0201
Herato1801,3900001,3950000,3924709,37226,2385,20.8465,22.1734,-0.0308,-0.0058,-0.0048
Herato1801,3950001,4000000,3975100,37576,2209,18.6929,13.8175,0.15,0.0168,0.0149
Herato1801,4000001,4050000,4025095,38080,2057,9.0532,8.0266,0.0601,0.0034,0.0031
Herato1801,4050001,4100000,4074993,37744,2038,17.345,17.6907,-0.0099,-0.0013,-0.0011
Herato1801,4100001,4150000,4124543,36561,2007,14.0006,14.8524,-0.0295,-0.0031,-0.0028
Herato1801,4150001,4200000,4174893,38333,2342,14.5119,16.2346,-0.056,-0.0062,-0.0055
Herato1801,4200001,4250000,4224867,40136,2943,26.5238,32.0247,-0.094,-0.0151,-0.013
Herato1801,4250001,4300000,4275353,37305,2778,31.617,34.4632,-0.0431,-0.0083,-0.0072
Herato1801,4300001,4350000,4325065,39807,2948,43.0474,44.6175,-0.0179,-0.0049,-0.0042
Herato1801,4350001,4400000,4374117,35817,2908,41.4046,43.4656,-0.0243,-0.0086,-0.0069
Herato1801,4400001,4450000,4424504,36940,2794,40.189,45.1675,-0.0583,-0.0186,-0.015
Herato1801,4450001,4500000,4475420,35498,2467,32.7621,33.9909,-0.0184,-0.006,-0.0047
Herato1801,4500001,4550000,4524420,35658,2342,32.6077,33.092,-0.0074,-0.0027,-0.0021
Herato1801,4550001,4600000,4574639,35362,1778,24.7639,25.5596,-0.0158,-0.0051,-0.0041
Herato1801,4600001,4650000,4625605,29860,2077,30.8076,30.8913,-0.0014,-0.0004,-0.0003
Herato1801,4650001,4700000,4675148,37856,3072,43.5377,42.9406,0.0069,0.0025,0.002
Herato1801,4700001,4750000,4723764,37132,2147,19.3943,19.6655,-0.0069,-0.0009,-0.0008
Herato1801,4750001,4800000,4774362,36379,2195,20.3925,24.5121,-0.0917,-0.0196,-0.017
Herato1801,4800001,4850000,4825404,35096,2101,18.0027,16.5357,0.0425,0.0055,0.0049
Herato1801,4850001,4900000,4874788,32951,1665,10.999,11.4964,-0.0221,-0.0022,-0.002
Herato1801,4900001,4950000,4924087,31519,1549,16.4148,15.855,0.0173,0.0028,0.0025
Herato1801,4950001,5000000,4975102,35963,1870,14.0679,11.4877,0.101,0.0119,0.0106
Herato1801,5000001,5050000,5026430,33159,1726,12.3142,10.17,0.0954,0.0097,0.0088
Herato1801,5050001,5100000,5074160,33403,1522,11.0061,9.223,0.0881,0.0083,0.0076
Herato1801,5100001,5150000,5117758,21352,713,6.3933,7.8562,-0.1027,-0.0137,-0.0124
Herato1803,1,50000,26689,30402,1004,6.9037,7.5228,-0.0429,-0.0036,-0.0032
Herato1803,50001,100000,75076,35765,1516,5.8764,7.2827,-0.1069,-0.0063,-0.0057
Herato1803,100001,150000,127921,31081,1396,6.9745,7.1914,-0.0153,-0.0012,-0.0011
Herato1803,150001,200000,177435,27485,1078,5.5584,5.9275,-0.0321,-0.0022,-0.002
Herato1803,200001,250000,225477,36409,1830,23.8772,9.2897,0.4398,0.0445,0.0384
Herato1803,250001,300000,275294,38368,1884,12.6795,11.0108,0.0704,0.0062,0.0056
Herato1803,300001,350000,324484,34509,1577,11.9202,9.0161,0.1387,0.0115,0.0108
Herato1803,350001,400000,374416,33125,928,1.7285,2.0402,-0.0827,-0.0022,-0.0021
Herato1803,400001,450000,429197,28557,875,6.0089,5.472,0.0468,0.006,0.0053
Herato1803,450001,500000,475488,37881,1153,6.048,7.7718,-0.1247,-0.0124,-0.0106
Herato1804,1,50000,22626,30034,1466,17.9906,18.1158,-0.0035,-0.001,-0.0008
Herato1804,50001,100000,75000,34158,1759,18.0046,18.8136,-0.022,-0.0039,-0.0034
Herato1804,100001,150000,120425,27393,1099,14.2897,15.2594,-0.0328,-0.0064,-0.0058
Herato1804,150001,200000,175597,37243,2319,39.2455,37.7144,0.0199,0.0056,0.0048
Herato1804,200001,250000,224516,38274,2217,30.208,28.4418,0.0301,0.008,0.0068
Herato1804,250001,300000,275207,37721,2595,34.7943,33.7529,0.0152,0.0046,0.0038
Herato1804,300001,350000,325219,40692,2245,15.1288,19.534,-0.1271,-0.0139,-0.0127
Herato1804,350001,400000,357229,10916,675,7.8234,5.472,0.1769,0.0281,0.025
Herato1805,1,50000,24813,32652,1628,16.728,25.845,-0.2141,-0.06,-0.0486
Herato1805,50001,100000,73273,36211,1779,22.2719,23.4155,-0.025,-0.0057,-0.0048
Herato1805,100001,150000,124308,34391,2209,27.8197,26.2193,0.0296,0.0069,0.0058
Herato1805,150001,200000,174621,37972,2764,44.042,46.3948,-0.026,-0.0085,-0.007
Herato1805,200001,250000,224174,38718,2617,42.571,34.3725,0.1066,0.0321,0.0269
Herato1805,250001,300000,274939,35163,2257,28.8133,27.4274,0.0246,0.0058,0.005
Herato1805,300001,350000,324527,23386,1252,14.8081,17.2795,-0.077,-0.0191,-0.0158
Herato1805,350001,400000,375593,35533,2298,28.4338,25.2399,0.0595,0.0097,0.0087
Herato1805,400001,450000,424764,36182,2252,26.0313,31.2357,-0.0909,-0.0222,-0.0179
Herato1805,450001,500000,475132,37727,2669,33.2822,35.8723,-0.0375,-0.0095,-0.0078
Herato1805,500001,550000,525393,39079,2712,39.7248,38.378,0.0172,0.004,0.0034
Herato1805,550001,600000,574428,36220,2042,14.1809,17.3071,-0.0993,-0.0101,-0.009
Herato1805,600001,650000,625185,37150,1867,21.1745,31.3811,-0.1942,-0.0427,-0.0357
Herato1805,650001,700000,674998,39750,2515,38.9935,41.7518,-0.0342,-0.0104,-0.0085
Herato1805,700001,750000,724974,38810,2275,22.531,27.1466,-0.0929,-0.017,-0.0144
Herato1805,750001,800000,775047,36564,2081,19.5537,21.1781,-0.0399,-0.0072,-0.0062
Herato1805,800001,850000,824996,37055,1812,19.7033,19.899,-0.0049,-0.0008,-0.0007
Herato1805,850001,900000,874290,40302,2358,17.9881,20.6656,-0.0693,-0.0079,-0.007
Herato1805,900001,950000,925227,39449,2835,27.8702,28.52,-0.0115,-0.0018,-0.0016
Herato1805,950001,1000000,975008,39559,2686,15.2678,18.7345,-0.102,-0.0116,-0.0103
Herato1805,1000001,1050000,1025332,39412,2283,12.0266,13.7319,-0.0662,-0.0055,-0.0051
Herato1805,1050001,1100000,1075430,37570,2026,28.0228,26.0409,0.0367,0.0061,0.0052
Herato1805,1100001,1150000,1124209,31568,728,2.8138,2.1624,0.1309,0.0055,0.0051
Herato1805,1150001,1200000,1175359,33865,1366,3.9406,3.9249,0.002,0.0001,0.0001
Herato1805,1200001,1250000,1224223,32716,1198,13.2773,12.2786,0.0391,0.005,0.0046
Herato1805,1250001,1300000,1274503,36199,1774,10.3251,8.4103,0.1022,0.0083,0.0076
Herato1805,1300001,1350000,1324965,35431,1755,6.1934,7.6588,-0.1058,-0.0062,-0.0056
Herato1805,1350001,1400000,1376109,34982,1918,6.9419,7.1011,-0.0113,-0.0007,-0.0006
Herato1805,1400001,1450000,1424809,33768,1582,6.4681,5.6307,0.0692,0.0035,0.0033
Herato1805,1450001,1500000,1477817,24282,630,4.6607,5.1097,-0.046,-0.0053,-0.0047
Herato1805,1500001,1550000,1529217,28065,946,6.7415,5.22,0.1272,0.0135,0.0122
Herato1805,1550001,1600000,1572254,30689,1550,10.2493,10.4394,-0.0092,-0.001,-0.0009
Herato1805,1600001,1650000,1625181,35216,1578,13.5539,12.1296,0.0555,0.0071,0.0063
Herato1805,1650001,1700000,1676773,32928,1888,14.2227,17.4044,-0.1006,-0.0147,-0.0128
Herato1805,1700001,1750000,1720899,28882,1096,5.7165,8.3737,-0.1886,-0.0187,-0.0168
Herato1805,1750001,1800000,1773931,22798,306,0.2361,0.2148,0.0473,0.0005,0.0005
Herato1805,1800001,1850000,1825112,38208,1997,20.9311,13.393,0.2196,0.029,0.0257
Herato1805,1850001,1900000,1874643,40827,2049,14.055,16.671,-0.0851,-0.01,-0.0089
Herato1805,1900001,1950000,1925076,40063,2731,32.638,41.7241,-0.1222,-0.038,-0.0302
Herato1805,1950001,2000000,1975557,38570,2820,32.0988,33.3285,-0.0188,-0.005,-0.0041
Herato1805,2000001,2050000,2024441,40615,2773,39.2683,34.2302,0.0685,0.0178,0.015
Herato1805,2050001,2100000,2075028,39478,2828,34.0775,32.8655,0.0181,0.0044,0.0036
Herato1805,2100001,2150000,2124512,37659,3248,31.1749,38.1456,-0.1006,-0.0239,-0.0199
Herato1805,2150001,2200000,2174746,36030,2695,37.0884,35.4964,0.0219,0.0068,0.0055
Herato1805,2200001,2250000,2224866,36392,2514,29.5598,25.6312,0.0712,0.0169,0.0146
Herato1805,2250001,2300000,2274686,38109,3217,38.2561,37.35,0.012,0.0047,0.0036
Herato1805,2300001,2350000,2324538,38377,2845,30.7639,34.9128,-0.0632,-0.0176,-0.0143
Herato1805,2350001,2400000,2375618,36177,2254,30.9582,28.1894,0.0468,0.0117,0.0099
Herato1805,2400001,2450000,2425146,36125,2860,59.4543,41.0812,0.1828,0.0622,0.0518
Herato1805,2450001,2500000,2474694,33558,2716,60.047,28.0317,0.3635,0.1172,0.098
Herato1805,2500001,2550000,2526224,33598,2272,50.495,26.841,0.3059,0.1299,0.1003
Herato1805,2550001,2600000,2575346,36627,2620,66.4679,35.6462,0.3018,0.1218,0.0983
Herato1805,2600001,2650000,2624689,38437,2908,66.3042,34.1609,0.3199,0.1282,0.1024
Herato1805,2650001,2700000,2674382,37424,2398,43.7649,21.3332,0.3446,0.1214,0.0951
Herato1805,2700001,2750000,2724718,34646,2562,52.7505,29.146,0.2882,0.1145,0.0909
Herato1805,2750001,2800000,2775520,35819,2499,53.7075,34.4834,0.218,0.0795,0.0642
Herato1805,2800001,2850000,2823603,36422,2821,57.4445,40.3111,0.1753,0.0809,0.0631
Herato1805,2850001,2900000,2874410,34138,2470,50.8965,37.0987,0.1568,0.0791,0.0613
Herato1805,2900001,2950000,2925100,35151,2650,56.8168,44.0134,0.127,0.0633,0.0477
Herato1805,2950001,3000000,2974503,36025,929,16.4481,12.5023,0.1363,0.0507,0.04
Herato1805,3000001,3050000,3030672,27667,1006,13.5284,11.1438,0.0967,0.0473,0.0331
Herato1805,3050001,3100000,3075127,36891,2967,73.1603,46.8256,0.2195,0.1103,0.0866
Herato1805,3100001,3150000,3122155,31517,2471,54.446,35.4023,0.212,0.0961,0.0738
Herato1805,3150001,3200000,3175254,40459,3193,68.9792,45.4555,0.2056,0.1295,0.096
Herato1805,3200001,3250000,3223775,34099,2367,65.9924,36.82,0.2837,0.1244,0.1052
Herato1805,3250001,3300000,3276221,39029,2129,66.1832,30.9331,0.363,0.1214,0.1055
Herato1805,3300001,3350000,3325089,37083,2259,66.8304,29.4042,0.3889,0.1439,0.1208
Herato1805,3350001,3400000,3374951,36163,2911,57.3909,38.8158,0.1931,0.0736,0.0593
Herato1805,3400001,3450000,3425977,36605,2477,48.131,23.9553,0.3354,0.13,0.0993
Herato1805,3450001,3500000,3474873,35257,2129,40.6645,18.0891,0.3842,0.1,0.0823
Herato1805,3500001,3550000,3524743,35898,1982,39.1592,18.5214,0.3578,0.112,0.0958
Herato1805,3550001,3600000,3575115,37338,2340,51.0497,24.9237,0.3439,0.134,0.1076
Herato1805,3600001,3650000,3624805,36377,2818,46.9133,32.6575,0.1792,0.0978,0.072
Herato1805,3650001,3700000,3674855,35024,2667,47.7895,31.4191,0.2067,0.0966,0.0729
Herato1805,3700001,3750000,3724970,35162,3088,64.1955,43.3344,0.194,0.0897,0.0692
Herato1805,3750001,3800000,3774334,31724,2138,50.5955,26.1638,0.3183,0.1113,0.0915
Herato1805,3800001,3850000,3824881,35078,2537,52.8533,24.9121,0.3593,0.1277,0.1008
Herato1805,3850001,3900000,3874955,34947,2406,52.8932,32.7575,0.2351,0.1024,0.0802
Herato1805,3900001,3950000,3925127,35812,2379,46.3259,29.3268,0.2247,0.1009,0.0781
Herato1805,3950001,4000000,3975562,38048,2489,55.9455,24.7481,0.3866,0.1289,0.1029
Herato1805,4000001,4050000,4024922,36262,2514,50.0377,37.1453,0.1479,0.0641,0.05
Herato1805,4050001,4100000,4076006,34579,2413,47.6586,25.47,0.3034,0.108,0.088
Herato1805,4100001,4150000,4124803,33395,2554,56.5154,31.9195,0.2781,0.1115,0.0923
Herato1805,4150001,4200000,4174968,35850,2478,60.8041,27.1347,0.3829,0.1205,0.1
Herato1805,4200001,4250000,4224955,36731,1994,36.4225,12.2381,0.497,0.1189,0.0911
Herato1805,4250001,4300000,4274760,37105,2164,42.7915,15.4103,0.4705,0.1021,0.0833
Herato1805,4300001,4350000,4324966,37530,2795,53.0226,25.9053,0.3436,0.1181,0.0934
Herato1805,4350001,4400000,4374506,37252,2256,33.1196,17.909,0.2981,0.0885,0.0693
Herato1805,4400001,4450000,4425369,34444,2185,36.7043,14.9113,0.4222,0.118,0.0949
Herato1805,4450001,4500000,4473762,33658,1703,26.4176,14.6563,0.2863,0.0934,0.0728
Herato1805,4500001,4550000,4525340,35646,2434,36.5415,16.1554,0.3869,0.095,0.0715
Herato1805,4550001,4600000,4574327,35448,2079,41.4106,16.6184,0.4272,0.1402,0.1083
Herato1805,4600001,4650000,4625108,30561,1695,31.8397,9.2489,0.5498,0.1317,0.1056
Herato1805,4650001,4700000,4674791,32353,1807,35.7829,14.3039,0.4288,0.1187,0.0943
Herato1805,4700001,4750000,4725287,35619,2337,54.8331,18.1532,0.5026,0.1516,0.1203
Herato1805,4750001,4800000,4775842,38553,2407,57.5902,30.9224,0.3013,0.1091,0.0865
Herato1805,4800001,4850000,4824823,35693,2483,44.6399,27.3704,0.2398,0.0778,0.0634
Herato1805,4850001,4900000,4875422,34130,1773,38.3938,20.1234,0.3122,0.0995,0.0816
Herato1805,4900001,4950000,4925597,34135,2138,46.0342,24.4588,0.3061,0.1077,0.0834
Herato1805,4950001,5000000,4974946,35582,2567,52.6174,30.7245,0.2627,0.0957,0.0793
Herato1805,5000001,5050000,5025174,35621,2540,43.2257,25.9943,0.2489,0.089,0.0705
Herato1805,5050001,5100000,5074855,36236,2467,45.3159,24.36,0.3008,0.0986,0.0776
Herato1805,5100001,5150000,5125639,33705,2312,40.8348,24.8949,0.2425,0.0953,0.0747
Herato1805,5150001,5200000,5176182,35543,2793,61.2089,36.1335,0.2576,0.0979,0.0792
Herato1805,5200001,5250000,5224017,35892,2843,58.6941,38.0594,0.2133,0.1099,0.0818
Herato1805,5250001,5300000,5276381,34422,2938,81.2002,43.7947,0.2993,0.1407,0.1073
Herato1805,5300001,5350000,5325579,40312,2594,39.5084,12.1569,0.5294,0.1469,0.1174
Herato1805,5350001,5400000,5375367,40111,2393,42.7752,19.3065,0.378,0.1043,0.0886
Herato1805,5400001,5450000,5425048,36648,2589,62.8514,29.9256,0.3549,0.1174,0.0963
Herato1805,5450001,5500000,5474908,36391,2556,68.7286,37.2444,0.2971,0.1336,0.1072
Herato1805,5500001,5550000,5524736,35034,2796,60.7896,30.0079,0.339,0.125,0.0979
Herato1805,5550001,5600000,5574192,38536,2537,52.9848,22.9725,0.3951,0.1055,0.0852
Herato1805,5600001,5650000,5626964,34195,2116,58.186,21.5982,0.4586,0.1444,0.1187
Herato1805,5650001,5700000,5675359,35676,2459,57.7158,24.9326,0.3967,0.123,0.1024
Herato1805,5700001,5750000,5724332,40628,2759,64.3184,28.6958,0.383,0.1395,0.1149
Herato1805,5750001,5800000,5774979,35459,2883,77.3887,40.2232,0.316,0.1232,0.0966
Herato1805,5800001,5850000,5826721,31091,2564,49.9128,32.1743,0.2161,0.0936,0.0731
Herato1805,5850001,5900000,5874434,35719,2816,71.2482,35.0402,0.3407,0.1423,0.1132
Herato1805,5900001,5950000,5924647,35286,2430,64.516,27.7842,0.398,0.139,0.1105
Herato1805,5950001,6000000,5971718,30307,1516,32.7673,9.9291,0.5349,0.1263,0.1026
Herato1805,6000001,6050000,6023199,30705,1877,43.7929,14.4494,0.5038,0.1282,0.1022
Herato1805,6050001,6100000,6075072,37015,2672,58.5242,20.4405,0.4823,0.136,0.1108
Herato1805,6100001,6150000,6124193,37393,2113,54.2488,17.1662,0.5193,0.1524,0.1156
Herato1805,6150001,6200000,6174539,33545,2244,46.8384,18.0931,0.4427,0.151,0.1158
Herato1805,6200001,6250000,6225032,35960,1657,35.0808,12.615,0.471,0.109,0.0887
Herato1805,6250001,6300000,6275154,35894,2931,48.7989,25.579,0.3122,0.0943,0.0723
Herato1805,6300001,6350000,6324842,37494,1543,35.5261,7.4722,0.6524,0.1462,0.1178
Herato1805,6350001,6400000,6374362,36235,2176,53.2509,21.3881,0.4269,0.1282,0.1066
Herato1805,6400001,6450000,6425490,36676,2227,49.3652,20.2401,0.4184,0.1253,0.1025
Herato1805,6450001,6500000,6474794,32527,2381,55.8668,24.753,0.3859,0.1061,0.0865
Herato1805,6500001,6550000,6525397,35130,2725,63.9981,33.4242,0.3138,0.1039,0.0861
Herato1805,6550001,6600000,6573448,33181,1962,31.8798,16.0164,0.3312,0.0995,0.0775
Herato1805,6600001,6650000,6624201,33231,2122,45.6655,13.9516,0.532,0.1257,0.1033
Herato1805,6650001,6700000,6678895,25426,1059,19.4845,8.3533,0.3999,0.0966,0.0766
Herato1805,6700001,6750000,6723893,34191,2184,48.8271,16.8728,0.4864,0.1282,0.1046
Herato1805,6750001,6800000,6777295,32892,1876,43.764,14.861,0.493,0.1416,0.1116
Herato1805,6800001,6850000,6825328,35434,2827,61.4232,29.7215,0.3478,0.1331,0.1051
Herato1805,6850001,6900000,6874676,35424,1897,50.4014,18.949,0.4535,0.1377,0.1175
Herato1805,6900001,6950000,6924819,36392,1738,25.3839,5.8257,0.6267,0.1244,0.0857
Herato1805,6950001,7000000,6973289,34757,1736,47.8449,11.8197,0.6038,0.14,0.1202
Herato1805,7000001,7050000,7024299,37140,2591,57.0334,15.4658,0.5734,0.1255,0.1051
Herato1805,7050001,7100000,7074851,31661,2159,53.0655,23.2601,0.3905,0.12,0.0972
Herato1805,7100001,7150000,7124913,36105,1830,45.8243,8.0592,0.7009,0.161,0.1271
Herato1805,7150001,7200000,7173475,34330,1801,47.8703,14.5821,0.533,0.1267,0.1023
Herato1805,7200001,7250000,7227074,32061,1400,41.4989,15.5058,0.456,0.1191,0.1002
Herato1805,7250001,7300000,7275078,35183,1525,34.5961,9.2943,0.5765,0.1256,0.104
Herato1805,7300001,7350000,7324959,35991,2427,48.074,21.8779,0.3745,0.1012,0.0782
Herato1805,7350001,7400000,7374794,37046,2551,65.4001,22.693,0.4848,0.141,0.1119
Herato1805,7400001,7450000,7425210,36074,1736,40.7498,10.3519,0.5948,0.1391,0.1154
Herato1805,7450001,7500000,7477562,29893,1800,42.2119,13.9903,0.5021,0.1562,0.1269
Herato1805,7500001,7550000,7524537,34126,2041,40.7904,13.3241,0.5076,0.1382,0.109
Herato1805,7550001,7600000,7575397,33023,1967,33.8621,16.1166,0.3551,0.089,0.0698
Herato1805,7600001,7650000,7624644,33417,2327,33.6782,22.5022,0.1989,0.0626,0.0489
Herato1805,7650001,7700000,7675855,34201,2199,22.282,23.1745,-0.0196,-0.0045,-0.0036
Herato1805,7700001,7750000,7724877,36000,2933,44.8149,40.408,0.0517,0.0151,0.0127
Herato1805,7750001,7800000,7775390,36331,2606,47.2752,27.8946,0.2578,0.0952,0.0715
Herato1805,7800001,7850000,7823116,31066,2594,52.8195,33.5331,0.2233,0.0888,0.0685
Herato1805,7850001,7900000,7872794,31572,2073,45.8899,24.676,0.3006,0.0897,0.074
Herato1805,7900001,7950000,7925376,35109,2111,45.0807,24.8775,0.2888,0.0965,0.0764
Herato1805,7950001,8000000,7975944,33577,2456,54.5487,22.4803,0.4163,0.1198,0.0971
Herato1805,8000001,8050000,8025098,36772,2541,61.8195,26.2998,0.4031,0.1015,0.0838
Herato1805,8050001,8100000,8076427,35168,2125,43.0503,16.6583,0.442,0.1251,0.0969
Herato1805,8100001,8150000,8125402,38074,2694,54.6054,20.9875,0.4447,0.1351,0.1039
Herato1805,8150001,8200000,8174584,37479,1992,38.9213,14.3447,0.4614,0.1316,0.1037
Herato1805,8200001,8250000,8225023,36543,2424,42.5298,17.1724,0.4247,0.1,0.082
Herato1805,8250001,8300000,8273853,31710,1931,41.9128,14.3842,0.489,0.115,0.0935
Herato1805,8300001,8350000,8325326,35659,1794,43.2357,10.5874,0.6066,0.1229,0.1005
Herato1805,8350001,8400000,8374570,36548,1742,38.8916,13.5245,0.484,0.1184,0.0925
Herato1805,8400001,8450000,8425199,36848,1949,42.3341,11.1853,0.582,0.1289,0.1038
Herato1805,8450001,8500000,8474925,35181,1640,37.9623,8.6781,0.6279,0.1415,0.1117
Herato1805,8500001,8550000,8525829,36412,1911,51.3589,16.2674,0.5189,0.1379,0.112
Herato1805,8550001,8600000,8574844,32015,1316,31.2189,8.6974,0.5642,0.1283,0.1033
Herato1805,8600001,8650000,8625242,36537,2237,69.8208,13.4232,0.6775,0.1461,0.1225
Herato1805,8650001,8700000,8675645,36363,1479,34.7582,11.4819,0.5034,0.1498,0.1196
Herato1805,8700001,8750000,8724618,38808,2249,29.1062,15.7485,0.2978,0.0522,0.0433
Herato1805,8750001,8800000,8774725,36568,2571,38.2761,35.6603,0.0354,0.0073,0.0063
Herato1805,8800001,8850000,8826522,35292,2381,10.8243,9.0373,0.09,0.0054,0.0051
Herato1805,8850001,8900000,8875022,37095,2863,10.0613,14.929,-0.1948,-0.0141,-0.0127
Herato1805,8900001,8950000,8924943,36607,1864,19.9681,18.6877,0.0331,0.0052,0.0046
Herato1805,8950001,9000000,8975868,37495,1853,9.5816,10.1674,-0.0297,-0.0022,-0.002
Herato1805,9000001,9050000,9025240,41396,2256,8.0849,9.4906,-0.08,-0.004,-0.0037
Herato1805,9050001,9100000,9073876,32209,1790,7.2656,5.3711,0.1499,0.0092,0.0084
Herato1805,9100001,9150000,9122956,34530,2299,15.1461,15.551,-0.0132,-0.0013,-0.0012
Herato1805,9150001,9200000,9176111,34325,1717,20.4561,15.6782,0.1322,0.0182,0.0158
Herato1805,9200001,9250000,9222809,35078,2219,15.7585,18.0041,-0.0665,-0.0084,-0.0074
Herato1805,9250001,9300000,9276849,35667,2075,13.9203,14.6717,-0.0263,-0.0026,-0.0023
Herato1805,9300001,9350000,9323974,36726,2513,25.3041,22.7328,0.0535,0.0098,0.0086
Herato1805,9350001,9400000,9375521,36335,2215,30.7211,26.5055,0.0737,0.0185,0.0154
Herato1805,9400001,9450000,9429567,28095,1510,7.9346,8.8437,-0.0542,-0.0047,-0.0044
Herato1805,9450001,9500000,9476540,34657,2224,16.4802,16.2783,0.0062,0.0009,0.0008
Herato1805,9500001,9550000,9523975,36904,2559,23.9839,15.7412,0.2075,0.0291,0.0256
Herato1805,9550001,9600000,9575077,35382,2125,17.816,15.4169,0.0722,0.0084,0.0074
Herato1805,9600001,9650000,9625780,31840,1845,13.2043,14.6238,-0.051,-0.0059,-0.0053
Herato1805,9650001,9700000,9674571,34323,2198,15.098,17.5463,-0.075,-0.007,-0.0064
Herato1805,9700001,9750000,9725409,38138,2371,15.2625,13.8781,0.0475,0.0046,0.0041
Herato1805,9750001,9800000,9776237,23575,1233,9.9803,11.4125,-0.0669,-0.009,-0.0078
Herato1805,9800001,9850000,9825809,28113,1781,10.3253,10.3034,0.0011,0.0001,0.0001
Herato1805,9850001,9900000,9875226,36042,2468,20.1664,17.7936,0.0625,0.0084,0.0073
Herato1805,9900001,9950000,9924896,37298,2551,18.9296,14.7537,0.124,0.0148,0.0134
Herato1805,9950001,10000000,9974683,35853,2623,25.7054,23.7407,0.0397,0.006,0.0053
Herato1805,10000001,10050000,10024751,36779,2939,26.1409,25.0149,0.022,0.0037,0.0033
Herato1805,10050001,10100000,10074852,36441,2935,36.0297,32.7114,0.0483,0.0114,0.0098
Herato1805,10100001,10150000,10124985,35966,2575,29.9182,30.6655,-0.0123,-0.0025,-0.0021
Herato1805,10150001,10200000,10175663,37604,2895,50.6052,45.6264,0.0517,0.0137,0.0117
Herato1805,10200001,10250000,10224868,35257,2202,14.5637,15.3685,-0.0269,-0.0032,-0.0028
Herato1805,10250001,10300000,10274763,33482,1406,3.8652,3.3959,0.0646,0.0024,0.0023
Herato1805,10300001,10350000,10310096,14005,633,3.9277,4.3011,-0.0454,-0.0047,-0.0042
Herato1806,1,50000,10255,14189,632,5.1332,5.5547,-0.0394,-0.0056,-0.0045
Herato1807,1,50000,25805,30572,1796,11.1859,10.9388,0.0112,0.0012,0.0011
Herato1807,50001,100000,75003,39148,2819,15.4989,21.5321,-0.1629,-0.0169,-0.0151
Herato1807,100001,150000,123775,38684,1882,14.679,11.7351,0.1114,0.0109,0.0098
Herato1807,150001,200000,177645,34684,1758,12.3294,10.9835,0.0577,0.0053,0.0049
Herato1807,200001,250000,224354,36734,2359,26.0797,25.5995,0.0093,0.0018,0.0015
Herato1807,250001,300000,274173,34258,1773,13.7195,8.0871,0.2583,0.0243,0.0221
Herato1807,300001,350000,324801,35279,2278,24.601,20.2441,0.0972,0.0136,0.0124
Herato1807,350001,400000,377064,30431,1988,30.5459,30.2531,0.0048,0.0015,0.0013
Herato1807,400001,450000,424367,41093,3059,41.133,36.177,0.0641,0.0188,0.0163
Herato1807,450001,500000,467443,23326,1271,16.087,16.9417,-0.0259,-0.008,-0.0063
Herato1807,500001,550000,524986,41984,2791,30.8732,33.9246,-0.0471,-0.0177,-0.0129
Herato1807,550001,600000,573807,39701,2439,23.5245,28.5271,-0.0961,-0.0218,-0.0178
Herato1807,600001,650000,625362,38063,2983,47.3212,45.0399,0.0247,0.0074,0.0063
Herato1807,650001,700000,675192,38175,2824,36.7601,36.8891,-0.0018,-0.0005,-0.0004
Herato1807,700001,750000,724552,35590,2628,32.734,32.1765,0.0086,0.0025,0.0021
Herato1807,750001,800000,774449,32284,2409,21.6236,21.5202,0.0024,0.0004,0.0004
Herato1807,800001,850000,824978,35955,3110,35.2756,31.7727,0.0522,0.0131,0.0109
Herato1807,850001,900000,875374,35813,2982,39.2838,46.0772,-0.0796,-0.0228,-0.0187
Herato1807,900001,950000,926306,32377,2243,39.298,34.7611,0.0613,0.0175,0.0142
Herato1807,950001,1000000,974925,36655,2480,29.4587,33.8503,-0.0694,-0.0183,-0.0152
Herato1807,1000001,1050000,1022887,32561,2583,32.6924,32.5086,0.0028,0.0008,0.0007
Herato1807,1050001,1100000,1075142,36306,2718,26.5446,30.5568,-0.0703,-0.0143,-0.012
Herato1807,1100001,1150000,1124215,37945,2183,22.3623,20.9109,0.0335,0.0047,0.0042
Herato1807,1150001,1200000,1174974,37318,2586,26.3567,18.8639,0.1657,0.0224,0.02
Herato1807,1200001,1250000,1224505,38098,2900,38.7642,38.0551,0.0092,0.0019,0.0016
Herato1807,1250001,1300000,1274693,38495,2863,23.3707,24.4031,-0.0216,-0.0038,-0.0032
Herato1807,1300001,1350000,1325131,37114,2424,24.8308,19.7171,0.1148,0.0209,0.0183
Herato1807,1350001,1400000,1375695,36487,2703,34.9953,31.5613,0.0516,0.0135,0.0115
Herato1807,1400001,1450000,1424565,36444,2628,21.6193,22.332,-0.0162,-0.0019,-0.0017
Herato1807,1450001,1500000,1475194,36337,2508,26.2263,24.5557,0.0329,0.0065,0.0056
Herato1807,1500001,1550000,1524151,35086,2107,17.59,16.7836,0.0235,0.0034,0.0029
Herato1807,1550001,1600000,1575636,33723,2382,22.8129,23.3054,-0.0107,-0.0017,-0.0015
Herato1807,1600001,1650000,1625474,38233,2162,19.7494,15.4345,0.1226,0.0156,0.0135
Herato1807,1650001,1700000,1673680,33332,2124,11.9814,10.8239,0.0508,0.0038,0.0034
Herato1807,1700001,1750000,1722342,31463,2037,15.9155,15.3948,0.0166,0.0023,0.0021
Herato1807,1750001,1800000,1774548,34225,2663,30.0991,30.5556,-0.0075,-0.0018,-0.0015
Herato1807,1800001,1850000,1826986,32381,2363,26.7624,29.7022,-0.0521,-0.0125,-0.0103
Herato1807,1850001,1900000,1874860,35968,2567,36.8199,32.6094,0.0606,0.0157,0.0132
Herato1807,1900001,1950000,1927860,33402,2503,29.6073,27.4113,0.0385,0.0092,0.0077
Herato1807,1950001,2000000,1975693,32447,2243,22.4098,26.6395,-0.0862,-0.0195,-0.0161
Herato1807,2000001,2050000,2026379,33315,2437,28.4673,30.2896,-0.031,-0.0065,-0.0056
Herato1807,2050001,2100000,2075373,38776,2849,29.673,31.5677,-0.0309,-0.0067,-0.0056
Herato1807,2100001,2150000,2124940,36872,3064,36.8229,33.5493,0.0465,0.0104,0.009
Herato1807,2150001,2200000,2174907,38600,3097,37.5661,33.3746,0.0591,0.0171,0.0135
Herato1807,2200001,2250000,2221658,27562,1651,21.6039,17.818,0.096,0.0219,0.018
Herato1807,2250001,2300000,2275708,34529,2166,23.3704,21.3281,0.0457,0.008,0.0071
Herato1807,2300001,2350000,2324979,34574,2822,34.275,34.492,-0.0032,-0.0011,-0.0009
Herato1807,2350001,2400000,2375875,34689,2449,22.9646,26.3037,-0.0678,-0.0181,-0.0153
Herato1807,2400001,2450000,2424589,39577,2486,27.7432,29.682,-0.0338,-0.0075,-0.0066
Herato1807,2450001,2500000,2474929,38141,2792,28.0351,30.2712,-0.0384,-0.0079,-0.0066
Herato1807,2500001,2550000,2524206,37238,3034,30.9422,30.3024,0.0104,0.0022,0.0019
Herato1807,2550001,2600000,2575325,35114,3149,43.9754,39.6066,0.0523,0.0183,0.0148
Herato1807,2600001,2650000,2625452,42265,2285,32.543,33.9875,-0.0217,-0.0082,-0.0066
Herato1807,2650001,2700000,2673079,34568,1617,16.793,13.5898,0.1054,0.0268,0.0221
Herato1807,2700001,2750000,2724793,36440,2645,29.1887,37.4459,-0.1239,-0.0336,-0.0273
Herato1807,2750001,2800000,2775529,36393,3021,45.093,44.9921,0.0011,0.0005,0.0004
Herato1807,2800001,2850000,2826979,39353,2035,29.0362,20.1513,0.1806,0.0317,0.0262
Herato1807,2850001,2900000,2873638,36300,1969,29.4072,29.4324,-0.0004,-0.0001,-0.0001
Herato1807,2900001,2950000,2924955,35191,2342,27.2032,23.1682,0.0801,0.0181,0.0154
Herato1807,2950001,3000000,2975603,35001,2367,27.9003,31.1922,-0.0557,-0.0153,-0.0126
Herato1807,3000001,3050000,3024989,34799,2598,31.6253,30.594,0.0166,0.0048,0.0039
Herato1807,3050001,3100000,3075173,35712,2061,30.9392,22.9472,0.1483,0.0304,0.027
Herato1807,3100001,3150000,3125047,32377,1985,23.39,23.4416,-0.0011,-0.0003,-0.0002
Herato1807,3150001,3200000,3174637,35567,2760,38.5308,39.8129,-0.0164,-0.0058,-0.0046
Herato1807,3200001,3250000,3225074,35314,2370,37.8025,34.6766,0.0431,0.0132,0.0109
Herato1807,3250001,3300000,3275465,35446,2193,25.7048,33.1735,-0.1269,-0.0306,-0.0253
Herato1807,3300001,3350000,3325182,37212,2652,29.548,33.6328,-0.0647,-0.0138,-0.0119
Herato1807,3350001,3400000,3375826,38340,2680,32.8027,36.4349,-0.0525,-0.0186,-0.0152
Herato1807,3400001,3450000,3425337,33544,1884,13.235,16.6909,-0.1155,-0.0208,-0.0174
Herato1807,3450001,3500000,3475075,35880,2585,29.7726,31.1614,-0.0228,-0.0056,-0.0048
Herato1807,3500001,3550000,3525224,36755,2849,28.9202,26.6841,0.0402,0.0088,0.0074
Herato1807,3550001,3600000,3575076,39636,2685,25.6915,26.865,-0.0223,-0.0054,-0.0045
Herato1807,3600001,3650000,3625225,37610,2794,36.8901,32.4407,0.0642,0.0176,0.0146
Herato1807,3650001,3700000,3676300,32444,2263,50.8838,45.5315,0.0555,0.0157,0.0134
Herato1807,3700001,3750000,3725121,39353,2380,53.6035,49.638,0.0384,0.0206,0.0149
Herato1807,3750001,3800000,3774872,41222,2133,47.603,59.9245,-0.1146,-0.0934,-0.0623
Herato1807,3800001,3850000,3824462,40532,2668,61.9607,43.598,0.174,0.0737,0.0539
Herato1807,3850001,3900000,3874678,36919,3409,66.5949,71.227,-0.0336,-0.0261,-0.0184
Herato1807,3900001,3950000,3924247,36741,2590,30.477,26.3789,0.0721,0.0203,0.015
Herato1807,3950001,4000000,3975280,33047,1857,16.5559,19.3077,-0.0767,-0.0121,-0.0108
Herato1807,4000001,4050000,4024094,37020,3081,34.5348,35.1861,-0.0093,-0.0028,-0.0022
Herato1807,4050001,4100000,4074737,35674,2773,28.9693,26.5385,0.0438,0.0117,0.0098
Herato1807,4100001,4150000,4126114,34095,2780,40.8873,34.5158,0.0845,0.0332,0.026
Herato1807,4150001,4200000,4174091,36938,2651,32.9549,29.5687,0.0542,0.0149,0.0119
Herato1807,4200001,4250000,4224981,33680,2241,21.5692,21.8917,-0.0074,-0.0014,-0.0012
Herato1807,4250001,4300000,4274882,35283,2127,17.6866,20.3023,-0.0689,-0.0107,-0.0094
Herato1807,4300001,4350000,4325401,36120,2490,15.8372,16.7936,-0.0293,-0.0034,-0.003
Herato1807,4350001,4400000,4374470,38529,2852,34.0291,34.8871,-0.0124,-0.0034,-0.0028
Herato1807,4400001,4450000,4424938,37199,2446,25.7626,20.5339,0.1129,0.0267,0.0215
Herato1807,4450001,4500000,4475208,36330,2285,39.7642,37.7389,0.0261,0.011,0.0091
Herato1807,4500001,4550000,4525375,37537,2176,14.5059,15.1558,-0.0219,-0.0039,-0.0035
Herato1807,4550001,4600000,4574867,38847,2652,12.3778,13.5264,-0.0443,-0.0055,-0.005
Herato1807,4600001,4650000,4629062,29575,2215,19.446,21.0475,-0.0395,-0.008,-0.0064
Herato1807,4650001,4700000,4674951,37447,2529,17.1178,17.797,-0.0195,-0.0031,-0.0027
Herato1807,4700001,4750000,4724215,34033,2843,30.4628,33.4116,-0.0462,-0.0164,-0.0127
Herato1807,4750001,4800000,4775107,36182,2885,24.6768,18.0124,0.1561,0.0353,0.0284
Herato1807,4800001,4850000,4825848,36299,2767,38.0458,41.7558,-0.0465,-0.017,-0.0138
Herato1807,4850001,4900000,4874583,37596,2293,13.2474,13.1186,0.0049,0.0005,0.0005
Herato1807,4900001,4950000,4924792,38121,2360,5.087,4.8089,0.0281,0.001,0.0009
Herato1807,4950001,5000000,4974784,37710,2243,7.5833,7.3035,0.0188,0.0013,0.0012
Herato1807,5000001,5050000,5024636,36271,1730,6.5276,8.2495,-0.1165,-0.0065,-0.0059
Herato1807,5050001,5100000,5074359,37704,2634,13.8797,15.8305,-0.0657,-0.0083,-0.0069
Herato1807,5100001,5150000,5124911,38399,2393,11.0737,11.1563,-0.0037,-0.0003,-0.0003
Herato1807,5150001,5200000,5174223,36576,2348,3.4501,4.9317,-0.1768,-0.0049,-0.0046
Herato1807,5200001,5250000,5225133,36148,2175,11.6438,8.2955,0.1679,0.014,0.0131
Herato1807,5250001,5300000,5274360,35012,1766,7.9328,12.1082,-0.2083,-0.0219,-0.0203
Herato1807,5300001,5350000,5325165,38741,2292,28.073,28.5898,-0.0091,-0.0022,-0.0019
Herato1807,5350001,5400000,5374445,38825,1723,18.7085,11.0686,0.2566,0.0449,0.0393
Herato1807,5400001,5450000,5415658,21667,714,14.2494,6.5722,0.3687,0.1781,0.132
