chrom scaffold Cposition position mean p0025 p0500 p0975
Herato12 Herato1201 25001.0 25000.0 0.0326707221444 0.0286921544717 0.0323160969428 0.038509158856
Herato12 Herato1201 75001.0 75000.0 0.0208988277364 0.0194917652203 0.0208829314668 0.0227059111332
Herato12 Herato1201 125001.0 125000.0 0.0294835644648 0.0218203196777 0.0294534903278 0.0389245510038
Herato12 Herato1201 175001.0 175000.0 0.056733017 0.04393226276 0.055558155168 0.07633344004
Herato12 Herato1201 225001.0 225000.0 0.0258358704776 0.0230797452258 0.0258323833972 0.0285811567698
Herato12 Herato1201 275001.0 275000.0 0.029280594298 0.027039318232 0.029279366084 0.031719341016
Herato12 Herato1201 325001.0 325000.0 0.0141176073726 0.011402667936 0.0136644111649 0.0194680203076
Herato12 Herato1201 375001.0 375000.0 0.0185532578651 0.0154571615051 0.0181906298646 0.0229289683492
Herato12 Herato1201 425001.0 425000.0 0.069429607672 0.0531973491341 0.0645170987602 0.094672606076
Herato12 Herato1201 475001.0 475000.0 0.076333020284 0.0669064716478 0.076398191486 0.085602715942
Herato12 Herato1201 525001.0 525000.0 0.031415580234 0.026440501744 0.031128994322 0.039139409838
Herato12 Herato1201 575001.0 575000.0 0.025747783012 0.0234199085253 0.0257151521613 0.0282858683768
Herato12 Herato1201 625001.0 625000.0 0.0204355835124 0.0181364199232 0.0203100843936 0.023646725244
Herato12 Herato1201 650865.0 675000.0 0.052267963831 0.0366334079282 0.0519175421875 0.0688076160301
Herato12 Herato1202 676730.0 25000.0 0.020608876486 0.0186165346829 0.0205794226994 0.02341052796
Herato12 Herato1202 726730.0 75000.0 0.0164147942383 0.0130374473337 0.0160974378624 0.0212059156126
Herato12 Herato1202 776730.0 125000.0 0.0223344677454 0.0199025789888 0.0222636044778 0.0255346114764
Herato12 Herato1202 826730.0 175000.0 0.037005281274 0.02960671102 0.036000262912 0.049413886188
Herato12 Herato1202 876730.0 225000.0 0.0320817496716 0.0293838584896 0.0321241627006 0.0349698274344
Herato12 Herato1202 926730.0 275000.0 0.026953966052 0.0240316668622 0.026864798952 0.03031228168
Herato12 Herato1202 976730.0 325000.0 0.024814227072 0.023189825898 0.024849109934 0.026152505468
Herato12 Herato1202 1026730.0 375000.0 0.033279381302 0.0280736370557 0.033292283236 0.038607343376
Herato12 Herato1202 1076730.0 425000.0 0.030489594184 0.027670202786 0.030526150256 0.0330608903
Herato12 Herato1202 1126730.0 475000.0 0.0270456837 0.0229739866401 0.026636128721 0.033725479912
Herato12 Herato1202 1176730.0 525000.0 0.0351232726 0.03361234586 0.0350624714 0.0371820577
Herato12 Herato1202 1226730.0 575000.0 0.032345672716 0.03020894797 0.032273036632 0.034775666442
Herato12 Herato1202 1276730.0 625000.0 0.070454372388 0.06066955001 0.070958217524 0.07940377307
Herato12 Herato1202 1326730.0 675000.0 0.033694517986 0.026869016166 0.033411403582 0.04369152936
Herato12 Herato1202 1376730.0 725000.0 0.0409315362924 0.0374967613879 0.0408187935498 0.0451086668658
Herato12 Herato1202 1426730.0 775000.0 0.03146569636 0.0291945483 0.0313772946 0.0331916304
Herato12 Herato1202 1476730.0 825000.0 0.040174073472 0.03708752469 0.04009489113 0.043150681742
Herato12 Herato1202 1526730.0 875000.0 0.0213457914084 0.0199103455131 0.0213370839884 0.022439184414
Herato12 Herato1202 1576730.0 925000.0 0.03025380777 0.0281602663326 0.0301369176882 0.032724148242
Herato12 Herato1202 1626730.0 975000.0 0.0446291767352 0.0402021132029 0.0448590526922 0.0488224314032
Herato12 Herato1202 1676730.0 1025000.0 0.033780983336 0.028419615578 0.03356171916 0.03963494371
Herato12 Herato1202 1726730.0 1075000.0 0.0388362152462 0.0332788933333 0.038783985249 0.0439175786828
Herato12 Herato1202 1776730.0 1125000.0 0.045156639452 0.0411520373 0.04522107165 0.049213258162
Herato12 Herato1202 1826730.0 1175000.0 0.036771393724 0.0344944071478 0.036701529584 0.03954134545
Herato12 Herato1202 1876730.0 1225000.0 0.0488475569776 0.0453969801002 0.0486853038048 0.052657182796
Herato12 Herato1202 1926730.0 1275000.0 0.043443028448 0.0429642804668 0.043383912434 0.044064503172
Herato12 Herato1202 1976730.0 1325000.0 0.078560532234 0.0526391009064 0.075057249688 0.120514891926
Herato12 Herato1202 2026730.0 1375000.0 0.041736318076 0.035955991612 0.04180515076 0.047595313568
Herato12 Herato1202 2076730.0 1425000.0 0.031760864524 0.029274824902 0.031876408658 0.03418557521
Herato12 Herato1202 2126730.0 1475000.0 0.036887540012 0.0340423690392 0.036653646396 0.04074582008
Herato12 Herato1202 2176730.0 1525000.0 0.0351816990276 0.0293187070901 0.0343530435382 0.0452352726916
Herato12 Herato1202 2226730.0 1575000.0 0.0208444064348 0.0184283504773 0.0207689814196 0.0238301989608
Herato12 Herato1202 2276730.0 1625000.0 0.024300475134 0.022823900918 0.02435224902 0.025888732666
Herato12 Herato1202 2326730.0 1675000.0 0.0300878810342 0.0278333406995 0.0298804000068 0.0327017260278
Herato12 Herato1202 2376730.0 1725000.0 0.04098054968 0.03997395052 0.04116719292 0.0415677626
Herato12 Herato1202 2426730.0 1775000.0 0.041928416124 0.039680635412 0.04198372574 0.04352178142
Herato12 Herato1202 2476730.0 1825000.0 0.042606154874 0.04021458616 0.042525889278 0.04461999818
Herato12 Herato1202 2526730.0 1875000.0 0.032517789838 0.030619605706 0.032550653786 0.03499819868
Herato12 Herato1202 2576730.0 1925000.0 0.0269632091067 0.0227616576281 0.0272400366001 0.0294151100702
Herato12 Herato1202 2626730.0 1975000.0 0.0533284943664 0.0393969405995 0.0525474344072 0.0740511570682
Herato12 Herato1202 2676730.0 2025000.0 0.04203701798 0.03745661736 0.04223180468 0.04548403652
Herato12 Herato1202 2726730.0 2075000.0 0.036734181896 0.035163389654 0.036822918852 0.0379231627
Herato12 Herato1202 2776730.0 2125000.0 0.03371414262 0.03150411096 0.0335869487 0.03648635092
Herato12 Herato1202 2826730.0 2175000.0 0.027340441376 0.0205632992838 0.029178986282 0.036175793132
Herato12 Herato1202 2876730.0 2225000.0 0.030043044278 0.027533914478 0.02989609304 0.03602357228
Herato12 Herato1202 2926730.0 2275000.0 0.040068665242 0.03658283661 0.040086358396 0.04401804154
Herato12 Herato1202 2976730.0 2325000.0 0.0302245162558 0.0296717412049 0.0300377009741 0.0322563522552
Herato12 Herato1202 3026730.0 2375000.0 0.032014313786 0.028345244626 0.031697485478 0.03676129038
Herato12 Herato1202 3076730.0 2425000.0 0.019181758214 0.017671029648 0.019047555314 0.020816443628
Herato12 Herato1202 3126730.0 2475000.0 0.023516836512 0.021322380672 0.023550737418 0.02548616432
Herato12 Herato1202 3176730.0 2525000.0 0.0343605171702 0.0314295066604 0.034503554523 0.036844853484
Herato12 Herato1202 3226730.0 2575000.0 0.0264679913876 0.0259932918104 0.026421578097 0.0273153097134
Herato12 Herato1202 3276730.0 2625000.0 0.026903220998 0.0248672484828 0.0268505371383 0.028987604685
Herato12 Herato1202 3326730.0 2675000.0 0.041766073998 0.036292801972 0.042151845876 0.047257758584
Herato12 Herato1202 3376730.0 2725000.0 0.057125693162 0.0315557804788 0.05804537948 0.075421751278
Herato12 Herato1202 3426730.0 2775000.0 0.032270346762 0.030117114752 0.032387444668 0.03408098745
Herato12 Herato1202 3476730.0 2825000.0 0.029877920806 0.027237147359 0.02997329424 0.032130449372
Herato12 Herato1202 3526730.0 2875000.0 0.03721567146 0.031847978406 0.0370539767 0.04417054486
Herato12 Herato1202 3576730.0 2925000.0 0.036068296358 0.03341716567 0.036015993612 0.038741027842
Herato12 Herato1202 3626730.0 2975000.0 0.02277925394 0.02156617846 0.022801170148 0.02392153638
Herato12 Herato1202 3676730.0 3025000.0 0.0348545234388 0.0328103316398 0.0347172738854 0.0362792092752
Herato12 Herato1202 3726730.0 3075000.0 0.04352417792 0.04062946322 0.04352326062 0.04766979982
Herato12 Herato1202 3776730.0 3125000.0 0.0283792250928 0.0247359804246 0.0283541864872 0.0321079312556
Herato12 Herato1202 3826730.0 3175000.0 0.0335241933226 0.0285336611347 0.0335412238946 0.0386774606376
Herato12 Herato1202 3876730.0 3225000.0 0.04701038365 0.041356284412 0.04678560357 0.053165355808
Herato12 Herato1202 3926730.0 3275000.0 0.0495584822 0.04159015502 0.04851156388 0.06593529684
Herato12 Herato1202 3976730.0 3325000.0 0.0219095280542 0.019339182593 0.0218641817352 0.024480370917
Herato12 Herato1202 4026730.0 3375000.0 0.027830020756 0.027522656402 0.027800160386 0.02834286213
Herato12 Herato1202 4076730.0 3425000.0 0.03328788582 0.03324656794 0.03327990694 0.0333843395
Herato12 Herato1202 4126730.0 3475000.0 0.0438955725 0.03980714842 0.04337069156 0.04796970608
Herato12 Herato1202 4176730.0 3525000.0 0.023396650096 0.021375289586 0.023540428044 0.02596382874
Herato12 Herato1202 4226730.0 3575000.0 0.0314341948986 0.0298850432388 0.031384460826 0.03267776626
Herato12 Herato1202 4276730.0 3625000.0 0.03532602176 0.03372583488 0.03411192784 0.03801861184
Herato12 Herato1202 4326730.0 3675000.0 0.0443669931 0.034729114302 0.04304471146 0.05596409676
Herato12 Herato1202 4376730.0 3725000.0 0.030458951293 0.0279090412426 0.030666401308 0.03332706467
Herato12 Herato1202 4426730.0 3775000.0 0.026838743294 0.025198695688 0.026719570914 0.0298016848
Herato12 Herato1202 4476730.0 3825000.0 0.0340035510094 0.0279179118122 0.0335989564606 0.0412009613452
Herato12 Herato1202 4526730.0 3875000.0 0.039640706368 0.0333953041916 0.039341001732 0.048942579334
Herato12 Herato1202 4576730.0 3925000.0 0.025372827932 0.0223005364 0.025315765924 0.029484420656
Herato12 Herato1202 4626730.0 3975000.0 0.019956697056 0.0185456264624 0.0198987155348 0.02147497946
Herato12 Herato1202 4676730.0 4025000.0 0.0336099192077 0.0295790675129 0.0336217379461 0.03795168631
Herato12 Herato1202 4726730.0 4075000.0 0.027929723062 0.0273196974516 0.027665816868 0.029295932596
Herato12 Herato1202 4776730.0 4125000.0 0.032998492126 0.03017266022 0.032921907346 0.03659926659
Herato12 Herato1202 4826730.0 4175000.0 0.0231306889472 0.0193534194539 0.0227116028836 0.0299008019276
Herato12 Herato1202 4876730.0 4225000.0 0.0404370228366 0.0305187773208 0.0379328866622 0.062329795283
Herato12 Herato1202 4926730.0 4275000.0 0.043915174351 0.0357685377619 0.043476646969 0.0538879483816
Herato12 Herato1202 4976730.0 4325000.0 0.0265732771312 0.0204509581607 0.0264767605396 0.0329173277208
Herato12 Herato1202 5026730.0 4375000.0 0.033430791938 0.031126102854 0.033241343338 0.036054381858
Herato12 Herato1202 5076730.0 4425000.0 0.0278016597178 0.0246796177283 0.0276767297318 0.0318563824064
Herato12 Herato1202 5126730.0 4475000.0 0.0249484052194 0.0223121692328 0.0247725910293 0.0285166385522
Herato12 Herato1202 5176730.0 4525000.0 0.0230235019888 0.0174347481459 0.0226618579282 0.0303928555514
Herato12 Herato1202 5226730.0 4575000.0 0.042021369278 0.037829304112 0.041378173922 0.046604025118
Herato12 Herato1202 5276730.0 4625000.0 0.0252529274497 0.0226433356487 0.0251090792931 0.0280458737546
Herato12 Herato1202 5326730.0 4675000.0 0.016256785332 0.015090359468 0.016239780292 0.017396014412
Herato12 Herato1202 5376730.0 4725000.0 0.0454179803542 0.0245318217436 0.0420417290938 0.086311799122
Herato12 Herato1202 5426730.0 4775000.0 0.028344850206 0.02650999405 0.02829037444 0.030190718166
Herato12 Herato1202 5476730.0 4825000.0 0.026452584112 0.02404828744 0.026419842474 0.029166560004
Herato12 Herato1202 5526730.0 4875000.0 0.0265275766464 0.0226755409188 0.0263994462558 0.031592704142
Herato12 Herato1202 5576730.0 4925000.0 0.0305684820096 0.0258765274118 0.029643868324 0.0377702475144
Herato12 Herato1202 5626730.0 4975000.0 0.036402648394 0.0318113708212 0.036196756944 0.042242578356
Herato12 Herato1202 5676730.0 5025000.0 0.0316718286436 0.0295539816583 0.0316471566058 0.0330652532708
Herato12 Herato1202 5726730.0 5075000.0 0.0309794595288 0.0268753464334 0.0306238476062 0.036265593372
Herato12 Herato1202 5776730.0 5125000.0 0.0169071368218 0.014857109783 0.0169967747126 0.018412056941
Herato12 Herato1202 5826730.0 5175000.0 0.0292583104846 0.021935374287 0.0284013954404 0.0420627456136
Herato12 Herato1202 5876730.0 5225000.0 0.0313840086256 0.0306339988276 0.0313160910681 0.032773061593
Herato12 Herato1202 5926730.0 5275000.0 0.0122304750866 0.0110509449104 0.0121741899174 0.0135478156006
Herato12 Herato1202 5976730.0 5325000.0 0.020086057222 0.0175509868376 0.020049461106 0.022793183852
Herato12 Herato1202 6026730.0 5375000.0 0.0406833454076 0.0376431654933 0.040424570242 0.04523459082
Herato12 Herato1202 6076730.0 5425000.0 0.032226862848 0.028339225984 0.032192437548 0.036400624766
Herato12 Herato1202 6126730.0 5475000.0 0.027623394506 0.0195412138061 0.0275927035507 0.0379030373552
Herato12 Herato1202 6176730.0 5525000.0 0.032238428385 0.0255914086936 0.031786734201 0.04155162855
Herato12 Herato1202 6226730.0 5575000.0 0.03572373499 0.0339100601432 0.0354705657266 0.0384273473494
Herato12 Herato1202 6276730.0 5625000.0 0.0503683267215 0.0337660156375 0.0485995650188 0.0777676077902
Herato12 Herato1202 6326730.0 5675000.0 0.0185799433495 0.0163279283404 0.0185066044316 0.0213968917594
Herato12 Herato1202 6376730.0 5725000.0 0.019089103356 0.017141961528 0.019075299078 0.021017513294
Herato12 Herato1202 6426730.0 5775000.0 0.0370440609252 0.0344482148902 0.0368487147794 0.03966694815
Herato12 Herato1202 6476730.0 5825000.0 0.030396247124 0.027923855242 0.029810349748 0.035925427948
Herato12 Herato1202 6526730.0 5875000.0 0.04686554118 0.04558209852 0.04667963436 0.04874275178
Herato12 Herato1202 6576730.0 5925000.0 0.029854198944 0.027086074194 0.03030590026 0.03284004574
Herato12 Herato1202 6626730.0 5975000.0 0.0188403648548 0.0162499389586 0.0187301370264 0.022342465656
Herato12 Herato1202 6676730.0 6025000.0 0.015668464656 0.014459757416 0.0157402943586 0.017154285274
Herato12 Herato1202 6726730.0 6075000.0 0.0293802238758 0.02605287083 0.0293273719246 0.033287488642
Herato12 Herato1202 6776730.0 6125000.0 0.0227494807262 0.0208253772106 0.0226384948986 0.02548552894
Herato12 Herato1202 6826730.0 6175000.0 0.0314921578718 0.0269662564224 0.0314856643172 0.0366434260028
Herato12 Herato1202 6876730.0 6225000.0 0.0164682579465 0.014916956782 0.0164598679887 0.0182169840664
Herato12 Herato1202 6926730.0 6275000.0 0.035500917112 0.0214420242211 0.032659468492 0.06865867055
Herato12 Herato1202 6976730.0 6325000.0 0.0420691464 0.037209204798 0.0421978339 0.04472215278
Herato12 Herato1202 7026730.0 6375000.0 0.0239873351331 0.0200300505924 0.023947382422 0.0287560001901
Herato12 Herato1202 7076730.0 6425000.0 0.0127985219165 0.0113314280714 0.0127312803858 0.0144485319882
Herato12 Herato1202 7126730.0 6475000.0 0.0365567684458 0.0144652392744 0.034246403754 0.0740573288742
Herato12 Herato1202 7176730.0 6525000.0 0.029065924549 0.0221724686555 0.0288891322902 0.0361068370288
Herato12 Herato1202 7226730.0 6575000.0 0.0253062836256 0.0225269220989 0.0253239048292 0.0283600162464
Herato12 Herato1202 7276730.0 6625000.0 0.0318999543 0.028055762172 0.03219770877 0.034392546502
Herato12 Herato1202 7326730.0 6675000.0 0.038189743718 0.034656377168 0.03706080521 0.047845553702
Herato12 Herato1202 7376730.0 6725000.0 0.0457315252892 0.0419930215137 0.0456639880712 0.0499882830308
Herato12 Herato1202 7426730.0 6775000.0 0.03966335022 0.0364481250608 0.040288494072 0.04132503648
Herato12 Herato1202 7476730.0 6825000.0 0.03908878848 0.03531520778 0.03894765384 0.04398662548
Herato12 Herato1202 7526730.0 6875000.0 0.034487383806 0.032408515374 0.03436592894 0.037371474754
Herato12 Herato1202 7576730.0 6925000.0 0.0261515913984 0.0224941862437 0.0260335854342 0.0304863880556
Herato12 Herato1202 7626730.0 6975000.0 0.03305659152 0.02897690108 0.03315792176 0.03718496648
Herato12 Herato1202 7676730.0 7025000.0 0.0340341654096 0.0297734847533 0.0340516625194 0.036713631068
Herato12 Herato1202 7726730.0 7075000.0 0.040848691697 0.0324443774387 0.0399993976548 0.0552409303764
Herato12 Herato1202 7776730.0 7125000.0 0.0361013655306 0.0331572008902 0.0358642260492 0.0400576836802
Herato12 Herato1202 7826730.0 7175000.0 0.02503164942 0.022916562486 0.025099984334 0.027377248172
Herato12 Herato1202 7876730.0 7225000.0 0.034702796072 0.03171751901 0.03393128845 0.039698209292
Herato12 Herato1202 7926730.0 7275000.0 0.02757356826 0.02412199184 0.02739749232 0.0312392691
Herato12 Herato1202 7976730.0 7325000.0 0.026562143596 0.0237354251274 0.0263443953138 0.030164993862
Herato12 Herato1202 8026730.0 7375000.0 0.0286438538548 0.0264942020296 0.0286650971282 0.0307947168138
Herato12 Herato1202 8076730.0 7425000.0 0.0261181780004 0.0239371084572 0.0260296687549 0.0289389900632
Herato12 Herato1202 8126730.0 7475000.0 0.029266188822 0.026586616526 0.02933645206 0.031848603108
Herato12 Herato1202 8176730.0 7525000.0 0.0401145749 0.0367947752744 0.040115687564 0.043134166908
Herato12 Herato1202 8226730.0 7575000.0 0.033804608062 0.0307006513704 0.033693066728 0.037031684598
Herato12 Herato1202 8276730.0 7625000.0 0.0230090040342 0.0200158223299 0.0228817783372 0.0265896942487
Herato12 Herato1202 8326730.0 7675000.0 0.0538810317738 0.0325164080179 0.0508931253679 0.0944856833556
Herato12 Herato1202 8376730.0 7725000.0 0.0324940026568 0.0288502287399 0.032376478744 0.0367396367384
Herato12 Herato1202 8426730.0 7775000.0 0.0155035810626 0.014135956643 0.0155164529558 0.0172084770752
Herato12 Herato1202 8476730.0 7825000.0 0.0252703973448 0.0237610871054 0.0252085406816 0.026817969894
Herato12 Herato1202 8526730.0 7875000.0 0.027617671882 0.024976242876 0.027742444138 0.030478910038
Herato12 Herato1202 8576730.0 7925000.0 0.0262232536084 0.0225661016254 0.0261715620232 0.0304799693642
Herato12 Herato1202 8626730.0 7975000.0 0.0365031615833 0.0331929130466 0.0364191083462 0.0402212290648
Herato12 Herato1202 8676730.0 8025000.0 0.031074453074 0.029040763876 0.030958839916 0.033539184764
Herato12 Herato1202 8726730.0 8075000.0 0.0388548388652 0.0309425172515 0.038421578233 0.046738829614
Herato12 Herato1202 8776730.0 8125000.0 0.0298785057473 0.027066732384 0.0298245397327 0.0328402805905
Herato12 Herato1202 8826730.0 8175000.0 0.0359512669272 0.0320946451669 0.0356373971574 0.041271295127
Herato12 Herato1202 8876730.0 8225000.0 0.0229414886028 0.0208702867179 0.0228609421627 0.0252822490014
Herato12 Herato1202 8926730.0 8275000.0 0.0293423671506 0.0235475644634 0.0280075438432 0.040966639198
Herato12 Herato1202 8976730.0 8325000.0 0.028900064946 0.025075596452 0.028539535744 0.036081623638
Herato12 Herato1202 9026730.0 8375000.0 0.0216482092784 0.0202161921724 0.0216895984456 0.023197384558
Herato12 Herato1202 9076730.0 8425000.0 0.03478455569 0.03087325751 0.034528013876 0.039494485742
Herato12 Herato1202 9126730.0 8475000.0 0.061703368508 0.058210306802 0.061182296868 0.06757681635
Herato12 Herato1202 9176730.0 8525000.0 0.020898157553 0.0189593724838 0.0209962086192 0.023239764888
Herato12 Herato1202 9226730.0 8575000.0 0.0360478384646 0.0293923673798 0.0360591879564 0.043849747639
Herato12 Herato1202 9276730.0 8625000.0 0.0282749505684 0.0255936813102 0.0282634759267 0.030694440848
Herato12 Herato1202 9326730.0 8675000.0 0.0233573854587 0.0215590225057 0.023690177138 0.025101357856
Herato12 Herato1202 9376730.0 8725000.0 0.0218372542784 0.0201897086627 0.0217514073193 0.0237493096592
Herato12 Herato1202 9426730.0 8775000.0 0.0403056977416 0.0311542551274 0.0390424012876 0.0569286673376
Herato12 Herato1202 9476730.0 8825000.0 0.021035755184 0.0190410445352 0.0209526909618 0.0232697437184
Herato12 Herato1202 9526730.0 8875000.0 0.038026666294 0.035065114196 0.038037290286 0.041198935888
Herato12 Herato1202 9576730.0 8925000.0 0.0322468656997 0.0288821179302 0.0323443239013 0.0354778582582
Herato12 Herato1202 9626730.0 8975000.0 0.033747137176 0.0300793335273 0.0336292758948 0.038906128886
Herato12 Herato1202 9676730.0 9025000.0 0.026961740642 0.02488344758 0.02675657367 0.029737131556
Herato12 Herato1202 9726730.0 9075000.0 0.032293593092 0.029206725536 0.032200564372 0.036060055386
Herato12 Herato1202 9776730.0 9125000.0 0.036551432172 0.034538560416 0.036353191534 0.03956610147
Herato12 Herato1202 9826730.0 9175000.0 0.03226035151 0.0288574020282 0.032287950183 0.036132621126
Herato12 Herato1202 9876730.0 9225000.0 0.0450583735508 0.0361278482842 0.0479048237792 0.055460141002
Herato12 Herato1202 9926730.0 9275000.0 0.03432622714 0.029411931206 0.03378859436 0.040044178354
Herato12 Herato1202 9976730.0 9325000.0 0.03192474145 0.029385563902 0.031999702972 0.034532314628
Herato12 Herato1202 10026730.0 9375000.0 0.0218029742584 0.0180302345367 0.0214172731418 0.0275551586362
Herato12 Herato1202 10076730.0 9425000.0 0.0364409980578 0.031866289907 0.0364358096842 0.040643463932
Herato12 Herato1202 10126730.0 9475000.0 0.038520818138 0.03463445656 0.03853951765 0.04232321872
Herato12 Herato1202 10176730.0 9525000.0 0.021512131036 0.0193733851623 0.0214651775257 0.0239490716945
Herato12 Herato1202 10226730.0 9575000.0 0.033107494004 0.027569535002 0.03311664157 0.042110521072
Herato12 Herato1202 10276730.0 9625000.0 0.04222357266 0.04077514944 0.04233623366 0.04371482518
Herato12 Herato1202 10326730.0 9675000.0 0.039149408722 0.035287785926 0.039223388286 0.04339841677
Herato12 Herato1202 10376730.0 9725000.0 0.025493898004 0.021050213353 0.025968389434 0.029543139598
Herato12 Herato1202 10426730.0 9775000.0 0.0419514479236 0.03706380819 0.0416724381883 0.0477598447636
Herato12 Herato1202 10476730.0 9825000.0 0.03636949466 0.034304832988 0.036293934536 0.038842131956
Herato12 Herato1202 10526730.0 9875000.0 0.0416277129524 0.0385505950423 0.0411576913076 0.0468458502006
Herato12 Herato1202 10576730.0 9925000.0 0.04041212728 0.03546538016 0.04043655506 0.04385296918
Herato12 Herato1202 10626730.0 9975000.0 0.046090537895 0.0413903871434 0.0458291432602 0.05177321338
Herato12 Herato1202 10676730.0 10025000.0 0.03521995426 0.03349931828 0.03478446472 0.0376044724
Herato12 Herato1202 10726730.0 10075000.0 0.03767766984 0.03478557084 0.0373471227 0.0418304069
Herato12 Herato1202 10776730.0 10125000.0 0.039648351368 0.036504403549 0.039614300856 0.04313725256
Herato12 Herato1202 10826730.0 10175000.0 0.040509780124 0.037295199764 0.040166906876 0.044074471896
Herato12 Herato1202 10876730.0 10225000.0 0.03270938462 0.03092073718 0.03271106212 0.03501401236
Herato12 Herato1202 10926730.0 10275000.0 0.029403793836 0.0273805493882 0.02933785339 0.03170404518
Herato12 Herato1202 10976730.0 10325000.0 0.026441388134 0.0246679667642 0.0263978377546 0.028602143538
Herato12 Herato1202 11026730.0 10375000.0 0.0349398219539 0.027514348496 0.0337553658574 0.0467361164534
Herato12 Herato1202 11076730.0 10425000.0 0.019930430188 0.0178667864 0.019942061704 0.02210410274
Herato12 Herato1202 11126730.0 10475000.0 0.02833704022 0.02641972134 0.02833766426 0.03036805954
Herato12 Herato1202 11176730.0 10525000.0 0.03165693638 0.02756664944 0.03156710876 0.03605627846
Herato12 Herato1202 11226730.0 10575000.0 0.0394188063386 0.0315841002976 0.0391538748284 0.0500324001972
Herato12 Herato1202 11276730.0 10625000.0 0.0373286791924 0.0331972439342 0.0372238697401 0.0419696603464
Herato12 Herato1202 11326730.0 10675000.0 0.0262208935974 0.0161532802926 0.0257632765421 0.0409177407132
Herato12 Herato1202 11376730.0 10725000.0 0.03885821052 0.035433397596 0.038839959094 0.042939825844
Herato12 Herato1202 11426730.0 10775000.0 0.025891160676 0.02412378675 0.025912078168 0.028361568584
Herato12 Herato1202 11476730.0 10825000.0 0.0354753833372 0.0270641305562 0.0348805308582 0.0509340736508
Herato12 Herato1202 11526730.0 10875000.0 0.034369295748 0.031518970202 0.034129762154 0.03802010246
Herato12 Herato1202 11576730.0 10925000.0 0.025698660428 0.025222362322 0.02560714302 0.026772278896
Herato12 Herato1202 11626730.0 10975000.0 0.031230798278 0.0282165197427 0.03112197673 0.03423602324
Herato12 Herato1202 11676730.0 11025000.0 0.030526907318 0.02458674605 0.030382924912 0.038275133936
Herato12 Herato1202 11726730.0 11075000.0 0.040664569528 0.03353342923 0.04089794524 0.04905540338
Herato12 Herato1202 11776730.0 11125000.0 0.021919287048 0.0202334198034 0.021808877736 0.024166771772
Herato12 Herato1202 11826730.0 11175000.0 0.02455988623 0.022811651748 0.024542589394 0.026489170872
Herato12 Herato1202 11876730.0 11225000.0 0.033838981214 0.032659684462 0.033815378332 0.035282984042
Herato12 Herato1202 11926730.0 11275000.0 0.03116738028 0.03037506304 0.03112406152 0.03216560072
Herato12 Herato1202 11976730.0 11325000.0 0.029739760652 0.026765417572 0.029703349598 0.033128580208
Herato12 Herato1202 12026730.0 11375000.0 0.029998795642 0.0285159865863 0.0299028886215 0.0320278400798
Herato12 Herato1202 12076730.0 11425000.0 0.0278873905978 0.0271957134366 0.0277900108738 0.029097336806
Herato12 Herato1202 12126730.0 11475000.0 0.03654613979 0.035264397376 0.036486481998 0.038518427706
Herato12 Herato1202 12176730.0 11525000.0 0.033656509742 0.0315014432523 0.0333888475826 0.0367121756532
Herato12 Herato1202 12226730.0 11575000.0 0.024782623582 0.019702840248 0.02334292982 0.033189256386
Herato12 Herato1202 12276730.0 11625000.0 0.031185574624 0.027509747952 0.031071815218 0.03515970551
Herato12 Herato1202 12326730.0 11675000.0 0.03559164528 0.03322708476 0.0356072934 0.03798883446
Herato12 Herato1202 12376730.0 11725000.0 0.025009629968 0.022946687078 0.02504929103 0.026780725238
Herato12 Herato1202 12426730.0 11775000.0 0.031899371928 0.027842086506 0.031669481182 0.0383166743
Herato12 Herato1202 12476730.0 11825000.0 0.036670987028 0.0326153353184 0.036459129007 0.041593144658
Herato12 Herato1202 12526730.0 11875000.0 0.0384128140454 0.0334392370869 0.0378511837494 0.0469380411288
Herato12 Herato1202 12576730.0 11925000.0 0.0391556763148 0.023061317922 0.0372444448036 0.068505042122
Herato12 Herato1202 12626730.0 11975000.0 0.0551591985734 0.0367497787678 0.052547348189 0.0871912306712
Herato12 Herato1202 12676730.0 12025000.0 0.038295723588 0.03338952731 0.03809727584 0.04462068732
Herato12 Herato1202 12726730.0 12075000.0 0.015652294791 0.0130026363626 0.0153955596066 0.019158259423
Herato12 Herato1202 12776730.0 12125000.0 0.0356529090756 0.0338427829829 0.0352817027636 0.0384425984952
Herato12 Herato1202 12826730.0 12175000.0 0.032671304738 0.029744215392 0.03260634066 0.035558854448
Herato12 Herato1202 12876730.0 12225000.0 0.0325817005748 0.030888473812 0.0324445690156 0.0354550486024
Herato12 Herato1202 12926730.0 12275000.0 0.0438499622688 0.0395089248974 0.043710439399 0.049349220364
Herato12 Herato1202 12976730.0 12325000.0 0.0362777696236 0.0309919343297 0.0360234755727 0.0421859039394
Herato12 Herato1202 13026730.0 12375000.0 0.029318056452 0.0256676593338 0.029340205916 0.033014741678
Herato12 Herato1202 13076730.0 12425000.0 0.02841936096 0.02479767364 0.02778134352 0.03341149088
Herato12 Herato1202 13126730.0 12475000.0 0.02985506822 0.027618821438 0.02977212424 0.03266133434
Herato12 Herato1202 13176730.0 12525000.0 0.035744618642 0.033282369202 0.035740557384 0.038219490714
Herato12 Herato1202 13226730.0 12575000.0 0.036799671644 0.032547610766 0.036629193204 0.041408956808
Herato12 Herato1202 13276730.0 12625000.0 0.0372427186244 0.0324410802568 0.037246947765 0.0442112707248
Herato12 Herato1202 13326730.0 12675000.0 0.04801291674 0.04556309136 0.04810439966 0.0506348633
Herato12 Herato1202 13376730.0 12725000.0 0.027675926622 0.025754222398 0.027502296072 0.029751168216
Herato12 Herato1202 13426730.0 12775000.0 0.035158454252 0.031263286606 0.035170104554 0.039360238362
Herato12 Herato1202 13476730.0 12825000.0 0.024301118476 0.022883469834 0.024273812188 0.026253547
Herato12 Herato1202 13526730.0 12875000.0 0.038091466014 0.0284555485999 0.0373198291012 0.053393373146
Herato12 Herato1202 13576730.0 12925000.0 0.037161452888 0.03438756443 0.037129219914 0.040308092196
Herato12 Herato1202 13626730.0 12975000.0 0.0353622816 0.0347419022 0.03528867592 0.03749177512
Herato12 Herato1202 13676730.0 13025000.0 0.04048334722 0.0376842051912 0.040338709181 0.0439122806616
Herato12 Herato1202 13726730.0 13075000.0 0.028988844598 0.026953587596 0.029049078478 0.030854329818
Herato12 Herato1202 13776730.0 13125000.0 0.0353703756799 0.0266900881654 0.0356585686359 0.0424582374216
Herato12 Herato1202 13826730.0 13175000.0 0.0321441024118 0.0292014074116 0.0319461041555 0.0353664391914
Herato12 Herato1202 13876730.0 13225000.0 0.02527509417 0.019731301264 0.024733083138 0.031208962182
Herato12 Herato1202 13926730.0 13275000.0 0.021457222646 0.019908601791 0.02149778861 0.02294076407
Herato12 Herato1202 13976730.0 13325000.0 0.008985750478 0.0082123913396 0.0089474523468 0.009811203188
Herato12 Herato1202 14026730.0 13375000.0 0.0209732732538 0.0148070571706 0.0199399994251 0.034054080794
Herato12 Herato1202 14076730.0 13425000.0 0.0216478839668 0.0198812202455 0.0216552434441 0.023352569263
Herato12 Herato1202 14126730.0 13475000.0 0.028743083782 0.025057389542 0.028410680582 0.034572970534
Herato12 Herato1202 14176730.0 13525000.0 0.031292690424 0.027985988768 0.031284800642 0.03461977936
Herato12 Herato1202 14226730.0 13575000.0 0.0354712920898 0.0313799945548 0.0353070171814 0.040309067468
Herato12 Herato1202 14276730.0 13625000.0 0.020793678938 0.01866336906 0.02069914282 0.0232215557
Herato12 Herato1202 14326730.0 13675000.0 0.0320144244165 0.0139159278379 0.0272975714646 0.0776149966567
Herato12 Herato1202 14376730.0 13725000.0 0.0447732508882 0.0249652670312 0.0416618723286 0.083988172536
Herato12 Herato1202 14426730.0 13775000.0 0.025235770278 0.023440714118 0.02515823338 0.027065037276
Herato12 Herato1202 14476730.0 13825000.0 0.0363893607 0.0346895307 0.0364143582 0.0379072089
Herato12 Herato1202 14526730.0 13875000.0 0.034878804651 0.0324446545796 0.0350476038189 0.0372727670716
Herato12 Herato1202 14576730.0 13925000.0 0.03604108316 0.03451343288 0.03614208648 0.03723153884
Herato12 Herato1202 14626730.0 13975000.0 0.036935842146 0.034860301682 0.03678664034 0.038965527414
Herato12 Herato1202 14676730.0 14025000.0 0.03192216588 0.02386562277 0.031963425502 0.04128984406
Herato12 Herato1202 14726730.0 14075000.0 0.04031306526 0.037489787074 0.040393747812 0.043650697938
Herato12 Herato1202 14776730.0 14125000.0 0.0298664772934 0.0267408645605 0.0300258349182 0.0328259050378
Herato12 Herato1202 14826730.0 14175000.0 0.0921257455864 0.067621639072 0.087737877786 0.128284615168
Herato12 Herato1202 14876730.0 14225000.0 0.0422312865 0.03895879524 0.042220350284 0.04589703719
Herato12 Herato1202 14926730.0 14275000.0 0.043345574584 0.040307176866 0.04351236456 0.04676682374
Herato12 Herato1202 14976730.0 14325000.0 0.03198208097 0.0308063580218 0.031864031444 0.033212787874
Herato12 Herato1202 15026730.0 14375000.0 0.0226800752222 0.0211857480041 0.0225393769406 0.0243305823512
Herato12 Herato1202 15076730.0 14425000.0 0.034522919636 0.0285438212173 0.0339327285002 0.044527991252
Herato12 Herato1202 15126730.0 14475000.0 0.024021742704 0.021635435886 0.023817862374 0.02687273391
Herato12 Herato1202 15176730.0 14525000.0 0.022844731847 0.0200059006254 0.0228956103725 0.0263198102182
Herato12 Herato1202 15226730.0 14575000.0 0.0417108958618 0.0379339461845 0.041888365544 0.0453291237376
Herato12 Herato1202 15276730.0 14625000.0 0.03662915144 0.03522162628 0.03689325682 0.03780844374
Herato12 Herato1202 15326730.0 14675000.0 0.037320200884 0.036083308178 0.037079475736 0.03956677876
Herato12 Herato1202 15376730.0 14725000.0 0.03650715201 0.033701931882 0.03610619805 0.03949864496
Herato12 Herato1202 15426730.0 14775000.0 0.033167976244 0.0321168099376 0.033000990122 0.034888560894
Herato12 Herato1202 15476730.0 14825000.0 0.04597220234 0.04317682832 0.04580909562 0.04958033432
Herato12 Herato1202 15526730.0 14875000.0 0.031277267428 0.0284475176104 0.0312583967366 0.0346390546338
Herato12 Herato1202 15576730.0 14925000.0 0.032164761794 0.030528341134 0.03215624259 0.034344427806
Herato12 Herato1202 15626730.0 14975000.0 0.049211433058 0.04237246821 0.049178520514 0.057201138812
Herato12 Herato1202 15676730.0 15025000.0 0.030683464456 0.027845645426 0.030734899676 0.03337950304
Herato12 Herato1202 15726730.0 15075000.0 0.039449665144 0.0375697658318 0.0396587520948 0.040334632032
Herato12 Herato1202 15776730.0 15125000.0 0.0324519837726 0.030175193657 0.032414866301 0.034748721617
Herato12 Herato1202 15826730.0 15175000.0 0.03283626609 0.0305521876012 0.032827307704 0.035198131516
Herato12 Herato1202 15876730.0 15225000.0 0.035092712412 0.031732931466 0.033811692852 0.048494395272
Herato12 Herato1202 15926730.0 15275000.0 0.032718699826 0.03104109167 0.032687216492 0.034046225644
Herato12 Herato1202 15976730.0 15325000.0 0.027731330052 0.025529749662 0.027680836598 0.030003788196
Herato12 Herato1202 16026730.0 15375000.0 0.0122396033982 0.0110136645198 0.0119752165986 0.013965995976
Herato12 Herato1202 16076730.0 15425000.0 0.016160627962 0.01454619991 0.015702945404 0.01810920836
Herato12 Herato1202 16126730.0 15475000.0 0.01784047515 0.016669418302 0.017786014826 0.019232395148
Herato12 Herato1202 16176730.0 15525000.0 0.0230020262638 0.0206409737513 0.0227689674868 0.0259227226546
Herato12 Herato1202 16226730.0 15575000.0 0.031059384178 0.02132696658 0.0292739266614 0.052391983784
Herato12 Herato1202 16276730.0 15625000.0 0.03929820662 0.03688163052 0.03916397968 0.04247958606
Herato12 Herato1202 16326730.0 15675000.0 0.102057151824 0.093202746188 0.102135217018 0.111034346814
Herato12 Herato1202 16376730.0 15725000.0 0.07169981414 0.060391509598 0.07174469045 0.08507940936
Herato12 Herato1202 16426730.0 15775000.0 0.09701547844 0.09396098986 0.09711181188 0.10099061296
Herato12 Herato1202 16476730.0 15825000.0 0.076255132364 0.066383170884 0.077093622044 0.086992006624
Herato12 Herato1202 16526730.0 15875000.0 0.062602642635 0.0529544813176 0.0597938153628 0.0742102613982
Herato12 Herato1202 16576730.0 15925000.0 0.0896711159744 0.0811252419781 0.0893560255068 0.0990953304628
Herato12 Herato1202 16626730.0 15975000.0 0.08493540136 0.074365262356 0.085274191584 0.09835732522
Herato12 Herato1202 16676730.0 16025000.0 0.0795750965384 0.0679020626676 0.0787357947054 0.095290658938
Herato12 Herato1202 16726730.0 16075000.0 0.07153703786 0.06190895266 0.07123349008 0.0817965563
Herato12 Herato1202 16776730.0 16125000.0 0.045535147578 0.04098838344 0.045368891688 0.052172628256
Herato12 Herato1202 16826730.0 16175000.0 0.023367929645 0.0198825424897 0.0232358259722 0.0273249922516
Herato12 Herato1202 16876730.0 16225000.0 0.034749606372 0.02757174853 0.033895969922 0.046413024538
Herato12 Herato1202 16926730.0 16275000.0 0.0386139549848 0.0256996960758 0.036981320712 0.0611716320736
Herato12 Herato1202 16976730.0 16325000.0 0.023197071538 0.021671434366 0.023101864688 0.025299709648
Herato12 Herato1202 17026730.0 16375000.0 0.057481505384 0.0522584201128 0.057204531942 0.062650044644
Herato12 Herato1202 17076730.0 16425000.0 0.0599397919794 0.0529721321858 0.0599315009732 0.0678803416428
Herato12 Herato1202 17126730.0 16475000.0 0.052364579042 0.048948933112 0.052392996204 0.055894442124
Herato12 Herato1202 17176730.0 16525000.0 0.051290551216 0.042125182604 0.051123902002 0.061339409832
Herato12 Herato1202 17226730.0 16575000.0 0.0370821792678 0.033889581008 0.037042707703 0.0407527164632
Herato12 Herato1202 17276730.0 16625000.0 0.042174500082 0.0362363703386 0.04250000882 0.048059080594
Herato12 Herato1202 17326730.0 16675000.0 0.046292152598 0.035447056066 0.044705272372 0.06843319474
Herato12 Herato1202 17376730.0 16725000.0 0.0430535433824 0.029022678698 0.042331069148 0.0661400595356
Herato12 Herato1202 17426730.0 16775000.0 0.0801214324793 0.0414390416001 0.0792447961362 0.138596601576
Herato12 Herato1202 17476730.0 16825000.0 0.048881176096 0.0427035303502 0.048912097718 0.05549467481
Herato12 Herato1202 17526730.0 16875000.0 0.0325918377 0.028022339973 0.0333341138584 0.036438278018
Herato12 Herato1202 17576730.0 16925000.0 0.049171494566 0.0397910617601 0.0487580362218 0.05998343024
Herato12 Herato1202 17626730.0 16975000.0 0.045474255874 0.037605389176 0.045561560506 0.055989545802
Herato12 Herato1202 17676730.0 17025000.0 0.04415993592 0.039038881856 0.04384929721 0.051079435528
Herato12 Herato1202 17726730.0 17075000.0 0.0355201494272 0.0305749489771 0.0351952016702 0.0414539592214
Herato12 Herato1202 17776730.0 17125000.0 0.050004686274 0.038954197658 0.04889559327 0.06668871289
Herato12 Herato1202 17826730.0 17175000.0 0.029026554938 0.0249124334499 0.0286978088162 0.0341637016072
Herato12 Herato1202 17876730.0 17225000.0 0.0336124432618 0.0272189952664 0.0333353427636 0.041408120607
Herato12 Herato1202 17926730.0 17275000.0 0.06255404054 0.0575643505202 0.062022206509 0.06853007216
Herato12 Herato1202 17976730.0 17325000.0 0.091061659678 0.0844103469176 0.091286559604 0.09780450506
Herato12 Herato1202 18026730.0 17375000.0 0.0920380234 0.086615941734 0.09257219096 0.09751818528
Herato12 Herato1202 18076730.0 17425000.0 0.082432534938 0.075364254202 0.082584394702 0.09023112137
Herato12 Herato1202 18126730.0 17475000.0 0.0830128826852 0.0778663843965 0.0832133654368 0.0872320778204
Herato12 Herato1202 18176730.0 17525000.0 0.0713949233598 0.0677682172841 0.0714323621132 0.0760279096028
Herato12 Herato1202 18226730.0 17575000.0 0.06723309568 0.06353612226 0.0670575177 0.07194004364
Herato12 Herato1202 18276730.0 17625000.0 0.080699866368 0.0744573528 0.080496777544 0.092203569406
Herato12 Herato1202 18326730.0 17675000.0 0.071541475346 0.0646625783344 0.071045863792 0.079830410568
Herato12 Herato1202 18376730.0 17725000.0 0.0410917473618 0.0373470782542 0.041161619445 0.0449880840696
Herato12 Herato1202 18426730.0 17775000.0 0.08398660152 0.0805868832 0.08383829424 0.08790288192
Herato12 Herato1202 18476730.0 17825000.0 0.0831576421984 0.0778560670245 0.0826833203616 0.0932934705072
Herato12 Herato1202 18526730.0 17875000.0 0.072182309268 0.064314439064 0.071940070306 0.08188233014
Herato12 Herato1202 18576730.0 17925000.0 0.05494806598 0.0474328109367 0.0553030494592 0.0623880798424
Herato12 Herato1202 18626730.0 17975000.0 0.042613815648 0.03475364013 0.042213790546 0.052210573034
Herato12 Herato1202 18676730.0 18025000.0 0.0676411131202 0.0567469218808 0.0683046526122 0.08174760899
Herato12 Herato1202 18726730.0 18075000.0 0.079526117416 0.073593922916 0.079704018294 0.08787763951
Herato12 Herato1202 18776730.0 18125000.0 0.0510861212 0.0458406615064 0.05127595511 0.057212263218
Herato12 Herato1202 18826730.0 18175000.0 0.07824152148 0.0736809902 0.07779518504 0.08399088706
Herato12 Herato1202 18876730.0 18225000.0 0.06921766359 0.0601010332036 0.069091387332 0.079793260496
Herato12 Herato1202 18926730.0 18275000.0 0.06539240128 0.05970945864 0.06460923274 0.07671518404
Herato12 Herato1202 18976730.0 18325000.0 0.068404488949 0.0663964863103 0.0676644761026 0.0728119620452
Herato12 Herato1202 19026730.0 18375000.0 0.0729371192 0.0710232399 0.07264903988 0.07537561316
Herato12 Herato1202 19076730.0 18425000.0 0.0682693343952 0.0553670495872 0.0682450172978 0.0792507003956
Herato12 Herato1202 19126730.0 18475000.0 0.0658899388344 0.0545487924167 0.0629532895712 0.093610035266
Herato12 Herato1202 19176730.0 18525000.0 0.03865891129 0.03491682058 0.03843146289 0.042220612186
Herato12 Herato1202 19226730.0 18575000.0 0.031545280447 0.026918445019 0.0313027242418 0.037343857176
Herato12 Herato1202 19276730.0 18625000.0 0.053155528028 0.04239558544 0.051383792906 0.06878922988
Herato12 Herato1202 19326730.0 18675000.0 0.03981503539 0.0362152946712 0.0396804388574 0.043631434442
Herato12 Herato1202 19376730.0 18725000.0 0.045458781406 0.038402505571 0.04511887554 0.05577628692
Herato12 Herato1202 19426730.0 18775000.0 0.073842143246 0.0642020256152 0.073393602472 0.086562141782
Herato12 Herato1202 19476730.0 18825000.0 0.055799741462 0.052406823412 0.055822368842 0.059535511456
Herato12 Herato1202 19526730.0 18875000.0 0.038242609494 0.036032545148 0.038209043561 0.04059361102
Herato12 Herato1202 19576730.0 18925000.0 0.0519952303 0.04586731722 0.05186464226 0.0593889323
Herato12 Herato1202 19626730.0 18975000.0 0.028582281086 0.026400151834 0.028478600826 0.031294662856
Herato12 Herato1202 19676730.0 19025000.0 0.04778029052 0.04457941268 0.0476897678 0.05031359578
Herato12 Herato1202 19726730.0 19075000.0 0.04688666298 0.04146779074 0.04684808238 0.05149602132
Herato12 Herato1202 19776730.0 19125000.0 0.034011727966 0.030294330948 0.033836050638 0.03837845742
Herato12 Herato1202 19826730.0 19175000.0 0.067256318354 0.063677389706 0.06690221701 0.07030142636
Herato12 Herato1202 19876730.0 19225000.0 0.053389076606 0.049308821018 0.05320715937 0.058389196598
Herato12 Herato1202 19926730.0 19275000.0 0.047419559126 0.04354010127 0.047208571622 0.051822150678
Herato12 Herato1202 19976730.0 19325000.0 0.04631996442 0.04404121576 0.0463467399 0.04903787686
Herato12 Herato1202 20026730.0 19375000.0 0.038447490354 0.03528160292 0.038378315384 0.042114488094
Herato12 Herato1202 20076730.0 19425000.0 0.0345744371 0.03220812976 0.03440581348 0.03740282268
Herato12 Herato1202 20126730.0 19475000.0 0.055123173672 0.052362648772 0.055035091978 0.058044954172
Herato12 Herato1202 20176730.0 19525000.0 0.0778246816756 0.0494670511088 0.0721189079192 0.144298394014
Herato12 Herato1202 20226730.0 19575000.0 0.036577212702 0.0336191017506 0.0365586259832 0.03994176681
Herato12 Herato1202 20276730.0 19625000.0 0.0639260526486 0.0459140204097 0.061991269052 0.099220745204
Herato12 Herato1202 20326730.0 19675000.0 0.0170016048776 0.0146848202371 0.0169789566854 0.019831790331
Herato12 Herato1202 20376730.0 19725000.0 0.0147204511178 0.0109623179054 0.0145761081791 0.0196508336406
Herato12 Herato1202 20426730.0 19775000.0 0.0209181285664 0.0179530559195 0.0208501364002 0.024670373253
Herato12 Herato1202 20476730.0 19825000.0 0.0134788750369 0.0109730049717 0.0133695317288 0.0168491844022
Herato12 Herato1202 20526730.0 19875000.0 0.0462484590952 0.0354924476707 0.0456503450936 0.061598595294
Herato12 Herato1202 20576730.0 19925000.0 0.0544296988232 0.0443678659104 0.0543704754164 0.06512130097
Herato12 Herato1202 20626730.0 19975000.0 0.0331389647974 0.0237331947066 0.0326990076272 0.0468245710626
Herato12 Herato1202 20676730.0 20025000.0 0.0396808020964 0.0330180926732 0.039981811753 0.047125401046
Herato12 Herato1202 20726730.0 20075000.0 0.0159621707694 0.013872198135 0.0159349712984 0.0183391771148
Herato12 Herato1202 20776730.0 20125000.0 0.04235656421 0.037234072572 0.042153679012 0.048368355814
Herato12 Herato1202 20826730.0 20175000.0 0.036325488508 0.020332866544 0.03551311428 0.057043271998
Herato12 Herato1202 20876730.0 20225000.0 0.0720906165892 0.0536980892728 0.0701480601796 0.103371893484
Herato12 Herato1202 20926730.0 20275000.0 0.0585150953754 0.0527627398008 0.0585458670308 0.064611902678
Herato12 Herato1202 20976730.0 20325000.0 0.0212686427582 0.018697861255 0.0212085762236 0.024049324166
Herato12 Herato1202 21026730.0 20375000.0 0.025706363108 0.02305588526 0.025679049722 0.028636980126
Herato12 Herato1202 21076730.0 20425000.0 0.0412496277626 0.0364621166903 0.0410286708254 0.0470517770376
Herato12 Herato1202 21126730.0 20475000.0 0.06601742851 0.0415899779204 0.063995844222 0.10499385967
Herato12 Herato1202 21176730.0 20525000.0 0.0297984017952 0.0273897888192 0.0296956374982 0.0322822194948
Herato12 Herato1202 21226730.0 20575000.0 0.044487594348 0.042605811936 0.044391325508 0.047725459368
