chrom scaffold Cposition position mean p0025 p0500 p0975
Herato07 Herato0701 25001.0 25000.0 0.093806069798 0.073204476794 0.09066308687 0.122070341648
Herato07 Herato0701 75001.0 75000.0 0.084581519572 0.065083559704 0.083644226586 0.1096603145
Herato07 Herato0701 125001.0 125000.0 0.044666503212 0.0314618889351 0.0442395134484 0.0628483957876
Herato07 Herato0701 175001.0 175000.0 0.027544802922 0.024611976636 0.027527236682 0.030601940008
Herato07 Herato0701 225001.0 225000.0 0.0628529262152 0.0387474615441 0.0590845912928 0.108519639237
Herato07 Herato0701 275001.0 275000.0 0.07524097308 0.0663640545382 0.0740937529716 0.086254138376
Herato07 Herato0701 325001.0 325000.0 0.06191074368 0.05618489198 0.06179278676 0.06855505082
Herato07 Herato0701 375001.0 375000.0 0.0493685207494 0.0454534714403 0.0491818550684 0.0539269609606
Herato07 Herato0701 425001.0 425000.0 0.034859743854 0.0318250621881 0.0347126051642 0.038371948902
Herato07 Herato0701 475001.0 475000.0 0.044006114828 0.039230377114 0.043723675114 0.049969829026
Herato07 Herato0701 525001.0 525000.0 0.0387879511668 0.030825892272 0.0381961423594 0.0492330664068
Herato07 Herato0701 575001.0 575000.0 0.05926102308 0.055788347708 0.059145502558 0.06376995266
Herato07 Herato0701 625001.0 625000.0 0.068942673086 0.0618494940904 0.0689946163236 0.076346639474
Herato07 Herato0701 675001.0 675000.0 0.111981098841 0.101182057325 0.112149767736 0.122242064004
Herato07 Herato0701 725001.0 725000.0 0.063695171242 0.048169827114 0.062777414392 0.08807160957
Herato07 Herato0701 775001.0 775000.0 0.0461866671068 0.0428974753138 0.0462103177674 0.0500363601342
Herato07 Herato0701 825001.0 825000.0 0.04089886548 0.036968799694 0.040684336016 0.045568108358
Herato07 Herato0701 875001.0 875000.0 0.0425072930192 0.0315130344007 0.0393498049748 0.0703896543
Herato07 Herato0701 925001.0 925000.0 0.041952829596 0.038264742212 0.04226147929 0.045167830596
Herato07 Herato0701 975001.0 975000.0 0.0496529913226 0.0465049126309 0.0495443015966 0.0531073095436
Herato07 Herato0701 1025001.0 1025000.0 0.06196293652 0.05786246924 0.06184753214 0.06692096496
Herato07 Herato0701 1075001.0 1075000.0 0.074681104564 0.0578908247691 0.075826871905 0.08390007226
Herato07 Herato0701 1125001.0 1125000.0 0.048480654066 0.0436985166364 0.0487775553106 0.051971643006
Herato07 Herato0701 1175001.0 1175000.0 0.065229148002 0.0462446901593 0.063166544018 0.096613491828
Herato07 Herato0701 1225001.0 1225000.0 0.0408111435942 0.0295065649142 0.0399819824684 0.0559002232682
Herato07 Herato0701 1275001.0 1275000.0 0.0476565132634 0.042742442724 0.047544687283 0.0527145298694
Herato07 Herato0701 1325001.0 1325000.0 0.053742099144 0.0469972737933 0.0531245723746 0.063502750512
Herato07 Herato0701 1375001.0 1375000.0 0.12972061582 0.12170860608 0.12989524502 0.1388007085
Herato07 Herato0701 1425001.0 1425000.0 0.090153806024 0.076786055742 0.089200929034 0.109640653976
Herato07 Herato0701 1475001.0 1475000.0 0.069064723552 0.0627467105357 0.0688801502348 0.07624104389
Herato07 Herato0701 1525001.0 1525000.0 0.11546485594 0.10328179048 0.1147664081 0.13038692234
Herato07 Herato0701 1575001.0 1575000.0 0.0655753304826 0.0577723912599 0.0656272451521 0.0733423179496
Herato07 Herato0701 1625001.0 1625000.0 0.04646834296 0.04442608426 0.04640928342 0.04866508182
Herato07 Herato0701 1675001.0 1675000.0 0.063990649898 0.0566480281147 0.0639035561866 0.072144359578
Herato07 Herato0701 1725001.0 1725000.0 0.0607971768502 0.0550080574973 0.0610246119472 0.0674921773826
Herato07 Herato0701 1775001.0 1775000.0 0.0854144686 0.0786438528 0.08592743926 0.09262392456
Herato07 Herato0701 1825001.0 1825000.0 0.06774514351 0.059755591188 0.067622437382 0.077324065712
Herato07 Herato0701 1875001.0 1875000.0 0.104679727546 0.0913898830629 0.104650731649 0.119108553446
Herato07 Herato0701 1925001.0 1925000.0 0.115118457137 0.106042989059 0.113665242035 0.126413649729
Herato07 Herato0701 1975001.0 1975000.0 0.10895903796 0.1017459251 0.10831178608 0.11827182774
Herato07 Herato0701 2025001.0 2025000.0 0.109934539824 0.102206894812 0.110098877166 0.118922875298
Herato07 Herato0701 2075001.0 2075000.0 0.0856472838164 0.070974116891 0.084843293409 0.107402882492
Herato07 Herato0701 2125001.0 2125000.0 0.086953511714 0.0765061502892 0.086662694468 0.099213670244
Herato07 Herato0701 2175001.0 2175000.0 0.101888551126 0.0909043176406 0.101484998347 0.114383522639
Herato07 Herato0701 2225001.0 2225000.0 0.128152450468 0.110785975594 0.126767698546 0.15147410096
Herato07 Herato0701 2275001.0 2275000.0 0.1094322126 0.093769444324 0.109053135888 0.12810479066
Herato07 Herato0701 2325001.0 2325000.0 0.1072652963 0.0879428653 0.11118235868 0.12660773918
Herato07 Herato0701 2375001.0 2375000.0 0.11592749624 0.10531359802 0.11588481888 0.12813001422
Herato07 Herato0701 2425001.0 2425000.0 0.10050926642 0.0892669094319 0.0978312881 0.11683653428
Herato07 Herato0701 2475001.0 2475000.0 0.0897479615708 0.0788855719287 0.088519945344 0.106366296122
Herato07 Herato0701 2525001.0 2525000.0 0.11288994952 0.10421721122 0.11239277698 0.12650829264
Herato07 Herato0701 2575001.0 2575000.0 0.121029527036 0.113584574509 0.120541728137 0.130530460762
Herato07 Herato0701 2625001.0 2625000.0 0.08580935166 0.07728427292 0.08539349966 0.09589603934
Herato07 Herato0701 2675001.0 2675000.0 0.09125329947 0.081942315082 0.0908052875 0.099592345694
Herato07 Herato0701 2725001.0 2725000.0 0.0673817780332 0.0571674571677 0.0667039935627 0.0832326683406
Herato07 Herato0701 2775001.0 2775000.0 0.183469186964 0.130088297171 0.176786600946 0.278217332574
Herato07 Herato0701 2825001.0 2825000.0 0.142260210884 0.112375839455 0.139889108332 0.180867324548
Herato07 Herato0701 2875001.0 2875000.0 0.083399542016 0.0752142376456 0.083251166702 0.092690007544
Herato07 Herato0701 2925001.0 2925000.0 0.11793068771 0.109483264272 0.11768915779 0.126845039216
Herato07 Herato0701 2975001.0 2975000.0 0.104629303028 0.093851929298 0.104009769862 0.11694548359
Herato07 Herato0701 3025001.0 3025000.0 0.071349145504 0.0665437749349 0.071666771578 0.075786956652
Herato07 Herato0701 3075001.0 3075000.0 0.07538351638 0.0671785676401 0.075329691792 0.084505889944
Herato07 Herato0701 3125001.0 3125000.0 0.0969010173507 0.0875165494995 0.0967769781606 0.107207093936
Herato07 Herato0701 3175001.0 3175000.0 0.099874586404 0.092620195624 0.099746202138 0.108018502946
Herato07 Herato0701 3225001.0 3225000.0 0.111640213573 0.0995626031123 0.111181165877 0.126289744011
Herato07 Herato0701 3275001.0 3275000.0 0.108150633642 0.0975763656198 0.108023952908 0.12011372306
Herato07 Herato0701 3325001.0 3325000.0 0.10328610528 0.094311189898 0.10316091702 0.11278070586
Herato07 Herato0701 3375001.0 3375000.0 0.13494917306 0.126367072682 0.135131214066 0.144100093404
Herato07 Herato0701 3425001.0 3425000.0 0.09281308038 0.085289284356 0.09279890702 0.10089160206
Herato07 Herato0701 3475001.0 3475000.0 0.131047030944 0.124181482394 0.131123424686 0.136965794824
Herato07 Herato0701 3525001.0 3525000.0 0.127536879564 0.120112224134 0.127448327572 0.137602197588
Herato07 Herato0701 3575001.0 3575000.0 0.124309339606 0.113950971682 0.123438994226 0.137697910418
Herato07 Herato0701 3625001.0 3625000.0 0.083352594655 0.073111366661 0.0837854899128 0.093415301013
Herato07 Herato0701 3675001.0 3675000.0 0.08398271994 0.0801582673 0.08365870096 0.08839265112
Herato07 Herato0701 3725001.0 3725000.0 0.105792449 0.095559015418 0.10531606721 0.11719647422
Herato07 Herato0701 3775001.0 3775000.0 0.077005214746 0.0709891441834 0.07711421327 0.084237018816
Herato07 Herato0701 3825001.0 3825000.0 0.0768252023624 0.0661368218921 0.0769936619312 0.089422367392
Herato07 Herato0701 3875001.0 3875000.0 0.0585004963302 0.0550320647291 0.0583962507684 0.062886396873
Herato07 Herato0701 3925001.0 3925000.0 0.077910880772 0.07083825545 0.077435000514 0.086102843488
Herato07 Herato0701 3975001.0 3975000.0 0.076592515236 0.0650326009699 0.074977117667 0.095795124196
Herato07 Herato0701 4025001.0 4025000.0 0.103030146133 0.0935952451526 0.102895400142 0.116093981049
Herato07 Herato0701 4075001.0 4075000.0 0.0649918369604 0.0557346521248 0.0651633783002 0.0751012808058
Herato07 Herato0701 4125001.0 4125000.0 0.077411147784 0.0697375519629 0.0773118340972 0.0856693720676
Herato07 Herato0701 4175001.0 4175000.0 0.0808402892 0.07266454647 0.080155278364 0.091149922788
Herato07 Herato0701 4225001.0 4225000.0 0.0397180503768 0.0347191091483 0.0396224680244 0.04516379104
Herato07 Herato0701 4275001.0 4275000.0 0.05609483839 0.0491004168704 0.0548910747594 0.065960554396
Herato07 Herato0701 4325001.0 4325000.0 0.065372356012 0.0563961840874 0.065728215906 0.073425523648
Herato07 Herato0701 4375001.0 4375000.0 0.0482485720884 0.0429596045862 0.0482049457856 0.054053379542
Herato07 Herato0701 4425001.0 4425000.0 0.0535088064739 0.0480245030355 0.0534762385361 0.0600053106472
Herato07 Herato0701 4475001.0 4475000.0 0.0558431478716 0.0480514715771 0.0556417490314 0.065103959064
Herato07 Herato0701 4525001.0 4525000.0 0.083100155704 0.07519483062 0.082616463874 0.091253203814
Herato07 Herato0701 4575001.0 4575000.0 0.08445967754 0.07675483618 0.08443395344 0.0932600603
Herato07 Herato0701 4625001.0 4625000.0 0.087438478954 0.0734469504265 0.08759900415 0.102312529702
Herato07 Herato0701 4675001.0 4675000.0 0.1049389617 0.093595302874 0.10528515228 0.11402325866
Herato07 Herato0701 4725001.0 4725000.0 0.067972070148 0.06028814638 0.068148147436 0.076427281236
Herato07 Herato0701 4775001.0 4775000.0 0.046666619698 0.0398521844546 0.045979920484 0.056087245784
Herato07 Herato0701 4825001.0 4825000.0 0.052109176796 0.0467455835877 0.0519120530754 0.0581265985332
Herato07 Herato0701 4875001.0 4875000.0 0.0579592633216 0.0515805398348 0.057676099214 0.0653802815844
Herato07 Herato0701 4925001.0 4925000.0 0.080540786156 0.075404120092 0.080610523618 0.087341689122
Herato07 Herato0701 4975001.0 4975000.0 0.059152802454 0.048778645708 0.058590890278 0.073991815626
Herato07 Herato0701 5025001.0 5025000.0 0.060731414328 0.0440903197384 0.0600764516254 0.08503524102
Herato07 Herato0701 5075001.0 5075000.0 0.0801051808628 0.0699239859228 0.0796494876736 0.09125023489
Herato07 Herato0701 5125001.0 5125000.0 0.068479739296 0.0584068700531 0.0679704462286 0.08078468282
Herato07 Herato0701 5175001.0 5175000.0 0.054722915776 0.0459418322004 0.054356621412 0.06587213402
Herato07 Herato0701 5225001.0 5225000.0 0.0667674496 0.06202009972 0.06672468566 0.07149462742
Herato07 Herato0701 5275001.0 5275000.0 0.10354848794 0.097201114378 0.10337036804 0.1103500323
Herato07 Herato0701 5325001.0 5325000.0 0.079298723998 0.0672661376694 0.078623472632 0.097483331738
Herato07 Herato0701 5375001.0 5375000.0 0.0438630917204 0.0416351667164 0.0437499962646 0.0469798219352
Herato07 Herato0701 5425001.0 5425000.0 0.048848334274 0.043484060238 0.048673888582 0.05442175532
Herato07 Herato0701 5475001.0 5475000.0 0.0437372611676 0.0395669152727 0.0437332799924 0.048463058087
Herato07 Herato0701 5525001.0 5525000.0 0.04112491606 0.033682985352 0.04124606516 0.046205649326
Herato07 Herato0701 5575001.0 5575000.0 0.029698039985 0.0265734987069 0.0296027399542 0.033325203562
Herato07 Herato0701 5625001.0 5625000.0 0.055870266946 0.0501420797669 0.055975099248 0.06273291276
Herato07 Herato0701 5675001.0 5675000.0 0.0381159321124 0.0329319948089 0.0378555540346 0.0445421063324
Herato07 Herato0701 5725001.0 5725000.0 0.071254480494 0.0630155185706 0.070708652548 0.082764467484
Herato07 Herato0701 5775001.0 5775000.0 0.096691541732 0.0916814424068 0.095825207892 0.104705636822
Herato07 Herato0701 5825001.0 5825000.0 0.060074424586 0.0556078617239 0.0602053733192 0.065217291794
Herato07 Herato0701 5875001.0 5875000.0 0.091287436976 0.0828427806722 0.0910163446818 0.10182515168
Herato07 Herato0701 5925001.0 5925000.0 0.114449978262 0.110096413528 0.11434600853 0.12043115178
Herato07 Herato0701 5975001.0 5975000.0 0.0814516386976 0.0746574324141 0.0814168431458 0.0896432810152
Herato07 Herato0701 6025001.0 6025000.0 0.109564927939 0.102506624242 0.109192310672 0.117546430628
Herato07 Herato0701 6075001.0 6075000.0 0.0961696614 0.08361163491 0.0959181546912 0.1061877981
Herato07 Herato0701 6125001.0 6125000.0 0.0788932717675 0.0721484357522 0.0788419278887 0.086565399973
Herato07 Herato0701 6175001.0 6175000.0 0.088608899744 0.080519730322 0.088748843782 0.097856760818
Herato07 Herato0701 6225001.0 6225000.0 0.0992378932764 0.086197746727 0.0987391881472 0.119063215693
Herato07 Herato0701 6275001.0 6275000.0 0.09824032554 0.09109324306 0.0984696314 0.10485563068
Herato07 Herato0701 6325001.0 6325000.0 0.079532669552 0.07536968402 0.079907225418 0.082960637516
Herato07 Herato0701 6375001.0 6375000.0 0.074533469452 0.069479691892 0.074242212362 0.080791810262
Herato07 Herato0701 6425001.0 6425000.0 0.09997295124 0.0903343427 0.09933824202 0.11227432366
Herato07 Herato0701 6475001.0 6475000.0 0.0935526926192 0.083060183858 0.0931986908693 0.105837528674
Herato07 Herato0701 6525001.0 6525000.0 0.0676686554752 0.0595094395072 0.0673691946508 0.0766916913592
Herato07 Herato0701 6575001.0 6575000.0 0.0884006489916 0.075882821024 0.0834864257556 0.105908183599
Herato07 Herato0701 6625001.0 6625000.0 0.0835861821 0.074647952924 0.08392149482 0.0952414353
Herato07 Herato0701 6675001.0 6675000.0 0.0682027910532 0.0566311675964 0.0673860002316 0.0845115908536
Herato07 Herato0701 6725001.0 6725000.0 0.13347693418 0.12426955754 0.13371813242 0.14341789782
Herato07 Herato0701 6775001.0 6775000.0 0.161274313756 0.151170824524 0.16191520709 0.1683059596
Herato07 Herato0701 6825001.0 6825000.0 0.10653878014 0.09473012312 0.10580909236 0.1201323337
Herato07 Herato0701 6875001.0 6875000.0 0.11930723646 0.109061588226 0.119136404164 0.130617606208
Herato07 Herato0701 6925001.0 6925000.0 0.072980515144 0.06375690502 0.074350372792 0.08077010054
Herato07 Herato0701 6975001.0 6975000.0 0.08692537282 0.0832379428 0.0864946926 0.09394534662
Herato07 Herato0701 7025001.0 7025000.0 0.1087742093 0.10059229748 0.1082388677 0.1193718931
Herato07 Herato0701 7075001.0 7075000.0 0.07623856985 0.068668265782 0.075899736916 0.08389818967
Herato07 Herato0701 7125001.0 7125000.0 0.061598758478 0.055245841914 0.0616553212 0.067639582836
Herato07 Herato0701 7175001.0 7175000.0 0.109172047058 0.0959564525042 0.108655435177 0.121499826784
Herato07 Herato0701 7225001.0 7225000.0 0.144323921667 0.128948918556 0.144916900547 0.161485645241
Herato07 Herato0701 7275001.0 7275000.0 0.18155480258 0.1658881034 0.18180879516 0.19581822516
Herato07 Herato0701 7325001.0 7325000.0 0.10716540622 0.09539832986 0.10697764234 0.12111614966
Herato07 Herato0701 7375001.0 7375000.0 0.0861330768712 0.0678758911686 0.0846523063566 0.113524374184
Herato07 Herato0701 7425001.0 7425000.0 0.121700845298 0.101356930626 0.121474208904 0.142270297616
Herato07 Herato0701 7475001.0 7475000.0 0.101273815104 0.090012163358 0.101063115632 0.11433271444
Herato07 Herato0701 7525001.0 7525000.0 0.099663313528 0.091437899128 0.09957710535 0.107826689504
Herato07 Herato0701 7575001.0 7575000.0 0.07398171371 0.067960803038 0.07391605131 0.08013425722
Herato07 Herato0701 7625001.0 7625000.0 0.10351099972 0.09481858626 0.1034560273 0.11419905018
Herato07 Herato0701 7675001.0 7675000.0 0.0743707122522 0.0637385318247 0.0735588157564 0.0870728813338
Herato07 Herato0701 7725001.0 7725000.0 0.0852344599795 0.07925176591 0.085022122481 0.0914945662608
Herato07 Herato0701 7775001.0 7775000.0 0.13129251108 0.116413326001 0.130656609674 0.15033193596
Herato07 Herato0701 7825001.0 7825000.0 0.108726138932 0.088414333922 0.108407975464 0.13478868874
Herato07 Herato0701 7875001.0 7875000.0 0.102672035736 0.0946438717007 0.102494594353 0.1125819203
Herato07 Herato0701 7925001.0 7925000.0 0.104806598414 0.09653204578 0.104621878494 0.11281381508
Herato07 Herato0701 7975001.0 7975000.0 0.0802147826096 0.0735913017885 0.0803258761288 0.0863066028216
Herato07 Herato0701 8025001.0 8025000.0 0.0765197663888 0.0707736128393 0.0765497399716 0.08256700666
Herato07 Herato0701 8075001.0 8075000.0 0.119084574704 0.107314731419 0.118638304822 0.134822927574
Herato07 Herato0701 8125001.0 8125000.0 0.172574704977 0.160924030687 0.172325264011 0.185643710924
Herato07 Herato0701 8175001.0 8175000.0 0.0891016618848 0.0788630518573 0.0887074081274 0.101261950524
Herato07 Herato0701 8225001.0 8225000.0 0.0830487323094 0.0719482424876 0.0824104429402 0.096923168426
Herato07 Herato0701 8275001.0 8275000.0 0.115758336964 0.103602845341 0.115574897042 0.128877612647
Herato07 Herato0701 8325001.0 8325000.0 0.07088612604 0.06488284879 0.070980202434 0.07640939694
Herato07 Herato0701 8375001.0 8375000.0 0.116567862617 0.109936255494 0.11630167822 0.122860257901
Herato07 Herato0701 8425001.0 8425000.0 0.10627370582 0.086916150416 0.104989818636 0.132494127102
Herato07 Herato0701 8475001.0 8475000.0 0.06852610256 0.0666450954 0.06845674894 0.071555484
Herato07 Herato0701 8525001.0 8525000.0 0.09903434786 0.09268869653 0.09871487396 0.10615670324
Herato07 Herato0701 8575001.0 8575000.0 0.114036280928 0.090906352977 0.113000326774 0.142365361302
Herato07 Herato0701 8625001.0 8625000.0 0.084962331748 0.0749267771538 0.084317759694 0.099125087512
Herato07 Herato0701 8675001.0 8675000.0 0.111028238828 0.106705017006 0.110944049878 0.115837838664
Herato07 Herato0701 8725001.0 8725000.0 0.1223266984 0.10450348156 0.12187407696 0.14419234212
Herato07 Herato0701 8775001.0 8775000.0 0.14449496406 0.12682912778 0.14265191302 0.16373579368
Herato07 Herato0701 8825001.0 8825000.0 0.096125520771 0.0841773160581 0.0949745777364 0.112922705765
Herato07 Herato0701 8875001.0 8875000.0 0.096085107336 0.086337373184 0.095889536216 0.106824717628
Herato07 Herato0701 8925001.0 8925000.0 0.115650329913 0.0989482711856 0.115033000723 0.137469981056
Herato07 Herato0701 8975001.0 8975000.0 0.1559625424 0.1501876984 0.156051434 0.1623773372
Herato07 Herato0701 9025001.0 9025000.0 0.09539667492 0.08879738664 0.09497854086 0.10474773502
Herato07 Herato0701 9075001.0 9075000.0 0.054168524146 0.050067672712 0.05390672764 0.06011295044
Herato07 Herato0701 9125001.0 9125000.0 0.066028321039 0.0607752304286 0.0663118979434 0.070289768668
Herato07 Herato0701 9175001.0 9175000.0 0.14768596088 0.129924232148 0.146388195173 0.168512961968
Herato07 Herato0701 9225001.0 9225000.0 0.099243553976 0.0901462981094 0.099255342128 0.109937441648
Herato07 Herato0701 9275001.0 9275000.0 0.10641415992 0.0932436479722 0.106096754006 0.121892081048
Herato07 Herato0701 9325001.0 9325000.0 0.1306302186 0.120206274 0.13039749326 0.14170746456
Herato07 Herato0701 9375001.0 9375000.0 0.12817977444 0.11549093212 0.12820236434 0.14444727898
Herato07 Herato0701 9425001.0 9425000.0 0.105064361673 0.0913102654176 0.103868698499 0.123115076206
Herato07 Herato0701 9475001.0 9475000.0 0.0889354621 0.0768264894352 0.0891195003756 0.10401976987
Herato07 Herato0701 9525001.0 9525000.0 0.12809931834 0.11633242004 0.12779518068 0.14104776684
Herato07 Herato0701 9575001.0 9575000.0 0.1073715642 0.104315859201 0.10726745772 0.111859926969
Herato07 Herato0701 9625001.0 9625000.0 0.101290372868 0.0761530938088 0.0973573517896 0.150539201457
Herato07 Herato0701 9675001.0 9675000.0 0.13915625996 0.12878838518 0.1387845769 0.15036865664
Herato07 Herato0701 9725001.0 9725000.0 0.13188138836 0.12487362384 0.13192962626 0.14235932418
Herato07 Herato0701 9775001.0 9775000.0 0.10066312926 0.094447172572 0.100615661 0.10808473768
Herato07 Herato0701 9825001.0 9825000.0 0.09547810206 0.09066705904 0.09552667572 0.10093462704
Herato07 Herato0701 9875001.0 9875000.0 0.110387612 0.100700130354 0.110639813174 0.12134559034
Herato07 Herato0701 9925001.0 9925000.0 0.051131795216 0.045490097962 0.051072204162 0.057837253414
Herato07 Herato0701 9975001.0 9975000.0 0.102066873804 0.094668670932 0.10191182373 0.11133817322
Herato07 Herato0701 10025001.0 10025000.0 0.139760773887 0.129839770173 0.139990265657 0.150574096638
Herato07 Herato0701 10075001.0 10075000.0 0.09270948727 0.084682971536 0.092088158104 0.10346037106
Herato07 Herato0701 10125001.0 10125000.0 0.07116471926 0.06255018102 0.0711617725 0.07973046664
Herato07 Herato0701 10175001.0 10175000.0 0.0380848888842 0.035683715793 0.0380675464014 0.041045067831
Herato07 Herato0701 10225001.0 10225000.0 0.054579400712 0.0487873645538 0.054573979406 0.060997302168
Herato07 Herato0701 10275001.0 10275000.0 0.091067265076 0.081984671642 0.091226301208 0.098355534594
Herato07 Herato0701 10325001.0 10325000.0 0.14004860454 0.1314419009 0.13920260594 0.15075168056
Herato07 Herato0701 10375001.0 10375000.0 0.11515170484 0.10552788372 0.11506533162 0.12604876724
Herato07 Herato0701 10425001.0 10425000.0 0.093918576472 0.08113643725 0.093231340992 0.110271772004
Herato07 Herato0701 10475001.0 10475000.0 0.12789600854 0.1175314161 0.12732561946 0.13989560812
Herato07 Herato0701 10525001.0 10525000.0 0.12449873586 0.11474274902 0.12417676718 0.1342446421
Herato07 Herato0701 10575001.0 10575000.0 0.104162986148 0.09360975816 0.103686920042 0.114535328532
Herato07 Herato0701 10625001.0 10625000.0 0.102748692802 0.095412076438 0.102643021252 0.110410181076
Herato07 Herato0701 10675001.0 10675000.0 0.07950722454 0.071305042752 0.07864514085 0.0950650991
Herato07 Herato0701 10725001.0 10725000.0 0.11428745364 0.10373079746 0.11431027544 0.12518867072
Herato07 Herato0701 10775001.0 10775000.0 0.141672325662 0.126935459818 0.14156834646 0.15392178535
Herato07 Herato0701 10825001.0 10825000.0 0.075013660738 0.070633615286 0.074933395642 0.079606741922
Herato07 Herato0701 10875001.0 10875000.0 0.0852179963464 0.0707225583743 0.0841474346606 0.105532203602
Herato07 Herato0701 10925001.0 10925000.0 0.089485619876 0.086071390974 0.089334515282 0.09348272126
Herato07 Herato0701 10975001.0 10975000.0 0.104058680816 0.0902766647488 0.103158298096 0.12229831506
Herato07 Herato0701 11025001.0 11025000.0 0.05336840006 0.047775634328 0.053187643988 0.060293733204
Herato07 Herato0701 11075001.0 11075000.0 0.044913315096 0.037983100826 0.044509187642 0.054485362944
Herato07 Herato0701 11125001.0 11125000.0 0.08702385532 0.071227282434 0.08650682398 0.10442440728
Herato07 Herato0701 11175001.0 11175000.0 0.0778820141464 0.0590142763451 0.0778327310456 0.0958369138852
Herato07 Herato0701 11225001.0 11225000.0 0.112920602946 0.10405497573 0.113029961794 0.121988182078
Herato07 Herato0701 11275001.0 11275000.0 0.07491671554 0.064929578174 0.072058975756 0.08738993568
Herato07 Herato0701 11325001.0 11325000.0 0.058940722572 0.046891067573 0.0601808808106 0.0709486589244
Herato07 Herato0701 11375001.0 11375000.0 0.044182859223 0.0371877133052 0.0435303461238 0.053101315198
Herato07 Herato0701 11425001.0 11425000.0 0.050430895534 0.043299265592 0.049906757518 0.06204355178
Herato07 Herato0701 11475001.0 11475000.0 0.0623167642398 0.0577020976647 0.0621118598698 0.067329082212
Herato07 Herato0701 11525001.0 11525000.0 0.06867963601 0.0599342922396 0.066287209804 0.08379975462
Herato07 Herato0701 11575001.0 11575000.0 0.091522200468 0.08430425575 0.091394569724 0.099269287828
Herato07 Herato0701 11625001.0 11625000.0 0.074368541112 0.066939270048 0.073756125168 0.084221412766
Herato07 Herato0701 11675001.0 11675000.0 0.0493395059744 0.0440397755106 0.0491662800518 0.055449278242
Herato07 Herato0701 11725001.0 11725000.0 0.0338578716406 0.0286514993375 0.0335183753388 0.0403304467918
Herato07 Herato0701 11775001.0 11775000.0 0.053415365878 0.04771535449 0.053360795332 0.059576199396
Herato07 Herato0701 11825001.0 11825000.0 0.034537987696 0.0314421123238 0.034454549278 0.0378464532324
Herato07 Herato0701 11875001.0 11875000.0 0.052332278888 0.04591008206 0.05203870101 0.061038428686
Herato07 Herato0701 11925001.0 11925000.0 0.0864472688162 0.0791696809205 0.0869625460962 0.092941310142
Herato07 Herato0701 11975001.0 11975000.0 0.10567126282 0.092906392891 0.105211508008 0.120335759275
Herato07 Herato0701 12025001.0 12025000.0 0.12148440102 0.11478713072 0.1211194256 0.13020661516
Herato07 Herato0701 12075001.0 12075000.0 0.093137695372 0.088886368948 0.093062204628 0.098331888406
Herato07 Herato0701 12125001.0 12125000.0 0.05555401087 0.047911575012 0.054620547026 0.07139456726
Herato07 Herato0701 12175001.0 12175000.0 0.051082885117 0.039989048 0.050660109513 0.0645788373188
Herato07 Herato0701 12225001.0 12225000.0 0.0984092458624 0.0905648925376 0.0981601625586 0.107093519291
Herato07 Herato0701 12275001.0 12275000.0 0.073979210398 0.0650255967443 0.0726361678132 0.08665084686
Herato07 Herato0701 12325001.0 12325000.0 0.108165479374 0.089328353944 0.10871759104 0.122529103296
Herato07 Herato0701 12375001.0 12375000.0 0.090247165616 0.082081122116 0.08986702519 0.098362568352
Herato07 Herato0701 12425001.0 12425000.0 0.054356019806 0.049117826548 0.054174944934 0.06062602052
Herato07 Herato0701 12475001.0 12475000.0 0.12610829734 0.11820041098 0.12632146672 0.13408887926
Herato07 Herato0701 12525001.0 12525000.0 0.067469485222 0.0615187380769 0.0674699955908 0.074338077842
Herato07 Herato0701 12575001.0 12575000.0 0.121130470466 0.0990828735296 0.119096768429 0.155201609878
Herato07 Herato0701 12625001.0 12625000.0 0.07590794801 0.066373902729 0.075478808122 0.087656840622
Herato07 Herato0701 12675001.0 12675000.0 0.090878207744 0.081947517912 0.090543495306 0.10116468743
Herato07 Herato0701 12725001.0 12725000.0 0.0836198873596 0.0692835954719 0.0834027754078 0.101479769689
Herato07 Herato0701 12775001.0 12775000.0 0.07314280396 0.065409330558 0.07262865152 0.08215572918
Herato07 Herato0701 12825001.0 12825000.0 0.0387074005368 0.0338309042285 0.0386904078398 0.0443041914848
Herato07 Herato0701 12875001.0 12875000.0 0.039323546874 0.034331974342 0.039452712162 0.044744046686
Herato07 Herato0701 12925001.0 12925000.0 0.072579280284 0.06568937513 0.072343077358 0.080727477498
Herato07 Herato0701 12975001.0 12975000.0 0.11478205314 0.10805788164 0.11429463426 0.1234306916
Herato07 Herato0701 13025001.0 13025000.0 0.11441733531 0.0985546815134 0.113091930292 0.136047485716
Herato07 Herato0701 13075001.0 13075000.0 0.134556976025 0.122860184875 0.134799221747 0.144948893644
Herato07 Herato0701 13125001.0 13125000.0 0.198737062312 0.155109870014 0.194456244496 0.247005419028
Herato07 Herato0701 13175001.0 13175000.0 0.14569803366 0.13722046958 0.14566726342 0.1535986691
Herato07 Herato0701 13225001.0 13225000.0 0.113362143929 0.10139363592 0.113124387127 0.125849832331
Herato07 Herato0701 13275001.0 13275000.0 0.10913373297 0.0944169763475 0.108940812754 0.124594007126
Herato07 Herato0701 13325001.0 13325000.0 0.12908432629 0.120296930704 0.1291815592 0.138726817114
Herato07 Herato0701 13375001.0 13375000.0 0.1114614722 0.10326663696 0.11126822236 0.12019638862
Herato07 Herato0701 13425001.0 13425000.0 0.0962763420936 0.0782719452218 0.0960740378182 0.120479209446
Herato07 Herato0701 13475001.0 13475000.0 0.083949216066 0.075561136886 0.083610056672 0.094675003288
Herato07 Herato0701 13525001.0 13525000.0 0.111053263192 0.098884854068 0.110283340232 0.128423496028
Herato07 Herato0701 13575001.0 13575000.0 0.105234186585 0.0981723315247 0.104780542812 0.114113597688
Herato07 Herato0701 13625001.0 13625000.0 0.131580438951 0.117041695188 0.131897371822 0.145327363358
Herato07 Herato0701 13675001.0 13675000.0 0.135089107159 0.1226175794 0.135184404156 0.148318117855
Herato07 Herato0701 13725001.0 13725000.0 0.178769051623 0.167246491203 0.177879805558 0.19138705169
Herato07 Herato0701 13775001.0 13775000.0 0.12951236028 0.10394496757 0.129568773086 0.152671551976
Herato07 Herato0701 13825001.0 13825000.0 0.15386398796 0.14101890596 0.15307709428 0.16795333238
Herato07 Herato0701 13875001.0 13875000.0 0.149914121622 0.133572553544 0.151218114562 0.16538734214
Herato07 Herato0701 13925001.0 13925000.0 0.0774532944138 0.0686173664644 0.0754289307702 0.0929710385282
Herato07 Herato0701 13975001.0 13975000.0 0.119409612816 0.1001405755 0.118983594518 0.143151087148
Herato07 Herato0701 14025001.0 14025000.0 0.062251420378 0.056682081972 0.06233507673 0.067828358868
Herato07 Herato0701 14075001.0 14075000.0 0.078091444356 0.0647913075384 0.077492630876 0.09427510955
Herato07 Herato0701 14125001.0 14125000.0 0.0754926200672 0.0649375971554 0.0745033585956 0.08804163126
Herato07 Herato0701 14175001.0 14175000.0 0.1381031832 0.1276198408 0.1364741722 0.1563345952
Herato07 Herato0701 14225001.0 14225000.0 0.135743130721 0.117320245993 0.134491430563 0.166865909879
Herato07 Herato0701 14275001.0 14275000.0 0.134030120223 0.117776921266 0.133377040345 0.157907548721
Herato07 Herato0701 14325001.0 14325000.0 0.051337953486 0.045642428374 0.051048506666 0.058549725692
Herato07 Herato0701 14375001.0 14375000.0 0.0986209587 0.08587243926 0.09661304398 0.1150128022
Herato07 Herato0701 14425001.0 14425000.0 0.246189631 0.219941745 0.2459367254 0.2733510908
Herato07 Herato0701 14475001.0 14475000.0 0.17505696496 0.157111135554 0.17375990816 0.19912158176
Herato07 Herato0701 14525001.0 14525000.0 0.2234882578 0.210207895 0.2222057166 0.2379676762
Herato07 Herato0701 14575001.0 14575000.0 0.150660732336 0.138957313724 0.151364727888 0.163619818714
Herato07 Herato0701 14625001.0 14625000.0 0.21109517224 0.18021850678 0.21277895788 0.24484327846
Herato07 Herato0701 14675001.0 14675000.0 0.155954993131 0.146342107645 0.155850852393 0.168284361368
Herato07 Herato0701 14725001.0 14725000.0 0.12826192242 0.11462075498 0.127108775384 0.144015020892
Herato07 Herato0701 14775001.0 14775000.0 0.163310098941 0.139239381423 0.163293234617 0.188021056268
Herato07 Herato0701 14825001.0 14825000.0 0.17689199188 0.15755336748 0.17685796118 0.19640666612
Herato07 Herato0701 14875001.0 14875000.0 0.11833574718 0.107146732291 0.116864047367 0.13827869464
Herato07 Herato0701 14925001.0 14925000.0 0.130246029309 0.119837387801 0.129436584614 0.143934919531
Herato07 Herato0701 14975001.0 14975000.0 0.105315716453 0.0967516017866 0.105162172617 0.114721837205
Herato07 Herato0701 15025001.0 15025000.0 0.088952322932 0.083051075732 0.088441771698 0.09674259832
Herato07 Herato0701 15075001.0 15075000.0 0.148768220522 0.13509778269 0.147895047133 0.168874372126
Herato07 Herato0701 15125001.0 15125000.0 0.107375089798 0.0953572846063 0.108517481987 0.115987723465
Herato07 Herato0701 15175001.0 15175000.0 0.100378038892 0.0921885785879 0.100120545864 0.110672207646
Herato07 Herato0701 15225001.0 15225000.0 0.0976817056456 0.0883362919468 0.0973018575126 0.109162953668
Herato07 Herato0701 15275001.0 15275000.0 0.114824579434 0.099389936766 0.111045449814 0.13853204282
Herato07 Herato0701 15325001.0 15325000.0 0.12707262378 0.11346395388 0.12703924208 0.14044658624
Herato07 Herato0701 15375001.0 15375000.0 0.116337880512 0.096566453302 0.115231484216 0.143785758632
Herato07 Herato0701 15425001.0 15425000.0 0.100900612384 0.09337641237 0.100645967994 0.11014414774
Herato07 Herato0701 15475001.0 15475000.0 0.114644014884 0.105850149413 0.113926893388 0.126089689644
Herato07 Herato0701 15525001.0 15525000.0 0.09100238776 0.0845512509862 0.090659048226 0.09828743886
Herato07 Herato0701 15575001.0 15575000.0 0.105346069062 0.0923276151642 0.106762016506 0.117638502284
Herato07 Herato0701 15625001.0 15625000.0 0.13015626628 0.12191838084 0.12981268294 0.13899388608
Herato07 Herato0701 15675001.0 15675000.0 0.089169341148 0.0831081592388 0.0894131053348 0.0947684525
Herato07 Herato0701 15725001.0 15725000.0 0.074573125802 0.069934182816 0.074619069108 0.08102607385
Herato07 Herato0701 15775001.0 15775000.0 0.114877299606 0.0959788760282 0.113186858892 0.14538965955
Herato07 Herato0701 15825001.0 15825000.0 0.0960568777 0.077400588934 0.09690692118 0.11553455148
Herato07 Herato0701 15875001.0 15875000.0 0.0875340816808 0.0810640593735 0.0870422414672 0.095854281898
Herato07 Herato0701 15925001.0 15925000.0 0.102355928364 0.0903761040568 0.10130235084 0.11564031164
Herato07 Herato0701 15975001.0 15975000.0 0.0964747381696 0.0886292267942 0.0964875079996 0.105064172806
Herato07 Herato0701 16025001.0 16025000.0 0.0606660327552 0.0546059252326 0.060645856204 0.0669320441128
Herato07 Herato0701 16075001.0 16075000.0 0.059710184132 0.051219139372 0.059149838086 0.07311925766
Herato07 Herato0701 16125001.0 16125000.0 0.064874552152 0.059232307704 0.065320769408 0.068364659634
Herato07 Herato0701 16175001.0 16175000.0 0.062420987578 0.055470552594 0.061690076748 0.077880424992
Herato07 Herato0701 16225001.0 16225000.0 0.062399639766 0.053190096328 0.062137514536 0.073419860366
Herato07 Herato0701 16275001.0 16275000.0 0.046303904486 0.042053331342 0.04606713738 0.05052909874
Herato07 Herato0701 16325001.0 16325000.0 0.07040238499 0.062948381502 0.069422447074 0.082157864902
Herato07 Herato0701 16375001.0 16375000.0 0.09381406758 0.0840112364 0.09347985658 0.10510622212
Herato07 Herato0701 16425001.0 16425000.0 0.09861277376 0.0855196897 0.10018720016 0.10925173078
Herato07 Herato0701 16475001.0 16475000.0 0.124051031714 0.113237431774 0.123906462002 0.140845917936
Herato07 Herato0701 16525001.0 16525000.0 0.10723988148 0.09355774864 0.10680316398 0.12530943438
Herato07 Herato0701 16575001.0 16575000.0 0.0847696257756 0.0830408175275 0.0841937878236 0.0893600140588
Herato07 Herato0701 16625001.0 16625000.0 0.0956755271682 0.0864341919319 0.0956081833548 0.106602848276
Herato07 Herato0701 16675001.0 16675000.0 0.08174792462 0.07283305472 0.08136677398 0.09263108904
Herato07 Herato0701 16725001.0 16725000.0 0.060819780452 0.053513723968 0.06014286797 0.069030246078
Herato07 Herato0701 16775001.0 16775000.0 0.097094722772 0.08326567429 0.097181672204 0.110943182348
Herato07 Herato0701 16825001.0 16825000.0 0.099929235352 0.090964414102 0.09944719896 0.112471251728
Herato07 Herato0701 16875001.0 16875000.0 0.099404235938 0.0864921924391 0.100335887892 0.113669607728
Herato07 Herato0701 16925001.0 16925000.0 0.076972082154 0.063061357892 0.076061026154 0.09794484393
Herato07 Herato0701 16975001.0 16975000.0 0.106272825962 0.090697598396 0.10608889281 0.123136246056
Herato07 Herato0701 17025001.0 17025000.0 0.12380071896 0.110572534034 0.123714430718 0.137801458324
Herato07 Herato0701 17075001.0 17075000.0 0.14752628906 0.13189844618 0.14622283108 0.16803111552
Herato07 Herato0701 17125001.0 17125000.0 0.099221314808 0.08967412835 0.098820439706 0.110069884562
Herato07 Herato0701 17175001.0 17175000.0 0.165870081634 0.136102284603 0.164087793876 0.204786227096
Herato07 Herato0701 17225001.0 17225000.0 0.114912462141 0.102208635691 0.114495739353 0.129878182246
Herato07 Herato0701 17275001.0 17275000.0 0.105522531146 0.0941212437394 0.104952160356 0.118751398034
Herato07 Herato0701 17325001.0 17325000.0 0.088594956976 0.0777592713179 0.0873294655866 0.103485198472
Herato07 Herato0701 17375001.0 17375000.0 0.12665638814 0.113763533018 0.123442220544 0.159437403676
Herato07 Herato0701 17425001.0 17425000.0 0.09314703412 0.083448105352 0.09293521348 0.10305047996
Herato07 Herato0701 17475001.0 17475000.0 0.10871077196 0.0947531269 0.10800878326 0.12634301996
Herato07 Herato0701 17525001.0 17525000.0 0.059055471 0.055098693068 0.05882994616 0.06371529168
Herato07 Herato0701 17575001.0 17575000.0 0.101662498695 0.0648509950136 0.0979329833532 0.160912487365
Herato07 Herato0701 17625001.0 17625000.0 0.130248140372 0.106738584568 0.129018707605 0.161076814834
Herato07 Herato0701 17675001.0 17675000.0 0.0903751500976 0.0833345990505 0.0905518236468 0.098381009868
Herato07 Herato0701 17725001.0 17725000.0 0.082135423798 0.070356808356 0.081770305786 0.098438064796
Herato07 Herato0701 17775001.0 17775000.0 0.068969226336 0.063658790954 0.069022491426 0.07593931268
Herato07 Herato0701 17825001.0 17825000.0 0.129416648992 0.119612383968 0.1293698806 0.139903796302
Herato07 Herato0701 17875001.0 17875000.0 0.12896780493 0.119140530334 0.1288863658 0.138655522344
Herato07 Herato0701 17925001.0 17925000.0 0.11406295299 0.0970146760068 0.114279488397 0.128114971106
Herato07 Herato0701 17975001.0 17975000.0 0.0922321800524 0.0804789922667 0.0916277208498 0.106623323936
Herato07 Herato0701 18025001.0 18025000.0 0.10766628218 0.09824554508 0.1072481598 0.11995699752
Herato07 Herato0701 18075001.0 18075000.0 0.0888321136856 0.0806605588614 0.08874282558 0.0971536585128
Herato07 Herato0701 18125001.0 18125000.0 0.0842010879748 0.0729262995342 0.0832650233598 0.10080712611
Herato07 Herato0701 18175001.0 18175000.0 0.07947248038 0.070701474833 0.079365649314 0.0933098616
Herato07 Herato0701 18225001.0 18225000.0 0.0807837427118 0.070176619193 0.0798639008492 0.09284953838
Herato07 Herato0701 18275001.0 18275000.0 0.08353307262 0.07555723888 0.08283818068 0.09657010304
Herato07 Herato0701 18325001.0 18325000.0 0.07783620667 0.0634532096992 0.0772789588166 0.098296190362
Herato07 Herato0701 18375001.0 18375000.0 0.0603758866064 0.0483604938276 0.0586708061472 0.0824375920624
Herato07 Herato0701 18425001.0 18425000.0 0.026528031786 0.0213113232796 0.026850251798 0.031310790292
Herato07 Herato0701 18475001.0 18475000.0 0.0527917285548 0.0332324711322 0.04979565715 0.085660318841
Herato07 Herato0701 18525001.0 18525000.0 0.055289318306 0.045366531122 0.054049216918 0.072362301538
Herato07 Herato0701 18575001.0 18575000.0 0.08314985362 0.076140497887 0.08289793556 0.091562345328
Herato07 Herato0701 18625001.0 18625000.0 0.06329615058 0.056273860678 0.062321516426 0.07145276084
Herato07 Herato0701 18675001.0 18675000.0 0.067850052808 0.063590604344 0.067742597086 0.072607633642
Herato07 Herato0701 18725001.0 18725000.0 0.068236183474 0.05783440097 0.067707727888 0.081982322768
Herato07 Herato0701 18775001.0 18775000.0 0.05933621334 0.054289738556 0.059198793272 0.064570965828
Herato07 Herato0701 18825001.0 18825000.0 0.060939623218 0.0459493190918 0.058943395368 0.089833133
Herato07 Herato0701 18875001.0 18875000.0 0.0800805586932 0.0627550609248 0.0784266319064 0.106011842619
Herato07 Herato0701 18925001.0 18925000.0 0.0433220754649 0.0231482565952 0.0402547222639 0.0770955941812
Herato07 Herato0701 18975001.0 18975000.0 0.033387901096 0.031309384914 0.03282794759 0.03783493763
Herato07 Herato0701 19025001.0 19025000.0 0.0514381439 0.05068427846 0.051017641 0.05402904972
