chrom scaffold Cposition position mean p0025 p0500 p0975
Herato20 Herato2001 25001.0 25000.0 0.021534566624 0.01914622795 0.021437029824 0.0242736538
Herato20 Herato2001 75001.0 75000.0 0.008369499189 0.0066991936312 0.008245106229 0.0108099800576
Herato20 Herato2001 125001.0 125000.0 0.0577595150794 0.0411946432534 0.0562532355138 0.0862594623874
Herato20 Herato2001 175001.0 175000.0 0.0604106178856 0.0557169366004 0.0603130168606 0.0650387348412
Herato20 Herato2001 225001.0 225000.0 0.0627592302254 0.0531161375708 0.0624013765716 0.0752067167288
Herato20 Herato2001 275001.0 275000.0 0.0461689166928 0.0418330897647 0.0459818673164 0.0518246381824
Herato20 Herato2001 325001.0 325000.0 0.056857588494 0.05218897362 0.05688505932 0.061512153584
Herato20 Herato2001 375001.0 375000.0 0.080930275112 0.07541365384 0.080709322568 0.087970615992
Herato20 Herato2001 425001.0 425000.0 0.0966630655136 0.0761550733854 0.0974155376688 0.125216233984
Herato20 Herato2001 475001.0 475000.0 0.0628509428863 0.0558333000293 0.0625167125674 0.0704466556599
Herato20 Herato2001 525001.0 525000.0 0.0660204183032 0.0474184335241 0.0640198231392 0.102319096187
Herato20 Herato2001 575001.0 575000.0 0.0476220233676 0.0443385634832 0.0475450083 0.051005624316
Herato20 Herato2001 625001.0 625000.0 0.076342542436 0.062821694632 0.074337659124 0.09012283356
Herato20 Herato2001 675001.0 675000.0 0.08096532246 0.0786722524 0.080478285 0.08469815562
Herato20 Herato2001 725001.0 725000.0 0.08768028102 0.0812143737338 0.088725016917 0.09464603804
Herato20 Herato2001 775001.0 775000.0 0.0555374417672 0.0508461554037 0.0553366938844 0.0611322489224
Herato20 Herato2001 825001.0 825000.0 0.0662979828432 0.0624386470522 0.0661570558358 0.071042807106
Herato20 Herato2001 875001.0 875000.0 0.0769573657 0.070279345774 0.07726469002 0.08455133028
Herato20 Herato2001 925001.0 925000.0 0.09754130362 0.085699982372 0.0974587476 0.1106730455
Herato20 Herato2001 975001.0 975000.0 0.0661519947262 0.0590036907141 0.0650896472359 0.0756702412528
Herato20 Herato2001 1025001.0 1025000.0 0.060724491109 0.0473934078239 0.0603267473238 0.07533826149
Herato20 Herato2001 1075001.0 1075000.0 0.078148525852 0.0533564084 0.079217965364 0.104365392226
Herato20 Herato2001 1125001.0 1125000.0 0.05758629432 0.05553928674 0.05745360776 0.0603249459
Herato20 Herato2001 1175001.0 1175000.0 0.063541888206 0.056964348438 0.063304730978 0.07034408596
Herato20 Herato2001 1225001.0 1225000.0 0.063271158244 0.058559692102 0.063406782112 0.067842575928
Herato20 Herato2001 1275001.0 1275000.0 0.12287522662 0.113550414727 0.123055597481 0.133723502458
Herato20 Herato2001 1325001.0 1325000.0 0.0817942686492 0.0710532864926 0.0808338342198 0.0978757116136
Herato20 Herato2001 1375001.0 1375000.0 0.0928556247212 0.0865283360342 0.0912712654968 0.102531006101
Herato20 Herato2001 1425001.0 1425000.0 0.062956292534 0.056463723144 0.062848649724 0.069047842018
Herato20 Herato2001 1475001.0 1475000.0 0.08845582106 0.083964510474 0.08844144672 0.09618513292
Herato20 Herato2001 1525001.0 1525000.0 0.09813100286 0.09270157076 0.097770303 0.10458281944
Herato20 Herato2001 1575001.0 1575000.0 0.0325263920972 0.0260810351525 0.031617190564 0.0436616351948
Herato20 Herato2001 1625001.0 1625000.0 0.0821075543502 0.0718835641487 0.0819855794866 0.0925743245058
Herato20 Herato2001 1675001.0 1675000.0 0.034681069184 0.030653266068 0.0345986387174 0.039239569928
Herato20 Herato2001 1725001.0 1725000.0 0.096495857448 0.092346008626 0.096478080782 0.101278363826
Herato20 Herato2001 1775001.0 1775000.0 0.09179871928 0.0794280303 0.09144655228 0.10892906196
Herato20 Herato2001 1825001.0 1825000.0 0.07573749044 0.07320921336 0.07577641984 0.0793204373
Herato20 Herato2001 1875001.0 1875000.0 0.06820785466 0.06663255342 0.06813431462 0.07064328784
Herato20 Herato2001 1925001.0 1925000.0 0.048100630132 0.043823865824 0.047857360364 0.052714543884
Herato20 Herato2001 1975001.0 1975000.0 0.04532309642 0.037753041718 0.044293649408 0.057886873216
Herato20 Herato2001 2025001.0 2025000.0 0.064586982852 0.060939680952 0.06467959783 0.068510763806
Herato20 Herato2001 2075001.0 2075000.0 0.030285064788 0.026061029832 0.029928464908 0.035783143016
Herato20 Herato2001 2125001.0 2125000.0 0.046294519022 0.03728292608 0.045526081306 0.05682337614
Herato20 Herato2001 2175001.0 2175000.0 0.0350262055175 0.0244454050776 0.0353143109924 0.0473393628334
Herato20 Herato2001 2225001.0 2225000.0 0.063711580022 0.0524666504568 0.062401389434 0.079174761666
Herato20 Herato2001 2275001.0 2275000.0 0.07801069258 0.072325736682 0.07777537626 0.08376617756
Herato20 Herato2001 2325001.0 2325000.0 0.06426851928 0.05595025222 0.06348771184 0.07596687276
Herato20 Herato2001 2375001.0 2375000.0 0.060464193006 0.055012920794 0.060525520846 0.06584885792
Herato20 Herato2001 2425001.0 2425000.0 0.106585538795 0.0971228944663 0.106191776643 0.117507527742
Herato20 Herato2001 2475001.0 2475000.0 0.0932840929938 0.0809058143412 0.0931517150952 0.107032815211
Herato20 Herato2001 2525001.0 2525000.0 0.05927077172 0.05641319722 0.05860535852 0.06280685574
Herato20 Herato2001 2575001.0 2575000.0 0.062969279497 0.055955631276 0.0622913190672 0.0720133242106
Herato20 Herato2001 2625001.0 2625000.0 0.0414039116044 0.0355561975556 0.040917266565 0.0494412500134
Herato20 Herato2001 2675001.0 2675000.0 0.081606924369 0.0730570317946 0.0809744968044 0.0924437789704
Herato20 Herato2001 2725001.0 2725000.0 0.0821132235592 0.0723048585249 0.0819847374894 0.0943019619984
Herato20 Herato2001 2775001.0 2775000.0 0.0993634493432 0.0726252296409 0.0962916930087 0.143140568252
Herato20 Herato2001 2825001.0 2825000.0 0.085900611514 0.074459841046 0.08596084314 0.09508073902
Herato20 Herato2001 2875001.0 2875000.0 0.06692589264 0.06384979058 0.06697708692 0.07008381548
Herato20 Herato2001 2925001.0 2925000.0 0.111130492278 0.104288533306 0.110783838136 0.120472475336
Herato20 Herato2001 2975001.0 2975000.0 0.066743069176 0.060980595902 0.066423722914 0.073702370122
Herato20 Herato2001 3025001.0 3025000.0 0.064801800328 0.052780458948 0.065241476974 0.077115653742
Herato20 Herato2001 3075001.0 3075000.0 0.077529510356 0.073251555996 0.077283644464 0.081997762296
Herato20 Herato2001 3125001.0 3125000.0 0.084043707254 0.0791314729468 0.0841612871452 0.090238896
Herato20 Herato2001 3175001.0 3175000.0 0.062644360186 0.055961894974 0.062282616198 0.069993984744
Herato20 Herato2001 3225001.0 3225000.0 0.07938500865 0.0677147461764 0.078701856536 0.093706139452
Herato20 Herato2001 3275001.0 3275000.0 0.050860954236 0.0461773178372 0.0505047848932 0.056369459459
Herato20 Herato2001 3325001.0 3325000.0 0.06855744338 0.061696742898 0.068204503302 0.075900396684
Herato20 Herato2001 3375001.0 3375000.0 0.05988903668 0.04917171208 0.05939076262 0.0765329879
Herato20 Herato2001 3425001.0 3425000.0 0.114329638754 0.087706229544 0.1119675898 0.161192947962
Herato20 Herato2001 3475001.0 3475000.0 0.05510673312 0.052105591362 0.05504761704 0.05885171644
Herato20 Herato2001 3525001.0 3525000.0 0.06769774562 0.061845337708 0.067663919144 0.07367703492
Herato20 Herato2001 3575001.0 3575000.0 0.048898298376 0.044971471628 0.048860639872 0.053025710138
Herato20 Herato2001 3625001.0 3625000.0 0.0764760890664 0.0696699321908 0.0758364420404 0.084697065591
Herato20 Herato2001 3675001.0 3675000.0 0.083432167984 0.077826403552 0.083249279346 0.089556546498
Herato20 Herato2001 3725001.0 3725000.0 0.04265157918 0.036874132456 0.041927001886 0.052499879464
Herato20 Herato2001 3775001.0 3775000.0 0.026716611692 0.024366442416 0.026785186006 0.02936106622
Herato20 Herato2001 3825001.0 3825000.0 0.054488255822 0.050426696334 0.054723986596 0.058707469004
Herato20 Herato2001 3875001.0 3875000.0 0.07103937892 0.0653226778 0.0715382044 0.07522532248
Herato20 Herato2001 3925001.0 3925000.0 0.0796662808658 0.0730424191246 0.0799865101368 0.0876129455764
Herato20 Herato2001 3975001.0 3975000.0 0.11202607084 0.105809657256 0.11202879334 0.120206347
Herato20 Herato2001 4025001.0 4025000.0 0.0782881583046 0.0686203550978 0.0775832838136 0.089742349724
Herato20 Herato2001 4075001.0 4075000.0 0.0756080413027 0.0704513037027 0.075750173216 0.0799401595962
Herato20 Herato2001 4125001.0 4125000.0 0.0712407185944 0.0665386420014 0.0709385560726 0.076354845647
Herato20 Herato2001 4175001.0 4175000.0 0.121449750397 0.103541760965 0.120484127101 0.143949779509
Herato20 Herato2001 4225001.0 4225000.0 0.1037556016 0.0967645256 0.1036301588 0.1093329716
Herato20 Herato2001 4275001.0 4275000.0 0.0954642504908 0.0850648535124 0.0955476383104 0.107913744182
Herato20 Herato2001 4325001.0 4325000.0 0.0746692278506 0.0641694780464 0.0738728863792 0.0890253803828
Herato20 Herato2001 4375001.0 4375000.0 0.076970061603 0.068548596816 0.077049411919 0.0863979207646
Herato20 Herato2001 4425001.0 4425000.0 0.0796939126 0.07404218456 0.07976209598 0.08548525496
Herato20 Herato2001 4475001.0 4475000.0 0.0792981562502 0.0731909194423 0.0791029168082 0.0860291054696
Herato20 Herato2001 4525001.0 4525000.0 0.0267434615378 0.024121248282 0.026591967152 0.029956778174
Herato20 Herato2001 4575001.0 4575000.0 0.076492504586 0.071040467736 0.076482163334 0.082856376034
Herato20 Herato2001 4625001.0 4625000.0 0.06440243152 0.06197449038 0.06422422194 0.06671254932
Herato20 Herato2001 4675001.0 4675000.0 0.07480188229 0.06880444755 0.074491917054 0.082701206486
Herato20 Herato2001 4725001.0 4725000.0 0.0726840588888 0.0617225844731 0.0719932446895 0.088192969345
Herato20 Herato2001 4775001.0 4775000.0 0.0731760386 0.06812148618 0.0734385191 0.07754781392
Herato20 Herato2001 4825001.0 4825000.0 0.0576264802304 0.04964951254 0.0574571017504 0.067690684734
Herato20 Herato2001 4875001.0 4875000.0 0.057485350842 0.050962965082 0.057203141904 0.06502432781
Herato20 Herato2001 4925001.0 4925000.0 0.07715058434 0.06792193672 0.07732173348 0.08651370474
Herato20 Herato2001 4975001.0 4975000.0 0.059391954586 0.053647366102 0.059420751534 0.064467018504
Herato20 Herato2001 5025001.0 5025000.0 0.098109156036 0.076039565162 0.096936316684 0.127291592292
Herato20 Herato2001 5075001.0 5075000.0 0.08795530328 0.07214982112 0.08803242374 0.1066810214
Herato20 Herato2001 5125001.0 5125000.0 0.0927285542 0.08877261168 0.0929992384 0.094850008
Herato20 Herato2001 5175001.0 5175000.0 0.093131435722 0.090077164314 0.09293993708 0.096112420978
Herato20 Herato2001 5225001.0 5225000.0 0.107864150438 0.098423322506 0.106937650664 0.12313137632
Herato20 Herato2001 5275001.0 5275000.0 0.11910280074 0.09588682502 0.1202758277 0.13999871564
Herato20 Herato2001 5325001.0 5325000.0 0.109917843674 0.0961185443728 0.109440482326 0.12614435673
Herato20 Herato2001 5375001.0 5375000.0 0.07905923967 0.073045375772 0.07900590184 0.086505828622
Herato20 Herato2001 5425001.0 5425000.0 0.078076143284 0.070791275784 0.078257808426 0.086180426254
Herato20 Herato2001 5475001.0 5475000.0 0.03915838847 0.03218854067 0.037323580894 0.047620705922
Herato20 Herato2001 5525001.0 5525000.0 0.074633184716 0.06805925916 0.074309697144 0.08121739566
Herato20 Herato2001 5575001.0 5575000.0 0.0351942964751 0.0317701231784 0.0349762968027 0.0388778562574
Herato20 Herato2001 5625001.0 5625000.0 0.055294514332 0.0524736443154 0.05513281927 0.058956030732
Herato20 Herato2001 5675001.0 5675000.0 0.0593441875696 0.0494043754584 0.0596349001362 0.0715986072586
Herato20 Herato2001 5725001.0 5725000.0 0.07439323004 0.068995977354 0.074278976254 0.079305621414
Herato20 Herato2001 5775001.0 5775000.0 0.104808832914 0.092225019088 0.10469778642 0.118097859994
Herato20 Herato2001 5825001.0 5825000.0 0.0450287146042 0.0371255338206 0.0449171336333 0.0536072428958
Herato20 Herato2001 5875001.0 5875000.0 0.0672577711796 0.0480111342229 0.0652305227218 0.10033563687
Herato20 Herato2001 5925001.0 5925000.0 0.072935352912 0.061830610364 0.072612750234 0.086347989178
Herato20 Herato2001 5975001.0 5975000.0 0.024672621288 0.022433382496 0.024509506714 0.027746405452
Herato20 Herato2001 6025001.0 6025000.0 0.04268861015 0.03724249497 0.042620702372 0.048738087514
Herato20 Herato2001 6075001.0 6075000.0 0.0639396863628 0.0581068262698 0.0639259522028 0.069274773378
Herato20 Herato2001 6125001.0 6125000.0 0.0571009244196 0.0532846127373 0.0566806403612 0.0617518763476
Herato20 Herato2001 6175001.0 6175000.0 0.0738168739659 0.0639762611151 0.0728644075664 0.089802236619
Herato20 Herato2001 6225001.0 6225000.0 0.057931279242 0.0525256688173 0.057964647606 0.064011257738
Herato20 Herato2001 6275001.0 6275000.0 0.0650675241 0.059351289664 0.064720535414 0.07204683106
Herato20 Herato2001 6325001.0 6325000.0 0.053033038195 0.0486836793848 0.052779926697 0.058640189413
Herato20 Herato2001 6375001.0 6375000.0 0.072277373068 0.06758651564 0.073293186 0.07705820966
Herato20 Herato2001 6425001.0 6425000.0 0.06397330179 0.051591557668 0.062554448672 0.084949293874
Herato20 Herato2001 6475001.0 6475000.0 0.067052994794 0.061008227068 0.066772203056 0.074414264444
Herato20 Herato2001 6525001.0 6525000.0 0.110110304464 0.105569643786 0.109843324718 0.11636145618
Herato20 Herato2001 6575001.0 6575000.0 0.0543780338912 0.0495312121845 0.0543069162294 0.06078462542
Herato20 Herato2001 6625001.0 6625000.0 0.0335024855842 0.0296094396188 0.0333254033362 0.039063988879
Herato20 Herato2001 6675001.0 6675000.0 0.04279503906 0.0393259932 0.0425435313 0.04671741406
Herato20 Herato2001 6725001.0 6725000.0 0.064236667396 0.05389568478 0.06367222054 0.078670016792
Herato20 Herato2001 6775001.0 6775000.0 0.115553689386 0.0980963943 0.114196020702 0.13801931802
Herato20 Herato2001 6825001.0 6825000.0 0.058393585244 0.05310187724 0.058189539 0.064289390246
Herato20 Herato2001 6875001.0 6875000.0 0.0358310248 0.031641461726 0.035358203594 0.041757978372
Herato20 Herato2001 6925001.0 6925000.0 0.033591874794 0.030205994096 0.033645213162 0.037185404262
Herato20 Herato2001 6975001.0 6975000.0 0.0368911993204 0.0353240423758 0.0369024427322 0.038433284814
Herato20 Herato2001 7025001.0 7025000.0 0.0497050135128 0.0456132118191 0.0495343814012 0.0543369468468
Herato20 Herato2001 7075001.0 7075000.0 0.107017106179 0.0406558301851 0.0951944365491 0.220780142006
Herato20 Herato2001 7125001.0 7125000.0 0.0203571743146 0.0105179706964 0.016167624003 0.053254873101
Herato20 Herato2001 7175001.0 7175000.0 0.02737158085 0.024209989402 0.027258802154 0.031406149736
Herato20 Herato2001 7225001.0 7225000.0 0.08070242421 0.0647994705012 0.080024251202 0.100922122292
Herato20 Herato2001 7275001.0 7275000.0 0.04723532272 0.041328979494 0.046902737292 0.053762620972
Herato20 Herato2001 7325001.0 7325000.0 0.0148603112885 0.0115970731625 0.0146308425388 0.0201705494094
Herato20 Herato2001 7375001.0 7375000.0 0.0710682645794 0.0631877300782 0.0703579047995 0.0815229247178
Herato20 Herato2001 7425001.0 7425000.0 0.050413699652 0.047132439192 0.050338299022 0.05452219759
Herato20 Herato2001 7475001.0 7475000.0 0.0523387980602 0.0412089281649 0.0512831604808 0.066029649057
Herato20 Herato2001 7525001.0 7525000.0 0.038146648906 0.030792327756 0.037741453212 0.047655808142
Herato20 Herato2001 7575001.0 7575000.0 0.03151837775 0.027240554818 0.031324139674 0.036783125174
Herato20 Herato2001 7625001.0 7625000.0 0.0313499187994 0.0260081341928 0.0309801268946 0.0387335587184
Herato20 Herato2001 7675001.0 7675000.0 0.018803072924 0.016489767032 0.018623976676 0.02155960763
Herato20 Herato2001 7725001.0 7725000.0 0.10289050976 0.05856255261 0.09801795454 0.18161744144
Herato20 Herato2001 7775001.0 7775000.0 0.0579761011941 0.0510114524082 0.0578261949565 0.0654976700855
Herato20 Herato2001 7825001.0 7825000.0 0.0462553928215 0.0318650735649 0.0440797034814 0.075903532314
Herato20 Herato2001 7875001.0 7875000.0 0.05696472126 0.050198505946 0.056958964158 0.064719527586
Herato20 Herato2001 7925001.0 7925000.0 0.035210469532 0.0309247904664 0.035205297913 0.039645322174
Herato20 Herato2001 7975001.0 7975000.0 0.071580078955 0.0431143380725 0.0711081912026 0.108048191323
Herato20 Herato2001 8025001.0 8025000.0 0.077246539776 0.07455992754 0.076926258668 0.08020786944
Herato20 Herato2001 8075001.0 8075000.0 0.0541749320694 0.0461443810847 0.0539853810966 0.0652951387704
Herato20 Herato2001 8125001.0 8125000.0 0.0471206685918 0.0367068948606 0.047183405947 0.060271997892
Herato20 Herato2001 8175001.0 8175000.0 0.038928443944 0.03239144227 0.0384014685598 0.0485487383492
Herato20 Herato2001 8225001.0 8225000.0 0.0381925520624 0.0261652351771 0.0361594689692 0.063129775046
Herato20 Herato2001 8275001.0 8275000.0 0.0533086535188 0.0485415430275 0.0532293398496 0.058352593204
Herato20 Herato2001 8325001.0 8325000.0 0.06136298814 0.05859974234 0.06099420092 0.06449774758
Herato20 Herato2001 8375001.0 8375000.0 0.07750062952 0.0741585673 0.07711842108 0.08157806328
Herato20 Herato2001 8425001.0 8425000.0 0.080771395208 0.071906202262 0.08050758099 0.090104450176
Herato20 Herato2001 8475001.0 8475000.0 0.089201053838 0.0802116980844 0.08944012778 0.09537619586
Herato20 Herato2001 8525001.0 8525000.0 0.0851842268836 0.0708178268506 0.0865218614362 0.09958793949
Herato20 Herato2001 8575001.0 8575000.0 0.071022574512 0.065519369384 0.071641094168 0.07572896548
Herato20 Herato2001 8625001.0 8625000.0 0.088819472848 0.078861470452 0.085387602844 0.103742339184
Herato20 Herato2001 8675001.0 8675000.0 0.069870222446 0.062337477306 0.06951428914 0.079209078136
Herato20 Herato2001 8725001.0 8725000.0 0.041594492362 0.034783468944 0.041570453092 0.04875888124
Herato20 Herato2001 8775001.0 8775000.0 0.070970528367 0.0633186200532 0.0703924368455 0.083446556789
Herato20 Herato2001 8825001.0 8825000.0 0.08479022418 0.07921872004 0.08453167622 0.09147998958
Herato20 Herato2001 8875001.0 8875000.0 0.0295412102724 0.0235260027602 0.0264274954716 0.0606968415504
Herato20 Herato2001 8925001.0 8925000.0 0.068361621912 0.059341322764 0.068929495946 0.078281803776
Herato20 Herato2001 8975001.0 8975000.0 0.0577244930926 0.0506359916647 0.0574594433784 0.0663370106214
Herato20 Herato2001 9025001.0 9025000.0 0.0725858108044 0.0633450202416 0.0726704968028 0.08317225348
Herato20 Herato2001 9075001.0 9075000.0 0.07810888948 0.06900963464 0.07783233728 0.08784395112
Herato20 Herato2001 9125001.0 9125000.0 0.07909253964 0.072391368406 0.07913927631 0.08555957878
Herato20 Herato2001 9175001.0 9175000.0 0.1004695432 0.09468839248 0.1006479664 0.1022715488
Herato20 Herato2001 9225001.0 9225000.0 0.086001130047 0.0769974028225 0.0851371716916 0.096966006894
Herato20 Herato2001 9275001.0 9275000.0 0.090462124282 0.08593729466 0.090043206788 0.098940788272
Herato20 Herato2001 9325001.0 9325000.0 0.067056659081 0.0643227421411 0.0668056471732 0.07146548749
Herato20 Herato2001 9375001.0 9375000.0 0.1190851236 0.114460556 0.118573512 0.1257561376
Herato20 Herato2001 9425001.0 9425000.0 0.10951671206 0.1024627829 0.10937922552 0.11763141168
Herato20 Herato2001 9475001.0 9475000.0 0.08650672878 0.08355525206 0.08641735508 0.09092948518
Herato20 Herato2001 9525001.0 9525000.0 0.099406314 0.099049806 0.099336993 0.100149039
Herato20 Herato2001 9575001.0 9575000.0 0.114069392674 0.096819719908 0.113467569134 0.1335176416
Herato20 Herato2001 9625001.0 9625000.0 0.061895021594 0.051416902923 0.061380109562 0.07526696852
Herato20 Herato2001 9675001.0 9675000.0 0.07712014285 0.071352518558 0.07708692308 0.082662843036
Herato20 Herato2001 9725001.0 9725000.0 0.0734853148008 0.0662053584538 0.072921106226 0.084266722688
Herato20 Herato2001 9775001.0 9775000.0 0.0853257243744 0.0770532623468 0.085393452616 0.094004696512
Herato20 Herato2001 9825001.0 9825000.0 0.0523673166471 0.0486027164402 0.0522962492237 0.056298996286
Herato20 Herato2001 9875001.0 9875000.0 0.05980563732 0.05516325122 0.05966964296 0.06422345398
Herato20 Herato2001 9925001.0 9925000.0 0.0451428343216 0.0383941952655 0.044934267483 0.0543532785536
Herato20 Herato2001 9975001.0 9975000.0 0.05819332478 0.05456334568 0.0580279193 0.06199339796
Herato20 Herato2001 10025001.0 10025000.0 0.0667049646844 0.0535809811708 0.0652062414466 0.0865363237474
Herato20 Herato2001 10075001.0 10075000.0 0.060180952316 0.058159894926 0.060062827572 0.06248676152
Herato20 Herato2001 10125001.0 10125000.0 0.081097902816 0.073052847732 0.081968105978 0.09172070938
Herato20 Herato2001 10175001.0 10175000.0 0.0708356721084 0.0638014118178 0.0706868377442 0.079180685418
Herato20 Herato2001 10225001.0 10225000.0 0.103320090872 0.092174665334 0.103006717324 0.118996937492
Herato20 Herato2001 10275001.0 10275000.0 0.106287767502 0.0909152181056 0.106519488652 0.121041358973
Herato20 Herato2001 10325001.0 10325000.0 0.113394572624 0.104858952628 0.113570446796 0.122687115848
Herato20 Herato2001 10375001.0 10375000.0 0.10138664624 0.09438381298 0.10137491462 0.1078956527
Herato20 Herato2001 10425001.0 10425000.0 0.058435839094 0.053272161712 0.058426635182 0.063110317672
Herato20 Herato2001 10475001.0 10475000.0 0.09581061125 0.0871879493336 0.096191279484 0.10446341706
Herato20 Herato2001 10525001.0 10525000.0 0.08700348382 0.072718976856 0.085645353018 0.105432363512
Herato20 Herato2001 10575001.0 10575000.0 0.0325949581654 0.027768555893 0.0318385012774 0.038161902925
Herato20 Herato2001 10625001.0 10625000.0 0.0410083305392 0.0343637975361 0.041056433908 0.0491318513976
Herato20 Herato2001 10675001.0 10675000.0 0.082107986584 0.061063926942 0.081656849372 0.108467504088
Herato20 Herato2001 10725001.0 10725000.0 0.074278899224 0.06732511653 0.074162072162 0.082205469912
Herato20 Herato2001 10775001.0 10775000.0 0.10019115632 0.0865065507339 0.0996704310944 0.116156698307
Herato20 Herato2001 10825001.0 10825000.0 0.0935905208626 0.0798341648402 0.0939099923806 0.11099954321
Herato20 Herato2001 10875001.0 10875000.0 0.07946467242 0.07656368824 0.079232905 0.08327996756
Herato20 Herato2001 10925001.0 10925000.0 0.0704529534468 0.0656160238315 0.0700562328414 0.075387323429
Herato20 Herato2001 10975001.0 10975000.0 0.0513356169124 0.0358088770842 0.0515254043102 0.073032543654
Herato20 Herato2001 11025001.0 11025000.0 0.06191148282 0.059063093968 0.061658876058 0.066002689414
Herato20 Herato2001 11075001.0 11075000.0 0.062649606336 0.0598246479808 0.06254915288 0.065696841444
Herato20 Herato2001 11125001.0 11125000.0 0.075501754372 0.0638217928662 0.074826735962 0.090549253096
Herato20 Herato2001 11175001.0 11175000.0 0.05854342952 0.05639414164 0.05839909644 0.06100138956
Herato20 Herato2001 11225001.0 11225000.0 0.067701989522 0.0581455271698 0.0674958749926 0.078077419708
Herato20 Herato2001 11275001.0 11275000.0 0.0603761062164 0.0413950932817 0.0578835533688 0.0935269966312
Herato20 Herato2001 11325001.0 11325000.0 0.028715759134 0.024319896264 0.02816391189 0.03485893072
Herato20 Herato2001 11375001.0 11375000.0 0.0310898898258 0.0212031474579 0.030646027012 0.0452118905002
Herato20 Herato2001 11425001.0 11425000.0 0.0600076443124 0.0571324042216 0.0596877316858 0.0646518445766
Herato20 Herato2001 11475001.0 11475000.0 0.09105989712 0.0836134568 0.09061147852 0.10060893894
Herato20 Herato2001 11525001.0 11525000.0 0.097507989528 0.092730809314 0.097913999702 0.102172612978
Herato20 Herato2001 11575001.0 11575000.0 0.087454344956 0.080243457908 0.087348003704 0.095099341616
Herato20 Herato2001 11625001.0 11625000.0 0.074853161552 0.067820274302 0.074690140022 0.083345182692
Herato20 Herato2001 11675001.0 11675000.0 0.08326718054 0.072515061444 0.082703657916 0.0966156066
Herato20 Herato2001 11725001.0 11725000.0 0.0471563833876 0.036696162242 0.046721180106 0.06272025626
Herato20 Herato2001 11775001.0 11775000.0 0.0420068920356 0.0364762620488 0.0414893770928 0.05055731872
Herato20 Herato2001 11825001.0 11825000.0 0.0596370789327 0.0337721025509 0.0597280044888 0.0858937753436
Herato20 Herato2001 11875001.0 11875000.0 0.0648377618228 0.0551449700287 0.0647120082982 0.077179987782
Herato20 Herato2001 11925001.0 11925000.0 0.065070014564 0.057402523564 0.064624184048 0.075252584126
Herato20 Herato2001 11975001.0 11975000.0 0.031857825 0.0291880688902 0.031590248642 0.035188050242
Herato20 Herato2001 12025001.0 12025000.0 0.046421175192 0.0418998291287 0.0462117122654 0.051628232546
Herato20 Herato2001 12075001.0 12075000.0 0.047421792048 0.041899980726 0.04760663615 0.05315519967
Herato20 Herato2001 12125001.0 12125000.0 0.093271618368 0.0775749378542 0.09227215553 0.110662155776
Herato20 Herato2001 12175001.0 12175000.0 0.13612665756 0.12744892912 0.13575962708 0.14538203414
Herato20 Herato2001 12225001.0 12225000.0 0.0917941587514 0.0834701752004 0.0916366927828 0.101356388823
Herato20 Herato2001 12275001.0 12275000.0 0.083034856108 0.076089454966 0.082868204868 0.091914570888
Herato20 Herato2001 12325001.0 12325000.0 0.08265767972 0.074527307788 0.08199347188 0.09335363918
Herato20 Herato2001 12375001.0 12375000.0 0.094171223714 0.0855094769713 0.0939864912244 0.10355641147
Herato20 Herato2001 12425001.0 12425000.0 0.102514277399 0.0889861091203 0.103035616123 0.116745979002
Herato20 Herato2001 12475001.0 12475000.0 0.08159682251 0.074678587042 0.080686646868 0.09018344298
Herato20 Herato2001 12525001.0 12525000.0 0.053233336324 0.0461839539192 0.0528239340242 0.062670372851
Herato20 Herato2001 12575001.0 12575000.0 0.06149589732 0.0521976444743 0.0611097258676 0.073608183304
Herato20 Herato2001 12625001.0 12625000.0 0.0377865006676 0.0334496786714 0.0378150803394 0.0429709446012
Herato20 Herato2001 12675001.0 12675000.0 0.066606321747 0.0607593274371 0.0665812203064 0.0725129926506
Herato20 Herato2001 12725001.0 12725000.0 0.0548865973 0.05088699599 0.054530596234 0.06054509582
Herato20 Herato2001 12775001.0 12775000.0 0.00805234661532 0.00665169178223 0.00798651948984 0.0098107735132
Herato20 Herato2001 12825001.0 12825000.0 0.008056039424 0.00717546515113 0.00808053042352 0.0089152960286
Herato20 Herato2001 12875001.0 12875000.0 0.0240552577398 0.0209967715778 0.023721835322 0.0277342084374
Herato20 Herato2001 12925001.0 12925000.0 0.065247365326 0.0573083997633 0.0649821859632 0.075062096242
Herato20 Herato2001 12975001.0 12975000.0 0.02359106539 0.0187155430327 0.0234318241222 0.03050455094
Herato20 Herato2001 13025001.0 13025000.0 0.0506158711742 0.044650835243 0.0499761352794 0.057611345842
Herato20 Herato2001 13075001.0 13075000.0 0.034261967016 0.028521704244 0.03379790007 0.042055072894
Herato20 Herato2001 13125001.0 13125000.0 0.043430032319 0.0365353659336 0.0431419431221 0.0528071482656
Herato20 Herato2001 13175001.0 13175000.0 0.078118166034 0.0737515356492 0.078141752784 0.083238094572
Herato20 Herato2001 13225001.0 13225000.0 0.079272382748 0.06940133981 0.078957490438 0.092357145812
Herato20 Herato2001 13275001.0 13275000.0 0.052386538232 0.047723115546 0.052184229864 0.059013406516
Herato20 Herato2001 13325001.0 13325000.0 0.059805475714 0.05764458268 0.05975626939 0.06212753368
Herato20 Herato2001 13375001.0 13375000.0 0.06633453262 0.06346893544 0.0664008536 0.06953945968
Herato20 Herato2001 13425001.0 13425000.0 0.094692052454 0.076712605728 0.093783654362 0.11795368542
Herato20 Herato2001 13475001.0 13475000.0 0.095789870574 0.0851303564982 0.094924500882 0.109648380866
Herato20 Herato2001 13525001.0 13525000.0 0.06981711744 0.0645834878 0.06930619744 0.0775086554
Herato20 Herato2001 13575001.0 13575000.0 0.06333595428 0.057386924468 0.06281117621 0.07108589348
Herato20 Herato2001 13625001.0 13625000.0 0.050708777632 0.0389365514574 0.0512325179088 0.062279806674
Herato20 Herato2001 13675001.0 13675000.0 0.0328927429082 0.0292402930042 0.0328691575578 0.0372414326048
Herato20 Herato2001 13725001.0 13725000.0 0.0250683589154 0.0198410437758 0.0240211716672 0.0325554733742
Herato20 Herato2001 13775001.0 13775000.0 0.04623256144 0.040721745742 0.045825988376 0.053218616362
Herato20 Herato2001 13825001.0 13825000.0 0.033919532582 0.029917673246 0.033898787608 0.03918263402
Herato20 Herato2001 13875001.0 13875000.0 0.0498880560726 0.0359531711606 0.047947970632 0.0727852834154
Herato20 Herato2001 13925001.0 13925000.0 0.0360830840494 0.0281421368683 0.034895451315 0.049681093324
Herato20 Herato2001 13975001.0 13975000.0 0.0523326629418 0.0455364461019 0.0523559551445 0.0602088370787
Herato20 Herato2001 14025001.0 14025000.0 0.0598126034818 0.0486316958526 0.0598753818804 0.070011691756
Herato20 Herato2001 14075001.0 14075000.0 0.035604987432 0.0322403497568 0.035638360884 0.038993404768
Herato20 Herato2001 14125001.0 14125000.0 0.0316199778688 0.0223491912849 0.0305836228948 0.0469586194102
Herato20 Herato2001 14175001.0 14175000.0 0.066732990316 0.0575257382 0.06745478763 0.075126714488
Herato20 Herato2001 14225001.0 14225000.0 0.0581606308262 0.0502395636082 0.0580988890756 0.068182688998
Herato20 Herato2001 14275001.0 14275000.0 0.05801392356 0.05378387496 0.05760263418 0.06343832594
Herato20 Herato2001 14325001.0 14325000.0 0.057565648058 0.0507763268 0.057672639326 0.064544556662
Herato20 Herato2001 14375001.0 14375000.0 0.04984892955 0.0438603316625 0.0490113082144 0.0607275249106
Herato20 Herato2001 14425001.0 14425000.0 0.095524314882 0.079783201858 0.095585923374 0.11024860007
Herato20 Herato2001 14475001.0 14475000.0 0.083006641934 0.079540478436 0.082673458046 0.087478649802
Herato20 Herato2001 14525001.0 14525000.0 0.105140317623 0.100065048945 0.104700366679 0.11173126061
Herato20 Herato2001 14575001.0 14575000.0 0.10322343232 0.09786101714 0.1027787898 0.10931911282
Herato20 Herato2001 14625001.0 14625000.0 0.065595071783 0.0443979121919 0.0566697553022 0.126538340199
Herato20 Herato2001 14675001.0 14675000.0 0.038123122826 0.03411821152 0.03790503955 0.046008426154
Herato20 Herato2001 14725001.0 14725000.0 0.03338363348 0.03066214922 0.0333381205 0.03883023246
Herato20 Herato2001 14775001.0 14775000.0 0.069734415872 0.0526217245354 0.067473885116 0.094422757958
Herato20 Herato2001 14825001.0 14825000.0 0.0609478668 0.051830154464 0.06122122956 0.0675806471
Herato20 Herato2001 14875001.0 14875000.0 0.045137087926 0.034682349419 0.0440981009268 0.061425615754
Herato20 Herato2001 14925001.0 14925000.0 0.052131825784 0.047241176082 0.051946029684 0.057585679526
Herato20 Herato2001 14975001.0 14975000.0 0.057765844148 0.0476569641965 0.0568831649766 0.0713857151072
Herato20 Herato2001 15025001.0 15025000.0 0.037913925538 0.0316660817474 0.03786495277 0.044684919494
Herato20 Herato2001 15075001.0 15075000.0 0.067391774462 0.0522316267954 0.0660483272845 0.090954546709
Herato20 Herato2001 15125001.0 15125000.0 0.0206316625133 0.0178009442343 0.0204972146182 0.0247577894262
Herato20 Herato2001 15175001.0 15175000.0 0.0530411454397 0.0398442625094 0.0514219571227 0.0770532020134
Herato20 Herato2001 15225001.0 15225000.0 0.034663077382 0.032823781884 0.034669774972 0.036717486504
Herato20 Herato2001 15275001.0 15275000.0 0.06389813016 0.05075163964 0.06235789984 0.08884408082
Herato20 Herato2001 15325001.0 15325000.0 0.046012730856 0.040250586698 0.045096783702 0.05338401436
Herato20 Herato2001 15375001.0 15375000.0 0.061184393856 0.0513416602291 0.061245162004 0.069351699984
Herato20 Herato2001 15425001.0 15425000.0 0.045995047032 0.0392978361816 0.04626316243 0.054075293782
Herato20 Herato2001 15475001.0 15475000.0 0.055180030938 0.050194442548 0.054878774906 0.061759458694
Herato20 Herato2001 15525001.0 15525000.0 0.044219398582 0.0370710505284 0.044507204828 0.053014040004
Herato20 Herato2001 15575001.0 15575000.0 0.0350226650625 0.0302820460059 0.034660448281 0.0417380213908
Herato20 Herato2001 15625001.0 15625000.0 0.0718707761423 0.0629810216606 0.0720472394993 0.0811518292508
Herato20 Herato2001 15675001.0 15675000.0 0.057583598994 0.0511201706154 0.057420937742 0.064646166822
Herato20 Herato2001 15725001.0 15725000.0 0.05466711534 0.0434260027825 0.053690048622 0.071496926032
Herato20 Herato2001 15775001.0 15775000.0 0.0309570823228 0.0277704672001 0.030951563505 0.034182909374
Herato20 Herato2001 15825001.0 15825000.0 0.045919196204 0.038915488532 0.0458910432696 0.0539561573244
Herato20 Herato2001 15875001.0 15875000.0 0.0403993137914 0.035482025294 0.0403254662986 0.0455522748168
Herato20 Herato2001 15925001.0 15925000.0 0.0585109538148 0.050759451316 0.0580517836102 0.067262813356
Herato20 Herato2001 15975001.0 15975000.0 0.0301563908916 0.0264861030201 0.0301557759968 0.0341788970908
Herato20 Herato2001 16025001.0 16025000.0 0.0199361224075 0.0123375489448 0.0193479807298 0.0317621144146
Herato20 Herato2001 16075001.0 16075000.0 0.033691208594 0.022379331338 0.032365243652 0.053189744992
Herato20 Herato2001 16125001.0 16125000.0 0.0366945481652 0.028475208614 0.036239631214 0.047772140654
Herato20 Herato2001 16175001.0 16175000.0 0.038148656377 0.0344580602751 0.0380086776312 0.042600154382
Herato20 Herato2001 16225001.0 16225000.0 0.031168304312 0.0220057674456 0.030084005024 0.047181344558
Herato20 Herato2001 16275001.0 16275000.0 0.0617887816612 0.0313152116874 0.0601399598202 0.105702225152
Herato20 Herato2001 16325001.0 16325000.0 0.0230613208466 0.0188019699555 0.0225172761558 0.0301395170512
Herato20 Herato2001 16375001.0 16375000.0 0.06361581153 0.048716174952 0.063737993598 0.079976840414
Herato20 Herato2001 16425001.0 16425000.0 0.0432567329077 0.0391940727432 0.043374293076 0.0466166782984
Herato20 Herato2001 16475001.0 16475000.0 0.0718706130708 0.0669502817964 0.0717528189764 0.0781846846698
Herato20 Herato2001 16525001.0 16525000.0 0.062968157004 0.06013394702 0.062595057622 0.067228648706
Herato20 Herato2001 16575001.0 16575000.0 0.08742854972 0.082767593548 0.087220637412 0.093165881016
Herato20 Herato2001 16625001.0 16625000.0 0.085471973034 0.07708099988 0.084930515574 0.09458788366
Herato20 Herato2001 16675001.0 16675000.0 0.07641663856 0.07120918412 0.07625151536 0.08208924316
Herato20 Herato2001 16725001.0 16725000.0 0.104750080826 0.090279633752 0.104811512358 0.119944812954
Herato20 Herato2001 16775001.0 16775000.0 0.06933148412 0.06362685118 0.06922489602 0.07564128602
Herato20 Herato2001 16825001.0 16825000.0 0.058316105036 0.051992515186 0.058100842792 0.065151057026
Herato20 Herato2001 16875001.0 16875000.0 0.0660961292838 0.0588058363218 0.0656894271814 0.0747107127538
Herato20 Herato2001 16925001.0 16925000.0 0.075113578054 0.0683557661213 0.0747213153482 0.083508466366
Herato20 Herato2001 16975001.0 16975000.0 0.0481283519278 0.0403211818762 0.0458886242465 0.0710043451744
Herato20 Herato2001 17025001.0 17025000.0 0.049480971872 0.044454067938 0.049322959236 0.05555306638
Herato20 Herato2001 17075001.0 17075000.0 0.0611082922401 0.0573303048224 0.0608758477949 0.0652153014856
Herato20 Herato2001 17125001.0 17125000.0 0.0575506621 0.05370536684 0.05730428894 0.0627186852
Herato20 Herato2001 17175001.0 17175000.0 0.059663591012 0.05583644916 0.059403829754 0.063541711502
Herato20 Herato2001 17225001.0 17225000.0 0.06435047493 0.056470973296 0.063114838236 0.073081271456
Herato20 Herato2001 17275001.0 17275000.0 0.066577178556 0.0572102429066 0.065679377882 0.079558220546
Herato20 Herato2001 17325001.0 17325000.0 0.050034193464 0.0428354253724 0.0487522399874 0.060965026363
Herato20 Herato2001 17375001.0 17375000.0 0.0407101435144 0.0371195705757 0.040805284632 0.044360472532
Herato20 Herato2001 17425001.0 17425000.0 0.0442906587298 0.0406164340842 0.0443346364646 0.048064220214
Herato20 Herato2001 17475001.0 17475000.0 0.0603144516134 0.0512705324108 0.0600668019142 0.071896076034
Herato20 Herato2001 17525001.0 17525000.0 0.057050289144 0.049180751538 0.05705916406 0.0642711228
Herato20 Herato2001 17575001.0 17575000.0 0.0569728627832 0.0526492526411 0.0568402578142 0.061924749984
Herato20 Herato2001 17625001.0 17625000.0 0.0608321114432 0.0519218160418 0.0605888904792 0.0721889097218
Herato20 Herato2001 17675001.0 17675000.0 0.07079872866 0.06283739272 0.0706216793 0.07894539132
Herato20 Herato2001 17725001.0 17725000.0 0.086330890368 0.077093176456 0.08496945474 0.098889648902
Herato20 Herato2001 17775001.0 17775000.0 0.07202021222 0.065424681662 0.071889897436 0.079415560926
Herato20 Herato2001 17825001.0 17825000.0 0.061961706802 0.0580276917476 0.061618552058 0.067159883998
Herato20 Herato2001 17875001.0 17875000.0 0.05258915835 0.049095687848 0.05229032602 0.05744745093
Herato20 Herato2001 17925001.0 17925000.0 0.06910571998 0.0566676667918 0.069254940348 0.08490887139
Herato20 Herato2001 17975001.0 17975000.0 0.0575110917476 0.0479885187268 0.0573432459616 0.067790068268
Herato20 Herato2001 18025001.0 18025000.0 0.07053108206 0.059249093868 0.069497492684 0.085487538044
Herato20 Herato2001 18075001.0 18075000.0 0.0349732779307 0.0262638326552 0.0339784153548 0.049003290344
Herato20 Herato2001 18125001.0 18125000.0 0.049427271528 0.04687577695 0.04949276081 0.052397380316
Herato20 Herato2001 18175001.0 18175000.0 0.101469405354 0.0763542568186 0.0982442856246 0.1402706229
Herato20 Herato2001 18225001.0 18225000.0 0.05563550084 0.0507743244543 0.0557049794166 0.0600254039876
Herato20 Herato2001 18275001.0 18275000.0 0.0360110618968 0.0283815572554 0.0352058350356 0.048462394046
Herato20 Herato2001 18325001.0 18325000.0 0.06894005581 0.054581038418 0.068931879756 0.084463935032
Herato20 Herato2001 18375001.0 18375000.0 0.051994736 0.0453371486146 0.0515910160568 0.061627561164
Herato20 Herato2001 18425001.0 18425000.0 0.0359972899186 0.0244382935063 0.0339833119914 0.0622089421502
Herato20 Herato2001 18475001.0 18475000.0 0.0393765204424 0.0356197604932 0.0391691361684 0.0448994672068
Herato20 Herato2001 18525001.0 18525000.0 0.054865513014 0.04744028989 0.054566240578 0.063452282456
Herato20 Herato2001 18575001.0 18575000.0 0.03694277619 0.03350625933 0.036804845314 0.040428385912
Herato20 Herato2001 18625001.0 18625000.0 0.065390365578 0.055458618024 0.065773696786 0.079127635762
Herato20 Herato2001 18675001.0 18675000.0 0.0641189566 0.0605829860574 0.064610225215 0.067853123971
Herato20 Herato2001 18725001.0 18725000.0 0.058565148684 0.0555986384942 0.058705984784 0.061269549752
Herato20 Herato2001 18775001.0 18775000.0 0.063622429968 0.055976865246 0.062736372454 0.07380163719
Herato20 Herato2001 18825001.0 18825000.0 0.067961433666 0.04940351823 0.070709209942 0.09074769794
Herato20 Herato2001 18875001.0 18875000.0 0.0420673974627 0.0263484808806 0.0412223159172 0.0670769143202
Herato20 Herato2001 18925001.0 18925000.0 0.0446892653018 0.0214781701385 0.0276485039598 0.103245525845
Herato20 Herato2001 18975001.0 18975000.0 0.03123585122 0.028452357992 0.031096317056 0.03452465396
Herato20 Herato2001 19025001.0 19025000.0 0.028113378108 0.0195005163057 0.0276622924146 0.039423443036
Herato20 Herato2001 19075001.0 19075000.0 0.0401823244326 0.0336976754076 0.0396661827168 0.0483830628186
Herato20 Herato2001 19125001.0 19125000.0 0.0446119371976 0.0385398222834 0.0447647322832 0.051086047756
Herato20 Herato2001 19175001.0 19175000.0 0.0674825063668 0.0558275376007 0.0665324681312 0.084197302686
Herato20 Herato2001 19225001.0 19225000.0 0.0998235073216 0.0327534887146 0.0923615388645 0.230061800943
Herato20 Herato2001 19275001.0 19275000.0 0.05075020362 0.043723978 0.04986370146 0.06113793276
