chrom scaffold Cposition position mean p0025 p0500 p0975
Herato21 Herato2101 25001.0 25000.0 0.0120699961965 0.00871133796208 0.011854167836 0.0166312941402
Herato21 Herato2101 75001.0 75000.0 0.044087053814 0.036808126458 0.043804483874 0.05265142709
Herato21 Herato2101 125001.0 125000.0 0.0208238793124 0.0182338599688 0.0208145962712 0.023777536158
Herato21 Herato2101 175001.0 175000.0 0.00736198433542 0.00657370241041 0.00734826372796 0.00820449549822
Herato21 Herato2101 225001.0 225000.0 0.0149441367396 0.0138873050209 0.0149983561575 0.0161202669664
Herato21 Herato2101 275001.0 275000.0 0.044660849638 0.04148754222 0.044450673768 0.048773658532
Herato21 Herato2101 325001.0 325000.0 0.0535114973 0.0463615964323 0.0533509206772 0.0608493230672
Herato21 Herato2101 375001.0 375000.0 0.0382422385292 0.0336705424144 0.0381892578899 0.0423459844064
Herato21 Herato2101 425001.0 425000.0 0.0233394382824 0.0219097376368 0.0232548002052 0.0248553972676
Herato21 Herato2101 475001.0 475000.0 0.0223341099049 0.0184786184242 0.0221272136319 0.0274598166368
Herato21 Herato2101 525001.0 525000.0 0.0326132532548 0.0293957693858 0.0325079511425 0.0360391378931
Herato21 Herato2101 575001.0 575000.0 0.0351418448246 0.0324571006349 0.0350611826696 0.03803095768
Herato21 Herato2101 625001.0 625000.0 0.0318649684668 0.0279155798221 0.0316730741686 0.0366362044832
Herato21 Herato2101 675001.0 675000.0 0.0442279281964 0.040070362339 0.0442808550542 0.04909652738
Herato21 Herato2101 725001.0 725000.0 0.04345641538 0.038675330166 0.043534698166 0.04749366403
Herato21 Herato2101 775001.0 775000.0 0.021195654502 0.0171037902688 0.0214372451384 0.025751535796
Herato21 Herato2101 825001.0 825000.0 0.0242737315702 0.0194694501807 0.024096906088 0.029448451779
Herato21 Herato2101 875001.0 875000.0 0.00974097040572 0.00858981816901 0.00970388740194 0.0110418228277
Herato21 Herato2101 925001.0 925000.0 0.0493069322438 0.0406089887401 0.0488452394072 0.0603276630876
Herato21 Herato2101 975001.0 975000.0 0.04807745018 0.04482090021 0.04808969382 0.05151238894
Herato21 Herato2101 1025001.0 1025000.0 0.062965659898 0.05662409842 0.062745764144 0.07136228276
Herato21 Herato2101 1075001.0 1075000.0 0.0504737897114 0.0434068757814 0.0501486318348 0.0592292407652
Herato21 Herato2101 1125001.0 1125000.0 0.039932320424 0.035573782836 0.039629714964 0.046901838792
Herato21 Herato2101 1175001.0 1175000.0 0.048658375588 0.0433155280854 0.048238258416 0.055462923056
Herato21 Herato2101 1225001.0 1225000.0 0.06244792 0.0590826134 0.06279266404 0.06490262806
Herato21 Herato2101 1275001.0 1275000.0 0.07249377028 0.06986875068 0.07249207104 0.0744298632
Herato21 Herato2101 1325001.0 1325000.0 0.05145905828 0.04864570092 0.0515265864 0.05404613584
Herato21 Herato2101 1375001.0 1375000.0 0.0232311287228 0.0216642414509 0.0232399380525 0.024779594184
Herato21 Herato2101 1425001.0 1425000.0 0.025266722414 0.02311965384 0.025176080732 0.027642420264
Herato21 Herato2101 1475001.0 1475000.0 0.023038151734 0.019537877414 0.022687805604 0.029982292782
Herato21 Herato2101 1525001.0 1525000.0 0.033748735216 0.031497265471 0.033554599888 0.03663042731
Herato21 Herato2101 1575001.0 1575000.0 0.039898246532 0.03598611674 0.039664005908 0.04535709959
Herato21 Herato2101 1625001.0 1625000.0 0.04129970283 0.0364023145378 0.041180204518 0.046126457182
Herato21 Herato2101 1675001.0 1675000.0 0.029925048111 0.0273984093059 0.0298117721497 0.0337934802984
Herato21 Herato2101 1725001.0 1725000.0 0.0375964377057 0.0351063761432 0.037488276165 0.0405586956334
Herato21 Herato2101 1775001.0 1775000.0 0.0283322422833 0.0257413425266 0.0281879740334 0.0316547682612
Herato21 Herato2101 1825001.0 1825000.0 0.0237367493112 0.0212250289914 0.0236931258114 0.026677317193
Herato21 Herato2101 1875001.0 1875000.0 0.010232175144 0.009591289564 0.010200359404 0.010872542424
Herato21 Herato2101 1925001.0 1925000.0 0.0267209670442 0.0247637469682 0.0266304968956 0.028769033425
Herato21 Herato2101 1975001.0 1975000.0 0.0303321214914 0.0276855533822 0.0301986445842 0.0341102059234
Herato21 Herato2101 2025001.0 2025000.0 0.024595890764 0.023158418916 0.0246257445 0.026030970646
Herato21 Herato2101 2075001.0 2075000.0 0.036322838262 0.034724071608 0.03637816875 0.037696173824
Herato21 Herato2101 2125001.0 2125000.0 0.045562561902 0.04110711879 0.043754590442 0.055547356962
Herato21 Herato2101 2175001.0 2175000.0 0.0356674954286 0.0318459188082 0.0356574582726 0.0394269409266
Herato21 Herato2101 2225001.0 2225000.0 0.0206966653524 0.0181627857313 0.0207118946852 0.0239055094512
Herato21 Herato2101 2275001.0 2275000.0 0.0166859805175 0.015132816773 0.016666202606 0.0184655575522
Herato21 Herato2101 2325001.0 2325000.0 0.0281943037794 0.025771696681 0.0280413059598 0.030978919234
Herato21 Herato2101 2375001.0 2375000.0 0.015927922989 0.0129713367016 0.015914351677 0.019128358454
Herato21 Herato2101 2425001.0 2425000.0 0.0243965141466 0.0220821549332 0.0243151896192 0.027034339466
Herato21 Herato2101 2475001.0 2475000.0 0.025250184526 0.023528883276 0.025137713088 0.027440840488
Herato21 Herato2101 2525001.0 2525000.0 0.027105827386 0.025380805178 0.027030719174 0.029199552404
Herato21 Herato2101 2575001.0 2575000.0 0.010724576022 0.0091114232958 0.0106030981702 0.012757770472
Herato21 Herato2101 2625001.0 2625000.0 0.0583189244001 0.0221015792627 0.0524144416584 0.132915858638
Herato21 Herato2101 2675001.0 2675000.0 0.02892964451 0.025129506684 0.0288822289768 0.03343286277
Herato21 Herato2101 2725001.0 2725000.0 0.025128615766 0.02181212182 0.025097448976 0.028697955942
Herato21 Herato2101 2775001.0 2775000.0 0.0384882261221 0.0318788544931 0.0353592560665 0.0521838263652
Herato21 Herato2101 2825001.0 2825000.0 0.042780579912 0.040009348091 0.042730804542 0.045140421114
Herato21 Herato2101 2875001.0 2875000.0 0.03781772282 0.034068092956 0.03742981764 0.043697408132
Herato21 Herato2101 2925001.0 2925000.0 0.041686653836 0.0388148614203 0.0415129780991 0.0448046818564
Herato21 Herato2101 2975001.0 2975000.0 0.0409352334024 0.0369637789627 0.040567813749 0.0458419703948
Herato21 Herato2101 3025001.0 3025000.0 0.03928465706 0.03707687107 0.03906129031 0.042830900612
Herato21 Herato2101 3075001.0 3075000.0 0.03568221303 0.02995561949 0.035783783114 0.04030398752
Herato21 Herato2101 3125001.0 3125000.0 0.061753501892 0.047241536884 0.060634672518 0.081574220318
Herato21 Herato2101 3175001.0 3175000.0 0.0291590406837 0.0267001534305 0.0290313110971 0.0318488480345
Herato21 Herato2101 3225001.0 3225000.0 0.060837875279 0.046870363178 0.058759918168 0.077198741765
Herato21 Herato2101 3275001.0 3275000.0 0.04055556825 0.03835638531 0.040671150916 0.04315935075
Herato21 Herato2101 3325001.0 3325000.0 0.056342552962 0.04967001149 0.056658941884 0.062147906236
Herato21 Herato2101 3375001.0 3375000.0 0.05266174368 0.044259111082 0.05314589351 0.05957137524
Herato21 Herato2101 3425001.0 3425000.0 0.103468993134 0.0734912309479 0.0995162556063 0.147734137582
Herato21 Herato2101 3475001.0 3475000.0 0.064428954036 0.056218376879 0.064159221058 0.073927263116
Herato21 Herato2101 3525001.0 3525000.0 0.07182803858 0.06722597906 0.07199290116 0.07725642584
Herato21 Herato2101 3575001.0 3575000.0 0.041556640726 0.03654846717 0.041525193064 0.047558457142
Herato21 Herato2101 3625001.0 3625000.0 0.0379223418898 0.0343529062944 0.0375545205214 0.0419281654308
Herato21 Herato2101 3675001.0 3675000.0 0.049468427778 0.045440715207 0.0495639330652 0.053364809332
Herato21 Herato2101 3725001.0 3725000.0 0.0421959000678 0.037412091958 0.0419804851524 0.0485311112514
Herato21 Herato2101 3775001.0 3775000.0 0.05004552236 0.0455850883984 0.0501050591498 0.053699241698
Herato21 Herato2101 3825001.0 3825000.0 0.0431970742359 0.0380599567995 0.0428716714877 0.0503344515692
Herato21 Herato2101 3875001.0 3875000.0 0.047153867721 0.0439943651913 0.0471850750956 0.051110468699
Herato21 Herato2101 3925001.0 3925000.0 0.055355669792 0.0516739683448 0.0555178128806 0.058812620324
Herato21 Herato2101 3975001.0 3975000.0 0.050459350052 0.04571027669 0.050257006456 0.055847919036
Herato21 Herato2101 4025001.0 4025000.0 0.046067844832 0.043720233572 0.046014219824 0.04876775366
Herato21 Herato2101 4075001.0 4075000.0 0.044428886638 0.041201618548 0.044314457812 0.047590397424
Herato21 Herato2101 4125001.0 4125000.0 0.040389187612 0.037566739216 0.040064435434 0.044226012648
Herato21 Herato2101 4175001.0 4175000.0 0.0241022197352 0.0183978591455 0.0236154772359 0.0326345265632
Herato21 Herato2101 4225001.0 4225000.0 0.015597098639 0.0137782777439 0.015592136816 0.0176410739516
Herato21 Herato2101 4275001.0 4275000.0 0.0478707496984 0.0430291733207 0.047737567373 0.0540043758806
Herato21 Herato2101 4325001.0 4325000.0 0.039550808632 0.033390856726 0.03953342616 0.045551761912
Herato21 Herato2101 4375001.0 4375000.0 0.049440182324 0.046146575616 0.049535809852 0.052470033546
Herato21 Herato2101 4425001.0 4425000.0 0.0409197261342 0.0370202943615 0.0407461407315 0.0448935273062
Herato21 Herato2101 4475001.0 4475000.0 0.0228963892474 0.020071599915 0.022852361142 0.0260914663476
Herato21 Herato2101 4525001.0 4525000.0 0.0286574589046 0.0254295271699 0.0284598224186 0.0328673338867
Herato21 Herato2101 4575001.0 4575000.0 0.0449263484176 0.0368754236202 0.0442916485552 0.055918688786
Herato21 Herato2101 4625001.0 4625000.0 0.039722540602 0.038408347018 0.03964049392 0.041520977156
Herato21 Herato2101 4675001.0 4675000.0 0.038207226788 0.0331575009824 0.038351304428 0.044612471576
Herato21 Herato2101 4725001.0 4725000.0 0.0291323953102 0.0277463914149 0.0290594982052 0.0308467720184
Herato21 Herato2101 4775001.0 4775000.0 0.031464659546 0.02827193386 0.031203335708 0.035675227994
Herato21 Herato2101 4825001.0 4825000.0 0.033569854442 0.0297977013495 0.0332020533464 0.039419379344
Herato21 Herato2101 4875001.0 4875000.0 0.0408954276 0.03788907172 0.0408815692 0.04409210956
Herato21 Herato2101 4925001.0 4925000.0 0.0114395990366 0.0101055736554 0.0113295100892 0.013233646194
Herato21 Herato2101 4975001.0 4975000.0 0.017429497134 0.015812645442 0.017494825708 0.019093606186
Herato21 Herato2101 5025001.0 5025000.0 0.02613608602 0.02394763435 0.026142758072 0.028399493468
Herato21 Herato2101 5075001.0 5075000.0 0.0320130436016 0.0287314629478 0.0317058871148 0.0369053800344
Herato21 Herato2101 5125001.0 5125000.0 0.037527356404 0.032163379782 0.037473533994 0.043347937768
Herato21 Herato2101 5175001.0 5175000.0 0.026212212598 0.025081097082 0.026178089664 0.027472458192
Herato21 Herato2101 5225001.0 5225000.0 0.04448955794 0.04374671482 0.04436680976 0.04545496652
Herato21 Herato2101 5275001.0 5275000.0 0.03861624644 0.03531698262 0.03863889108 0.04137220492
Herato21 Herato2101 5325001.0 5325000.0 0.050463006488 0.045584213876 0.050214786456 0.055947998026
Herato21 Herato2101 5375001.0 5375000.0 0.03873895875 0.0366735451612 0.038692528992 0.040698602232
Herato21 Herato2101 5425001.0 5425000.0 0.057034983816 0.0530141042118 0.056402549378 0.062618693828
Herato21 Herato2101 5475001.0 5475000.0 0.042140129782 0.0384503779849 0.0420227757329 0.046023602798
Herato21 Herato2101 5525001.0 5525000.0 0.0336253252436 0.0300625861494 0.0335320586754 0.037503033928
Herato21 Herato2101 5575001.0 5575000.0 0.034248356822 0.031352366622 0.034262021248 0.03777175767
Herato21 Herato2101 5625001.0 5625000.0 0.037764273638 0.033881735674 0.037649501768 0.042576669328
Herato21 Herato2101 5675001.0 5675000.0 0.03198020444 0.02900696866 0.03203681438 0.03533061744
Herato21 Herato2101 5725001.0 5725000.0 0.0311213331408 0.0255517105766 0.0297081521276 0.0395239788036
Herato21 Herato2101 5775001.0 5775000.0 0.0264288516834 0.0203622797426 0.0259748709018 0.0348585300482
Herato21 Herato2101 5825001.0 5825000.0 0.0222579738182 0.0185490010099 0.022283261227 0.0266171466156
Herato21 Herato2101 5875001.0 5875000.0 0.029966847659 0.0274760524102 0.0300035388028 0.032800810858
Herato21 Herato2101 5925001.0 5925000.0 0.0348300216356 0.0283754369057 0.0344316797908 0.0427566012756
Herato21 Herato2101 5975001.0 5975000.0 0.0202193458484 0.0185811491092 0.0201923420646 0.0218269595824
Herato21 Herato2101 6025001.0 6025000.0 0.017270296236 0.0163221703922 0.0172208204586 0.018381647124
Herato21 Herato2101 6075001.0 6075000.0 0.023029589058 0.020957696874 0.022936467348 0.025591362972
Herato21 Herato2101 6125001.0 6125000.0 0.0195714215676 0.0177694458764 0.0195866652356 0.0214650223752
Herato21 Herato2101 6175001.0 6175000.0 0.0080900158692 0.0065791921974 0.0081061156514 0.0100598707298
Herato21 Herato2101 6225001.0 6225000.0 0.0165138742064 0.0142550603196 0.016482434421 0.01899536925
Herato21 Herato2101 6275001.0 6275000.0 0.0162736435161 0.0145189882446 0.0161866445802 0.0181884315192
Herato21 Herato2101 6325001.0 6325000.0 0.0154039912214 0.0134393257512 0.0153440749292 0.0177031796568
Herato21 Herato2101 6375001.0 6375000.0 0.041095826144 0.019711074332 0.04031756379 0.066264196376
Herato21 Herato2101 6425001.0 6425000.0 0.013274433516 0.011672389476 0.013165941022 0.015237055908
Herato21 Herato2101 6475001.0 6475000.0 0.010106449632 0.0090656017442 0.010125888866 0.011107554898
Herato21 Herato2101 6525001.0 6525000.0 0.01521492671 0.013116310766 0.015173650994 0.017892849376
Herato21 Herato2101 6575001.0 6575000.0 0.00997122274834 0.00831070554923 0.00992703802594 0.0118880603294
Herato21 Herato2101 6625001.0 6625000.0 0.0146262403177 0.012078792883 0.0145415244474 0.0179331083617
Herato21 Herato2101 6675001.0 6675000.0 0.012827812984 0.0117432705498 0.012794941584 0.0141134654216
Herato21 Herato2101 6725001.0 6725000.0 0.009252957516 0.00819123844924 0.0092286764056 0.0103623398678
Herato21 Herato2101 6775001.0 6775000.0 0.0171436966087 0.0157113997678 0.0171422684485 0.0184866464634
Herato21 Herato2101 6825001.0 6825000.0 0.0215287311967 0.0195230859273 0.0214988437823 0.0232155936124
Herato21 Herato2101 6875001.0 6875000.0 0.0285991980453 0.0183511171507 0.0270263816717 0.0486924708978
Herato21 Herato2101 6925001.0 6925000.0 0.0266241678324 0.0238904368758 0.026668396742 0.0295395441136
Herato21 Herato2101 6975001.0 6975000.0 0.0133815355633 0.0125552574544 0.0132672480501 0.0144396286799
Herato21 Herato2101 7025001.0 7025000.0 0.007199257615 0.0048281132362 0.0071167153982 0.0105162608626
Herato21 Herato2101 7075001.0 7075000.0 0.00998461990566 0.00837468297855 0.00988445662534 0.0120743845738
Herato21 Herato2101 7125001.0 7125000.0 0.0109066958396 0.0101337973457 0.0108960722652 0.0116867425776
Herato21 Herato2101 7175001.0 7175000.0 0.041377721368 0.028130534546 0.041089045322 0.056204410582
Herato21 Herato2101 7225001.0 7225000.0 0.0521460806652 0.024795397733 0.0497730622348 0.0931249419788
Herato21 Herato2101 7275001.0 7275000.0 0.0390801532282 0.0360731277268 0.0388808186293 0.043081385718
Herato21 Herato2101 7325001.0 7325000.0 0.0236903064228 0.0205486323326 0.0235182458902 0.0277084417
Herato21 Herato2101 7375001.0 7375000.0 0.021557116472 0.0191672093435 0.0211613308864 0.025831116262
Herato21 Herato2101 7425001.0 7425000.0 0.0512972013551 0.0461606392326 0.0507701118478 0.0583480409074
Herato21 Herato2101 7475001.0 7475000.0 0.06014017884 0.056698918178 0.060166039672 0.06392655811
Herato21 Herato2101 7525001.0 7525000.0 0.0412440897617 0.0368894774959 0.0410707790025 0.0458149466218
Herato21 Herato2101 7575001.0 7575000.0 0.039038516418 0.034345810576 0.038826870056 0.044300745854
Herato21 Herato2101 7625001.0 7625000.0 0.0372780188322 0.0335068143123 0.037276049463 0.0414843547008
Herato21 Herato2101 7675001.0 7675000.0 0.0500913790752 0.0390260444072 0.0493313918266 0.0665611848112
Herato21 Herato2101 7725001.0 7725000.0 0.0342488282401 0.0318903235438 0.0341856351242 0.0373335265242
Herato21 Herato2101 7775001.0 7775000.0 0.033684007752 0.030890384896 0.033615385176 0.03710895188
Herato21 Herato2101 7825001.0 7825000.0 0.0576360830472 0.0508308627138 0.057619184126 0.0651903805532
Herato21 Herato2101 7875001.0 7875000.0 0.0672503625324 0.060325513151 0.0669273776998 0.0754623191778
Herato21 Herato2101 7925001.0 7925000.0 0.0728717822823 0.066426903844 0.0729199917533 0.0798344787916
Herato21 Herato2101 7975001.0 7975000.0 0.07117751356 0.067276604682 0.07088252856 0.075458787
Herato21 Herato2101 8025001.0 8025000.0 0.05729175028 0.050810325454 0.056669599054 0.06566976496
Herato21 Herato2101 8075001.0 8075000.0 0.0633875021206 0.057900561365 0.0632533018015 0.0692539677872
Herato21 Herato2101 8125001.0 8125000.0 0.0581409825052 0.0486287372151 0.0587383839506 0.0704194126136
Herato21 Herato2101 8175001.0 8175000.0 0.0220335525014 0.0190877731158 0.0217134740248 0.02597672137
Herato21 Herato2101 8225001.0 8225000.0 0.041195088046 0.032431530546 0.04073371209 0.053336528122
Herato21 Herato2101 8275001.0 8275000.0 0.025002284436 0.0204798245605 0.0248588587202 0.0307740265514
Herato21 Herato2101 8325001.0 8325000.0 0.0350206567002 0.0250129819633 0.033579259149 0.0520378456004
Herato21 Herato2101 8375001.0 8375000.0 0.024928768132 0.0231602512 0.024899855634 0.02692459037
Herato21 Herato2101 8425001.0 8425000.0 0.021750866982 0.01941489265 0.021522074986 0.025318345802
Herato21 Herato2101 8475001.0 8475000.0 0.0100225401536 0.0089807544296 0.0099509293514 0.011450317724
Herato21 Herato2101 8525001.0 8525000.0 0.015801030286 0.0139372968012 0.015721601722 0.018241013446
Herato21 Herato2101 8575001.0 8575000.0 0.018055456518 0.0162254783203 0.018040265251 0.020017217748
Herato21 Herato2101 8625001.0 8625000.0 0.0386616302 0.03538590604 0.03858369082 0.04232546298
Herato21 Herato2101 8675001.0 8675000.0 0.031791042533 0.027250238959 0.0317736913154 0.037075326596
Herato21 Herato2101 8725001.0 8725000.0 0.036036377478 0.0300269514234 0.036011729286 0.043071363184
Herato21 Herato2101 8775001.0 8775000.0 0.02894057979 0.02579316532 0.028784943714 0.033940397978
Herato21 Herato2101 8825001.0 8825000.0 0.0283691114014 0.0263435160894 0.0283469540288 0.030450776664
Herato21 Herato2101 8875001.0 8875000.0 0.047853636312 0.041938794654 0.047568597086 0.054526727332
Herato21 Herato2101 8925001.0 8925000.0 0.071526952424 0.065220143726 0.07148223152 0.07795811686
Herato21 Herato2101 8975001.0 8975000.0 0.048171335096 0.041991025562 0.04845672295 0.054781829338
Herato21 Herato2101 9025001.0 9025000.0 0.031075069184 0.026075498714 0.031048563456 0.0371823277
Herato21 Herato2101 9075001.0 9075000.0 0.04422800562 0.039787594972 0.0438995586 0.05013922818
Herato21 Herato2101 9125001.0 9125000.0 0.066457497888 0.063020904352 0.06643024532 0.071157710188
Herato21 Herato2101 9175001.0 9175000.0 0.03731067054 0.034937918054 0.037369471564 0.040824510848
Herato21 Herato2101 9225001.0 9225000.0 0.02982008254 0.02631318162 0.02959395488 0.0344699521
Herato21 Herato2101 9275001.0 9275000.0 0.04010420834 0.0335648530672 0.039588372108 0.04776947662
Herato21 Herato2101 9325001.0 9325000.0 0.0246809557708 0.0198424286374 0.0251499607394 0.028993599326
Herato21 Herato2101 9375001.0 9375000.0 0.038075278167 0.0243306693495 0.0352526693254 0.0659880919448
Herato21 Herato2101 9425001.0 9425000.0 0.010602109148 0.0098836797888 0.010572550128 0.011488288972
Herato21 Herato2101 9475001.0 9475000.0 0.012848008612 0.010973994666 0.012796721304 0.015192758692
Herato21 Herato2101 9525001.0 9525000.0 0.005251140002 0.0044165083536 0.0053473012 0.006187675334
Herato21 Herato2101 9575001.0 9575000.0 0.0157033114883 0.00677860666918 0.0147161287455 0.0317376485401
Herato21 Herato2101 9625001.0 9625000.0 0.0130971802882 0.010978610965 0.0130161033102 0.0158572836414
Herato21 Herato2101 9675001.0 9675000.0 0.021414635774 0.0172543547161 0.021255575217 0.02763116387
Herato21 Herato2101 9725001.0 9725000.0 0.030434147656 0.023334819922 0.029642444802 0.041931616956
Herato21 Herato2101 9775001.0 9775000.0 0.0212182809416 0.0155516853665 0.0209300360227 0.0283983973332
Herato21 Herato2101 9825001.0 9825000.0 0.030841646046 0.0279329190944 0.030705391282 0.034345872202
Herato21 Herato2101 9875001.0 9875000.0 0.0243673804032 0.0217126144033 0.024388415331 0.02728299724
Herato21 Herato2101 9925001.0 9925000.0 0.0324931442426 0.0285214516706 0.0325434332466 0.036223217306
Herato21 Herato2101 9975001.0 9975000.0 0.016271899606 0.014394079708 0.016211230812 0.018462575116
Herato21 Herato2101 10025001.0 10025000.0 0.0253186082702 0.0160244387527 0.0242921246505 0.0418963076218
Herato21 Herato2101 10075001.0 10075000.0 0.032829616812 0.029385485758 0.03275539383 0.035984599686
Herato21 Herato2101 10125001.0 10125000.0 0.0161054612664 0.0124534041062 0.0160166884056 0.020113254422
Herato21 Herato2101 10175001.0 10175000.0 0.013863887756 0.012278677662 0.013799165514 0.01585426694
Herato21 Herato2101 10225001.0 10225000.0 0.037540366932 0.0243398558 0.03613881687 0.059847693582
Herato21 Herato2101 10275001.0 10275000.0 0.024000735446 0.016561949734 0.023406134782 0.036044049934
Herato21 Herato2101 10325001.0 10325000.0 0.016342401598 0.014909881768 0.01632651948 0.017937417406
Herato21 Herato2101 10375001.0 10375000.0 0.058230061664 0.037911274208 0.0549424308 0.088741593252
Herato21 Herato2101 10425001.0 10425000.0 0.0643856121098 0.0365544410041 0.06016770275 0.117949289397
Herato21 Herato2101 10475001.0 10475000.0 0.0187907893292 0.0167440465805 0.0186603007256 0.0214377203464
Herato21 Herato2101 10525001.0 10525000.0 0.0212649946578 0.0183276992881 0.020978126357 0.0261158787202
Herato21 Herato2101 10575001.0 10575000.0 0.023955033958 0.021486924446 0.02394237439 0.026296392806
Herato21 Herato2101 10625001.0 10625000.0 0.07920317666 0.0762381792 0.07864798082 0.08265350606
Herato21 Herato2101 10675001.0 10675000.0 0.065106427034 0.060742432086 0.064957648598 0.069903934726
Herato21 Herato2101 10725001.0 10725000.0 0.06733988571 0.0603228988116 0.066324207816 0.077493921744
Herato21 Herato2101 10775001.0 10775000.0 0.039734535688 0.035121909599 0.039453886762 0.045447722724
Herato21 Herato2101 10825001.0 10825000.0 0.05527239691 0.049299045252 0.054698196382 0.06423088581
Herato21 Herato2101 10875001.0 10875000.0 0.026723981276 0.023884368288 0.026482708662 0.030024662916
Herato21 Herato2101 10925001.0 10925000.0 0.07524649724 0.06015847456 0.07626561226 0.09324182628
Herato21 Herato2101 10975001.0 10975000.0 0.062470899 0.048988453136 0.062259991358 0.077566829706
Herato21 Herato2101 11025001.0 11025000.0 0.064422139322 0.058784083602 0.064063585602 0.070431829116
Herato21 Herato2101 11075001.0 11075000.0 0.080429698032 0.073586083742 0.079903142262 0.088615206496
Herato21 Herato2101 11125001.0 11125000.0 0.07862156294 0.071275168426 0.0778443393 0.0866341729
Herato21 Herato2101 11175001.0 11175000.0 0.070203506804 0.063955722509 0.0702975087234 0.07644765027
Herato21 Herato2101 11225001.0 11225000.0 0.0900666796382 0.0856286664792 0.090084850914 0.095647621992
Herato21 Herato2101 11275001.0 11275000.0 0.08430711566 0.07917833392 0.08404155828 0.08989275642
Herato21 Herato2101 11325001.0 11325000.0 0.074560781804 0.067997688112 0.074526525924 0.08056698202
Herato21 Herato2101 11375001.0 11375000.0 0.0364300889948 0.0339397802804 0.0363591735811 0.039367047942
Herato21 Herato2101 11425001.0 11425000.0 0.048544864972 0.044865909906 0.048317539044 0.053345761622
Herato21 Herato2101 11475001.0 11475000.0 0.0760736779 0.067687770472 0.07715429882 0.083836295
Herato21 Herato2101 11525001.0 11525000.0 0.03747689414 0.03558497962 0.0374571313 0.03967128574
Herato21 Herato2101 11575001.0 11575000.0 0.027561878592 0.02572814776 0.02756566422 0.02950721385
Herato21 Herato2101 11625001.0 11625000.0 0.0233785209706 0.0215626035094 0.0231959251282 0.025448169618
Herato21 Herato2101 11675001.0 11675000.0 0.024691730372 0.021151986491 0.024464769282 0.029728204198
Herato21 Herato2101 11725001.0 11725000.0 0.023574358112 0.020600437258 0.0233649125772 0.027208197856
Herato21 Herato2101 11775001.0 11775000.0 0.032796916 0.031522450908 0.032719176172 0.03465725286
Herato21 Herato2101 11825001.0 11825000.0 0.063208227484 0.060171857768 0.06339572332 0.06643520114
Herato21 Herato2101 11875001.0 11875000.0 0.0319214558334 0.0290201142076 0.0316154366594 0.0358750994108
Herato21 Herato2101 11925001.0 11925000.0 0.040794922534 0.036300534724 0.040752894966 0.04573254431
Herato21 Herato2101 11975001.0 11975000.0 0.0638804976244 0.0422293483237 0.061444243389 0.0980235014272
Herato21 Herato2101 12025001.0 12025000.0 0.0445664416 0.03886312286 0.04403572902 0.0520211033
Herato21 Herato2101 12075001.0 12075000.0 0.0919751957564 0.0589465533107 0.0880224517988 0.143717377371
Herato21 Herato2101 12125001.0 12125000.0 0.038685276646 0.036784795928 0.03861211678 0.041172574988
Herato21 Herato2101 12175001.0 12175000.0 0.07389876384 0.05542827952 0.0737080956 0.09655649736
Herato21 Herato2101 12225001.0 12225000.0 0.027664002324 0.02228480964 0.025764965662 0.036849897896
Herato21 Herato2101 12275001.0 12275000.0 0.048466945228 0.042061622499 0.048501254168 0.054944007202
Herato21 Herato2101 12325001.0 12325000.0 0.03015655518 0.0267686648366 0.0300035422298 0.0340489191676
Herato21 Herato2101 12375001.0 12375000.0 0.025891373392 0.024100175432 0.025942938182 0.02758336995
Herato21 Herato2101 12425001.0 12425000.0 0.03832435252 0.035884597918 0.03814011398 0.04081431296
Herato21 Herato2101 12475001.0 12475000.0 0.0443193826164 0.0395903184045 0.0440853933806 0.0507599536118
Herato21 Herato2101 12525001.0 12525000.0 0.056853654808 0.051463449862 0.056855180974 0.062439586344
Herato21 Herato2101 12575001.0 12575000.0 0.0562181948724 0.043449935605 0.0538232922186 0.0753251878548
Herato21 Herato2101 12625001.0 12625000.0 0.0413231098296 0.0381473163331 0.0414085946778 0.0451201154544
Herato21 Herato2101 12675001.0 12675000.0 0.07727523644 0.06931539703 0.07701020764 0.0900526213
Herato21 Herato2101 12725001.0 12725000.0 0.076189097968 0.069625040066 0.075833525952 0.08424344462
Herato21 Herato2101 12775001.0 12775000.0 0.069436296552 0.061581826054 0.0690918233736 0.0783050322516
Herato21 Herato2101 12825001.0 12825000.0 0.098743792445 0.0872201709716 0.0980731568409 0.113437769401
Herato21 Herato2101 12875001.0 12875000.0 0.071466400604 0.065668362364 0.071088630296 0.079796416368
Herato21 Herato2101 12925001.0 12925000.0 0.0511473359858 0.0458493798645 0.0507997681606 0.056499454152
Herato21 Herato2101 12975001.0 12975000.0 0.079048650584 0.0717452902674 0.079352097626 0.08559118496
Herato21 Herato2101 13025001.0 13025000.0 0.089892392132 0.0815412869834 0.088318050242 0.104474285336
Herato21 Herato2101 13075001.0 13075000.0 0.0723297770989 0.0644901959225 0.0697369831441 0.0843383645011
Herato21 Herato2101 13125001.0 13125000.0 0.045069425461 0.0421006868208 0.044940498727 0.047578367698
Herato21 Herato2101 13175001.0 13175000.0 0.03183403853 0.029576785684 0.031720026992 0.033994239202
Herato21 Herato2101 13225001.0 13225000.0 0.107816551218 0.102012046042 0.107791146044 0.11190605593
Herato21 Herato2101 13275001.0 13275000.0 0.09816918246 0.091573889 0.09720507584 0.10534894222
Herato21 Herato2101 13325001.0 13325000.0 0.05506982226 0.05007308382 0.05488006256 0.06013618594
Herato21 Herato2101 13375001.0 13375000.0 0.04572334353 0.0409284039292 0.045085035352 0.0515906742202
Herato21 Herato2101 13425001.0 13425000.0 0.08696708044 0.08005308688 0.08677085584 0.0955089517
Herato21 Herato2101 13475001.0 13475000.0 0.0634701811 0.059433561282 0.06309875177 0.067470542182
Herato21 Herato2101 13525001.0 13525000.0 0.04830497626 0.0423132426133 0.0480045894632 0.0561365125526
Herato21 Herato2101 13575001.0 13575000.0 0.0540104436894 0.045615272958 0.0532319415099 0.0681969071984
Herato21 Herato2101 13625001.0 13625000.0 0.030014765528 0.028011401984 0.030017383552 0.032113915804
Herato21 Herato2101 13675001.0 13675000.0 0.02861755142 0.02695674146 0.02865737434 0.02961312996
Herato21 Herato2101 13725001.0 13725000.0 0.0319481050118 0.029607410994 0.0322098942226 0.0342423580712
Herato21 Herato2101 13775001.0 13775000.0 0.04109282255 0.0363230924329 0.040501595229 0.047020435476
Herato21 Herato2101 13825001.0 13825000.0 0.0803582965731 0.0692181232652 0.0795182835069 0.0939849985744
Herato21 Herato2101 13875001.0 13875000.0 0.0408620792028 0.0347568477155 0.0390956636444 0.057947983947
Herato21 Herato2101 13925001.0 13925000.0 0.06205048962 0.05894967818 0.06165384852 0.06651542782
Herato21 Herato2101 13975001.0 13975000.0 0.09803987434 0.08887875884 0.09788761194 0.10809337442
Herato21 Herato2101 14025001.0 14025000.0 0.0858127783322 0.0786497787752 0.0852863991708 0.094639424406
Herato21 Herato2101 14075001.0 14075000.0 0.04890943056 0.041616404078 0.048916731958 0.05811805356
Herato21 Herato2101 14125001.0 14125000.0 0.08570836616 0.07831575596 0.08603017424 0.09226174248
Herato21 Herato2101 14175001.0 14175000.0 0.093264295482 0.085707500694 0.092716016042 0.106807441446
Herato21 Herato2101 14225001.0 14225000.0 0.10501464426 0.0955672767872 0.104314927346 0.116300254414
Herato21 Herato2101 14275001.0 14275000.0 0.0931551484698 0.0805557888379 0.0927865686695 0.108378456956
Herato21 Herato2101 14325001.0 14325000.0 0.054848392032 0.044808044468 0.05549478842 0.059928890742
Herato21 Herato2101 14375001.0 14375000.0 0.100332391653 0.086609210664 0.0992235284622 0.11889403045
Herato21 Herato2101 14425001.0 14425000.0 0.05852755256 0.054121167788 0.05843841644 0.06271279118
Herato21 Herato2101 14475001.0 14475000.0 0.085491772314 0.076427356792 0.085710449086 0.094543639774
Herato21 Herato2101 14525001.0 14525000.0 0.0857342393848 0.0662606523557 0.0857005013834 0.105746129544
Herato21 Herato2101 14575001.0 14575000.0 0.090517503466 0.08538551003 0.090269671194 0.0955527328
Herato21 Herato2101 14625001.0 14625000.0 0.060909084172 0.0522844254914 0.060718867116 0.070452326876
Herato21 Herato2101 14675001.0 14675000.0 0.07100525267 0.0625384811472 0.070858012156 0.079815768032
Herato21 Herato2101 14725001.0 14725000.0 0.0646753237 0.06113161798 0.06479619686 0.06827121168
Herato21 Herato2101 14775001.0 14775000.0 0.052900874072 0.044953120672 0.05257279893 0.063547464086
Herato21 Herato2101 14825001.0 14825000.0 0.0777086654 0.06661607234 0.0783397007 0.08929862224
Herato21 Herato2101 14875001.0 14875000.0 0.08414267057 0.076706241594 0.084338333002 0.091141856688
Herato21 Herato2101 14925001.0 14925000.0 0.064600327216 0.05716542128 0.064215980364 0.072929999158
Herato21 Herato2101 14975001.0 14975000.0 0.062448723842 0.0513350160516 0.0628096612136 0.075964913556
Herato21 Herato2101 15025001.0 15025000.0 0.067450004734 0.0529144429435 0.066067334762 0.088525492184
Herato21 Herato2101 15075001.0 15075000.0 0.07733286004 0.066772648306 0.07667391362 0.09148060176
Herato21 Herato2101 15125001.0 15125000.0 0.0542357809574 0.0440682000166 0.0539187426229 0.0672694227147
Herato21 Herato2101 15175001.0 15175000.0 0.0534779756024 0.0509408365232 0.0530690400097 0.0567730158638
Herato21 Herato2101 15225001.0 15225000.0 0.08279461322 0.07979754568 0.08307992636 0.08459058812
Herato21 Herato2101 15275001.0 15275000.0 0.07185637538 0.063474560312 0.07177856502 0.08173426554
Herato21 Herato2101 15325001.0 15325000.0 0.106358512 0.10068623298 0.10601500958 0.11197075484
Herato21 Herato2101 15375001.0 15375000.0 0.0847480534952 0.0807381736692 0.0844358273536 0.0893396079736
Herato21 Herato2101 15425001.0 15425000.0 0.08748320258 0.08189549994 0.0873164485 0.09323806786
Herato21 Herato2101 15475001.0 15475000.0 0.114370135477 0.103454370568 0.114328107653 0.124780669237
Herato21 Herato2101 15525001.0 15525000.0 0.0778279534367 0.0648880656909 0.0776992188509 0.0937160054445
Herato21 Herato2101 15575001.0 15575000.0 0.08195696598 0.072653854554 0.0817472142 0.0925093031
Herato21 Herato2101 15625001.0 15625000.0 0.10518663362 0.09848825758 0.10547011982 0.1109778706
Herato21 Herato2101 15675001.0 15675000.0 0.107440946252 0.102533955028 0.107091023986 0.11333991442
Herato21 Herato2101 15725001.0 15725000.0 0.093007970362 0.0886781302802 0.0928926753252 0.09866396942
Herato21 Herato2101 15775001.0 15775000.0 0.100186694976 0.0756186922653 0.0973060339176 0.137640895066
Herato21 Herato2101 15825001.0 15825000.0 0.07864279278 0.0627694966141 0.0783221565938 0.0980812203326
Herato21 Herato2101 15875001.0 15875000.0 0.0714131420144 0.0499892782551 0.0703823361402 0.104987491335
Herato21 Herato2101 15925001.0 15925000.0 0.109436865448 0.0872492320558 0.107076531302 0.142136847284
Herato21 Herato2101 15975001.0 15975000.0 0.0513023590056 0.0474099259934 0.051262665338 0.054509038756
Herato21 Herato2101 16025001.0 16025000.0 0.066908636136 0.061627136936 0.0665288877 0.072673781092
Herato21 Herato2101 16075001.0 16075000.0 0.09632912666 0.091322434826 0.096225909584 0.101912789992
Herato21 Herato2101 16125001.0 16125000.0 0.07715078202 0.0736747423 0.0774194899 0.07975224634
Herato21 Herato2101 16175001.0 16175000.0 0.04624309826 0.04249671336 0.04549234778 0.0529787131
Herato21 Herato2101 16225001.0 16225000.0 0.07850510822 0.073637160572 0.07838032688 0.0841565419
Herato21 Herato2101 16275001.0 16275000.0 0.09639020402 0.091730603902 0.09602442729 0.10184256672
Herato21 Herato2101 16325001.0 16325000.0 0.054795305034 0.0481305175836 0.0543113117674 0.063800930413
Herato21 Herato2101 16375001.0 16375000.0 0.085998153308 0.0778325050364 0.0857203816444 0.096206925412
Herato21 Herato2101 16425001.0 16425000.0 0.0317795153696 0.0285055851387 0.0316324933384 0.0356811904682
Herato21 Herato2101 16475001.0 16475000.0 0.0383614385176 0.0349814181708 0.037988111508 0.043643718872
Herato21 Herato2101 16525001.0 16525000.0 0.09246028068 0.0803943378279 0.092068604681 0.105617413766
Herato21 Herato2101 16575001.0 16575000.0 0.061262705858 0.057772361344 0.06109533244 0.06624546683
Herato21 Herato2101 16625001.0 16625000.0 0.08293461876 0.07455387726 0.08338796052 0.09339756244
Herato21 Herato2101 16675001.0 16675000.0 0.09435568078 0.0843670954788 0.094838327026 0.101840255504
Herato21 Herato2101 16725001.0 16725000.0 0.05779492268 0.05468312032 0.0579420391 0.06089057914
Herato21 Herato2101 16775001.0 16775000.0 0.0682259813172 0.0610492241856 0.0679210872618 0.077353238976
Herato21 Herato2101 16825001.0 16825000.0 0.06486344906 0.0581819711 0.0646232617 0.07420815904
Herato21 Herato2101 16875001.0 16875000.0 0.059604615812 0.050965343788 0.059528576474 0.07094542626
Herato21 Herato2101 16925001.0 16925000.0 0.0671520573 0.05976021509 0.067317087918 0.07528259896
Herato21 Herato2101 16975001.0 16975000.0 0.0717072592556 0.0659261243712 0.0714833362812 0.077381042508
Herato21 Herato2101 17025001.0 17025000.0 0.0597239169336 0.0480134136526 0.05845080745 0.0793022328808
Herato21 Herato2101 17075001.0 17075000.0 0.0428388715908 0.0339884423024 0.0415958459472 0.0607813113408
Herato21 Herato2101 17125001.0 17125000.0 0.04379421407 0.03887778277 0.043654849394 0.049325647386
Herato21 Herato2101 17175001.0 17175000.0 0.012634175012 0.011653509058 0.012635215366 0.013667530906
Herato21 Herato2101 17225001.0 17225000.0 0.04075132478 0.0263198095966 0.039365235622 0.06592662738
Herato21 Herato2101 17275001.0 17275000.0 0.036338874098 0.03249331125 0.036294027736 0.04029995922
Herato21 Herato2101 17325001.0 17325000.0 0.02871030272 0.02703166072 0.02866218588 0.03075766088
Herato21 Herato2101 17375001.0 17375000.0 0.043786645084 0.037469651991 0.043715813152 0.049461249384
