chrom scaffold Cposition position mean p0025 p0500 p0975
Herato19 Herato1901 25001.0 25000.0 0.0331748411988 0.0217678141622 0.031989135537 0.049202025676
Herato19 Herato1901 75001.0 75000.0 0.022133043188 0.0188014115186 0.021820875132 0.026397418526
Herato19 Herato1901 125001.0 125000.0 0.038730538582 0.0332527648576 0.0384897721434 0.044858710868
Herato19 Herato1901 175001.0 175000.0 0.027874885126 0.024646896536 0.02764795599 0.032240662492
Herato19 Herato1901 225001.0 225000.0 0.0895225719516 0.0742684631572 0.0895843190704 0.107519008074
Herato19 Herato1901 275001.0 275000.0 0.122395694028 0.108711171091 0.122176265921 0.139073289748
Herato19 Herato1901 325001.0 325000.0 0.112892233264 0.0933101880341 0.112319468782 0.13726624513
Herato19 Herato1901 375001.0 375000.0 0.113458654255 0.105276135636 0.113632437423 0.122755458348
Herato19 Herato1901 425001.0 425000.0 0.0883737231994 0.0727787860294 0.0881761714816 0.111101074572
Herato19 Herato1901 475001.0 475000.0 0.0902631034838 0.0809097133791 0.089846235567 0.102179418207
Herato19 Herato1901 525001.0 525000.0 0.07449908018 0.07046857388 0.0744929456 0.07968692242
Herato19 Herato1901 575001.0 575000.0 0.11819332188 0.11247209974 0.11788488888 0.12485026298
Herato19 Herato1901 625001.0 625000.0 0.158562017876 0.144607223047 0.159816499242 0.17197691375
Herato19 Herato1901 675001.0 675000.0 0.14896089734 0.1409400502 0.14888298906 0.15971595288
Herato19 Herato1901 725001.0 725000.0 0.157680402113 0.146127027331 0.157498928926 0.171134270846
Herato19 Herato1901 775001.0 775000.0 0.1018974383 0.087591784274 0.10070091801 0.122878841666
Herato19 Herato1901 825001.0 825000.0 0.11501241622 0.10374886746 0.11535478866 0.12776704138
Herato19 Herato1901 875001.0 875000.0 0.164702356656 0.150271981851 0.164700506508 0.192535714712
Herato19 Herato1901 925001.0 925000.0 0.154406736622 0.140503485911 0.153508446534 0.173254921654
Herato19 Herato1901 975001.0 975000.0 0.171231478 0.1667370466 0.171385981 0.1752916792
Herato19 Herato1901 1025001.0 1025000.0 0.216147580073 0.194849784764 0.215611583715 0.241268968544
Herato19 Herato1901 1075001.0 1075000.0 0.20574575388 0.19398688908 0.20637825054 0.2169691234
Herato19 Herato1901 1125001.0 1125000.0 0.189146641582 0.167737973615 0.18909282844 0.213677685736
Herato19 Herato1901 1175001.0 1175000.0 0.219217678834 0.211143480306 0.217596717958 0.233185568776
Herato19 Herato1901 1225001.0 1225000.0 0.162818464637 0.15439834859 0.162175357669 0.173584828759
Herato19 Herato1901 1275001.0 1275000.0 0.15177346359 0.140915207024 0.15167707138 0.163148915362
Herato19 Herato1901 1325001.0 1325000.0 0.154356875358 0.144251325838 0.155704030634 0.17112451706
Herato19 Herato1901 1375001.0 1375000.0 0.168170122725 0.158638167505 0.16753290148 0.180537368393
Herato19 Herato1901 1425001.0 1425000.0 0.11987044548 0.11132795932 0.12006199132 0.12768866176
Herato19 Herato1901 1475001.0 1475000.0 0.1755712718 0.1642098694 0.174329954 0.1885666008
Herato19 Herato1901 1525001.0 1525000.0 0.1466147885 0.134104265586 0.1457335058 0.16099598232
Herato19 Herato1901 1575001.0 1575000.0 0.13040788494 0.12078850472 0.12982319018 0.14259927574
Herato19 Herato1901 1625001.0 1625000.0 0.18686816606 0.17482248456 0.18660890514 0.2005152215
Herato19 Herato1901 1675001.0 1675000.0 0.15463822926 0.14401336122 0.15464528668 0.1668676478
Herato19 Herato1901 1725001.0 1725000.0 0.187624227081 0.174544585619 0.186939339289 0.207394342038
Herato19 Herato1901 1775001.0 1775000.0 0.163430407203 0.155806880941 0.163258521005 0.174568925073
Herato19 Herato1901 1825001.0 1825000.0 0.14777383912 0.139154727012 0.147608123018 0.15741540436
Herato19 Herato1901 1875001.0 1875000.0 0.09650663699 0.090337080712 0.09670545405 0.102649496944
Herato19 Herato1901 1925001.0 1925000.0 0.117456269376 0.108191217874 0.117455750816 0.127460941236
Herato19 Herato1901 1975001.0 1975000.0 0.104970754391 0.0940896558356 0.104921238727 0.118097789036
Herato19 Herato1901 2025001.0 2025000.0 0.0467591344998 0.0345316372219 0.0464113509618 0.059775122866
Herato19 Herato1901 2075001.0 2075000.0 0.1175760505 0.10583277036 0.11743886784 0.13242634108
Herato19 Herato1901 2125001.0 2125000.0 0.07646403818 0.06607055294 0.0760584659 0.09171402734
Herato19 Herato1901 2175001.0 2175000.0 0.163094964468 0.144193364936 0.162303493162 0.185773329534
Herato19 Herato1901 2225001.0 2225000.0 0.096135534526 0.081559416774 0.095974265264 0.11074855625
Herato19 Herato1901 2275001.0 2275000.0 0.11726142645 0.101243477618 0.113404208584 0.148124439034
Herato19 Herato1901 2325001.0 2325000.0 0.06550638592 0.057907679184 0.06548558916 0.07424811772
Herato19 Herato1901 2375001.0 2375000.0 0.088586611592 0.07647144461 0.088250137986 0.102599801966
Herato19 Herato1901 2425001.0 2425000.0 0.12147355476 0.11000257866 0.1205130398 0.13570318906
Herato19 Herato1901 2475001.0 2475000.0 0.155288765604 0.138310293888 0.155189010522 0.174448948356
Herato19 Herato1901 2525001.0 2525000.0 0.172296534146 0.157662073676 0.172417949152 0.187632248694
Herato19 Herato1901 2575001.0 2575000.0 0.180902422892 0.168462188039 0.180184976028 0.195415047122
Herato19 Herato1901 2625001.0 2625000.0 0.19390499404 0.18080276196 0.1930523699 0.20861390442
Herato19 Herato1901 2675001.0 2675000.0 0.165968775 0.151394218738 0.16514472936 0.18505065692
Herato19 Herato1901 2725001.0 2725000.0 0.190947966474 0.175692484374 0.190871445378 0.207731712198
Herato19 Herato1901 2775001.0 2775000.0 0.17309503373 0.164228419761 0.173431001814 0.1829408057
Herato19 Herato1901 2825001.0 2825000.0 0.161766325596 0.151632835668 0.161812154786 0.172209676476
Herato19 Herato1901 2875001.0 2875000.0 0.1707754869 0.15725834958 0.17250455506 0.18189482234
Herato19 Herato1901 2925001.0 2925000.0 0.19101731974 0.179770661728 0.191354672384 0.203363964188
Herato19 Herato1901 2975001.0 2975000.0 0.179297776 0.171093622 0.1793177832 0.1900407876
Herato19 Herato1901 3025001.0 3025000.0 0.148509583766 0.139687634802 0.147484104792 0.16226201112
Herato19 Herato1901 3075001.0 3075000.0 0.143955030514 0.128913598421 0.14363167274 0.158900946875
Herato19 Herato1901 3125001.0 3125000.0 0.142368973574 0.121002250642 0.142511570665 0.16700968451
Herato19 Herato1901 3175001.0 3175000.0 0.091981963134 0.0811986739388 0.0912625722492 0.106611092716
Herato19 Herato1901 3225001.0 3225000.0 0.1564692346 0.13963171004 0.15469612988 0.17746752904
Herato19 Herato1901 3275001.0 3275000.0 0.171318904328 0.162973882442 0.17099100104 0.179844064248
Herato19 Herato1901 3325001.0 3325000.0 0.140387167696 0.132853076412 0.140528790196 0.148188552392
Herato19 Herato1901 3375001.0 3375000.0 0.114404506104 0.08923937965 0.11108399254 0.151755621982
Herato19 Herato1901 3425001.0 3425000.0 0.071947181124 0.0537819469361 0.060624538532 0.127870066624
Herato19 Herato1901 3455158.5 3475000.0 0.04895569365 0.0466457039263 0.0490232255938 0.0505397149782
Herato19 Herato1902 3485317.0 25000.0 0.27138714136 0.239259984788 0.26914642054 0.31553879194
Herato19 Herato1902 3535317.0 75000.0 0.1918151938 0.17698197132 0.19199591772 0.2043850783
Herato19 Herato1902 3585317.0 125000.0 0.10159283078 0.09395868 0.1011818219 0.11059824926
Herato19 Herato1902 3635317.0 175000.0 0.1872843062 0.17902048 0.1863290674 0.1975928184
Herato19 Herato1902 3685317.0 225000.0 0.179822988838 0.162255962644 0.17742516685 0.211537611862
Herato19 Herato1902 3735317.0 275000.0 0.164977663482 0.153183992344 0.16449774119 0.177030296018
Herato19 Herato1902 3782195.5 325000.0 0.161240910398 0.147890669776 0.160752499173 0.17745237541
Herato19 Herato1903 3829075.0 25000.0 0.10923769134 0.09565955772 0.10725436618 0.1467790352
Herato19 Herato1903 3879075.0 75000.0 0.120968969607 0.103417696304 0.120704719806 0.140026731913
Herato19 Herato1903 3929075.0 125000.0 0.120210669111 0.101900538508 0.116797833227 0.142044793729
Herato19 Herato1903 3979075.0 175000.0 0.142255082899 0.130463194902 0.142263892364 0.155649424462
Herato19 Herato1903 4029075.0 225000.0 0.160813218398 0.14761729083 0.159900371496 0.181349934992
Herato19 Herato1903 4079075.0 275000.0 0.15829580026 0.14475616954 0.1589990971 0.1705729915
Herato19 Herato1903 4129075.0 325000.0 0.204269524834 0.189829823368 0.204067894156 0.221089373606
Herato19 Herato1903 4179075.0 375000.0 0.14726040345 0.126007955972 0.146105716928 0.172861502736
Herato19 Herato1903 4217966.0 425000.0 0.062236105464 0.0587926570801 0.0621320741487 0.0662981347635
Herato19 Herato1904 4256858.0 25000.0 0.219305136522 0.203740471922 0.219007852432 0.2354668633
Herato19 Herato1904 4306858.0 75000.0 0.206567207 0.197818544 0.206772181 0.212287845
Herato19 Herato1904 4356858.0 125000.0 0.2402659858 0.22673103278 0.23977677378 0.25407045038
Herato19 Herato1904 4406858.0 175000.0 0.226720744514 0.21561181361 0.225199239694 0.24045820431
Herato19 Herato1904 4456858.0 225000.0 0.203131316534 0.188764887218 0.201593424526 0.22046078294
Herato19 Herato1904 4506858.0 275000.0 0.17822980004 0.1669328452 0.17850902274 0.18967887818
Herato19 Herato1904 4556858.0 325000.0 0.11442734418 0.10550722875 0.113633257402 0.126027375988
Herato19 Herato1904 4606858.0 375000.0 0.0456840608922 0.0391738515325 0.0456494433633 0.0532070253881
Herato19 Herato1904 4656858.0 425000.0 0.094102231823 0.0730501787572 0.0937388787366 0.121244681726
Herato19 Herato1904 4706858.0 475000.0 0.13761885927 0.127050465834 0.137977200322 0.148013705562
Herato19 Herato1904 4756858.0 525000.0 0.178687351896 0.171318361893 0.177585606759 0.19027737015
Herato19 Herato1904 4806858.0 575000.0 0.20954553596 0.196222213712 0.20913854752 0.22310997176
Herato19 Herato1904 4856858.0 625000.0 0.2379882138 0.22645682678 0.2373120034 0.2514492336
Herato19 Herato1904 4906858.0 675000.0 0.19013844424 0.18095541718 0.18989946274 0.20116013374
Herato19 Herato1904 4956858.0 725000.0 0.208701597027 0.194060774702 0.208042766975 0.223858472662
Herato19 Herato1904 5006858.0 775000.0 0.15174727634 0.14472529234 0.15153157156 0.15850423564
Herato19 Herato1904 5056858.0 825000.0 0.150541274724 0.12260389706 0.139505619864 0.1891087715
Herato19 Herato1904 5106858.0 875000.0 0.12613706546 0.12078602328 0.12588089956 0.13401971174
Herato19 Herato1904 5156858.0 925000.0 0.148560888568 0.13990040322 0.1483021114 0.158543690624
Herato19 Herato1904 5206858.0 975000.0 0.08606550638 0.077960024038 0.08639810593 0.0944024491
Herato19 Herato1904 5256858.0 1025000.0 0.104831687376 0.097009342564 0.1054151215 0.11247505298
Herato19 Herato1904 5306858.0 1075000.0 0.1345203625 0.12547878232 0.13486761752 0.14387509938
Herato19 Herato1904 5356858.0 1125000.0 0.132767343232 0.122456230824 0.132391773998 0.145328219708
Herato19 Herato1904 5406858.0 1175000.0 0.2223420586 0.20653839842 0.22177807638 0.2368176886
Herato19 Herato1904 5456858.0 1225000.0 0.177613842439 0.16657933534 0.175724578788 0.191058441464
Herato19 Herato1904 5506858.0 1275000.0 0.2022706824 0.19374438644 0.20203404144 0.21278652846
Herato19 Herato1904 5556858.0 1325000.0 0.21394294174 0.19782076242 0.21348584688 0.2289733958
Herato19 Herato1904 5606858.0 1375000.0 0.153746491646 0.133785012732 0.151470268342 0.1887777772
Herato19 Herato1904 5656858.0 1425000.0 0.153026209218 0.133735911584 0.151026695272 0.184183240358
Herato19 Herato1904 5706858.0 1475000.0 0.15904704132 0.142531607844 0.15869745452 0.17428243972
Herato19 Herato1904 5756858.0 1525000.0 0.138493190756 0.121208959716 0.137480530796 0.166983287704
Herato19 Herato1904 5806858.0 1575000.0 0.090408270312 0.079812715282 0.090704299952 0.101948694906
Herato19 Herato1904 5856858.0 1625000.0 0.108272588707 0.0947648272862 0.107842307114 0.123632982326
Herato19 Herato1904 5906858.0 1675000.0 0.077977211782 0.0648475123346 0.077591748264 0.09471567493
Herato19 Herato1904 5956858.0 1725000.0 0.04475682336 0.04086383766 0.04484600658 0.0497918679
Herato19 Herato1904 6006858.0 1775000.0 0.13495186588 0.12283587226 0.13471083292 0.1476394532
Herato19 Herato1904 6056858.0 1825000.0 0.048490131558 0.044580411978 0.049074274876 0.052856767578
Herato19 Herato1904 6106858.0 1875000.0 0.048206881816 0.04249847457 0.048144302078 0.054418122956
Herato19 Herato1904 6156858.0 1925000.0 0.095452845877 0.0853500400481 0.095055036799 0.10718125737
Herato19 Herato1904 6206858.0 1975000.0 0.04530368718 0.04174767478 0.04514566372 0.0488098996
Herato19 Herato1904 6256858.0 2025000.0 0.0794744127588 0.074700889076 0.0792213505946 0.0864400853064
Herato19 Herato1904 6306858.0 2075000.0 0.1384273909 0.133532592567 0.137976488752 0.144711546139
Herato19 Herato1904 6356858.0 2125000.0 0.177327600823 0.155674071591 0.176421967232 0.203859208904
Herato19 Herato1904 6406858.0 2175000.0 0.16970396908 0.15454671896 0.169187934254 0.18874519303
Herato19 Herato1904 6456858.0 2225000.0 0.16907166942 0.154745107142 0.16881133094 0.18412484552
Herato19 Herato1904 6506858.0 2275000.0 0.126920299098 0.107964498091 0.126227754313 0.149141229102
Herato19 Herato1904 6556858.0 2325000.0 0.0680025513469 0.0609450010723 0.0670609137786 0.0802734091708
Herato19 Herato1904 6606858.0 2375000.0 0.07623755561 0.063405862206 0.073637752706 0.092142619728
Herato19 Herato1904 6656858.0 2425000.0 0.094775275748 0.087645251996 0.094762557522 0.10210885208
Herato19 Herato1904 6706858.0 2475000.0 0.15800969912 0.14174623428 0.15728205368 0.17517676118
Herato19 Herato1904 6756858.0 2525000.0 0.1142205386 0.10481563124 0.11415276602 0.1223830269
Herato19 Herato1904 6806858.0 2575000.0 0.097614643626 0.089350634648 0.095966376494 0.108862785056
Herato19 Herato1904 6856858.0 2625000.0 0.13223391362 0.12208747726 0.13198955094 0.14389385962
Herato19 Herato1904 6906858.0 2675000.0 0.096732168432 0.089262696662 0.097153361782 0.103142714482
Herato19 Herato1904 6956858.0 2725000.0 0.15745010704 0.14644349226 0.1579884129 0.16847218574
Herato19 Herato1904 7006858.0 2775000.0 0.1644274413 0.15335778618 0.16459281074 0.17507211488
Herato19 Herato1904 7056858.0 2825000.0 0.121409371426 0.111495418506 0.12072079928 0.134413359548
Herato19 Herato1904 7106858.0 2875000.0 0.07172113632 0.06804919001 0.071865052026 0.075718023022
Herato19 Herato1904 7156858.0 2925000.0 0.08405157132 0.0730951686 0.08446400444 0.09564500202
Herato19 Herato1904 7206858.0 2975000.0 0.0785815556896 0.0713437483476 0.0781340541404 0.0868234305206
Herato19 Herato1904 7256858.0 3025000.0 0.11619189992 0.106738713521 0.1161583255 0.1273287512
Herato19 Herato1904 7306858.0 3075000.0 0.08171906386 0.0740877822 0.08193473692 0.0886343353
Herato19 Herato1904 7356858.0 3125000.0 0.075581239522 0.0683151026321 0.075138575995 0.085553221452
Herato19 Herato1904 7406858.0 3175000.0 0.067007341346 0.06260409672 0.066807873602 0.071877961872
Herato19 Herato1904 7456858.0 3225000.0 0.038696769267 0.0353912201758 0.0385219782912 0.042804941398
Herato19 Herato1904 7506858.0 3275000.0 0.103523098886 0.096971777208 0.10285339778 0.114815419798
Herato19 Herato1904 7556858.0 3325000.0 0.1126622196 0.107269591 0.1129806204 0.1168316952
Herato19 Herato1904 7606858.0 3375000.0 0.094784872876 0.08889070799 0.094857611714 0.100253531356
Herato19 Herato1904 7656858.0 3425000.0 0.075014233456 0.064140556922 0.076696008828 0.085034965554
Herato19 Herato1904 7706858.0 3475000.0 0.11509625932 0.105815820908 0.11479571272 0.12526530968
Herato19 Herato1904 7756858.0 3525000.0 0.076159629472 0.070383923268 0.075957515336 0.082758919196
Herato19 Herato1904 7806858.0 3575000.0 0.0963214348 0.09079959746 0.09625371512 0.10180250668
Herato19 Herato1904 7856858.0 3625000.0 0.09523537709 0.089352357578 0.094927943546 0.101912186252
Herato19 Herato1904 7906858.0 3675000.0 0.1127394105 0.1032815127 0.1126269683 0.12445549098
Herato19 Herato1904 7956858.0 3725000.0 0.084286664448 0.0789284804044 0.084099191534 0.08972449324
Herato19 Herato1904 8006858.0 3775000.0 0.079789911112 0.078072698646 0.079683032752 0.08214330128
Herato19 Herato1904 8056858.0 3825000.0 0.090517685636 0.081499503048 0.091640480362 0.099983239366
Herato19 Herato1904 8106858.0 3875000.0 0.057312538635 0.042001371003 0.0554309486436 0.083850697529
Herato19 Herato1904 8156858.0 3925000.0 0.062763804062 0.056292180876 0.062558642258 0.06988030638
Herato19 Herato1904 8206858.0 3975000.0 0.05488550516 0.05335814984 0.0544395385 0.05781092862
Herato19 Herato1904 8256858.0 4025000.0 0.054931593746 0.050140029724 0.05416802164 0.06200373324
Herato19 Herato1904 8306858.0 4075000.0 0.0340238986 0.0290100988 0.0326433337 0.0472470715
Herato19 Herato1904 8356858.0 4125000.0 0.05873526956 0.047022010146 0.058011614362 0.074684618618
Herato19 Herato1904 8406858.0 4175000.0 0.0930366330548 0.085683687496 0.0926949060624 0.10287273372
Herato19 Herato1904 8456858.0 4225000.0 0.0582952070982 0.0506319712356 0.058950787716 0.0672992296702
Herato19 Herato1904 8506858.0 4275000.0 0.0362922499644 0.0334907796662 0.0362043226204 0.0393638406808
Herato19 Herato1904 8556858.0 4325000.0 0.067981124178 0.059982584796 0.067912166096 0.077065437204
Herato19 Herato1904 8606858.0 4375000.0 0.104090683612 0.090183163026 0.103513252086 0.1215741278
Herato19 Herato1904 8656858.0 4425000.0 0.085717230766 0.080228745922 0.085644375182 0.092241790174
Herato19 Herato1904 8706858.0 4475000.0 0.115367405062 0.105688144674 0.114950234705 0.127975787028
Herato19 Herato1904 8756858.0 4525000.0 0.112748169676 0.10027377435 0.112223769593 0.126041697508
Herato19 Herato1904 8806858.0 4575000.0 0.105160205818 0.1007845514 0.105407838282 0.109341196902
Herato19 Herato1904 8856858.0 4625000.0 0.127370895603 0.111563722626 0.1266037791 0.147679859006
Herato19 Herato1904 8906858.0 4675000.0 0.097473794966 0.088492386768 0.097415571358 0.107168265764
Herato19 Herato1904 8956858.0 4725000.0 0.1246153335 0.11785110898 0.12517945608 0.13065902556
Herato19 Herato1904 9006858.0 4775000.0 0.12031714918 0.11395548236 0.12040031748 0.12722951586
Herato19 Herato1904 9056858.0 4825000.0 0.107173604613 0.0966485653135 0.107102150255 0.118928177568
Herato19 Herato1904 9106858.0 4875000.0 0.114357248336 0.102744465729 0.114257033632 0.128060456214
Herato19 Herato1904 9156858.0 4925000.0 0.09751941264 0.090916025826 0.098074423968 0.10435140946
Herato19 Herato1904 9206858.0 4975000.0 0.12761858797 0.109950327658 0.126718301118 0.15065853407
Herato19 Herato1904 9256858.0 5025000.0 0.117500659382 0.106089415088 0.117311226094 0.12853143925
Herato19 Herato1904 9306858.0 5075000.0 0.1179194088 0.10371662926 0.11649917024 0.13944719162
Herato19 Herato1904 9356858.0 5125000.0 0.123995099062 0.117497321434 0.123893260436 0.13119484075
Herato19 Herato1904 9406858.0 5175000.0 0.10463924766 0.097750609018 0.10412509672 0.1114141462
Herato19 Herato1904 9456858.0 5225000.0 0.059073761944 0.053495991708 0.058617934162 0.065701142512
Herato19 Herato1904 9506858.0 5275000.0 0.066628680356 0.057597857468 0.066460633022 0.074474106108
Herato19 Herato1904 9556858.0 5325000.0 0.03907341546 0.035120542836 0.038765015168 0.04370280546
Herato19 Herato1904 9606858.0 5375000.0 0.035673665014 0.033151154308 0.035292068166 0.03873915277
Herato19 Herato1904 9656858.0 5425000.0 0.06956459193 0.059907721296 0.070964038872 0.080282514524
Herato19 Herato1904 9706858.0 5475000.0 0.10423391928 0.09091564386 0.10264343968 0.12263025864
Herato19 Herato1904 9756858.0 5525000.0 0.063237793723 0.058768137518 0.0632511435498 0.0675255825342
Herato19 Herato1904 9806858.0 5575000.0 0.0681458870046 0.0570036654906 0.0682087779146 0.07887044699
Herato19 Herato1904 9856858.0 5625000.0 0.06132051108 0.05607515306 0.060687970094 0.070790269548
Herato19 Herato1904 9906858.0 5675000.0 0.0457983268788 0.0367271259772 0.045414585104 0.0570866501964
Herato19 Herato1904 9956858.0 5725000.0 0.079911964064 0.074752162198 0.079377562018 0.08603035484
Herato19 Herato1904 10006858.0 5775000.0 0.086390669076 0.080035532208 0.086239053886 0.09352973098
Herato19 Herato1904 10056858.0 5825000.0 0.06458870279 0.061132942686 0.064418383082 0.068845144948
Herato19 Herato1904 10106858.0 5875000.0 0.087639912514 0.0840183219244 0.0872658223146 0.091918548608
Herato19 Herato1904 10156858.0 5925000.0 0.07350544558 0.071303501122 0.07335460384 0.0767148788
Herato19 Herato1904 10206858.0 5975000.0 0.044522647702 0.038872155702 0.04445320548 0.051732379808
Herato19 Herato1904 10256858.0 6025000.0 0.06104710022 0.05327308876 0.06080588618 0.07066713834
Herato19 Herato1904 10306858.0 6075000.0 0.0519563527965 0.0417582706044 0.0517928246878 0.0656711399634
Herato19 Herato1904 10356858.0 6125000.0 0.11582825268 0.071088694674 0.110750185106 0.190770334708
Herato19 Herato1904 10406858.0 6175000.0 0.063624827098 0.046200178088 0.0611863497491 0.0928789603032
Herato19 Herato1904 10456858.0 6225000.0 0.0573380416604 0.0496802506345 0.0570769883411 0.0660955841281
Herato19 Herato1904 10506858.0 6275000.0 0.036248027588 0.034838579164 0.036221431892 0.037782939556
Herato19 Herato1904 10556858.0 6325000.0 0.044079603098 0.0358537010644 0.0437559132496 0.0542620732406
Herato19 Herato1904 10606858.0 6375000.0 0.047745386314 0.044408092648 0.047503012056 0.051633443142
Herato19 Herato1904 10656858.0 6425000.0 0.0655900688864 0.0606209513988 0.0652210467356 0.071941343726
Herato19 Herato1904 10706858.0 6475000.0 0.0754766376688 0.0659481229241 0.0738732512088 0.08788770669
Herato19 Herato1904 10756858.0 6525000.0 0.067994773068 0.0547401659714 0.066468196456 0.092142039566
Herato19 Herato1904 10806858.0 6575000.0 0.0329827701366 0.0269726842134 0.0329580721688 0.0384747284048
Herato19 Herato1904 10856858.0 6625000.0 0.042016172298 0.037667367014 0.042032985096 0.046448079028
Herato19 Herato1904 10906858.0 6675000.0 0.094098045 0.0911044796 0.09407427352 0.09730793186
Herato19 Herato1904 10956858.0 6725000.0 0.10007864118 0.087460557948 0.099150469076 0.122194782754
Herato19 Herato1904 11006858.0 6775000.0 0.062505872466 0.056222093652 0.062459635724 0.069853061278
Herato19 Herato1904 11056858.0 6825000.0 0.0666343572 0.057910117646 0.0639373799 0.08059069232
Herato19 Herato1904 11106858.0 6875000.0 0.07743271704 0.0731796502534 0.07708535303 0.082932528994
Herato19 Herato1904 11156858.0 6925000.0 0.07588414366 0.07085540804 0.07526067334 0.08236256696
Herato19 Herato1904 11206858.0 6975000.0 0.059385632092 0.0541493426541 0.0592693790658 0.0643656191744
Herato19 Herato1904 11256858.0 7025000.0 0.06705416084 0.057220792108 0.06631352968 0.0798779551
Herato19 Herato1904 11306858.0 7075000.0 0.091380935524 0.067029774388 0.088955268768 0.125090710204
Herato19 Herato1904 11356858.0 7125000.0 0.105068599561 0.0980673935902 0.105000127776 0.113226103668
Herato19 Herato1904 11406858.0 7175000.0 0.10855283796 0.1031222961 0.10850783046 0.11487226124
Herato19 Herato1904 11456858.0 7225000.0 0.08522060228 0.08397630066 0.0848942962 0.08769622326
Herato19 Herato1904 11506858.0 7275000.0 0.12998615694 0.12236184742 0.12941227086 0.13898034362
Herato19 Herato1904 11556858.0 7325000.0 0.131429736128 0.114076724154 0.131661300278 0.147928128506
Herato19 Herato1904 11606858.0 7375000.0 0.124408395914 0.112534886658 0.124403765186 0.138014209252
Herato19 Herato1904 11656858.0 7425000.0 0.11799718062 0.1109070772 0.11783508586 0.12504217722
Herato19 Herato1904 11706858.0 7475000.0 0.109064700252 0.0960498408603 0.108842012282 0.123668328174
Herato19 Herato1904 11756858.0 7525000.0 0.069529965784 0.063926249452 0.068517799924 0.078518298452
Herato19 Herato1904 11806858.0 7575000.0 0.117062429325 0.107581645332 0.1168122225 0.126427218687
Herato19 Herato1904 11856858.0 7625000.0 0.10248604852 0.09505207788 0.10268414958 0.10936150362
Herato19 Herato1904 11906858.0 7675000.0 0.13768174982 0.12646384286 0.1374628806 0.14986467176
Herato19 Herato1904 11956858.0 7725000.0 0.14121232144 0.13284930276 0.14129335346 0.15069859336
Herato19 Herato1904 12006858.0 7775000.0 0.121245615262 0.114286866746 0.121008928858 0.128883798297
Herato19 Herato1904 12056858.0 7825000.0 0.05208945015 0.050170541266 0.0519971587 0.054380887626
Herato19 Herato1904 12106858.0 7875000.0 0.0783711647284 0.0719351435168 0.0780142602326 0.0856560195546
Herato19 Herato1904 12156858.0 7925000.0 0.0881603393635 0.0818274928847 0.0878784428659 0.0948574208958
Herato19 Herato1904 12206858.0 7975000.0 0.097521258446 0.089779583155 0.09701558984 0.10802252584
Herato19 Herato1904 12256858.0 8025000.0 0.09112297424 0.08619354318 0.09103474814 0.09626259758
Herato19 Herato1904 12306858.0 8075000.0 0.08074308242 0.074677644754 0.080798669394 0.086495784684
Herato19 Herato1904 12356858.0 8125000.0 0.09706719502 0.08025623366 0.09725829502 0.11181356794
Herato19 Herato1904 12406858.0 8175000.0 0.083305521063 0.0754463655206 0.0829719415395 0.091955235012
Herato19 Herato1904 12456858.0 8225000.0 0.07354600526 0.06639935132 0.07309824646 0.08242533682
Herato19 Herato1904 12506858.0 8275000.0 0.095607072006 0.085640449212 0.09543575379 0.10599760976
Herato19 Herato1904 12556858.0 8325000.0 0.0684887226 0.0650193328 0.06814669818 0.07347291478
Herato19 Herato1904 12596711.0 8375000.0 0.0900734998653 0.0797145585336 0.0891239411567 0.105952554871
Herato19 Herato1905 12636565.0 25000.0 0.06310736042 0.05660050014 0.06260989294 0.0713295083
Herato19 Herato1905 12686565.0 75000.0 0.06380551028 0.058343233504 0.063690541106 0.06969053328
Herato19 Herato1905 12736565.0 125000.0 0.069953059594 0.060904785265 0.06931328385 0.08069974854
Herato19 Herato1905 12786565.0 175000.0 0.098681162464 0.09052200235 0.098626473944 0.10649361944
Herato19 Herato1905 12836565.0 225000.0 0.11349306222 0.098571129076 0.1128079774 0.13512875602
Herato19 Herato1905 12886565.0 275000.0 0.100441743117 0.0881846261461 0.100508543395 0.110408914626
Herato19 Herato1905 12927127.0 325000.0 0.0551054051665 0.0515354774352 0.0553415121929 0.0585934969393
Herato19 Herato1906 12967690.0 25000.0 0.14011847886 0.10871199294 0.1399595481 0.17927774472
Herato19 Herato1906 13017690.0 75000.0 0.089942704666 0.0758638901808 0.0897307039058 0.104731012952
Herato19 Herato1906 13067690.0 125000.0 0.057239421552 0.048638801792 0.056612390026 0.068695507914
Herato19 Herato1906 13117690.0 175000.0 0.070621894812 0.0611174745017 0.0697093425296 0.084175105802
Herato19 Herato1906 13167690.0 225000.0 0.057571192885 0.0517206820163 0.0572675112932 0.066117257083
Herato19 Herato1906 13217690.0 275000.0 0.12851901086 0.10363087504 0.1290641185 0.1578971487
Herato19 Herato1906 13267690.0 325000.0 0.0591453880842 0.0460465833148 0.058747959767 0.074504765702
Herato19 Herato1906 13317690.0 375000.0 0.08569016483 0.071737836902 0.085905568642 0.102348500394
Herato19 Herato1906 13367690.0 425000.0 0.0959359058907 0.0897061313472 0.0939544636008 0.105767511686
Herato19 Herato1906 13417690.0 475000.0 0.123544437646 0.115216358234 0.123530021812 0.13400730351
Herato19 Herato1906 13467690.0 525000.0 0.14333895038 0.12360890826 0.14455007558 0.15933439334
Herato19 Herato1906 13517690.0 575000.0 0.171634295 0.1662503972 0.172024103 0.1781389148
Herato19 Herato1906 13567690.0 625000.0 0.1491958694 0.143660691 0.149820301 0.1545693584
Herato19 Herato1906 13617690.0 675000.0 0.11522628368 0.106842972936 0.11494264256 0.12599125708
Herato19 Herato1906 13667690.0 725000.0 0.0964453589864 0.0844523018003 0.0956005842834 0.111914424338
Herato19 Herato1906 13717690.0 775000.0 0.11638142622 0.1085785111 0.11664352338 0.1242922392
Herato19 Herato1906 13767690.0 825000.0 0.12431495674 0.12144497038 0.12424992218 0.1288222165
Herato19 Herato1906 13817690.0 875000.0 0.1476682906 0.1414237114 0.147413325 0.1509922226
Herato19 Herato1906 13867690.0 925000.0 0.148568848084 0.1292292596 0.147587563113 0.16903626762
Herato19 Herato1906 13917690.0 975000.0 0.14125974835 0.118829462987 0.138743482106 0.170723703144
Herato19 Herato1906 13967690.0 1025000.0 0.0845903803222 0.0786938015908 0.0837368751778 0.0948622698448
Herato19 Herato1906 14017690.0 1075000.0 0.142110417904 0.131670032618 0.14143593694 0.155735850864
Herato19 Herato1906 14067690.0 1125000.0 0.156413573604 0.145858121984 0.15546212404 0.168761167026
Herato19 Herato1906 14117690.0 1175000.0 0.068489953524 0.064829375488 0.068815400364 0.07116550928
Herato19 Herato1906 14167690.0 1225000.0 0.12316927922 0.11606008798 0.12353838342 0.13046881326
Herato19 Herato1906 14217690.0 1275000.0 0.106673595178 0.0956047304488 0.106078683372 0.119811258464
Herato19 Herato1906 14267690.0 1325000.0 0.061220881132 0.05540234901 0.061001733978 0.06787301529
Herato19 Herato1906 14317690.0 1375000.0 0.033901386446 0.0234846138935 0.0338343726977 0.046112335991
Herato19 Herato1906 14367399.5 1425000.0 0.0361757194014 0.0304214515126 0.036037271859 0.0429446724337
Herato19 Herato1907 14417110.0 25000.0 0.025731178548 0.020776228878 0.025849171822 0.029855750214
Herato19 Herato1907 14452381.0 75000.0 0.0585136544825 0.0525352554021 0.0581904114989 0.0656274154844
Herato19 Herato1908 14487653.0 25000.0 0.0672895716789 0.0492239653928 0.063618768205 0.10207087883
Herato19 Herato1908 14537653.0 75000.0 0.0792157651096 0.0710495583184 0.0787858536138 0.0912285070762
Herato19 Herato1908 14587653.0 125000.0 0.114672545783 0.103708411541 0.11430401117 0.12761972262
Herato19 Herato1908 14637653.0 175000.0 0.080361929684 0.056749807254 0.0771508635044 0.118657865638
Herato19 Herato1908 14687653.0 225000.0 0.10433096814 0.09079232618 0.10710669426 0.11960512176
Herato19 Herato1908 14737653.0 275000.0 0.09839546312 0.091818882724 0.09839573716 0.10417483208
Herato19 Herato1908 14787653.0 325000.0 0.14187778478 0.12845231314 0.14168641856 0.15840528
Herato19 Herato1908 14837653.0 375000.0 0.14051179252 0.13287778038 0.13928467616 0.15116376994
Herato19 Herato1908 14887653.0 425000.0 0.15626730862 0.1416560323 0.15602100752 0.1700358626
Herato19 Herato1908 14937653.0 475000.0 0.10477471844 0.09539125336 0.10473376108 0.11400671312
Herato19 Herato1908 14987653.0 525000.0 0.07074475731 0.062417445934 0.070606484008 0.080254568712
Herato19 Herato1908 15037653.0 575000.0 0.0719223477922 0.066839102383 0.0720793876842 0.075482703454
Herato19 Herato1908 15087653.0 625000.0 0.091488164858 0.082915746556 0.091226146544 0.10057956338
Herato19 Herato1908 15137653.0 675000.0 0.09865128332 0.0890892976632 0.09846209532 0.1089881783
Herato19 Herato1908 15187653.0 725000.0 0.115224982978 0.10545317943 0.114539619588 0.128486644834
Herato19 Herato1908 15237653.0 775000.0 0.1228605546 0.1135860918 0.12286857762 0.13184101654
Herato19 Herato1908 15287653.0 825000.0 0.106669171454 0.0959141908177 0.105875790773 0.120431903496
Herato19 Herato1908 15337653.0 875000.0 0.08983818268 0.08061972232 0.08999303946 0.1043540732
Herato19 Herato1908 15387653.0 925000.0 0.13974209614 0.131314845354 0.14020220372 0.14871500414
Herato19 Herato1908 15437653.0 975000.0 0.128696310191 0.117933925803 0.128451548867 0.140555478483
Herato19 Herato1908 15487653.0 1025000.0 0.123839809999 0.112302754646 0.124106529521 0.137035364533
Herato19 Herato1908 15537653.0 1075000.0 0.11766582936 0.10987458738 0.1174773355 0.1267796868
Herato19 Herato1908 15587653.0 1125000.0 0.0585639857404 0.0548005712398 0.0585337080664 0.062838631088
Herato19 Herato1908 15637653.0 1175000.0 0.085973801464 0.079322649278 0.085737524794 0.093505145168
Herato19 Herato1908 15687653.0 1225000.0 0.0942032525234 0.0903103357908 0.0945948443032 0.097470701019
Herato19 Herato1908 15737653.0 1275000.0 0.0676311485 0.0535531942948 0.06744580736 0.07789070444
Herato19 Herato1908 15787653.0 1325000.0 0.073575463484 0.063365382294 0.073696878006 0.08453250796
Herato19 Herato1908 15837653.0 1375000.0 0.140110065944 0.134930005328 0.140043732568 0.147258781384
Herato19 Herato1908 15887653.0 1425000.0 0.123713053997 0.109796362102 0.123630976006 0.141280643311
Herato19 Herato1908 15937653.0 1475000.0 0.11801745448 0.11026979692 0.11813678006 0.12420603126
Herato19 Herato1908 15987653.0 1525000.0 0.134657180646 0.123987311534 0.13458894918 0.147232125264
Herato19 Herato1908 16037653.0 1575000.0 0.0772553591092 0.0677543335556 0.07687410777 0.0907757104456
Herato19 Herato1908 16087653.0 1625000.0 0.057892015806 0.050071638384 0.058346552918 0.0656594357
Herato19 Herato1908 16137653.0 1675000.0 0.046440700714 0.036990811632 0.046164790568 0.057774524652
Herato19 Herato1908 16187653.0 1725000.0 0.0510377329736 0.0459420015866 0.0509517221934 0.057068387207
Herato19 Herato1908 16237653.0 1775000.0 0.0620250209976 0.0566045256324 0.0618492613302 0.0674993216006
Herato19 Herato1908 16287653.0 1825000.0 0.1583783125 0.131231125216 0.155725680796 0.19529358964
Herato19 Herato1908 16337653.0 1875000.0 0.12605932456 0.11503419494 0.1261586385 0.1379784998
Herato19 Herato1908 16387653.0 1925000.0 0.09656091912 0.09008807124 0.09583080862 0.1039765799
Herato19 Herato1908 16437653.0 1975000.0 0.07347336684 0.06946364186 0.07349285104 0.07734309444
Herato19 Herato1908 16487653.0 2025000.0 0.0998876326516 0.0929969691718 0.0993284268231 0.110252126722
Herato19 Herato1908 16537653.0 2075000.0 0.10517733146 0.094150176914 0.10498163176 0.11715666234
Herato19 Herato1908 16587653.0 2125000.0 0.08447166793 0.080543453388 0.084071543434 0.089941014204
Herato19 Herato1908 16637653.0 2175000.0 0.120035547909 0.100580464953 0.120705951469 0.137184237436
Herato19 Herato1908 16687653.0 2225000.0 0.087897936512 0.081482494608 0.088079389478 0.093962263922
Herato19 Herato1908 16737653.0 2275000.0 0.0981931219 0.092456867662 0.099086887612 0.102520587834
Herato19 Herato1908 16787653.0 2325000.0 0.052185028162 0.048265251564 0.05225340361 0.05600602951
Herato19 Herato1908 16837653.0 2375000.0 0.082123405948 0.066910354014 0.081384881628 0.101111952416
Herato19 Herato1908 16887653.0 2425000.0 0.039657687604 0.033049243866 0.03947261575 0.04795086763
Herato19 Herato1908 16937653.0 2475000.0 0.071923549097 0.0626857043134 0.0718496997006 0.0818936488886
Herato19 Herato1908 16987653.0 2525000.0 0.0386536640864 0.034312430099 0.0387455745131 0.0432953282226
Herato19 Herato1908 17037653.0 2575000.0 0.12508995578 0.11559339982 0.12578976202 0.13524300352
Herato19 Herato1908 17087653.0 2625000.0 0.13897579848 0.12867977372 0.13838798412 0.14933038482
Herato19 Herato1908 17137653.0 2675000.0 0.13932660484 0.12765492804 0.14144281078 0.15161585006
Herato19 Herato1908 17187653.0 2725000.0 0.09818523722 0.090582017774 0.09786981132 0.10669667154
Herato19 Herato1908 17216002.0 2775000.0 0.039916420424 0.0373944592416 0.040135894894 0.0421889787996
Herato19 Herato1909 17232544.0 25000.0 0.0610936543378 0.0548394676689 0.0616010903664 0.0663963484112
Herato19 Herato1910 17270737.0 25000.0 0.088407211775 0.0789704413529 0.0901850501724 0.099699630476
Herato19 Herato1910 17320737.0 75000.0 0.0522020755046 0.0381676757652 0.053921888211 0.0663867500104
Herato19 Herato1910 17370737.0 125000.0 0.0392493041838 0.0335823281566 0.0393674564876 0.0459089601588
Herato19 Herato1910 17420737.0 175000.0 0.044653936844 0.04158117207 0.044145752806 0.048453018372
Herato19 Herato1910 17470737.0 225000.0 0.054809099512 0.0344278711599 0.050537747729 0.094801577172
Herato19 Herato1910 17520737.0 275000.0 0.0467372830703 0.0379660003625 0.0463401435698 0.057545320216
Herato19 Herato1910 17570737.0 325000.0 0.068722101588 0.0613568932524 0.06876584493 0.076489865666
Herato19 Herato1910 17620737.0 375000.0 0.0467776645609 0.0429715913869 0.0465391765192 0.051971349841
Herato19 Herato1910 17670737.0 425000.0 0.0833758369768 0.0619593134525 0.08397101222 0.110790573114
Herato19 Herato1910 17720737.0 475000.0 0.0841578960834 0.0764868460641 0.0839812843858 0.0930156528002
Herato19 Herato1910 17770737.0 525000.0 0.0950203787968 0.0875903235757 0.094820746678 0.103565701246
Herato19 Herato1910 17820737.0 575000.0 0.100445292238 0.094277147194 0.099949930924 0.107782405406
Herato19 Herato1910 17870737.0 625000.0 0.1087129472 0.105361126 0.1085711952 0.112462376
Herato19 Herato1910 17920737.0 675000.0 0.099076368 0.0981734432 0.0987132352 0.1017164416
Herato19 Herato1910 17970737.0 725000.0 0.076411833312 0.067160971686 0.076237896916 0.087313611964
Herato19 Herato1910 18020737.0 775000.0 0.05627619024 0.0506065111372 0.05671957052 0.061087884292
Herato19 Herato1910 18070737.0 825000.0 0.06517731997 0.059086918128 0.064844052702 0.0726837509
Herato19 Herato1910 18120737.0 875000.0 0.045597193308 0.041400135864 0.045451284536 0.050375148234
Herato19 Herato1910 18170737.0 925000.0 0.089335188724 0.07176487387 0.089498056516 0.107747436968
Herato19 Herato1910 18220737.0 975000.0 0.0865408266108 0.0827886888405 0.086504335987 0.090510659178
Herato19 Herato1910 18270737.0 1025000.0 0.12856270479 0.118618265766 0.128232210572 0.13819671002
Herato19 Herato1910 18320737.0 1075000.0 0.103379981113 0.082869831901 0.102648199772 0.129776524964
Herato19 Herato1910 18370737.0 1125000.0 0.070654780234 0.047141018036 0.068930997664 0.10444103494
Herato19 Herato1910 18420737.0 1175000.0 0.08902227388 0.077605580608 0.088603398362 0.10256140604
Herato19 Herato1910 18470737.0 1225000.0 0.0589736510176 0.0528399911692 0.0591462959994 0.0649503025158
Herato19 Herato1910 18520737.0 1275000.0 0.10771328162 0.08619666256 0.10189134674 0.17509475098
Herato19 Herato1910 18570737.0 1325000.0 0.1214200028 0.114594863032 0.12071136374 0.13158223176
Herato19 Herato1910 18620737.0 1375000.0 0.103077370732 0.093746292312 0.102623950452 0.113210256928
Herato19 Herato1910 18670737.0 1425000.0 0.104234188815 0.0885951393877 0.103420161634 0.123298523838
Herato19 Herato1910 18720737.0 1475000.0 0.0605476706362 0.054688323615 0.0602796015344 0.067602202134
Herato19 Herato1910 18770737.0 1525000.0 0.094003535568 0.080004435522 0.09344715194 0.111368305196
Herato19 Herato1910 18820737.0 1575000.0 0.12332115967 0.102407045025 0.12235297793 0.150729200826
Herato19 Herato1910 18870737.0 1625000.0 0.047319134306 0.042933548582 0.046705619298 0.052222022392
Herato19 Herato1910 18920737.0 1675000.0 0.0661966420322 0.0575199148566 0.0661384909546 0.0768008778824
Herato19 Herato1910 18970737.0 1725000.0 0.059519373628 0.050506220256 0.059490293884 0.068437236286
Herato19 Herato1910 19020737.0 1775000.0 0.121823342056 0.105178129436 0.12156343308 0.14175867283
Herato19 Herato1910 19070737.0 1825000.0 0.104226863372 0.0926628976914 0.10358294549 0.118566214074
Herato19 Herato1910 19120737.0 1875000.0 0.1418622012 0.13177793132 0.14136105616 0.1545122184
Herato19 Herato1910 19170737.0 1925000.0 0.139279368921 0.114716421612 0.138732882986 0.16294555801
Herato19 Herato1910 19220737.0 1975000.0 0.136254269792 0.116879258254 0.132324678092 0.166757416694
Herato19 Herato1910 19270737.0 2025000.0 0.104061780476 0.094405773682 0.10355858725 0.115303015056
Herato19 Herato1910 19320737.0 2075000.0 0.118486661366 0.103625698928 0.11809104661 0.133467593104
Herato19 Herato1910 19370737.0 2125000.0 0.104792887748 0.09533961761 0.10463270052 0.11519774749
Herato19 Herato1910 19420737.0 2175000.0 0.109129591017 0.0976068042676 0.109725941941 0.119576211804
Herato19 Herato1910 19470737.0 2225000.0 0.13561822368 0.11727930682 0.13590982594 0.15230315776
Herato19 Herato1910 19520737.0 2275000.0 0.15911018662 0.150934971444 0.15881288048 0.17132970672
Herato19 Herato1910 19570737.0 2325000.0 0.16832167594 0.153146872728 0.167434180426 0.188057537004
Herato19 Herato1910 19620737.0 2375000.0 0.135860131004 0.125390893022 0.135473720346 0.147227589816
Herato19 Herato1910 19670737.0 2425000.0 0.16398136656 0.152623489064 0.165103681778 0.17393272482
Herato19 Herato1910 19720737.0 2475000.0 0.118857720226 0.111046080197 0.12135941842 0.124735260548
Herato19 Herato1910 19770737.0 2525000.0 0.0659049254188 0.0613671390992 0.0662572888903 0.0708297454033
Herato19 Herato1910 19820737.0 2575000.0 0.102246540078 0.0832584825542 0.101325168494 0.128799477203
Herato19 Herato1910 19870737.0 2625000.0 0.0775280386 0.03537072442 0.07843668828 0.09319561926
Herato19 Herato1910 19920737.0 2675000.0 0.08180160422 0.075946839816 0.082232171204 0.084941910912
Herato19 Herato1910 19970737.0 2725000.0 0.110447088191 0.102262414637 0.110327911101 0.119635188882
Herato19 Herato1910 20020737.0 2775000.0 0.11656555266 0.10726662698 0.1163668381 0.12684722582
Herato19 Herato1910 20070737.0 2825000.0 0.110525930248 0.103701645078 0.110951130816 0.117002234858
Herato19 Herato1910 20120737.0 2875000.0 0.0513453256692 0.0473090449506 0.0510978427316 0.0577950289382
Herato19 Herato1910 20170737.0 2925000.0 0.104996582922 0.0954395354757 0.105215788792 0.114675127963
Herato19 Herato1910 20220737.0 2975000.0 0.102744545978 0.0905846505876 0.100692001439 0.126409248
Herato19 Herato1910 20270737.0 3025000.0 0.0916095075 0.07221426524 0.09060579064 0.11751203638
Herato19 Herato1910 20320737.0 3075000.0 0.098116494592 0.091765388138 0.097949941366 0.105126128678
Herato19 Herato1910 20370737.0 3125000.0 0.145745558518 0.132159467386 0.144715582408 0.162003906691
Herato19 Herato1910 20420737.0 3175000.0 0.13107895504 0.12202266254 0.13084411676 0.14135309452
Herato19 Herato1910 20470737.0 3225000.0 0.126570789884 0.117922120066 0.126013206677 0.137246027631
Herato19 Herato1910 20520737.0 3275000.0 0.14074728866 0.1317553031 0.14102356204 0.15035322412
Herato19 Herato1910 20570737.0 3325000.0 0.101231999122 0.097955249758 0.100976813378 0.105813441982
Herato19 Herato1910 20620737.0 3375000.0 0.0962075711644 0.0849824963632 0.0960376047794 0.106703432084
Herato19 Herato1910 20670737.0 3425000.0 0.1579413284 0.15117334784 0.1574235494 0.1664688842
Herato19 Herato1910 20720737.0 3475000.0 0.137429049152 0.126566274086 0.137377599977 0.148847722204
Herato19 Herato1910 20770737.0 3525000.0 0.109928922472 0.100370240877 0.109781560188 0.120975289568
Herato19 Herato1910 20820737.0 3575000.0 0.10119172784 0.09361662056 0.101221498302 0.109258833688
Herato19 Herato1910 20870737.0 3625000.0 0.06600069149 0.058292963366 0.065319318526 0.078134776666
Herato19 Herato1910 20920737.0 3675000.0 0.06675718527 0.062557639848 0.06677946521 0.07079985795
Herato19 Herato1910 20970737.0 3725000.0 0.0550234357 0.05195139538 0.05474926622 0.06079058686
Herato19 Herato1910 21020737.0 3775000.0 0.104116689912 0.097043604856 0.105076643482 0.10944297124
Herato19 Herato1910 21070737.0 3825000.0 0.13838427606 0.1343213735 0.1381574714 0.14420742846
Herato19 Herato1910 21120737.0 3875000.0 0.13166483276 0.12374903044 0.13147134846 0.140342006
Herato19 Herato1910 21170737.0 3925000.0 0.12697426208 0.11790329868 0.12571724602 0.13668086366
Herato19 Herato1910 21220737.0 3975000.0 0.1477782644 0.1446800608 0.1472131976 0.154580875
Herato19 Herato1910 21270737.0 4025000.0 0.127987203572 0.123281626183 0.127595983888 0.13536524061
Herato19 Herato1910 21320737.0 4075000.0 0.135674330736 0.127969897572 0.135335423986 0.14401603726
Herato19 Herato1910 21370737.0 4125000.0 0.11121959538 0.10576578224 0.11092162756 0.11796086652
Herato19 Herato1910 21420737.0 4175000.0 0.11271359504 0.10851288168 0.11258778408 0.11736617416
Herato19 Herato1910 21470737.0 4225000.0 0.1418670818 0.13429378682 0.14242728956 0.1495230411
Herato19 Herato1910 21520737.0 4275000.0 0.1457996482 0.122942987538 0.14539391422 0.17212731534
Herato19 Herato1910 21570737.0 4325000.0 0.10737962382 0.10418201108 0.10712288972 0.11087988412
Herato19 Herato1910 21620737.0 4375000.0 0.09476569248 0.0880633828 0.09504513106 0.10157569938
Herato19 Herato1910 21670737.0 4425000.0 0.13254666254 0.121732181826 0.13365637636 0.14443030238
Herato19 Herato1910 21720737.0 4475000.0 0.145530740029 0.12868432369 0.142101632227 0.162865060402
Herato19 Herato1910 21770737.0 4525000.0 0.0943849942 0.08887077328 0.09416234838 0.10159773754
Herato19 Herato1910 21820737.0 4575000.0 0.053404948466 0.0497068724532 0.053553703632 0.057051987148
Herato19 Herato1910 21870737.0 4625000.0 0.07148984424 0.06803706016 0.07210508774 0.07447663028
Herato19 Herato1910 21920737.0 4675000.0 0.06457855184 0.056867850022 0.06466856984 0.07097766024
Herato19 Herato1910 21970737.0 4725000.0 0.093131510556 0.086416089618 0.092024303232 0.103989345572
Herato19 Herato1910 22020737.0 4775000.0 0.08741174956 0.08402773532 0.08745289552 0.09028699112
Herato19 Herato1910 22070737.0 4825000.0 0.082034419862 0.077014227624 0.081855900642 0.088311713614
Herato19 Herato1910 22120737.0 4875000.0 0.0684231171 0.06503342638 0.06854474338 0.07116541182
Herato19 Herato1910 22170737.0 4925000.0 0.08043534784 0.0706843963039 0.0801855906398 0.092994263684
Herato19 Herato1910 22220737.0 4975000.0 0.07171569728 0.067035759232 0.071731901618 0.077162198794
Herato19 Herato1910 22270737.0 5025000.0 0.0778271934956 0.0542307651255 0.079493442776 0.119051553805
Herato19 Herato1910 22320737.0 5075000.0 0.0521665162 0.05058905122 0.0518637081 0.05490433162
Herato19 Herato1910 22370737.0 5125000.0 0.058248537108 0.05434968906 0.05804642452 0.062357170344
Herato19 Herato1910 22420737.0 5175000.0 0.036172929382 0.032411329066 0.036012443036 0.040473310798
Herato19 Herato1910 22470737.0 5225000.0 0.035402991928 0.031107349252 0.035292754514 0.040070423354
Herato19 Herato1910 22520737.0 5275000.0 0.029903292541 0.0265468279633 0.0299080449361 0.0340331845556
Herato19 Herato1910 22570737.0 5325000.0 0.0254874146904 0.0224027724808 0.025417256279 0.028741203152
Herato19 Herato1910 22620737.0 5375000.0 0.071124629466 0.053629132322 0.069879497952 0.098227527784
Herato19 Herato1910 22670737.0 5425000.0 0.0410838577551 0.0335396748531 0.040952458986 0.0517730666382
Herato19 Herato1910 22720737.0 5475000.0 0.0316213927228 0.0265123648376 0.0314342273428 0.037473429918
