chrom scaffold Cposition position mean p0025 p0500 p0975
Herato04 Herato0401 25001.0 25000.0 0.0690263034154 0.0503762994405 0.0668211392212 0.10537276105
Herato04 Herato0401 75001.0 75000.0 0.0634466425808 0.0526950000705 0.0627573813294 0.0799887603611
Herato04 Herato0401 125001.0 125000.0 0.098025826714 0.090677319924 0.098004716422 0.105992757274
Herato04 Herato0401 175001.0 175000.0 0.19689649918 0.173819311138 0.1968803331 0.22520288322
Herato04 Herato0401 225001.0 225000.0 0.07033682546 0.0614664652019 0.0697961876796 0.0819536448982
Herato04 Herato0401 275001.0 275000.0 0.113290509728 0.104924616562 0.112650372012 0.12276667273
Herato04 Herato0401 325001.0 325000.0 0.153396264464 0.136325330109 0.153364204744 0.172722399735
Herato04 Herato0401 375001.0 375000.0 0.13471155309 0.12774117808 0.134120623972 0.143877937326
Herato04 Herato0401 425001.0 425000.0 0.123157166065 0.110130480197 0.123363835782 0.135082358808
Herato04 Herato0401 475001.0 475000.0 0.136857859308 0.13311679545 0.136799905108 0.142249614589
Herato04 Herato0401 525001.0 525000.0 0.1104917046 0.1092101574 0.1104543144 0.1123724412
Herato04 Herato0401 575001.0 575000.0 0.105304080296 0.0994562571014 0.104654398174 0.11262001557
Herato04 Herato0401 625001.0 625000.0 0.132610980275 0.119089187323 0.131486281812 0.152208451905
Herato04 Herato0401 675001.0 675000.0 0.12912077253 0.122305678025 0.129308161878 0.135888041836
Herato04 Herato0401 725001.0 725000.0 0.153892748312 0.134891660455 0.153922640181 0.172683226338
Herato04 Herato0401 775001.0 775000.0 0.093866624484 0.0880495233434 0.093739134586 0.10045853361
Herato04 Herato0401 825001.0 825000.0 0.105341228242 0.0958435882745 0.105028544754 0.116681919914
Herato04 Herato0401 875001.0 875000.0 0.0761574546508 0.0632712557779 0.0765238636144 0.0909248873708
Herato04 Herato0401 925001.0 925000.0 0.13467163092 0.125265234454 0.13410079158 0.14580046796
Herato04 Herato0401 975001.0 975000.0 0.132131984156 0.123483293744 0.132012056676 0.140652460268
Herato04 Herato0401 1025001.0 1025000.0 0.0903377844544 0.0802095312415 0.0901687406062 0.10340717469
Herato04 Herato0401 1075001.0 1075000.0 0.12766517482 0.11354359948 0.12812207494 0.14372617784
Herato04 Herato0401 1125001.0 1125000.0 0.129439401792 0.116835751733 0.129561887073 0.14056306331
Herato04 Herato0401 1175001.0 1175000.0 0.10219614764 0.0987701568608 0.101639760232 0.108118073396
Herato04 Herato0401 1225001.0 1225000.0 0.12174815548 0.110451813237 0.121975661777 0.132433679004
Herato04 Herato0401 1275001.0 1275000.0 0.112556950894 0.107588429612 0.113053084518 0.117817040558
Herato04 Herato0401 1325001.0 1325000.0 0.117595952899 0.111138288461 0.117817929517 0.125485524434
Herato04 Herato0401 1375001.0 1375000.0 0.091980687582 0.0772096525436 0.0912492189122 0.108752557196
Herato04 Herato0401 1425001.0 1425000.0 0.100820057187 0.0920196248538 0.100561241142 0.111640111097
Herato04 Herato0401 1475001.0 1475000.0 0.0895827598049 0.0831648850788 0.0899433042301 0.0969204137037
Herato04 Herato0401 1525001.0 1525000.0 0.0744032372082 0.0651120446613 0.0740153294182 0.0831908349494
Herato04 Herato0401 1575001.0 1575000.0 0.085292573668 0.0755152474587 0.0851000814988 0.094962114414
Herato04 Herato0401 1625001.0 1625000.0 0.0994387558652 0.0901282884914 0.098502366543 0.120850245186
Herato04 Herato0401 1675001.0 1675000.0 0.155683732826 0.142739493068 0.155149593534 0.169518294334
Herato04 Herato0401 1725001.0 1725000.0 0.103738347307 0.0826061643944 0.101847937403 0.132945157026
Herato04 Herato0401 1775001.0 1775000.0 0.0851625926108 0.0744865041273 0.0843596412766 0.101411504308
Herato04 Herato0401 1825001.0 1825000.0 0.080065244338 0.072333316032 0.0797644015 0.089139591004
Herato04 Herato0401 1875001.0 1875000.0 0.125130199221 0.112327681441 0.125039158596 0.13778955395
Herato04 Herato0401 1925001.0 1925000.0 0.133248142614 0.123520390559 0.132943090448 0.145149068444
Herato04 Herato0401 1975001.0 1975000.0 0.114979241846 0.100344945546 0.115017097358 0.130252205758
Herato04 Herato0401 2025001.0 2025000.0 0.0925623500212 0.0848826647603 0.0930145925883 0.0998561011321
Herato04 Herato0401 2075001.0 2075000.0 0.0885104299092 0.0806550221135 0.0885197379172 0.09738404549
Herato04 Herato0401 2125001.0 2125000.0 0.151786604346 0.142227046052 0.152375190654 0.15872932651
Herato04 Herato0401 2175001.0 2175000.0 0.153739739573 0.138244706786 0.153441140191 0.171747978974
Herato04 Herato0401 2225001.0 2225000.0 0.16355207522 0.15454813774 0.16355944716 0.17228016454
Herato04 Herato0401 2275001.0 2275000.0 0.172533164449 0.158362004983 0.172232462476 0.187530510324
Herato04 Herato0401 2325001.0 2325000.0 0.162136536819 0.151354430157 0.161847878357 0.173898885704
Herato04 Herato0401 2375001.0 2375000.0 0.100056843336 0.086063633192 0.100175376586 0.114609178
Herato04 Herato0401 2425001.0 2425000.0 0.11258542312 0.10264958005 0.109690874224 0.132889313904
Herato04 Herato0401 2475001.0 2475000.0 0.14811160336 0.130442604644 0.146733875266 0.17052210744
Herato04 Herato0401 2525001.0 2525000.0 0.179222945073 0.154728576788 0.179919724814 0.205257545603
Herato04 Herato0401 2575001.0 2575000.0 0.121837429656 0.113176006906 0.121821301596 0.13210790076
Herato04 Herato0401 2625001.0 2625000.0 0.12445084468 0.115091425678 0.124671215486 0.133484350316
Herato04 Herato0401 2667575.0 2675000.0 0.0914669039092 0.0818944502931 0.0912470614305 0.104490402703
Herato04 Herato0402 2710150.0 25000.0 0.17190131637 0.1621999244 0.171754293076 0.18549605882
Herato04 Herato0402 2760150.0 75000.0 0.161423173486 0.148632828714 0.161429353146 0.173549066861
Herato04 Herato0402 2786119.5 125000.0 0.106025546158 0.0427684662197 0.13977396132 0.154521301186
Herato04 Herato0403 2812090.0 25000.0 0.128491280356 0.111641112319 0.128667623073 0.141350520672
Herato04 Herato0403 2862090.0 75000.0 0.191463587378 0.17981039158 0.19144116708 0.204218280956
Herato04 Herato0403 2912090.0 125000.0 0.097207594728 0.0845865535555 0.0969991540104 0.112077920552
Herato04 Herato0403 2962090.0 175000.0 0.076736663794 0.064557272276 0.07543255832 0.092007321024
Herato04 Herato0403 3012090.0 225000.0 0.18276885842 0.171863074502 0.18253063196 0.196230647092
Herato04 Herato0403 3062090.0 275000.0 0.207584201 0.19737952694 0.2075543531 0.22068587696
Herato04 Herato0403 3112090.0 325000.0 0.160111084164 0.148106870796 0.161942286928 0.16967574359
Herato04 Herato0403 3162090.0 375000.0 0.123876464706 0.110476432872 0.123056288708 0.138540628835
Herato04 Herato0403 3212090.0 425000.0 0.167457835214 0.154707757967 0.166836746157 0.181430118963
Herato04 Herato0403 3262090.0 475000.0 0.14206403664 0.1277574365 0.14214099038 0.15347414392
Herato04 Herato0403 3312090.0 525000.0 0.142887868196 0.130867689576 0.142407059811 0.15757566186
Herato04 Herato0403 3362090.0 575000.0 0.19969461552 0.163021485908 0.19578982616 0.24367279324
Herato04 Herato0403 3412090.0 625000.0 0.184399890188 0.160581253176 0.18422963392 0.21037704522
Herato04 Herato0403 3462090.0 675000.0 0.134530494812 0.118867953731 0.133872673935 0.153764512113
Herato04 Herato0403 3512090.0 725000.0 0.121029852594 0.105952266907 0.121406393425 0.136205741301
Herato04 Herato0403 3562090.0 775000.0 0.132638511412 0.124233690256 0.132553628051 0.1414790908
Herato04 Herato0403 3612090.0 825000.0 0.0747336775092 0.0663193270494 0.0739907323512 0.0861042905314
Herato04 Herato0403 3662090.0 875000.0 0.0696576430237 0.0554093635313 0.0665002323767 0.087215193681
Herato04 Herato0403 3712090.0 925000.0 0.0773968800442 0.0690454501391 0.0771520126494 0.0870588991068
Herato04 Herato0403 3762090.0 975000.0 0.0757621946092 0.062226568562 0.0752509184558 0.0922410150206
Herato04 Herato0403 3812090.0 1025000.0 0.0481863875662 0.0428918385849 0.0481923847428 0.0538928490208
Herato04 Herato0403 3856277.5 1075000.0 0.0664297801087 0.0584768575675 0.0661145724758 0.075137761729
Herato04 Herato0404 3900466.0 25000.0 0.0998702844296 0.0899634137521 0.100145673085 0.110096221597
Herato04 Herato0404 3950466.0 75000.0 0.135814542914 0.128715353945 0.135312050979 0.146278474232
Herato04 Herato0404 3987213.0 125000.0 0.152636240484 0.136929763156 0.153365289922 0.164018968017
Herato04 Herato0405 4023961.0 25000.0 0.069501465068 0.0574098833064 0.06914906316 0.081965445708
Herato04 Herato0405 4073961.0 75000.0 0.0640616387479 0.0515415022252 0.0632935675571 0.080602915007
Herato04 Herato0405 4123961.0 125000.0 0.149481005441 0.136621095359 0.149519041205 0.16168585006
Herato04 Herato0405 4173961.0 175000.0 0.129747264549 0.115848940145 0.129192875707 0.145925326408
Herato04 Herato0405 4223961.0 225000.0 0.111617873296 0.102526943719 0.110757121685 0.122207880404
Herato04 Herato0405 4273961.0 275000.0 0.119805184583 0.0903262477681 0.119505754291 0.154149179127
Herato04 Herato0405 4323961.0 325000.0 0.104567345563 0.0963457567932 0.104335250421 0.113800767792
Herato04 Herato0405 4373961.0 375000.0 0.0688420489463 0.0619791340061 0.0683810169911 0.0769297125434
Herato04 Herato0405 4423961.0 425000.0 0.100321434004 0.0882350532799 0.10013794705 0.113974634538
Herato04 Herato0405 4473961.0 475000.0 0.229313444696 0.209138505713 0.229950115686 0.249975897392
Herato04 Herato0405 4523961.0 525000.0 0.11058410098 0.10340477552 0.11096751014 0.11613175586
Herato04 Herato0405 4573961.0 575000.0 0.210049061382 0.182621707434 0.209074998594 0.241222838908
Herato04 Herato0405 4623961.0 625000.0 0.0855314419059 0.0824690410747 0.0851407876601 0.0911599064008
Herato04 Herato0405 4673961.0 675000.0 0.141597419556 0.134968498068 0.141111729056 0.15037201438
Herato04 Herato0405 4723961.0 725000.0 0.126477113638 0.115733838507 0.1266828617 0.135910162368
Herato04 Herato0405 4773961.0 775000.0 0.184169851276 0.175449371232 0.1839066608 0.193167020157
Herato04 Herato0405 4823961.0 825000.0 0.171787588084 0.165595539309 0.17156738789 0.17972527743
Herato04 Herato0405 4873961.0 875000.0 0.113236444672 0.0995101485283 0.111676621548 0.127853964316
Herato04 Herato0405 4923961.0 925000.0 0.093790881822 0.072102768902 0.093534185254 0.120367839338
Herato04 Herato0405 4973961.0 975000.0 0.106959765822 0.101013998704 0.106835333131 0.11316287851
Herato04 Herato0405 5023961.0 1025000.0 0.116337706966 0.110689158813 0.115905386912 0.122501717228
Herato04 Herato0405 5073961.0 1075000.0 0.194155028871 0.170118815159 0.193659318882 0.220078015788
Herato04 Herato0405 5123961.0 1125000.0 0.228127498371 0.193527651164 0.219991028112 0.270937437879
Herato04 Herato0405 5173961.0 1175000.0 0.219238978596 0.181379175975 0.213211277406 0.272523130836
Herato04 Herato0405 5223961.0 1225000.0 0.0813670940902 0.0733899790275 0.0808711737913 0.092084451409
Herato04 Herato0405 5273961.0 1275000.0 0.120095453231 0.109420435381 0.120226865652 0.131772554868
Herato04 Herato0405 5323961.0 1325000.0 0.140798938812 0.125740633608 0.139175313356 0.1585969661
Herato04 Herato0405 5373961.0 1375000.0 0.162156429346 0.14528641812 0.161143034733 0.181196507202
Herato04 Herato0405 5423961.0 1425000.0 0.11565557309 0.101494559269 0.115763473241 0.13100326306
Herato04 Herato0405 5473961.0 1475000.0 0.131008126552 0.121078765428 0.130952784568 0.141658914434
Herato04 Herato0405 5523961.0 1525000.0 0.14442021764 0.13480967726 0.14400780118 0.15582883826
Herato04 Herato0405 5573961.0 1575000.0 0.245417339457 0.232964881255 0.244623632417 0.264829989216
Herato04 Herato0405 5623961.0 1625000.0 0.240101515828 0.216945997545 0.240167337092 0.263315151226
Herato04 Herato0405 5673961.0 1675000.0 0.221243746694 0.208485560869 0.219955831694 0.235030523426
Herato04 Herato0405 5712140.5 1725000.0 0.263957061941 0.244629998522 0.262854906369 0.294815464658
Herato04 Herato0406 5750321.0 25000.0 0.286782148238 0.243681525403 0.285517965153 0.332432658428
Herato04 Herato0406 5800321.0 75000.0 0.4281442312 0.4140506562 0.426571626 0.4564920512
Herato04 Herato0406 5833316.0 125000.0 0.0673352586241 0.0590098564728 0.0641071731207 0.0863971822514
Herato04 Herato0407 5858351.0 25000.0 0.278002534406 0.232083052578 0.277106326322 0.32329969802
Herato04 Herato0408 5900391.0 25000.0 0.227916128225 0.204876888111 0.226745588304 0.253995922116
Herato04 Herato0408 5927978.0 75000.0 0.162555342095 0.152426718206 0.163091434094 0.172375307306
Herato04 Herato0409 5946729.5 25000.0 0.261134995205 0.23953982677 0.258740210041 0.291169166641
Herato04 Herato0410 5984437.0 25000.0 0.181357596946 0.161734531286 0.181000853409 0.203520547927
Herato04 Herato0411 6030981.0 25000.0 0.36892921896 0.33738346342 0.36936019856 0.40313103582
Herato04 Herato0411 6080981.0 75000.0 0.27677859748 0.24579868784 0.28252599832 0.2995715339
Herato04 Herato0411 6130981.0 125000.0 0.226188645484 0.201858850417 0.227437207199 0.250250732066
Herato04 Herato0411 6180981.0 175000.0 0.330718294838 0.300056152936 0.32935392934 0.368315740522
Herato04 Herato0411 6230981.0 225000.0 0.12055154188 0.11061330546 0.120176321072 0.13849325436
Herato04 Herato0411 6280981.0 275000.0 0.077075509604 0.067124869328 0.076215051872 0.092323579032
Herato04 Herato0411 6330981.0 325000.0 0.10686029938 0.0997757479476 0.106828945418 0.115053289164
Herato04 Herato0411 6380981.0 375000.0 0.183002097507 0.169495342229 0.18221536895 0.19916525163
Herato04 Herato0411 6430981.0 425000.0 0.146620370627 0.138428477394 0.146164854138 0.155944730794
Herato04 Herato0411 6480981.0 475000.0 0.111332600716 0.101603428437 0.110462151328 0.129338142962
Herato04 Herato0411 6530981.0 525000.0 0.19808925562 0.1771241017 0.19573392228 0.23123268198
Herato04 Herato0411 6580981.0 575000.0 0.131915684331 0.103050178113 0.131527414981 0.164055122008
Herato04 Herato0411 6630981.0 625000.0 0.0817554568 0.075888464114 0.080578942086 0.09022500492
Herato04 Herato0411 6680981.0 675000.0 0.155382971461 0.136179082203 0.156510050075 0.172029376312
Herato04 Herato0411 6730981.0 725000.0 0.159109892839 0.143160757169 0.158618413481 0.176539393633
Herato04 Herato0411 6780981.0 775000.0 0.117244783742 0.11062948259 0.117482972718 0.124974845984
Herato04 Herato0411 6830981.0 825000.0 0.179045442957 0.158553846045 0.178875795977 0.199863038528
Herato04 Herato0411 6880981.0 875000.0 0.167006502759 0.150036892299 0.164367536056 0.194131923414
Herato04 Herato0411 6930981.0 925000.0 0.191138099059 0.162528210783 0.192337365364 0.213673224074
Herato04 Herato0411 6980981.0 975000.0 0.157036437248 0.145530296108 0.156810473019 0.17020719459
Herato04 Herato0411 7030981.0 1025000.0 0.096052957683 0.081056134664 0.0961902650611 0.111035314319
Herato04 Herato0411 7080981.0 1075000.0 0.147525847544 0.130803091241 0.14658248875 0.167911844082
Herato04 Herato0411 7130981.0 1125000.0 0.173489783792 0.157220176139 0.172875264588 0.191464671836
Herato04 Herato0411 7180981.0 1175000.0 0.0915797123463 0.0844646577589 0.0904266925911 0.107216314644
Herato04 Herato0411 7230981.0 1225000.0 0.160215645935 0.143613598623 0.159564653093 0.178748946992
Herato04 Herato0411 7280981.0 1275000.0 0.130633250264 0.115488417364 0.13021738659 0.147436686194
Herato04 Herato0411 7330981.0 1325000.0 0.186371269691 0.167560470538 0.186440275516 0.206238794308
Herato04 Herato0411 7380981.0 1375000.0 0.17416315424 0.164005162116 0.174222626236 0.18708345566
Herato04 Herato0411 7430981.0 1425000.0 0.143552173858 0.133869928957 0.143607571466 0.154579897228
Herato04 Herato0411 7480981.0 1475000.0 0.147539310856 0.139160737298 0.147576683016 0.158211672772
Herato04 Herato0411 7530981.0 1525000.0 0.146886158344 0.132680252456 0.14613339964 0.1690535447
Herato04 Herato0411 7580981.0 1575000.0 0.0955889077508 0.0828233670433 0.095581441737 0.11374663053
Herato04 Herato0411 7630981.0 1625000.0 0.122549507885 0.111803343389 0.122488079215 0.132118303337
Herato04 Herato0411 7680981.0 1675000.0 0.146230505663 0.138388871766 0.14648968009 0.151758504756
Herato04 Herato0411 7730981.0 1725000.0 0.192142864012 0.178200369498 0.190746505414 0.206855499162
Herato04 Herato0411 7780981.0 1775000.0 0.0803183788326 0.0728994342612 0.080222887027 0.089631405551
Herato04 Herato0411 7830981.0 1825000.0 0.059218342834 0.048860103174 0.059185430758 0.069723455976
Herato04 Herato0411 7880981.0 1875000.0 0.103912338669 0.0923055556521 0.104071746831 0.116624782065
Herato04 Herato0411 7930981.0 1925000.0 0.0900422232077 0.0789332834404 0.0902038312744 0.101024510126
Herato04 Herato0411 7980981.0 1975000.0 0.0784382422115 0.0695346222457 0.0783191225679 0.0877341742084
Herato04 Herato0411 8030981.0 2025000.0 0.13632437252 0.11062748892 0.13856780204 0.14892327294
Herato04 Herato0411 8080981.0 2075000.0 0.134476664542 0.122226127852 0.133616925406 0.15013435932
Herato04 Herato0411 8130981.0 2125000.0 0.129618870461 0.122990268219 0.12923064789 0.137874251825
Herato04 Herato0411 8180981.0 2175000.0 0.164242724946 0.148649961408 0.16363318346 0.182437550514
Herato04 Herato0411 8230981.0 2225000.0 0.151324775372 0.134371978808 0.150706114859 0.167428851098
Herato04 Herato0411 8280981.0 2275000.0 0.12001377656 0.10767651838 0.11678441806 0.1377981417
Herato04 Herato0411 8330981.0 2325000.0 0.15144115864 0.138429041468 0.150847633678 0.163549878066
Herato04 Herato0411 8380981.0 2375000.0 0.133623756948 0.117570813991 0.132309234718 0.156263626346
Herato04 Herato0411 8430981.0 2425000.0 0.08582346066 0.07913458752 0.08594316536 0.09323024554
Herato04 Herato0411 8480981.0 2475000.0 0.13726476018 0.12140879816 0.13683468634 0.15506254882
Herato04 Herato0411 8530981.0 2525000.0 0.165251041424 0.142489119414 0.165441407888 0.185172233115
Herato04 Herato0411 8580981.0 2575000.0 0.203459125496 0.179657709464 0.202009395444 0.23925088466
Herato04 Herato0411 8630981.0 2625000.0 0.188621471482 0.163465727299 0.182151381124 0.219000557506
Herato04 Herato0411 8680981.0 2675000.0 0.0744260782066 0.0650754105604 0.073625168509 0.0856829355932
Herato04 Herato0411 8730981.0 2725000.0 0.141615145135 0.12168032549 0.139981024518 0.164182796132
Herato04 Herato0411 8780981.0 2775000.0 0.10759383671 0.0951617227724 0.107135684846 0.121063709358
Herato04 Herato0411 8830981.0 2825000.0 0.0611960040372 0.0557280473818 0.0608873098972 0.0690068103674
Herato04 Herato0411 8880981.0 2875000.0 0.198513259368 0.180466625648 0.19947755755 0.21447899698
Herato04 Herato0411 8930981.0 2925000.0 0.140405246947 0.124535418525 0.141087834585 0.156728723432
Herato04 Herato0411 8980981.0 2975000.0 0.111407881997 0.100669512187 0.111122543509 0.123251342024
Herato04 Herato0411 9030981.0 3025000.0 0.1144123771 0.099053443214 0.113201948332 0.133297028408
Herato04 Herato0411 9080981.0 3075000.0 0.16716411348 0.151426110213 0.166114928824 0.186134982551
Herato04 Herato0411 9130981.0 3125000.0 0.1252426245 0.11444518747 0.1249613034 0.136569508
Herato04 Herato0411 9180981.0 3175000.0 0.140306397955 0.133584358581 0.140440542672 0.147381916368
Herato04 Herato0411 9230981.0 3225000.0 0.1159680646 0.1110354492 0.1151668726 0.124784086
Herato04 Herato0411 9280981.0 3275000.0 0.106107283731 0.0974332656109 0.105730986424 0.114984918409
Herato04 Herato0411 9330981.0 3325000.0 0.07409036314 0.063212818758 0.074300322446 0.08327559216
Herato04 Herato0411 9380981.0 3375000.0 0.077684321638 0.0652907523858 0.0768424492536 0.09355341133
Herato04 Herato0411 9430981.0 3425000.0 0.047449166184 0.041728759412 0.0471962317549 0.0542072277002
Herato04 Herato0411 9480981.0 3475000.0 0.080136612426 0.076047301326 0.079945026156 0.084708363792
Herato04 Herato0411 9530981.0 3525000.0 0.0576670750892 0.0525186363069 0.0576324702452 0.0635793418272
Herato04 Herato0411 9580981.0 3575000.0 0.0927875174712 0.0769560444694 0.0907916318704 0.113182942575
Herato04 Herato0411 9630981.0 3625000.0 0.0868177035822 0.0717446837653 0.0862392271654 0.105732517799
Herato04 Herato0411 9680981.0 3675000.0 0.163716348713 0.141536531314 0.162003337331 0.18895435893
Herato04 Herato0411 9730981.0 3725000.0 0.0522402618159 0.0447683311421 0.0515580872225 0.0613093492532
Herato04 Herato0411 9780981.0 3775000.0 0.055309854636 0.0500810280628 0.0551081599774 0.0620133505106
Herato04 Herato0411 9830981.0 3825000.0 0.089266378858 0.0772371978295 0.0891141274468 0.102908156003
Herato04 Herato0411 9880981.0 3875000.0 0.103297760783 0.0917734791397 0.102527985977 0.119542048141
Herato04 Herato0411 9930981.0 3925000.0 0.10016153978 0.093325103418 0.100234962438 0.10711605679
Herato04 Herato0411 9980981.0 3975000.0 0.13930662598 0.125779754324 0.139044300374 0.158134137034
Herato04 Herato0411 10030981.0 4025000.0 0.16166698204 0.15411155056 0.16115283528 0.17014907766
Herato04 Herato0411 10080981.0 4075000.0 0.199095192821 0.188796039365 0.198600874148 0.209549977166
Herato04 Herato0411 10130981.0 4125000.0 0.177219962386 0.157030560478 0.176084248757 0.200267451027
Herato04 Herato0411 10180981.0 4175000.0 0.148752243751 0.128116734087 0.149217277759 0.171182292924
Herato04 Herato0411 10230981.0 4225000.0 0.159942759 0.1527666582 0.1597996702 0.1666024558
Herato04 Herato0411 10280981.0 4275000.0 0.110971118457 0.104332305045 0.110942261017 0.117731674642
Herato04 Herato0411 10330981.0 4325000.0 0.126077157294 0.101764237554 0.1291847594 0.149484352536
Herato04 Herato0411 10380981.0 4375000.0 0.1195214579 0.112735534754 0.119147850532 0.127515567026
Herato04 Herato0411 10430981.0 4425000.0 0.160941489268 0.153667058369 0.160408972291 0.17077726955
Herato04 Herato0411 10480981.0 4475000.0 0.169385291104 0.15585494516 0.169755764008 0.182117225644
Herato04 Herato0411 10530981.0 4525000.0 0.164187555584 0.151762696891 0.164101605931 0.1781301499
Herato04 Herato0411 10580981.0 4575000.0 0.163394130054 0.154600577704 0.16320668778 0.180509900882
Herato04 Herato0411 10630981.0 4625000.0 0.157724175924 0.141304976442 0.157743730269 0.175031150994
Herato04 Herato0411 10680981.0 4675000.0 0.17050250294 0.15658547106 0.1704263155 0.1812269914
Herato04 Herato0411 10730981.0 4725000.0 0.184989771617 0.17265352119 0.18467660896 0.203708290387
Herato04 Herato0411 10780981.0 4775000.0 0.165554105064 0.158162527634 0.165333463134 0.179447793166
Herato04 Herato0411 10830981.0 4825000.0 0.15759214838 0.136801400902 0.15740920993 0.183371759187
Herato04 Herato0411 10880981.0 4875000.0 0.139714219811 0.0989237486719 0.136765831726 0.1920522875
Herato04 Herato0411 10930981.0 4925000.0 0.135003330866 0.119281635662 0.133994162461 0.15469800161
Herato04 Herato0411 10980981.0 4975000.0 0.146173009184 0.132101988523 0.146054163158 0.162644932891
Herato04 Herato0411 11030981.0 5025000.0 0.0872172587332 0.0823321453716 0.0869064061996 0.094014058551
Herato04 Herato0411 11080981.0 5075000.0 0.124242505098 0.108998897745 0.12329554074 0.14203316985
Herato04 Herato0411 11130981.0 5125000.0 0.159690275831 0.150757033543 0.159786368393 0.168638741596
Herato04 Herato0411 11180981.0 5175000.0 0.17857940568 0.16774386046 0.1784429544 0.19370913302
Herato04 Herato0411 11230981.0 5225000.0 0.164284080322 0.15280251275 0.163784054739 0.177360392092
Herato04 Herato0411 11280981.0 5275000.0 0.0804740381288 0.0709202018325 0.080297717774 0.090188036792
Herato04 Herato0411 11330981.0 5325000.0 0.180573931714 0.174108004588 0.179454636041 0.192142052893
Herato04 Herato0411 11380981.0 5375000.0 0.152726643996 0.144146599725 0.152321986134 0.165203926416
Herato04 Herato0411 11430981.0 5425000.0 0.166711917968 0.148927507784 0.166771928337 0.184745491842
Herato04 Herato0411 11480981.0 5475000.0 0.166006314078 0.153522140193 0.165314670763 0.179342862414
Herato04 Herato0411 11530981.0 5525000.0 0.125062268644 0.110410063158 0.124493189251 0.140339586667
Herato04 Herato0411 11580981.0 5575000.0 0.16199410734 0.136577237656 0.15993808696 0.19474246156
Herato04 Herato0411 11630981.0 5625000.0 0.13852708413 0.123708675235 0.137823151143 0.157001711152
Herato04 Herato0411 11680981.0 5675000.0 0.153970467549 0.136695932455 0.153342786951 0.176978044111
Herato04 Herato0411 11730981.0 5725000.0 0.137041090102 0.13145559524 0.136809089396 0.144857451498
Herato04 Herato0411 11780981.0 5775000.0 0.126728623274 0.117043090053 0.126621722088 0.138160018696
Herato04 Herato0411 11830981.0 5825000.0 0.11052037388 0.0930665995 0.106721021 0.14539063404
Herato04 Herato0411 11880981.0 5875000.0 0.14935673711 0.133729703234 0.144674115026 0.178286820136
Herato04 Herato0411 11930981.0 5925000.0 0.166810183305 0.15701728445 0.167176773776 0.177710595233
Herato04 Herato0411 11980981.0 5975000.0 0.112548614746 0.0871692974254 0.105521272336 0.160769746717
Herato04 Herato0411 12030981.0 6025000.0 0.0950965763152 0.0787790658446 0.0967951497594 0.116629556682
Herato04 Herato0411 12080981.0 6075000.0 0.146425405756 0.142165334048 0.146073556164 0.154396036116
Herato04 Herato0411 12130981.0 6125000.0 0.112584153245 0.0924547004897 0.111586377247 0.141114905231
Herato04 Herato0411 12180981.0 6175000.0 0.0846326725884 0.0751894523962 0.084307368869 0.095857262998
Herato04 Herato0411 12230981.0 6225000.0 0.10614461655 0.0918909455216 0.105399936407 0.12382160088
Herato04 Herato0411 12280981.0 6275000.0 0.11810597243 0.105687491832 0.11839063791 0.13014162858
Herato04 Herato0411 12330981.0 6325000.0 0.0972378740344 0.0828571329719 0.0968391187386 0.115036275244
Herato04 Herato0411 12380981.0 6375000.0 0.127554181037 0.118197471701 0.127283548723 0.138061387938
Herato04 Herato0411 12430981.0 6425000.0 0.217595781168 0.192144292679 0.218714236737 0.23597915181
Herato04 Herato0411 12460064.0 6475000.0 0.0536097371418 0.043835052241 0.054043243228 0.0632984698016
Herato04 Herato0412 12489148.0 25000.0 0.17030279173 0.143771641555 0.168261134484 0.204238528425
Herato04 Herato0412 12539148.0 75000.0 0.39929045278 0.36387712042 0.39744701684 0.43512135794
Herato04 Herato0412 12589148.0 125000.0 0.320461834243 0.295390049868 0.317067549129 0.357767111224
Herato04 Herato0412 12639148.0 175000.0 0.20844390348 0.19223263124 0.20899689848 0.22191620344
Herato04 Herato0412 12689148.0 225000.0 0.336540663946 0.318591800824 0.334955686215 0.358388076497
Herato04 Herato0412 12738617.5 275000.0 0.234768862747 0.171119336197 0.215132915886 0.327889628448
Herato04 Herato0413 12788088.0 25000.0 0.219751763209 0.201737395037 0.219855766537 0.235235245098
Herato04 Herato0413 12838088.0 75000.0 0.181686881747 0.156603807175 0.18046254544 0.210027814338
Herato04 Herato0413 12888088.0 125000.0 0.233992225813 0.196283943017 0.232502366559 0.278199440256
Herato04 Herato0413 12938088.0 175000.0 0.164631424976 0.144389322858 0.164753726223 0.189226855671
Herato04 Herato0413 12988088.0 225000.0 0.152284982538 0.135747649607 0.152013083135 0.17294794089
Herato04 Herato0413 13020158.0 275000.0 0.180579167617 0.124190738423 0.187131917949 0.220461056436
Herato04 Herato0414 13038890.0 25000.0 0.126758740708 0.115084047269 0.126997225397 0.138167085108
Herato04 Herato0415 13075552.0 25000.0 0.2443465057 0.220038512882 0.24357119308 0.27103199036
Herato04 Herato0415 13103849.0 75000.0 0.235938638884 0.215647081316 0.236444317774 0.248364567789
Herato04 Herato0416 13126177.5 25000.0 0.154534042008 0.126408345766 0.154993195784 0.192767195182
Herato04 Herato0417 13170209.0 25000.0 0.201632710503 0.188608523868 0.199864935591 0.223676882783
Herato04 Herato0417 13220209.0 75000.0 0.220233532557 0.198294345277 0.219261406863 0.249072140415
Herato04 Herato0417 13270209.0 125000.0 0.40482827602 0.3839239736 0.39910079578 0.44025852656
Herato04 Herato0417 13299605.5 175000.0 0.330193923576 0.326764496759 0.328898362334 0.340177366087
Herato04 Herato0418 13329003.0 25000.0 0.21583013672 0.20800404372 0.21758002588 0.22809383668
Herato04 Herato0418 13369707.0 75000.0 0.412832402254 0.382904819791 0.411249721727 0.443812613984
Herato04 Herato0419 13410412.0 25000.0 0.176751101246 0.166471597444 0.176829343278 0.189435611494
Herato04 Herato0419 13460412.0 75000.0 0.17184562528 0.161283463816 0.171320266656 0.185229126038
Herato04 Herato0419 13510412.0 125000.0 0.1385667954 0.1311288414 0.1384257016 0.1469732392
Herato04 Herato0419 13560412.0 175000.0 0.168654326564 0.139419415829 0.169720199877 0.20580703936
Herato04 Herato0419 13610412.0 225000.0 0.1598309623 0.144302384206 0.15930541948 0.17413451418
Herato04 Herato0419 13660412.0 275000.0 0.231780359601 0.191123169001 0.224833198919 0.277767030778
Herato04 Herato0419 13710412.0 325000.0 0.251110069058 0.229728953211 0.253136370082 0.274456192781
Herato04 Herato0419 13760412.0 375000.0 0.26349860734 0.25095290128 0.26434055038 0.27865865544
Herato04 Herato0419 13810412.0 425000.0 0.235505135953 0.212727607061 0.235357531478 0.259922531112
Herato04 Herato0419 13860412.0 475000.0 0.15080572696 0.13536069856 0.15049965184 0.167989472
Herato04 Herato0419 13910412.0 525000.0 0.110136716489 0.0975422290014 0.109021906439 0.126980511935
Herato04 Herato0419 13960412.0 575000.0 0.0885272399669 0.071298939569 0.0877259047601 0.108312924797
Herato04 Herato0419 14010412.0 625000.0 0.085448831978 0.070858224322 0.083969351862 0.10900727748
Herato04 Herato0419 14060412.0 675000.0 0.102628311104 0.088289423904 0.102338324746 0.11688464592
Herato04 Herato0419 14110412.0 725000.0 0.0727253706493 0.0636179779597 0.072770423601 0.0813517889022
Herato04 Herato0419 14160412.0 775000.0 0.211451393449 0.187912013902 0.210969355992 0.239044274332
Herato04 Herato0419 14210412.0 825000.0 0.301596005845 0.272128336479 0.302180595545 0.335093752002
Herato04 Herato0419 14260412.0 875000.0 0.20114640651 0.180372146449 0.200857151606 0.22425002122
Herato04 Herato0419 14310412.0 925000.0 0.162073538498 0.15106607515 0.161564212808 0.17459138981
Herato04 Herato0419 14360412.0 975000.0 0.063865941047 0.058593577654 0.063581914067 0.070648472184
Herato04 Herato0419 14410412.0 1025000.0 0.117005033935 0.103022412309 0.116674219156 0.13492005803
Herato04 Herato0419 14460412.0 1075000.0 0.140836220554 0.134976193474 0.14034575921 0.148140014038
Herato04 Herato0419 14510412.0 1125000.0 0.119681582521 0.103333056089 0.118540812485 0.140014143845
Herato04 Herato0419 14560412.0 1175000.0 0.0937153035108 0.078665738205 0.09283122798 0.11261960702
Herato04 Herato0419 14610412.0 1225000.0 0.100589841188 0.091357170604 0.100860461402 0.108728639956
Herato04 Herato0419 14660412.0 1275000.0 0.183560476224 0.149763489163 0.179409024484 0.22987330243
Herato04 Herato0419 14710412.0 1325000.0 0.215520549343 0.191442108597 0.215108747347 0.242289079504
Herato04 Herato0419 14760412.0 1375000.0 0.181280960992 0.172339018185 0.1816141121 0.19006023252
Herato04 Herato0419 14810412.0 1425000.0 0.110832012495 0.101501733457 0.109969964239 0.123538501836
Herato04 Herato0419 14860412.0 1475000.0 0.112408178029 0.102767547055 0.111802582993 0.123752655627
Herato04 Herato0419 14910412.0 1525000.0 0.0932550014348 0.0872045213176 0.0935313761704 0.0990562826724
Herato04 Herato0419 14960412.0 1575000.0 0.0506613797953 0.0449357321859 0.0494898499408 0.0606642830658
Herato04 Herato0419 15010412.0 1625000.0 0.080330072984 0.0727357788588 0.0802806207846 0.089330455858
Herato04 Herato0419 15060412.0 1675000.0 0.04664776032 0.042105067278 0.046600170564 0.051529250648
Herato04 Herato0419 15110412.0 1725000.0 0.0452445772666 0.0376286357388 0.0451383046042 0.054069955249
Herato04 Herato0419 15160412.0 1775000.0 0.068270629166 0.0611441605793 0.068209708624 0.077077642126
Herato04 Herato0419 15210412.0 1825000.0 0.0947595449926 0.0871454250911 0.0949664862418 0.10246786529
Herato04 Herato0419 15260412.0 1875000.0 0.077997412539 0.0714243903252 0.077689678405 0.0878748135788
Herato04 Herato0419 15310412.0 1925000.0 0.08098471138 0.06943999898 0.08227282466 0.08773828506
Herato04 Herato0419 15360412.0 1975000.0 0.0620127200652 0.0561352600467 0.0613907169622 0.0696634955002
Herato04 Herato0419 15410412.0 2025000.0 0.0501031929257 0.0463499077211 0.0501261102958 0.0549550728692
Herato04 Herato0419 15460412.0 2075000.0 0.09110616648 0.083031689 0.09111467954 0.10007100492
Herato04 Herato0419 15510412.0 2125000.0 0.0522060606614 0.046412424101 0.0520471524534 0.0584333969688
Herato04 Herato0419 15560412.0 2175000.0 0.0484545182836 0.042405737432 0.04813804064 0.057417416856
