chrom scaffold Cposition position mean p0025 p0500 p0975
Herato17 Herato1701 25001.0 25000.0 0.0166862853304 0.0111475375776 0.0163623628678 0.024404883072
Herato17 Herato1701 75001.0 75000.0 0.01875957968 0.014817675024 0.018617029286 0.023054680342
Herato17 Herato1701 125001.0 125000.0 0.008933683024 0.007630703324 0.008731626992 0.011502703788
Herato17 Herato1701 175001.0 175000.0 0.0165168801838 0.0113349574929 0.0155667592525 0.02821187597
Herato17 Herato1701 225001.0 225000.0 0.03228107689 0.025470948948 0.031503372054 0.041747799724
Herato17 Herato1701 275001.0 275000.0 0.08069474538 0.07257914802 0.08055783694 0.09041955338
Herato17 Herato1701 325001.0 325000.0 0.0504950415 0.04616060212 0.0504643717 0.05557800274
Herato17 Herato1701 375001.0 375000.0 0.041282152346 0.034871410736 0.04102533237 0.0506641938
Herato17 Herato1701 425001.0 425000.0 0.060860497296 0.0528071992128 0.059369380874 0.070942512284
Herato17 Herato1701 475001.0 475000.0 0.0529183111088 0.0502715837137 0.0527056904456 0.0564620592572
Herato17 Herato1701 525001.0 525000.0 0.0447681766332 0.0402271460641 0.0445753793846 0.0498655720906
Herato17 Herato1701 575001.0 575000.0 0.05839619586 0.05507282632 0.05821402396 0.06222878312
Herato17 Herato1701 625001.0 625000.0 0.060308807836 0.05483529042 0.060065319616 0.066629232664
Herato17 Herato1701 675001.0 675000.0 0.04847550974 0.04466191169 0.04824995492 0.053180601336
Herato17 Herato1701 725001.0 725000.0 0.0499052890808 0.0315706985417 0.046837268509 0.0868414265979
Herato17 Herato1701 775001.0 775000.0 0.0597706708916 0.0508620590676 0.0595981189554 0.071203977126
Herato17 Herato1701 825001.0 825000.0 0.0437105942446 0.040348805868 0.0436915879424 0.047757392064
Herato17 Herato1701 875001.0 875000.0 0.0246688861701 0.0220606984166 0.0245152713438 0.0280891147284
Herato17 Herato1701 925001.0 925000.0 0.046866319019 0.0406422678778 0.046584918032 0.054285146966
Herato17 Herato1701 975001.0 975000.0 0.0346717986518 0.0303898320481 0.033848467814 0.04757782117
Herato17 Herato1701 1025001.0 1025000.0 0.0390704841158 0.0354125751302 0.038911145791 0.0427988821364
Herato17 Herato1701 1075001.0 1075000.0 0.0427493400548 0.0352118553457 0.0410402653062 0.070273287226
Herato17 Herato1701 1125001.0 1125000.0 0.069392544412 0.053453968712 0.070727772404 0.085863237518
Herato17 Herato1701 1175001.0 1175000.0 0.069852892064 0.064752306316 0.069875534304 0.07440804926
Herato17 Herato1701 1225001.0 1225000.0 0.055810094848 0.052756944026 0.055792590868 0.058654424052
Herato17 Herato1701 1275001.0 1275000.0 0.0741235722 0.07131868446 0.07382027058 0.0774197413
Herato17 Herato1701 1325001.0 1325000.0 0.0726107382 0.07001043462 0.07239961386 0.0758488689
Herato17 Herato1701 1375001.0 1375000.0 0.0253337094927 0.0222442354317 0.0252796781143 0.028838662558
Herato17 Herato1701 1425001.0 1425000.0 0.0358897092415 0.0306797592578 0.0353649301971 0.0427039035582
Herato17 Herato1701 1475001.0 1475000.0 0.0472746557696 0.04045333004 0.0474566691184 0.05405713062
Herato17 Herato1701 1525001.0 1525000.0 0.039510229534 0.032131342557 0.0395662528212 0.04621776248
Herato17 Herato1701 1575001.0 1575000.0 0.06442098212 0.05287386248 0.06455754952 0.07679339294
Herato17 Herato1701 1625001.0 1625000.0 0.06110771364 0.05839738344 0.0604658196 0.06431818212
Herato17 Herato1701 1675001.0 1675000.0 0.055660639692 0.048916870776 0.05553654213 0.063523297036
Herato17 Herato1701 1725001.0 1725000.0 0.06808170186 0.06441961758 0.06893009806 0.07019184992
Herato17 Herato1701 1775001.0 1775000.0 0.088384529172 0.083248900562 0.088860931786 0.093611900088
Herato17 Herato1701 1825001.0 1825000.0 0.055355324282 0.053065360008 0.055254260856 0.058179688758
Herato17 Herato1701 1875001.0 1875000.0 0.05889424694 0.0540916140927 0.0587071778782 0.0640190152
Herato17 Herato1701 1925001.0 1925000.0 0.07157520914 0.06478532102 0.07096186022 0.080776597
Herato17 Herato1701 1975001.0 1975000.0 0.07690043458 0.06867005842 0.07347698492 0.08920217054
Herato17 Herato1701 2025001.0 2025000.0 0.0720830628 0.06207227576 0.07499696328 0.07884718912
Herato17 Herato1701 2075001.0 2075000.0 0.075553868822 0.0659551162474 0.076194373386 0.08511355991
Herato17 Herato1701 2125001.0 2125000.0 0.07709445566 0.07361447466 0.07690112738 0.08283409112
Herato17 Herato1701 2175001.0 2175000.0 0.0538274441012 0.0477520376513 0.0531502072218 0.0628303840088
Herato17 Herato1701 2225001.0 2225000.0 0.0562149810178 0.0509138237717 0.0558224249488 0.06441972512
Herato17 Herato1701 2275001.0 2275000.0 0.0591256987896 0.0553229147123 0.0590651399002 0.0643716453824
Herato17 Herato1701 2325001.0 2325000.0 0.052613 0.050038 0.052543 0.055923
Herato17 Herato1701 2375001.0 2375000.0 0.05260458192 0.05002999392 0.05253459312 0.05591405232
Herato17 Herato1701 2425001.0 2425000.0 0.067745488716 0.065232871904 0.067276003494 0.07111516417
Herato17 Herato1701 2475001.0 2475000.0 0.07305101866 0.0501220063182 0.069106719528 0.122775221408
Herato17 Herato1701 2525001.0 2525000.0 0.0590906031144 0.0554948456688 0.0588680489334 0.0639357982064
Herato17 Herato1701 2575001.0 2575000.0 0.049465000848 0.0448916869811 0.0494760059918 0.055050065886
Herato17 Herato1701 2625001.0 2625000.0 0.04888788569 0.045247214636 0.04894086322 0.051918694312
Herato17 Herato1701 2675001.0 2675000.0 0.04053509658 0.0263427733 0.04304377344 0.05975515402
Herato17 Herato1701 2725001.0 2725000.0 0.0930105419685 0.08020450411 0.0926637734377 0.107681803234
Herato17 Herato1701 2775001.0 2775000.0 0.07650853122 0.07326505116 0.07617020844 0.08181156486
Herato17 Herato1701 2825001.0 2825000.0 0.07300228334 0.07127177458 0.0727978563 0.07767017494
Herato17 Herato1701 2875001.0 2875000.0 0.064787238062 0.061464886428 0.06439458627 0.06995960252
Herato17 Herato1701 2925001.0 2925000.0 0.060366583006 0.056520998348 0.060369223086 0.06521101171
Herato17 Herato1701 2975001.0 2975000.0 0.0687080848 0.0656843248 0.0688238051 0.0719769624
Herato17 Herato1701 3025001.0 3025000.0 0.07516337056 0.07161926268 0.075369683 0.07754796792
Herato17 Herato1701 3075001.0 3075000.0 0.075496975832 0.070743841248 0.075554657068 0.080086335762
Herato17 Herato1701 3125001.0 3125000.0 0.05993457396 0.05680913112 0.05985679704 0.06324317544
Herato17 Herato1701 3175001.0 3175000.0 0.06105139888 0.05780492672 0.06120841656 0.0637264566
Herato17 Herato1701 3225001.0 3225000.0 0.06858835608 0.0649887412 0.06891576992 0.07122994644
Herato17 Herato1701 3275001.0 3275000.0 0.0576485884 0.05406813366 0.05756419576 0.0620360577
Herato17 Herato1701 3325001.0 3325000.0 0.06162220192 0.05824660234 0.06141955302 0.06582927758
Herato17 Herato1701 3375001.0 3375000.0 0.0551827903178 0.0304345886846 0.0526270029977 0.100025194655
Herato17 Herato1701 3425001.0 3425000.0 0.0230705455446 0.0187407380284 0.0223960956689 0.030844674853
Herato17 Herato1701 3475001.0 3475000.0 0.06291824292 0.05826280208 0.06270796402 0.0683729125
Herato17 Herato1701 3525001.0 3525000.0 0.061144299882 0.056556080546 0.06119786738 0.066099934524
Herato17 Herato1701 3575001.0 3575000.0 0.04503342912 0.04340832732 0.0450690948 0.04658992488
Herato17 Herato1701 3625001.0 3625000.0 0.037883034188 0.0353174904764 0.0378127837392 0.0411060723972
Herato17 Herato1701 3675001.0 3675000.0 0.05985979728 0.0488037312708 0.059875796812 0.067962051416
Herato17 Herato1701 3725001.0 3725000.0 0.05434845504 0.05264357364 0.0541365126 0.05653133592
Herato17 Herato1701 3775001.0 3775000.0 0.056082043792 0.050853287102 0.055890488288 0.061649652376
Herato17 Herato1701 3825001.0 3825000.0 0.035101947776 0.027642690402 0.03532441065 0.03948053373
Herato17 Herato1701 3875001.0 3875000.0 0.0518197171342 0.0440996430634 0.0502482607358 0.0648667574864
Herato17 Herato1701 3925001.0 3925000.0 0.038216946192 0.033292731354 0.038151283422 0.043377223824
Herato17 Herato1701 3975001.0 3975000.0 0.0267757587406 0.0236009754265 0.0268198863124 0.0295930800874
Herato17 Herato1701 4025001.0 4025000.0 0.0558492926 0.05156526334 0.05544572808 0.06289358228
Herato17 Herato1701 4075001.0 4075000.0 0.0526909022314 0.0499799267122 0.0523308617348 0.0554955119014
Herato17 Herato1701 4125001.0 4125000.0 0.0391417063694 0.0365805118372 0.0393758215088 0.0413481267338
Herato17 Herato1701 4175001.0 4175000.0 0.06306482912 0.06010543456 0.06343334576 0.06574007136
Herato17 Herato1701 4225001.0 4225000.0 0.0507381266 0.0499629802 0.0505373477 0.052472217
Herato17 Herato1701 4275001.0 4275000.0 0.0503933444686 0.0446119746837 0.049666303669 0.0588618518354
Herato17 Herato1701 4325001.0 4325000.0 0.0894886810628 0.0810166634543 0.0892807025478 0.0973787407226
Herato17 Herato1701 4375001.0 4375000.0 0.07045469772 0.06626488334 0.07074377104 0.07330496186
Herato17 Herato1701 4425001.0 4425000.0 0.05508976192 0.05243225824 0.05519057344 0.05736828896
Herato17 Herato1701 4475001.0 4475000.0 0.06476176004 0.06172239038 0.06475191728 0.06892111102
Herato17 Herato1701 4525001.0 4525000.0 0.0749747144486 0.060681454023 0.0740823169386 0.0921168229498
Herato17 Herato1701 4575001.0 4575000.0 0.052438132254 0.047259443814 0.052823743574 0.0586227913
Herato17 Herato1701 4625001.0 4625000.0 0.06506093614 0.06170031434 0.0646700271 0.06984679318
Herato17 Herato1701 4675001.0 4675000.0 0.05492944908 0.05276932452 0.05465987274 0.05804010432
Herato17 Herato1701 4725001.0 4725000.0 0.0416909075 0.03923903702 0.04173888148 0.0450335092
Herato17 Herato1701 4775001.0 4775000.0 0.07069743684 0.06428129484 0.0711741692 0.07682803514
Herato17 Herato1701 4825001.0 4825000.0 0.0887941562 0.07335960976 0.08622680814 0.1206959236
Herato17 Herato1701 4875001.0 4875000.0 0.057320864425 0.0479129390038 0.0566047432412 0.071838409845
Herato17 Herato1701 4925001.0 4925000.0 0.108231845868 0.0936819883235 0.107864848602 0.119463892902
Herato17 Herato1701 4975001.0 4975000.0 0.08341765336 0.07906080532 0.08327419752 0.08888138696
Herato17 Herato1701 5025001.0 5025000.0 0.07481708468 0.0713961767 0.07442132868 0.07965030332
Herato17 Herato1701 5075001.0 5075000.0 0.055128681557 0.0502030914385 0.0547251766398 0.0614241130114
Herato17 Herato1701 5125001.0 5125000.0 0.030353066387 0.025480407934 0.030033763563 0.0344910795652
Herato17 Herato1701 5175001.0 5175000.0 0.069417693132 0.0624624560411 0.0691438668065 0.077860290619
Herato17 Herato1701 5225001.0 5225000.0 0.0495715771034 0.0448703374089 0.0492696425632 0.0547522705084
Herato17 Herato1701 5275001.0 5275000.0 0.0722817224559 0.0627688800986 0.0713990384906 0.0846580543166
Herato17 Herato1701 5325001.0 5325000.0 0.044317380482 0.039153398504 0.044152195766 0.050511385408
Herato17 Herato1701 5375001.0 5375000.0 0.07662661326 0.0704596114 0.0765286351 0.08402639146
Herato17 Herato1701 5425001.0 5425000.0 0.0351132413862 0.0304483810091 0.034846928544 0.0421678863496
Herato17 Herato1701 5475001.0 5475000.0 0.0618465959 0.05746722128 0.06137761926 0.06757371938
Herato17 Herato1701 5525001.0 5525000.0 0.073098960668 0.05330842747 0.072117535932 0.104392895844
Herato17 Herato1701 5575001.0 5575000.0 0.08205293852 0.075854133822 0.08205541358 0.08748106906
Herato17 Herato1701 5625001.0 5625000.0 0.08002294872 0.07422671576 0.08033908696 0.08468123248
Herato17 Herato1701 5675001.0 5675000.0 0.084821022612 0.07685125171 0.08551042771 0.08952607914
Herato17 Herato1701 5725001.0 5725000.0 0.06070614102 0.05625936934 0.06112711078 0.06443797806
Herato17 Herato1701 5775001.0 5775000.0 0.0895579125677 0.0500361861432 0.091593494307 0.1448192115
Herato17 Herato1701 5825001.0 5825000.0 0.0972044247335 0.0500677027312 0.0915441609069 0.18028119616
Herato17 Herato1701 5875001.0 5875000.0 0.052712790438 0.046557345518 0.05247780975 0.060536838428
Herato17 Herato1701 5925001.0 5925000.0 0.08431048132 0.07760582562 0.08388988476 0.09269281748
Herato17 Herato1701 5975001.0 5975000.0 0.074071188859 0.0670761419052 0.0741419656458 0.08230779961
Herato17 Herato1701 6025001.0 6025000.0 0.0602589121 0.05751927634 0.0604500027 0.0643271304
Herato17 Herato1701 6075001.0 6075000.0 0.07196662454 0.06523621884 0.07247788022 0.07750867636
Herato17 Herato1701 6125001.0 6125000.0 0.071078064148 0.06244575735 0.071181974666 0.076324088668
Herato17 Herato1701 6175001.0 6175000.0 0.05908918854 0.048999552626 0.05761251882 0.07558227226
Herato17 Herato1701 6225001.0 6225000.0 0.092029243956 0.0727094650102 0.088380969426 0.13143234744
Herato17 Herato1701 6275001.0 6275000.0 0.05045288292 0.0450399758 0.050404893756 0.0560141126
Herato17 Herato1701 6325001.0 6325000.0 0.05123408472 0.04976329752 0.05114297082 0.05437281476
Herato17 Herato1701 6375001.0 6375000.0 0.06724116386 0.06613585138 0.06685746858 0.0699561137
Herato17 Herato1701 6425001.0 6425000.0 0.06852360232 0.06688822388 0.06840167476 0.07131269676
Herato17 Herato1701 6475001.0 6475000.0 0.077401352244 0.072248180642 0.077462262058 0.083311775164
Herato17 Herato1701 6525001.0 6525000.0 0.0443025452 0.04213067894 0.04432755702 0.047687718
Herato17 Herato1701 6575001.0 6575000.0 0.038837162145 0.0345730711984 0.0388636229528 0.04357463469
Herato17 Herato1701 6625001.0 6625000.0 0.051412950648 0.046314320212 0.051297874718 0.058477429644
Herato17 Herato1701 6675001.0 6675000.0 0.042310413132 0.038884843438 0.04221969267 0.045924709044
Herato17 Herato1701 6725001.0 6725000.0 0.08856627722 0.08080096236 0.08880768386 0.09748203086
Herato17 Herato1701 6775001.0 6775000.0 0.04781210814 0.03663117946 0.04821802156 0.05359794636
Herato17 Herato1701 6825001.0 6825000.0 0.0481352995028 0.0441263968003 0.0480465195176 0.052511469435
Herato17 Herato1701 6875001.0 6875000.0 0.055476608654 0.049457624724 0.055120423398 0.063224594708
Herato17 Herato1701 6925001.0 6925000.0 0.069175310174 0.063430780466 0.069191328976 0.07587886078
Herato17 Herato1701 6975001.0 6975000.0 0.0556379436554 0.0502294272261 0.0555968339801 0.0616376151734
Herato17 Herato1701 7025001.0 7025000.0 0.04908751764 0.038815950498 0.048265167564 0.065411763118
Herato17 Herato1701 7075001.0 7075000.0 0.05625411842 0.05115224652 0.05577604002 0.06138328692
Herato17 Herato1701 7125001.0 7125000.0 0.056089097142 0.0507618460574 0.0559840554576 0.061577357462
Herato17 Herato1701 7175001.0 7175000.0 0.0580973060186 0.0498936352367 0.0580457844384 0.0679327881062
Herato17 Herato1701 7225001.0 7225000.0 0.048777612654 0.044943391108 0.048720933782 0.0533035532
Herato17 Herato1701 7275001.0 7275000.0 0.062367357554 0.056522971444 0.062316122548 0.068950473696
Herato17 Herato1701 7325001.0 7325000.0 0.0273449943965 0.0205235912664 0.0276765997486 0.0330709367816
Herato17 Herato1701 7375001.0 7375000.0 0.0588467530002 0.0548533422945 0.0586530200256 0.0624935281256
Herato17 Herato1701 7425001.0 7425000.0 0.07258688514 0.06857442342 0.07241527998 0.07578830358
Herato17 Herato1701 7475001.0 7475000.0 0.06294113454 0.06041456006 0.06318538342 0.06507330714
Herato17 Herato1701 7525001.0 7525000.0 0.07330397684 0.06998723976 0.07305337632 0.07763187544
Herato17 Herato1701 7575001.0 7575000.0 0.0537703415 0.04869287646 0.05323704038 0.06333581866
Herato17 Herato1701 7625001.0 7625000.0 0.0616962528752 0.0560966249698 0.061518944828 0.067005830604
Herato17 Herato1701 7675001.0 7675000.0 0.04062713212 0.03777999306 0.0407393293 0.04328517858
Herato17 Herato1701 7725001.0 7725000.0 0.0347794226763 0.0313720099737 0.0346891063878 0.0389258147624
Herato17 Herato1701 7775001.0 7775000.0 0.05899512623 0.0526203065987 0.0587311058566 0.065809740052
Herato17 Herato1701 7825001.0 7825000.0 0.050868251424 0.046296170688 0.050181862932 0.056316822364
Herato17 Herato1701 7875001.0 7875000.0 0.030231888616 0.02702523449 0.029948127192 0.033930333088
Herato17 Herato1701 7925001.0 7925000.0 0.040845261336 0.033275365988 0.039833447934 0.054150656942
Herato17 Herato1701 7975001.0 7975000.0 0.036395228912 0.033172349322 0.036344218048 0.040156378682
Herato17 Herato1701 8025001.0 8025000.0 0.06376140584 0.05798582548 0.06327377752 0.07125160914
Herato17 Herato1701 8075001.0 8075000.0 0.050899900008 0.0458748877673 0.0509554011868 0.055631813347
Herato17 Herato1701 8125001.0 8125000.0 0.05330493864 0.04993487822 0.05326849358 0.05868056462
Herato17 Herato1701 8175001.0 8175000.0 0.055002887652 0.051090276204 0.055258053498 0.057954931472
Herato17 Herato1701 8225001.0 8225000.0 0.065436149726 0.046615420884 0.065889720402 0.07775810239
Herato17 Herato1701 8275001.0 8275000.0 0.05486574898 0.0474055054 0.05448920826 0.06936232914
Herato17 Herato1701 8325001.0 8325000.0 0.0591968826628 0.0532921021354 0.0593444171788 0.065618312698
Herato17 Herato1701 8375001.0 8375000.0 0.04632541192 0.04196521314 0.04633012936 0.05013223256
Herato17 Herato1701 8425001.0 8425000.0 0.0514924022104 0.0381469525864 0.0505612626688 0.073630374268
Herato17 Herato1701 8475001.0 8475000.0 0.06304448178 0.05836207696 0.06323633462 0.06845993148
Herato17 Herato1701 8525001.0 8525000.0 0.03960857712 0.03682022374 0.03981783832 0.04250980708
Herato17 Herato1701 8575001.0 8575000.0 0.056610009807 0.0527100557125 0.0566006925558 0.0603989502852
Herato17 Herato1701 8625001.0 8625000.0 0.058433208524 0.053943504878 0.058605232582 0.062647150708
Herato17 Herato1701 8675001.0 8675000.0 0.064162604076 0.057725047594 0.063822791512 0.07318782168
Herato17 Herato1701 8725001.0 8725000.0 0.06402509376 0.06039370596 0.06389190156 0.06738652344
Herato17 Herato1701 8775001.0 8775000.0 0.05781822019 0.053487835204 0.057228907526 0.06420978492
Herato17 Herato1701 8825001.0 8825000.0 0.06343121406 0.05958437756 0.06315877354 0.0677140026
Herato17 Herato1701 8875001.0 8875000.0 0.055336682471 0.0521930444042 0.0553404795716 0.05856196651
Herato17 Herato1701 8925001.0 8925000.0 0.0522945274152 0.0425649596618 0.0518350218361 0.0656051463296
Herato17 Herato1701 8975001.0 8975000.0 0.050211531492 0.040495933512 0.050187694036 0.058687000124
Herato17 Herato1701 9025001.0 9025000.0 0.028548508234 0.025022568928 0.02899298657 0.03181059827
Herato17 Herato1701 9075001.0 9075000.0 0.03433751091 0.0302261340036 0.034250171391 0.038711582044
Herato17 Herato1701 9125001.0 9125000.0 0.0656153621966 0.0609689623425 0.065375145718 0.071159830106
Herato17 Herato1701 9175001.0 9175000.0 0.0394613793246 0.034384825899 0.0388024730422 0.050687981942
Herato17 Herato1701 9225001.0 9225000.0 0.0461336359 0.0435707169 0.04648992806 0.04762931886
Herato17 Herato1701 9275001.0 9275000.0 0.0338127980304 0.0306879017238 0.0338158376452 0.0365330739616
Herato17 Herato1701 9325001.0 9325000.0 0.0434128122118 0.0270038386542 0.0399663337424 0.0770610663406
Herato17 Herato1701 9375001.0 9375000.0 0.053525235032 0.038034575898 0.051943647752 0.079324095036
Herato17 Herato1701 9425001.0 9425000.0 0.077012428231 0.0496779237114 0.073255355167 0.117020708325
Herato17 Herato1701 9475001.0 9475000.0 0.020736181092 0.0151222486498 0.019284896168 0.030963198536
Herato17 Herato1701 9525001.0 9525000.0 0.04024167766 0.03476741292 0.039789174462 0.046675665894
Herato17 Herato1701 9575001.0 9575000.0 0.031132930646 0.02632892746 0.03098346156 0.036777007672
Herato17 Herato1701 9625001.0 9625000.0 0.0242171207146 0.0199894022121 0.0240816981966 0.0280307658858
Herato17 Herato1701 9675001.0 9675000.0 0.04301703662 0.0369265935344 0.0427352672238 0.049909039596
Herato17 Herato1701 9725001.0 9725000.0 0.038952790848 0.03035999425 0.038711133336 0.047694477318
Herato17 Herato1701 9775001.0 9775000.0 0.0203781255828 0.017713029701 0.02037253854 0.0226696170064
Herato17 Herato1701 9825001.0 9825000.0 0.027428612818 0.025293005026 0.027157956066 0.029877622278
Herato17 Herato1701 9875001.0 9875000.0 0.040955636242 0.03712420686 0.041029317412 0.046067120842
Herato17 Herato1701 9925001.0 9925000.0 0.030964800244 0.02826766112 0.030960109768 0.033330748714
Herato17 Herato1701 9975001.0 9975000.0 0.049452750584 0.046251776942 0.049335537118 0.052669727908
Herato17 Herato1701 10025001.0 10025000.0 0.06721146822 0.05712698002 0.06558871244 0.08081863256
Herato17 Herato1701 10075001.0 10075000.0 0.06070974616 0.05309151266 0.06052579134 0.0703569303
Herato17 Herato1701 10125001.0 10125000.0 0.06529624248 0.06189674496 0.06524427916 0.06809502356
Herato17 Herato1701 10175001.0 10175000.0 0.06034883274 0.0564567904 0.06054802034 0.06318110554
Herato17 Herato1701 10225001.0 10225000.0 0.05207781662 0.04752163262 0.05233001856 0.05615207364
Herato17 Herato1701 10275001.0 10275000.0 0.0725203374 0.06658210858 0.07230571898 0.08370335744
Herato17 Herato1701 10325001.0 10325000.0 0.0601768433 0.05273134488 0.06042085214 0.06226253312
Herato17 Herato1701 10375001.0 10375000.0 0.039028654266 0.034462339788 0.038931841264 0.044754299258
Herato17 Herato1701 10425001.0 10425000.0 0.05347760912 0.05055989628 0.05402764492 0.05638522956
Herato17 Herato1701 10475001.0 10475000.0 0.046018982432 0.043040944978 0.046143853624 0.049028917468
Herato17 Herato1701 10525001.0 10525000.0 0.0399691255592 0.0320572493748 0.0399181113748 0.048074604568
Herato17 Herato1701 10575001.0 10575000.0 0.05140080128 0.04868514802 0.05181403126 0.05341741802
Herato17 Herato1701 10625001.0 10625000.0 0.0819873892 0.07623172684 0.08214916018 0.0864428356
Herato17 Herato1701 10675001.0 10675000.0 0.039632352542 0.034579918132 0.039654857814 0.044636934358
Herato17 Herato1701 10725001.0 10725000.0 0.049186862972 0.041404056742 0.048674560586 0.059355727382
Herato17 Herato1701 10775001.0 10775000.0 0.07269919732 0.0683362787342 0.072946428302 0.076942266548
Herato17 Herato1701 10825001.0 10825000.0 0.069181411934 0.059330579122 0.069028456 0.07788211496
Herato17 Herato1701 10875001.0 10875000.0 0.0528949781982 0.0488259973986 0.0527166458594 0.0568567889432
Herato17 Herato1701 10925001.0 10925000.0 0.041326902346 0.038813925608 0.04135366727 0.043635532568
Herato17 Herato1701 10975001.0 10975000.0 0.039067479073 0.0324465365076 0.0386918657993 0.0480770556004
Herato17 Herato1701 11025001.0 11025000.0 0.0438244343612 0.0403247142034 0.0437199515364 0.0471498950444
Herato17 Herato1701 11075001.0 11075000.0 0.047369309774 0.0420420835028 0.0468674624281 0.0562558464568
Herato17 Herato1701 11125001.0 11125000.0 0.0612292996016 0.0417012603131 0.059393606474 0.093648584418
Herato17 Herato1701 11175001.0 11175000.0 0.044109109976 0.030757755675 0.043269572021 0.063981584459
Herato17 Herato1701 11225001.0 11225000.0 0.06155179423 0.056602423066 0.061475775128 0.06777809966
Herato17 Herato1701 11275001.0 11275000.0 0.046397307802 0.0408817963324 0.046342644856 0.05267839552
Herato17 Herato1701 11325001.0 11325000.0 0.032598631202 0.026136631246 0.031781643732 0.041471192026
Herato17 Herato1701 11375001.0 11375000.0 0.028820578842 0.023841789542 0.0283544793 0.036272365652
Herato17 Herato1701 11425001.0 11425000.0 0.042849846038 0.0336382576792 0.041653384042 0.05874333831
Herato17 Herato1701 11459039.5 11475000.0 0.0420188666206 0.036570445387 0.0420699186757 0.0483703975992
Herato17 Herato1702 11493079.0 25000.0 0.0289476066988 0.0239461117458 0.0281687596293 0.0365811628756
Herato17 Herato1702 11543079.0 75000.0 0.058627022406 0.0553464720906 0.0591679367164 0.0605876113694
Herato17 Herato1702 11578860.5 125000.0 0.0514579380884 0.0472472189399 0.0518201275797 0.0546498422297
Herato17 Herato1703 11614643.0 25000.0 0.0602406847552 0.0570591999949 0.0596082976348 0.064655633639
Herato17 Herato1703 11664643.0 75000.0 0.0562059074836 0.0530271196644 0.0555280403232 0.0609760766312
Herato17 Herato1703 11714643.0 125000.0 0.05597249328 0.0527507491 0.05542194168 0.06071058848
Herato17 Herato1703 11764643.0 175000.0 0.0624295277458 0.0576974090925 0.0622176434741 0.0669328084452
Herato17 Herato1703 11814643.0 225000.0 0.07013107034 0.065913417912 0.06971253658 0.07629199994
Herato17 Herato1703 11864643.0 275000.0 0.07835189716 0.071557695926 0.078727080678 0.085478344494
Herato17 Herato1703 11914643.0 325000.0 0.064000877832 0.0534820376 0.063991459868 0.07392857711
Herato17 Herato1703 11964643.0 375000.0 0.042601179566 0.040258782404 0.042603055172 0.045373934624
Herato17 Herato1703 12014643.0 425000.0 0.0593589496432 0.0530076133157 0.0591827618612 0.0673197023026
Herato17 Herato1703 12064643.0 475000.0 0.04936336302 0.04642296558 0.04926763946 0.05270020342
Herato17 Herato1703 12114643.0 525000.0 0.078541822541 0.0669918838334 0.078720371615 0.0895440031254
Herato17 Herato1703 12164643.0 575000.0 0.040236302264 0.037244456422 0.040586354296 0.042656049188
Herato17 Herato1703 12214643.0 625000.0 0.04992206934 0.047448083878 0.0497309846 0.05378685024
Herato17 Herato1703 12264643.0 675000.0 0.05693113164 0.05397597046 0.05689859832 0.06064087928
Herato17 Herato1703 12314643.0 725000.0 0.045490641692 0.0405996928398 0.0454963462606 0.0501540995414
Herato17 Herato1703 12364643.0 775000.0 0.100122337025 0.0463467942192 0.0957011319471 0.184420043875
Herato17 Herato1703 12414643.0 825000.0 0.05172848376 0.04786365206 0.05187070142 0.05642445348
Herato17 Herato1703 12464643.0 875000.0 0.0696549375621 0.0644666806262 0.0695914726962 0.075317471682
Herato17 Herato1703 12514643.0 925000.0 0.075219198466 0.068931380958 0.075177181238 0.081790023248
Herato17 Herato1703 12564643.0 975000.0 0.0568008274882 0.0528643849675 0.0568143964522 0.0606994824524
Herato17 Herato1703 12614643.0 1025000.0 0.045264955958 0.04114160107 0.045106807706 0.050043531378
Herato17 Herato1703 12664643.0 1075000.0 0.055761834 0.053068606 0.0557538244 0.0581967524
Herato17 Herato1703 12714643.0 1125000.0 0.05154555067 0.047451511682 0.051409743868 0.055665505414
Herato17 Herato1703 12764643.0 1175000.0 0.0602542141796 0.0549950121318 0.0601923844332 0.066024724454
Herato17 Herato1703 12814643.0 1225000.0 0.0416088710643 0.0387221486857 0.0414275176825 0.0447500857892
Herato17 Herato1703 12864643.0 1275000.0 0.0611921839733 0.0548691485364 0.0606214442552 0.0690866509518
Herato17 Herato1703 12914643.0 1325000.0 0.042504634112 0.038422914842 0.041158107016 0.05101552564
Herato17 Herato1703 12964643.0 1375000.0 0.0138304465658 0.0121486822334 0.0137397771484 0.01589928911
Herato17 Herato1703 13014643.0 1425000.0 0.0144188382736 0.0120702124592 0.0143814701984 0.0173677744004
Herato17 Herato1703 13064643.0 1475000.0 0.021180623516 0.008754775702 0.020700037132 0.037003694124
Herato17 Herato1703 13114643.0 1525000.0 0.0403945574216 0.0367487404382 0.040308316511 0.0444302924264
Herato17 Herato1703 13164643.0 1575000.0 0.0399846579964 0.0357645327747 0.0398445327958 0.0444097334644
Herato17 Herato1703 13214643.0 1625000.0 0.027475933238 0.024837600428 0.027365164412 0.030711084706
Herato17 Herato1703 13264643.0 1675000.0 0.04064642832 0.0378349929 0.040430006 0.0437288868
Herato17 Herato1703 13314643.0 1725000.0 0.0505024186676 0.0460227399771 0.0502715082542 0.0557425658224
Herato17 Herato1703 13364643.0 1775000.0 0.05261990598 0.045102950264 0.05254466742 0.06051283124
Herato17 Herato1703 13414643.0 1825000.0 0.0431002966224 0.0402985173604 0.0430303878508 0.0460255303216
Herato17 Herato1703 13464643.0 1875000.0 0.04653285878 0.04332973708 0.04626851134 0.05034432572
Herato17 Herato1703 13514643.0 1925000.0 0.048081773256 0.045784241322 0.047989535874 0.050227732164
Herato17 Herato1703 13564643.0 1975000.0 0.05754542178 0.05474236394 0.05778166812 0.05954902998
Herato17 Herato1703 13614643.0 2025000.0 0.07612398276 0.07197134792 0.07598595042 0.08020609552
Herato17 Herato1703 13664643.0 2075000.0 0.0757802704884 0.0682165991517 0.0759558107486 0.084470061488
Herato17 Herato1703 13714643.0 2125000.0 0.0722010005916 0.06801494618 0.0721166960354 0.076782085858
Herato17 Herato1703 13764643.0 2175000.0 0.06134037082 0.059945133708 0.06118520138 0.06406220638
Herato17 Herato1703 13814643.0 2225000.0 0.074202772758 0.060878184878 0.07355663267 0.08879003666
Herato17 Herato1703 13864643.0 2275000.0 0.073228540462 0.0693150528577 0.0732039926532 0.0775635614
Herato17 Herato1703 13914643.0 2325000.0 0.06676867064 0.06393655736 0.0667876714 0.0704828192
Herato17 Herato1703 13959218.0 2375000.0 0.0652277751954 0.0604050176398 0.0657350400077 0.0703472371162
Herato17 Herato1704 14003794.0 25000.0 0.041971451666 0.038446788504 0.041931342424 0.045909313108
Herato17 Herato1704 14053794.0 75000.0 0.0332898681441 0.0251948546743 0.0336264545838 0.0439063672894
Herato17 Herato1704 14103794.0 125000.0 0.05207229103 0.0455820832124 0.05147825259 0.061793396396
Herato17 Herato1704 14153794.0 175000.0 0.029631155398 0.026400794188 0.029368403028 0.034021474816
Herato17 Herato1704 14203794.0 225000.0 0.081221411814 0.074878192104 0.080928135846 0.08819621285
Herato17 Herato1704 14250428.0 275000.0 0.0995178325945 0.0893899976726 0.0994560976102 0.110491780473
Herato17 Herato1705 14297063.0 25000.0 0.068660931254 0.062410711042 0.068384146526 0.075826387378
Herato17 Herato1705 14347063.0 75000.0 0.0495807838718 0.0385176271444 0.0505044581106 0.062641596036
Herato17 Herato1705 14397063.0 125000.0 0.081455905874 0.0761035256064 0.0813124066092 0.087960958494
Herato17 Herato1705 14447063.0 175000.0 0.046232766612 0.041313826784 0.04584488446 0.05238342967
Herato17 Herato1705 14497063.0 225000.0 0.03909600606 0.03679199298 0.0388834177 0.04203521294
Herato17 Herato1705 14547063.0 275000.0 0.05952055586 0.05485020904 0.05897988604 0.0662605841
Herato17 Herato1705 14597063.0 325000.0 0.057217377034 0.0465912919036 0.0569739931252 0.06976870784
Herato17 Herato1705 14647063.0 375000.0 0.0578367707744 0.0523635688235 0.0579345180193 0.064101648138
Herato17 Herato1705 14697063.0 425000.0 0.046807400202 0.040292824248 0.046154157294 0.056111171246
Herato17 Herato1705 14747063.0 475000.0 0.04133814666 0.04009108924 0.04096018156 0.0439586778
Herato17 Herato1705 14797063.0 525000.0 0.0424992134445 0.0379036668003 0.0420527856026 0.0485851505228
Herato17 Herato1705 14847063.0 575000.0 0.056845429412 0.0498465648939 0.0567929518662 0.0641275838144
Herato17 Herato1705 14897063.0 625000.0 0.056310974232 0.050267572792 0.056646786016 0.061378379928
Herato17 Herato1705 14947063.0 675000.0 0.0443530301266 0.0375188190026 0.0439968310634 0.0531526528885
Herato17 Herato1705 14997063.0 725000.0 0.0577961904966 0.052042201591 0.0573794065016 0.0656466391556
Herato17 Herato1705 15047063.0 775000.0 0.061800862847 0.0493465913264 0.0606800631224 0.078900149222
Herato17 Herato1705 15097063.0 825000.0 0.050308107568 0.0413123388145 0.0494459785824 0.0651126445348
Herato17 Herato1705 15147063.0 875000.0 0.053364442174 0.047356269728 0.05246847293 0.063736199782
Herato17 Herato1705 15197063.0 925000.0 0.0705440798472 0.059731591371 0.0703992616638 0.082364452002
Herato17 Herato1705 15247063.0 975000.0 0.065130914926 0.056827473276 0.06607562972 0.073790885008
Herato17 Herato1705 15297063.0 1025000.0 0.06388555382 0.0610191006 0.06364347446 0.06741938406
Herato17 Herato1705 15347063.0 1075000.0 0.05734974866 0.05529431864 0.05723258666 0.06026860664
Herato17 Herato1705 15397063.0 1125000.0 0.064349731374 0.0614573688052 0.0642085137686 0.0691610832824
Herato17 Herato1705 15447063.0 1175000.0 0.0885666729 0.0808047373 0.08879268558 0.09678327768
Herato17 Herato1705 15497063.0 1225000.0 0.0478501300404 0.0387000216214 0.0476707787226 0.05944709435
Herato17 Herato1705 15547063.0 1275000.0 0.0619853154436 0.0514491961972 0.0616776922928 0.0766110815208
Herato17 Herato1705 15597063.0 1325000.0 0.037022322944 0.0336370726158 0.0370889940932 0.0407124441988
Herato17 Herato1705 15647063.0 1375000.0 0.024678000958 0.0233313492144 0.024606152678 0.026692091294
Herato17 Herato1705 15697063.0 1425000.0 0.026603508106 0.0202528818466 0.0253924464584 0.0406960703974
Herato17 Herato1705 15747063.0 1475000.0 0.0162084602076 0.0147866911011 0.0159564263702 0.0188758837802
Herato17 Herato1705 15797063.0 1525000.0 0.035637630276 0.03229296356 0.035033811384 0.04149782958
Herato17 Herato1705 15847063.0 1575000.0 0.0292559479928 0.0236778857386 0.0285739823338 0.0389325178372
Herato17 Herato1705 15897063.0 1625000.0 0.0549697291371 0.0354225711073 0.0513282501727 0.0964233522232
Herato17 Herato1705 15947063.0 1675000.0 0.131346418982 0.0667546663528 0.120006176377 0.2679367881
Herato17 Herato1705 15997063.0 1725000.0 0.051271590138 0.0431021735399 0.0507325940131 0.062122898444
Herato17 Herato1705 16047063.0 1775000.0 0.0499206221824 0.0418721573884 0.0492810853492 0.059948498792
Herato17 Herato1705 16097063.0 1825000.0 0.0317785575174 0.0249757467926 0.0310660479596 0.042040272281
Herato17 Herato1705 16147063.0 1875000.0 0.031999369792 0.0282778798694 0.0318737930018 0.03607820327
Herato17 Herato1705 16197063.0 1925000.0 0.04966611988 0.042290360964 0.049650892152 0.057792375888
Herato17 Herato1705 16247063.0 1975000.0 0.046737894806 0.0331090597098 0.0377190247704 0.124781705238
Herato17 Herato1705 16297063.0 2025000.0 0.0765394507678 0.0487028361922 0.0745988997072 0.121312954682
Herato17 Herato1705 16347063.0 2075000.0 0.043141188459 0.0328057606171 0.0422570701986 0.05902059922
Herato17 Herato1705 16397063.0 2125000.0 0.0474997684886 0.0405315404607 0.0473344591084 0.0559062731842
Herato17 Herato1705 16447063.0 2175000.0 0.082994301538 0.058870867654 0.079458461 0.13182678749
Herato17 Herato1705 16497063.0 2225000.0 0.350412174218 0.0197322549442 0.319816740275 0.780393293161
Herato17 Herato1705 16547063.0 2275000.0 0.0446564465604 0.0354939064096 0.0442917630816 0.055560810354
Herato17 Herato1705 16597063.0 2325000.0 0.037056804526 0.027080086572 0.03571376791 0.053828788794
Herato17 Herato1705 16647063.0 2375000.0 0.03163360444 0.0287193764923 0.0311415268146 0.035371582768
Herato17 Herato1705 16697063.0 2425000.0 0.0538665380038 0.041465441234 0.0527976140086 0.0739184091678
Herato17 Herato1705 16747063.0 2475000.0 0.0322926719378 0.0285674093546 0.0322882169834 0.036475538261
Herato17 Herato1705 16797063.0 2525000.0 0.039122068458 0.0344590471854 0.0392076382224 0.04260945914
Herato17 Herato1705 16847063.0 2575000.0 0.040658032224 0.035520926308 0.040204125342 0.047289397434
Herato17 Herato1705 16897063.0 2625000.0 0.06747462273 0.0632180558314 0.0674791438816 0.07073760525
Herato17 Herato1705 16947063.0 2675000.0 0.0506457658086 0.0472423692612 0.0506738663338 0.0536305760384
Herato17 Herato1705 16997063.0 2725000.0 0.0532236050116 0.0454235929704 0.0532910197984 0.062192395556
Herato17 Herato1705 17029764.5 2775000.0 0.0162242891644 0.014169219243 0.0161367751737 0.0183869912355
Herato17 Herato1706 17062467.0 25000.0 0.05251889746 0.040868430816 0.05138190644 0.070187648454
Herato17 Herato1706 17112467.0 75000.0 0.055756322334 0.052642403458 0.056501809 0.05714887102
Herato17 Herato1706 17144716.5 125000.0 0.0288182706116 0.011357073509 0.0236850889031 0.0783144828002
Herato17 Herato1707 17176967.0 25000.0 0.0298306863103 0.0244811217504 0.0293215144183 0.0371331387184
Herato17 Herato1707 17226967.0 75000.0 0.0686811644078 0.0583698815329 0.0682514335149 0.0817513075298
Herato17 Herato1707 17276967.0 125000.0 0.051257344862 0.0477033601998 0.0516124791948 0.054313401312
Herato17 Herato1707 17326967.0 175000.0 0.0417902350616 0.0390500932999 0.0416491790248 0.0447932600824
Herato17 Herato1707 17376967.0 225000.0 0.052521360304 0.0473855339932 0.052422229808 0.058044140172
Herato17 Herato1707 17421122.5 275000.0 0.0558596125152 0.032087187793 0.0531892165428 0.101732994964
Herato17 Herato1708 17465279.0 25000.0 0.0424350445548 0.0380333870595 0.0423230957032 0.047409776648
Herato17 Herato1708 17515279.0 75000.0 0.056114087586 0.049961741002 0.056145668804 0.062420474216
Herato17 Herato1708 17565279.0 125000.0 0.023610208283 0.0178595810994 0.0221772394986 0.0302992318616
Herato17 Herato1708 17615279.0 175000.0 0.065875811626 0.0605243470082 0.0655804841652 0.0724277542016
Herato17 Herato1708 17665279.0 225000.0 0.044673760672 0.0387378229 0.044617638504 0.05061191595
Herato17 Herato1708 17715279.0 275000.0 0.04652347506 0.04260464896 0.0465154395 0.05046880544
Herato17 Herato1708 17765279.0 325000.0 0.026786269102 0.0205497061682 0.0261292713138 0.0383212419028
Herato17 Herato1708 17815279.0 375000.0 0.012583922592 0.0108339009018 0.0125491512066 0.014510934847
Herato17 Herato1708 17865279.0 425000.0 0.023560604783 0.0104065509505 0.0161372499656 0.0632707150346
Herato17 Herato1708 17915279.0 475000.0 0.0233590559232 0.0196286416142 0.0231461653513 0.0278074080952
Herato17 Herato1708 17965279.0 525000.0 0.0554756517599 0.050267240505 0.0552427778186 0.0618416753126
Herato17 Herato1708 18015279.0 575000.0 0.049358156566 0.042341883602 0.049203647282 0.059649821774
Herato17 Herato1708 18065279.0 625000.0 0.051262838496 0.046263823332 0.051211545168 0.05671687436
Herato17 Herato1708 18115279.0 675000.0 0.039055201852 0.035283483188 0.039043632594 0.042959525632
Herato17 Herato1708 18165279.0 725000.0 0.038934370812 0.034120257098 0.038319872098 0.044511693058
Herato17 Herato1708 18215279.0 775000.0 0.0531805925028 0.0468381934163 0.0528695233602 0.060764164668
Herato17 Herato1708 18265279.0 825000.0 0.048437461444 0.0440714930741 0.0484908282146 0.052822029674
Herato17 Herato1708 18315279.0 875000.0 0.0621849766886 0.0584068255571 0.0623381598282 0.0665901164234
Herato17 Herato1708 18365279.0 925000.0 0.0461585495352 0.0405400090768 0.044644853685 0.063045503758
Herato17 Herato1708 18415279.0 975000.0 0.038129920951 0.0352863344029 0.0381935739329 0.0406145311166
Herato17 Herato1708 18465279.0 1025000.0 0.036648537156 0.03360828623 0.03661191618 0.039584057294
Herato17 Herato1708 18515279.0 1075000.0 0.0621397232 0.057994285302 0.06173173462 0.06719991964
Herato17 Herato1708 18565279.0 1125000.0 0.049173408018 0.045739032644 0.049037962272 0.053730632214
Herato17 Herato1708 18615279.0 1175000.0 0.06742887316 0.05939147346 0.06799669792 0.0749458118
Herato17 Herato1708 18665279.0 1225000.0 0.0619951335214 0.0551847539244 0.0617122767996 0.070023512404
Herato17 Herato1708 18715279.0 1275000.0 0.067368259072 0.0593987460066 0.0674636747104 0.075597483998
Herato17 Herato1708 18765279.0 1325000.0 0.046769711328 0.040901605568 0.046759590542 0.052832439558
Herato17 Herato1708 18815279.0 1375000.0 0.0558426604468 0.0388304494223 0.0547427228862 0.083383707168
Herato17 Herato1708 18865279.0 1425000.0 0.0382069219874 0.034613641399 0.0380361244072 0.042420237572
Herato17 Herato1708 18915279.0 1475000.0 0.052296067452 0.047218582452 0.05222240899 0.058624409422
Herato17 Herato1708 18965279.0 1525000.0 0.065596650564 0.059188092644 0.065162551546 0.074984688652
Herato17 Herato1708 19015279.0 1575000.0 0.050549756436 0.045573576617 0.050327875827 0.05696391933
Herato17 Herato1708 19065279.0 1625000.0 0.0380603545432 0.0281693606026 0.0381902425256 0.046420801978
Herato17 Herato1708 19115279.0 1675000.0 0.0308172266524 0.028622776585 0.030622196631 0.033716612846
Herato17 Herato1708 19165279.0 1725000.0 0.06555283119 0.036223855348 0.066268492182 0.10887167975
Herato17 Herato1708 19215279.0 1775000.0 0.0116021221127 0.0094907903367 0.0117629119168 0.0135866828816
Herato17 Herato1708 19265279.0 1825000.0 0.0194744073735 0.0158759102236 0.0193869442248 0.0238016204384
Herato17 Herato1708 19315279.0 1875000.0 0.0411766886646 0.0341111749485 0.0409290719752 0.0494307560854
Herato17 Herato1708 19365279.0 1925000.0 0.09608869192 0.07906246718 0.0960195348 0.1158828
Herato17 Herato1708 19415279.0 1975000.0 0.01476736764 0.0068004010736 0.0080250065184 0.055090264528
Herato17 Herato1708 19465279.0 2025000.0 0.07660994622 0.044509850553 0.074194025786 0.122523297712
Herato17 Herato1708 19515279.0 2075000.0 0.0731598628132 0.048216533239 0.0682298260764 0.113894257183
Herato17 Herato1708 19565279.0 2125000.0 0.0163697179694 0.0141673722565 0.0163520631527 0.0186839417686
Herato17 Herato1708 19615279.0 2175000.0 0.0386835801242 0.0284161837164 0.0386910672482 0.0464762620898
Herato17 Herato1708 19665279.0 2225000.0 0.043419947112 0.0291487635264 0.044774364338 0.05463455455
Herato17 Herato1708 19715279.0 2275000.0 0.068588852811 0.0457477968315 0.067469170508 0.108104733656
Herato17 Herato1708 19765279.0 2325000.0 0.060837320134 0.0484116646665 0.059369927547 0.080449732026
Herato17 Herato1708 19815279.0 2375000.0 0.024074843676 0.019695245574 0.023941928582 0.02960933744
Herato17 Herato1708 19865279.0 2425000.0 0.054827164926 0.047149038892 0.054987577958 0.064244768016
Herato17 Herato1708 19915279.0 2475000.0 0.0164870991656 0.0146094684514 0.0164441134791 0.0186645357854
Herato17 Herato1708 19961555.5 2525000.0 0.02974030987 0.0256694545907 0.029578355566 0.0347079842173
Herato17 Herato1709 19984369.5 25000.0 0.0245522958021 0.0216273280182 0.0241379791734 0.0290699612756
Herato17 Herato1710 19998178.5 25000.0 0.0131125375821 0.01000011569 0.0124145457092 0.0179294781041
Herato17 Herato1711 20023390.5 25000.0 0.10048088738 0.0396263343058 0.09400646826 0.206612185633
Herato17 Herato1712 20061331.0 25000.0 0.0551803203838 0.0273513702631 0.0541880802516 0.0914088494072
Herato17 Herato1712 20111331.0 75000.0 0.0434159477686 0.0349468755458 0.0431924092112 0.0529251869888
Herato17 Herato1712 20139786.0 125000.0 0.00198081061274 0.00177081830583 0.00198599641476 0.00221872239074
Herato17 Herato1713 20168242.0 25000.0 0.0356732584721 0.0244918189832 0.0347024222351 0.0476457667484
Herato17 Herato1713 20218242.0 75000.0 0.0320440545433 0.020330803021 0.0317653214112 0.0474297900338
Herato17 Herato1713 20254834.0 125000.0 0.0296145152039 0.026175948745 0.0294972488269 0.0338217541037
