chrom scaffold Cposition position mean p0025 p0500 p0975
Herato03 Herato0301 25001.0 25000.0 0.05944967432 0.047249839962 0.0585041728 0.07590767272
Herato03 Herato0301 75001.0 75000.0 0.05324688 0.0460445773548 0.052798705558 0.06472952983
Herato03 Herato0301 125001.0 125000.0 0.067649908504 0.062831883602 0.067396576554 0.072669503246
Herato03 Herato0301 175001.0 175000.0 0.0923159512 0.08541710946 0.0923583522 0.10115292826
Herato03 Herato0301 225001.0 225000.0 0.08973625826 0.08337568868 0.08950217962 0.09761222996
Herato03 Herato0301 275001.0 275000.0 0.102589647129 0.092578486114 0.101984903227 0.114898080176
Herato03 Herato0301 325001.0 325000.0 0.10686249672 0.10234158044 0.10693961272 0.1116399421
Herato03 Herato0301 375001.0 375000.0 0.10373135291 0.096732265502 0.103226154906 0.111303213324
Herato03 Herato0301 425001.0 425000.0 0.0692678752718 0.064720757601 0.0691386607382 0.0737421492132
Herato03 Herato0301 475001.0 475000.0 0.05696036934 0.052909834034 0.05693133626 0.06177260968
Herato03 Herato0301 525001.0 525000.0 0.068006440648 0.059857662328 0.067238662166 0.080811186868
Herato03 Herato0301 575001.0 575000.0 0.05399595094 0.048828752364 0.0540155988 0.0596981585
Herato03 Herato0301 625001.0 625000.0 0.0712645512312 0.0639794698653 0.0714422292698 0.078304059676
Herato03 Herato0301 675001.0 675000.0 0.0612844915666 0.0540694559906 0.0609092468988 0.0702755217094
Herato03 Herato0301 725001.0 725000.0 0.112596152918 0.101860676101 0.11058925885 0.128107944985
Herato03 Herato0301 775001.0 775000.0 0.095148745636 0.092709301152 0.095030744626 0.097796384898
Herato03 Herato0301 825001.0 825000.0 0.103776987884 0.0881904806359 0.102659868043 0.123897423856
Herato03 Herato0301 875001.0 875000.0 0.099897711588 0.087666944442 0.099465199846 0.11357295844
Herato03 Herato0301 925001.0 925000.0 0.14495096911 0.129757190364 0.14451858357 0.16172682016
Herato03 Herato0301 975001.0 975000.0 0.358198060742 0.29869077314 0.357183593834 0.42344102598
Herato03 Herato0301 1025001.0 1025000.0 0.33506247432 0.31517839632 0.32925368202 0.38331181644
Herato03 Herato0301 1075001.0 1075000.0 0.35927426476 0.34860237692 0.35843520552 0.3757987078
Herato03 Herato0301 1125001.0 1125000.0 0.266940742245 0.245963460639 0.27012654131 0.288744066834
Herato03 Herato0301 1175001.0 1175000.0 0.266176264607 0.234401589512 0.266298623121 0.303134386101
Herato03 Herato0301 1225001.0 1225000.0 0.0984595239178 0.0846048496853 0.0978428466041 0.118131171272
Herato03 Herato0301 1275001.0 1275000.0 0.074804485196 0.066433333084 0.07449030835 0.083942557802
Herato03 Herato0301 1325001.0 1325000.0 0.103607378168 0.093744422184 0.103799797764 0.113855456116
Herato03 Herato0301 1375001.0 1375000.0 0.1536362712 0.1488862196 0.1536783394 0.1615968252
Herato03 Herato0301 1425001.0 1425000.0 0.1224997536 0.1182302768 0.1223156512 0.1285475328
Herato03 Herato0301 1475001.0 1475000.0 0.154895893958 0.132467987622 0.15576988902 0.16338900676
Herato03 Herato0301 1525001.0 1525000.0 0.184144870328 0.16873408086 0.184139192113 0.200430332012
Herato03 Herato0301 1575001.0 1575000.0 0.13958469676 0.12732860366 0.13926020058 0.15365600684
Herato03 Herato0301 1625001.0 1625000.0 0.173536288132 0.156841564214 0.17287125527 0.192513693556
Herato03 Herato0301 1675001.0 1675000.0 0.22308692012 0.208447049274 0.22225624598 0.23936498054
Herato03 Herato0301 1725001.0 1725000.0 0.215072866726 0.202974481455 0.214909933892 0.232407653312
Herato03 Herato0301 1775001.0 1775000.0 0.14073284758 0.13714828126 0.14007074116 0.14743643078
Herato03 Herato0301 1825001.0 1825000.0 0.172324054216 0.155704693489 0.172491189154 0.188552923808
Herato03 Herato0301 1875001.0 1875000.0 0.133202697142 0.121102083938 0.133701578932 0.1446611901
Herato03 Herato0301 1925001.0 1925000.0 0.18329155256 0.169226533152 0.18277657096 0.19852813864
Herato03 Herato0301 1975001.0 1975000.0 0.165195019352 0.147438625285 0.165480063091 0.180351346476
Herato03 Herato0301 2025001.0 2025000.0 0.150619747992 0.096875361203 0.10577237506 0.368962574382
Herato03 Herato0301 2075001.0 2075000.0 0.18697452894 0.15985031459 0.187970786278 0.214357177741
Herato03 Herato0301 2125001.0 2125000.0 0.13764833078 0.123697373894 0.13655652636 0.15725367462
Herato03 Herato0301 2175001.0 2175000.0 0.1317366037 0.11162823106 0.13146434772 0.15097770836
Herato03 Herato0301 2225001.0 2225000.0 0.131768533948 0.120286311506 0.129538300866 0.146793745734
Herato03 Herato0301 2275001.0 2275000.0 0.254239961564 0.233331977148 0.253053780228 0.28011243922
Herato03 Herato0301 2325001.0 2325000.0 0.2205900795 0.201895434196 0.218521863214 0.247217361978
Herato03 Herato0301 2375001.0 2375000.0 0.118070599929 0.0824812272635 0.116670163407 0.152513647775
Herato03 Herato0301 2425001.0 2425000.0 0.134456914172 0.114820042391 0.13379343639 0.159914619428
Herato03 Herato0301 2475001.0 2475000.0 0.1022874678 0.0929460890025 0.10227218096 0.11134886824
Herato03 Herato0301 2525001.0 2525000.0 0.0850063656884 0.0736913407447 0.0854048178932 0.092094169732
Herato03 Herato0301 2575001.0 2575000.0 0.1052357728 0.09683308106 0.10522724178 0.11696120362
Herato03 Herato0301 2625001.0 2625000.0 0.134365752296 0.123048699098 0.134136467766 0.148917401874
Herato03 Herato0301 2675001.0 2675000.0 0.15382342816 0.133737226022 0.15422801142 0.17398373454
Herato03 Herato0301 2725001.0 2725000.0 0.0953518728164 0.0894939694844 0.0953126400484 0.101103153314
Herato03 Herato0301 2775001.0 2775000.0 0.07472660174 0.066133064856 0.07425418194 0.08812300046
Herato03 Herato0301 2825001.0 2825000.0 0.052008971546 0.0448700166563 0.051297361464 0.0696707710786
Herato03 Herato0301 2875001.0 2875000.0 0.0330436651209 0.0155259968345 0.0316824546665 0.0657760743604
Herato03 Herato0301 2925001.0 2925000.0 0.0208443398512 0.0185142432954 0.0208310401593 0.0233192011138
Herato03 Herato0301 2975001.0 2975000.0 0.06264911696 0.05464672746 0.06232393124 0.073948047
Herato03 Herato0301 3025001.0 3025000.0 0.061117139 0.057783921178 0.06082845292 0.0651730022
Herato03 Herato0301 3075001.0 3075000.0 0.0894490582 0.0827057821 0.0882280756 0.09813357438
Herato03 Herato0301 3125001.0 3125000.0 0.094781509456 0.083990861856 0.095579268566 0.10514420256
Herato03 Herato0301 3175001.0 3175000.0 0.077672887212 0.069708876974 0.077576972516 0.085845415086
Herato03 Herato0301 3225001.0 3225000.0 0.1706889403 0.14856141498 0.17091070184 0.1893701584
Herato03 Herato0301 3275001.0 3275000.0 0.2081393184 0.1875817098 0.2095805966 0.2239030544
Herato03 Herato0301 3325001.0 3325000.0 0.1708080888 0.158292414 0.1674870048 0.1938657762
Herato03 Herato0301 3375001.0 3375000.0 0.178845023752 0.17035107463 0.178661733214 0.18666692246
Herato03 Herato0301 3425001.0 3425000.0 0.07863452326 0.0725491553 0.07821646438 0.08571260616
Herato03 Herato0301 3475001.0 3475000.0 0.22085565572 0.16727546848 0.22150949052 0.26465655948
Herato03 Herato0301 3525001.0 3525000.0 0.139587486138 0.125612763425 0.138802740911 0.159223933833
Herato03 Herato0301 3575001.0 3575000.0 0.14544359346 0.1302029534 0.14628025092 0.1589482364
Herato03 Herato0301 3625001.0 3625000.0 0.1242194006 0.1188957448 0.1242300426 0.128917386
Herato03 Herato0301 3675001.0 3675000.0 0.201514850632 0.180728781738 0.200573419167 0.22466773201
Herato03 Herato0301 3725001.0 3725000.0 0.1621244668 0.1548238712 0.1610349634 0.171412789
Herato03 Herato0301 3775001.0 3775000.0 0.17672343402 0.15533104602 0.17474087134 0.20519281988
Herato03 Herato0301 3825001.0 3825000.0 0.195708762552 0.174170864732 0.195445751388 0.220236273502
Herato03 Herato0301 3875001.0 3875000.0 0.2033810216 0.1976680526 0.2031060702 0.20895937
Herato03 Herato0301 3925001.0 3925000.0 0.18366007032 0.17024823488 0.18372191882 0.19730370266
Herato03 Herato0301 3975001.0 3975000.0 0.1816551182 0.1706676898 0.1831499994 0.1895304324
Herato03 Herato0301 4025001.0 4025000.0 0.178243720244 0.158871313114 0.178288460866 0.199498955876
Herato03 Herato0301 4075001.0 4075000.0 0.1742100518 0.1642691762 0.1739926172 0.1847326522
Herato03 Herato0301 4125001.0 4125000.0 0.1925783463 0.18016617638 0.19320731394 0.20274816186
Herato03 Herato0301 4175001.0 4175000.0 0.20535981726 0.183887216299 0.204741523681 0.230282879808
Herato03 Herato0301 4225001.0 4225000.0 0.2273488764 0.2156198604 0.228305486 0.2356817312
Herato03 Herato0301 4275001.0 4275000.0 0.2135053164 0.2029974884 0.214526638 0.2204974412
Herato03 Herato0301 4325001.0 4325000.0 0.1438931004 0.1377224468 0.1439832274 0.1503712868
Herato03 Herato0301 4375001.0 4375000.0 0.12024477925 0.107117821584 0.120084259482 0.13456770949
Herato03 Herato0301 4425001.0 4425000.0 0.132298584494 0.125701010998 0.13107307097 0.14340248684
Herato03 Herato0301 4475001.0 4475000.0 0.104544200789 0.0959003901914 0.103965068744 0.115441463592
Herato03 Herato0301 4525001.0 4525000.0 0.133953615009 0.126683540671 0.133660891631 0.14107938124
Herato03 Herato0301 4575001.0 4575000.0 0.10926255728 0.09845533944 0.10915135542 0.12055679552
Herato03 Herato0301 4625001.0 4625000.0 0.13536884858 0.12618282312 0.13553416594 0.14534619964
Herato03 Herato0301 4675001.0 4675000.0 0.106549357921 0.0951162295733 0.105706092113 0.120515450308
Herato03 Herato0301 4725001.0 4725000.0 0.14114669668 0.11462792878 0.13849379782 0.17482056504
Herato03 Herato0301 4775001.0 4775000.0 0.12854841062 0.1221298926 0.12892743908 0.13440441734
Herato03 Herato0301 4825001.0 4825000.0 0.112235746998 0.106475050492 0.11225364783 0.11801984049
Herato03 Herato0301 4875001.0 4875000.0 0.09666629438 0.08870324826 0.09634823912 0.10938918482
Herato03 Herato0301 4925001.0 4925000.0 0.101771691382 0.08940635772 0.102168255638 0.11399281215
Herato03 Herato0301 4975001.0 4975000.0 0.07552482642 0.05391660348 0.0764987173 0.097626809
Herato03 Herato0301 5004950.0 5025000.0 0.134258783593 0.113701458881 0.127707779349 0.185404986866
Herato03 Herato0302 5034900.0 25000.0 0.209137767914 0.177620169753 0.210882436034 0.251627587332
Herato03 Herato0302 5073145.0 75000.0 0.121126442431 0.109955069838 0.113645876935 0.141799200453
Herato03 Herato0303 5111391.0 25000.0 0.0946089504694 0.0852036923431 0.0897587999116 0.110743289442
Herato03 Herato0303 5161391.0 75000.0 0.19630518504 0.178019765174 0.19660830314 0.21863359588
Herato03 Herato0303 5211391.0 125000.0 0.153022734549 0.130540912362 0.153667792248 0.171732488714
Herato03 Herato0303 5258023.0 175000.0 0.113111918916 0.100429677977 0.112377468565 0.125532895248
Herato03 Herato0304 5304656.0 25000.0 0.098032536114 0.0747450956923 0.0985284257054 0.127554097397
Herato03 Herato0304 5354656.0 75000.0 0.103276073762 0.07767141252 0.105569302334 0.12523365311
Herato03 Herato0304 5383432.0 125000.0 0.0886654679555 0.0823036517479 0.0868621962394 0.101224179025
Herato03 Herato0305 5412209.0 25000.0 0.076612695292 0.07092524063 0.075182120676 0.08695364842
Herato03 Herato0305 5443238.0 75000.0 0.152508903632 0.142563748549 0.151695840106 0.161997949909
Herato03 Herato0306 5461528.0 25000.0 0.156618574796 0.142414917924 0.155344055432 0.173059463418
Herato03 Herato0307 5498789.0 25000.0 0.22595738702 0.198716732294 0.2242602053 0.260907992524
Herato03 Herato0307 5548789.0 75000.0 0.189939755954 0.181337484005 0.189624112308 0.203558283792
Herato03 Herato0307 5598789.0 125000.0 0.18833991033 0.170072553715 0.18641414737 0.209668891897
Herato03 Herato0307 5626970.0 175000.0 0.0742514641245 0.0711876502048 0.0741472591229 0.0785217494231
Herato03 Herato0308 5655152.0 25000.0 0.07818518604 0.07539540352 0.07840905128 0.08195475544
Herato03 Herato0308 5705152.0 75000.0 0.13093246648 0.1163761725 0.12841949048 0.16593706492
Herato03 Herato0308 5751256.5 125000.0 0.134501188446 0.123759594404 0.134297404146 0.149517240731
Herato03 Herato0309 5797362.0 25000.0 0.0796842333878 0.0674236511458 0.0786315360136 0.09337419698
Herato03 Herato0309 5847362.0 75000.0 0.24715033862 0.21137500498 0.24641410308 0.31824414136
Herato03 Herato0309 5897362.0 125000.0 0.250414620116 0.232240137166 0.251082099542 0.272616209328
Herato03 Herato0309 5937708.0 175000.0 0.143685865502 0.128509615502 0.142694543855 0.160327793464
Herato03 Herato0310 5978055.0 25000.0 0.0632137242884 0.0590893865658 0.0631790613583 0.0681887464701
Herato03 Herato0310 6028055.0 75000.0 0.10542304364 0.09836058186 0.10574555374 0.11236171974
Herato03 Herato0310 6078055.0 125000.0 0.1429702463 0.13658383796 0.14327773502 0.14938114784
Herato03 Herato0310 6128055.0 175000.0 0.1540374212 0.1484372768 0.1540946444 0.1603372546
Herato03 Herato0310 6178055.0 225000.0 0.154925259535 0.141229382518 0.154629973577 0.173347283078
Herato03 Herato0310 6228055.0 275000.0 0.101457879812 0.0930407889538 0.1004136742 0.110827428443
Herato03 Herato0310 6278055.0 325000.0 0.135146673576 0.1161516597 0.135455488496 0.156291502728
Herato03 Herato0310 6328055.0 375000.0 0.15312289976 0.1428460675 0.15175339118 0.163481358
Herato03 Herato0310 6378055.0 425000.0 0.189143044491 0.177326277866 0.190334651057 0.197740699652
Herato03 Herato0310 6428055.0 475000.0 0.16911894958 0.16183942716 0.16910760638 0.17752543546
Herato03 Herato0310 6478055.0 525000.0 0.186465430711 0.170559132917 0.185849401457 0.20458351149
Herato03 Herato0310 6528055.0 575000.0 0.13669155498 0.1293773512 0.13657869022 0.14349517348
Herato03 Herato0310 6578055.0 625000.0 0.115475052859 0.109078730691 0.115169747834 0.122788561528
Herato03 Herato0310 6628055.0 675000.0 0.06265151113 0.058859022558 0.06253089862 0.066872465054
Herato03 Herato0310 6678055.0 725000.0 0.0877744201518 0.0804094045937 0.0875841930048 0.099379630682
Herato03 Herato0310 6728055.0 775000.0 0.0964232180576 0.0861534864513 0.0957951745662 0.111042010284
Herato03 Herato0310 6778055.0 825000.0 0.0448212589518 0.034515899994 0.045630562798 0.054776840546
Herato03 Herato0310 6828055.0 875000.0 0.017010114984 0.010972888504 0.017335034482 0.02219005768
Herato03 Herato0310 6878055.0 925000.0 0.0873184529252 0.0736803434108 0.0859739553828 0.109876652834
Herato03 Herato0310 6928055.0 975000.0 0.052538533266 0.0439776360326 0.052303023308 0.060824820934
Herato03 Herato0310 6978055.0 1025000.0 0.081896634148 0.067494556196 0.083444515992 0.098152283468
Herato03 Herato0310 7028055.0 1075000.0 0.0973871740708 0.0855979227881 0.0978364855838 0.108850204833
Herato03 Herato0310 7078055.0 1125000.0 0.0698995788 0.05943501944 0.0713305768 0.0789330947
Herato03 Herato0310 7128055.0 1175000.0 0.263002964 0.2444809292 0.2616098504 0.282340317
Herato03 Herato0310 7178055.0 1225000.0 0.152198224824 0.13545265228 0.149982254318 0.17188819552
Herato03 Herato0310 7228055.0 1275000.0 0.15999951185 0.136317579368 0.15844986066 0.19036344981
Herato03 Herato0310 7278055.0 1325000.0 0.06557352762 0.0605224740508 0.0650996817688 0.07729626904
Herato03 Herato0310 7328055.0 1375000.0 0.0985093579584 0.0699759696478 0.102723426478 0.119335035418
Herato03 Herato0310 7378055.0 1425000.0 0.0946414622664 0.0902015556845 0.0940125185646 0.102526377726
Herato03 Herato0310 7428055.0 1475000.0 0.114210992188 0.108146932116 0.113682568506 0.120428283748
Herato03 Herato0310 7478055.0 1525000.0 0.126636473 0.1203099206 0.127041884 0.1305539188
Herato03 Herato0310 7528055.0 1575000.0 0.19577761498 0.179698526598 0.19538722868 0.22091288966
Herato03 Herato0310 7578055.0 1625000.0 0.20538791556 0.19138739088 0.20431270604 0.21999657018
Herato03 Herato0310 7628055.0 1675000.0 0.167616683925 0.158356052426 0.167268104514 0.179143397863
Herato03 Herato0310 7678055.0 1725000.0 0.130213483448 0.120172195 0.130441390924 0.141021722488
Herato03 Herato0310 7728055.0 1775000.0 0.2036817238 0.1895019258 0.2045917292 0.2173500538
Herato03 Herato0310 7778055.0 1825000.0 0.225944615868 0.20841898963 0.225525592706 0.245547525618
Herato03 Herato0310 7828055.0 1875000.0 0.1972722926 0.1895638726 0.1969222074 0.206460242
Herato03 Herato0310 7878055.0 1925000.0 0.2135223672 0.2029927344 0.2131433264 0.2239879432
Herato03 Herato0310 7928055.0 1975000.0 0.276622109878 0.251721921658 0.277865962548 0.301492360394
Herato03 Herato0310 7978055.0 2025000.0 0.25761546258 0.21856720764 0.25381162908 0.306551791
Herato03 Herato0310 8028055.0 2075000.0 0.3008664112 0.27689606664 0.3016958884 0.3200148026
Herato03 Herato0310 8078055.0 2125000.0 0.200006324595 0.175611162226 0.199571095445 0.234946770457
Herato03 Herato0310 8128055.0 2175000.0 0.12749261062 0.113310401458 0.12709549253 0.14445678772
Herato03 Herato0310 8178055.0 2225000.0 0.20353280172 0.180026090095 0.204035959772 0.22789823972
Herato03 Herato0310 8228055.0 2275000.0 0.18198339492 0.17333086872 0.1812694511 0.19556540424
Herato03 Herato0310 8278055.0 2325000.0 0.17524466522 0.15885586962 0.175042665 0.19372766394
Herato03 Herato0310 8328055.0 2375000.0 0.12032163304 0.11241028164 0.12014997486 0.12884231094
Herato03 Herato0310 8378055.0 2425000.0 0.14394485584 0.1336789198 0.14425211028 0.15446804164
Herato03 Herato0310 8428055.0 2475000.0 0.1513513558 0.130681465866 0.14837845558 0.18188446996
Herato03 Herato0310 8478055.0 2525000.0 0.135856115314 0.127323541918 0.13524424144 0.145877238068
Herato03 Herato0310 8528055.0 2575000.0 0.09661324854 0.090370780858 0.096488276554 0.104230849408
Herato03 Herato0310 8578055.0 2625000.0 0.155100181 0.1468002828 0.1557291446 0.1607459352
Herato03 Herato0310 8628055.0 2675000.0 0.10039868984 0.09156035558 0.10056769602 0.11003296348
Herato03 Herato0310 8678055.0 2725000.0 0.163921093302 0.1524670427 0.163300028746 0.177144775598
Herato03 Herato0310 8728055.0 2775000.0 0.149696806961 0.139853238178 0.149277731817 0.16193829393
Herato03 Herato0310 8778055.0 2825000.0 0.11082849139 0.095808206428 0.110708630068 0.126119831864
Herato03 Herato0310 8828055.0 2875000.0 0.173405160966 0.154441542988 0.173623593688 0.196208623598
Herato03 Herato0310 8878055.0 2925000.0 0.0846279046428 0.0762785731532 0.0838703107616 0.0940985494176
Herato03 Herato0310 8928055.0 2975000.0 0.07612333862 0.071300096314 0.075901182064 0.08248252004
Herato03 Herato0310 8978055.0 3025000.0 0.069016124972 0.06288210923 0.06885650299 0.076094280304
Herato03 Herato0310 9028055.0 3075000.0 0.0907420617 0.0766822156 0.08947249428 0.10816476036
Herato03 Herato0310 9078055.0 3125000.0 0.0802299109336 0.0709842221204 0.0802290111818 0.090741202601
Herato03 Herato0310 9128055.0 3175000.0 0.09141817256 0.064169014884 0.073871796676 0.181165566568
Herato03 Herato0310 9178055.0 3225000.0 0.0975322873894 0.0839687379169 0.0969317058206 0.118295779107
Herato03 Herato0310 9228055.0 3275000.0 0.1299713073 0.119081711726 0.1297878327 0.14143900194
Herato03 Herato0310 9278055.0 3325000.0 0.17308827366 0.1534886322 0.17424622834 0.19418534376
Herato03 Herato0310 9328055.0 3375000.0 0.104329594403 0.095793858465 0.103917751687 0.113221399169
Herato03 Herato0310 9378055.0 3425000.0 0.15547588462 0.14651476124 0.15528702042 0.1640790399
Herato03 Herato0310 9428055.0 3475000.0 0.2072090981 0.1715430953 0.20738675282 0.2425835955
Herato03 Herato0310 9478055.0 3525000.0 0.16079094838 0.15054501992 0.16063932514 0.17323893426
Herato03 Herato0310 9528055.0 3575000.0 0.0792164105 0.071051381398 0.0791879562 0.08772371098
Herato03 Herato0310 9578055.0 3625000.0 0.111742873804 0.101376049764 0.111495160548 0.12392428886
Herato03 Herato0310 9628055.0 3675000.0 0.16789896525 0.155583306516 0.167696014334 0.181675240892
Herato03 Herato0310 9678055.0 3725000.0 0.20579871672 0.1861562482 0.206017666 0.22043520616
Herato03 Herato0310 9728055.0 3775000.0 0.133908152074 0.127378469946 0.133608321176 0.142949127552
Herato03 Herato0310 9778055.0 3825000.0 0.15218021766 0.14011004548 0.15160836424 0.16502252774
Herato03 Herato0310 9828055.0 3875000.0 0.22528532054 0.209246237 0.22581412684 0.239888118
Herato03 Herato0310 9878055.0 3925000.0 0.1559188666 0.14679969484 0.15506088566 0.16928458742
Herato03 Herato0310 9928055.0 3975000.0 0.173419515388 0.155853660962 0.172226076431 0.192514880564
Herato03 Herato0310 9978055.0 4025000.0 0.156196845 0.150485132 0.156076809 0.163078909
Herato03 Herato0310 10028055.0 4075000.0 0.17111013658 0.1607509137 0.1700966629 0.18609905664
Herato03 Herato0310 10078055.0 4125000.0 0.109669523695 0.0938936662691 0.110028298878 0.123094135395
Herato03 Herato0310 10128055.0 4175000.0 0.09442219606 0.08375687954 0.09339076956 0.10970087872
Herato03 Herato0310 10178055.0 4225000.0 0.10296459652 0.07828346712 0.10204578192 0.13189620554
Herato03 Herato0310 10228055.0 4275000.0 0.06052878037 0.051102863004 0.059780487248 0.070919226602
Herato03 Herato0310 10278055.0 4325000.0 0.032474253616 0.0266802127258 0.032352021938 0.040090083318
Herato03 Herato0310 10328055.0 4375000.0 0.127212282882 0.117372738528 0.12670910859 0.13881850947
Herato03 Herato0310 10378055.0 4425000.0 0.156389143436 0.144948511576 0.155581724538 0.168839556932
Herato03 Herato0310 10428055.0 4475000.0 0.134786858765 0.124158956954 0.134694970408 0.146706527216
Herato03 Herato0310 10478055.0 4525000.0 0.07686721006 0.067200773268 0.07780095284 0.089105756
Herato03 Herato0310 10528055.0 4575000.0 0.184873269468 0.157527020382 0.184264403568 0.211554184772
Herato03 Herato0310 10578055.0 4625000.0 0.0900416154089 0.0860332859034 0.0895380411808 0.0965704213282
Herato03 Herato0310 10628055.0 4675000.0 0.122356613256 0.113894521573 0.121702934292 0.13435160568
Herato03 Herato0310 10678055.0 4725000.0 0.11879498238 0.1155969398 0.11799742294 0.12479038174
Herato03 Herato0310 10728055.0 4775000.0 0.1456053246 0.13691386338 0.14581377518 0.15564674432
Herato03 Herato0310 10778055.0 4825000.0 0.1521621142 0.14313950438 0.1524457828 0.160627695
Herato03 Herato0310 10828055.0 4875000.0 0.10934442562 0.10096310436 0.10933169586 0.11681314692
Herato03 Herato0310 10878055.0 4925000.0 0.215036465501 0.195254394221 0.214470196726 0.238817717145
Herato03 Herato0310 10928055.0 4975000.0 0.31679397002 0.28219762788 0.31479328966 0.3638808348
Herato03 Herato0310 10978055.0 5025000.0 0.21671762844 0.20461447946 0.2166709124 0.23185499506
Herato03 Herato0310 11028055.0 5075000.0 0.20600103742 0.19500220896 0.20627340106 0.2177134116
Herato03 Herato0310 11078055.0 5125000.0 0.2792937812 0.248571673 0.2791842922 0.3070327134
Herato03 Herato0310 11128055.0 5175000.0 0.27112798862 0.24991079146 0.27156460742 0.2907634856
Herato03 Herato0310 11178055.0 5225000.0 0.20218273208 0.1871188471 0.202172221 0.21585638154
Herato03 Herato0310 11228055.0 5275000.0 0.176748278568 0.139348945123 0.176417321693 0.20454536572
Herato03 Herato0310 11278055.0 5325000.0 0.17193382382 0.1631608564 0.1707145478 0.18430059266
Herato03 Herato0310 11328055.0 5375000.0 0.2208917588 0.2083469996 0.2225237852 0.2318461972
Herato03 Herato0310 11378055.0 5425000.0 0.16594178194 0.14340967856 0.16531510624 0.19289845236
Herato03 Herato0310 11428055.0 5475000.0 0.20532932212 0.19341394102 0.20535241246 0.21971091854
Herato03 Herato0310 11478055.0 5525000.0 0.26605507478 0.24752736766 0.2665749426 0.28915936088
Herato03 Herato0310 11528055.0 5575000.0 0.143680243002 0.136152279179 0.143640489476 0.150525906712
Herato03 Herato0310 11578055.0 5625000.0 0.20939891008 0.193955043473 0.20899554512 0.22869288754
Herato03 Herato0310 11628055.0 5675000.0 0.20115392808 0.183653598386 0.20102438142 0.22057800682
Herato03 Herato0310 11678055.0 5725000.0 0.125458687543 0.117760103287 0.124507391768 0.133925137461
Herato03 Herato0310 11728055.0 5775000.0 0.1953088786 0.18157275898 0.1944330563 0.21328187752
Herato03 Herato0310 11778055.0 5825000.0 0.208674487672 0.196473938504 0.208834043314 0.22376189837
Herato03 Herato0310 11828055.0 5875000.0 0.160184963 0.1559890298 0.1594596826 0.1684970066
Herato03 Herato0310 11878055.0 5925000.0 0.07940431874 0.0744801109 0.07903414002 0.08640250022
Herato03 Herato0310 11928055.0 5975000.0 0.1273756334 0.113906730898 0.126144939832 0.147139225508
Herato03 Herato0310 11978055.0 6025000.0 0.18230971308 0.165753596954 0.18187741118 0.20088005516
Herato03 Herato0310 12028055.0 6075000.0 0.20532499888 0.18885139004 0.20444208582 0.22516561844
Herato03 Herato0310 12078055.0 6125000.0 0.14288074632 0.128496467346 0.141920531768 0.1612008196
Herato03 Herato0310 12128055.0 6175000.0 0.120522625101 0.106620815715 0.120351860084 0.13306839906
Herato03 Herato0310 12178055.0 6225000.0 0.10987683772 0.0992239437165 0.109277683411 0.122893346726
Herato03 Herato0310 12228055.0 6275000.0 0.143347667348 0.130660425696 0.142534012639 0.156368999757
Herato03 Herato0310 12278055.0 6325000.0 0.182501174 0.155538400362 0.183199885004 0.210744580584
Herato03 Herato0310 12328055.0 6375000.0 0.11461847585 0.0948985895054 0.112865465812 0.140626703024
Herato03 Herato0310 12378055.0 6425000.0 0.139944113 0.125439084828 0.139873840856 0.15621430044
Herato03 Herato0310 12428055.0 6475000.0 0.127034042464 0.117821659128 0.12660699969 0.137875072504
Herato03 Herato0310 12478055.0 6525000.0 0.155663979303 0.141054045054 0.15456587421 0.172313474564
Herato03 Herato0310 12528055.0 6575000.0 0.17170354082 0.154891238816 0.17082684572 0.19643079884
Herato03 Herato0310 12578055.0 6625000.0 0.140147570428 0.125690417858 0.140232924052 0.154255292588
Herato03 Herato0310 12628055.0 6675000.0 0.147413595268 0.137008088378 0.14733018254 0.157184344668
Herato03 Herato0310 12678055.0 6725000.0 0.208634525489 0.188869440582 0.208289170052 0.231089570336
Herato03 Herato0310 12728055.0 6775000.0 0.180605374234 0.149919825069 0.171767248713 0.239294171049
Herato03 Herato0310 12778055.0 6825000.0 0.18100136052 0.1698396914 0.18084997086 0.19641497666
Herato03 Herato0310 12828055.0 6875000.0 0.20949756258 0.198226709284 0.2094735181 0.22295062378
Herato03 Herato0310 12878055.0 6925000.0 0.20977867616 0.19718046354 0.20974889384 0.2288045673
Herato03 Herato0310 12928055.0 6975000.0 0.184558372914 0.151877527556 0.180476187754 0.22686844512
Herato03 Herato0310 12978055.0 7025000.0 0.05769278735 0.045046139108 0.058303522876 0.066595539914
Herato03 Herato0310 13028055.0 7075000.0 0.115099323713 0.102172644175 0.114905436261 0.131052135809
Herato03 Herato0310 13078055.0 7125000.0 0.0675632886416 0.0560110614663 0.067244399577 0.079610369357
Herato03 Herato0310 13128055.0 7175000.0 0.109066476976 0.097487286448 0.1086796235 0.12473300024
Herato03 Herato0310 13178055.0 7225000.0 0.13334775394 0.121005820128 0.13271242276 0.14831278536
Herato03 Herato0310 13228055.0 7275000.0 0.1887156049 0.176875301874 0.18828033086 0.20632382178
Herato03 Herato0310 13278055.0 7325000.0 0.124066447371 0.114714648935 0.123773843192 0.134036348085
Herato03 Herato0310 13328055.0 7375000.0 0.14040470104 0.12793236458 0.14030841898 0.15352242026
Herato03 Herato0310 13378055.0 7425000.0 0.16117826474 0.13781138746 0.16105758332 0.19005491156
Herato03 Herato0310 13428055.0 7475000.0 0.11312171216 0.10678967276 0.11383713602 0.1186680443
Herato03 Herato0310 13478055.0 7525000.0 0.143858844482 0.134304199008 0.143633697849 0.152708063234
Herato03 Herato0310 13528055.0 7575000.0 0.174011584903 0.156974314871 0.175173358283 0.189138728037
Herato03 Herato0310 13578055.0 7625000.0 0.159565928368 0.145568489892 0.159497126364 0.17476246554
Herato03 Herato0310 13628055.0 7675000.0 0.122708190099 0.110298669533 0.122294781708 0.135653025026
Herato03 Herato0310 13678055.0 7725000.0 0.115952222012 0.101300354001 0.114938215572 0.136324789932
Herato03 Herato0310 13728055.0 7775000.0 0.20327376608 0.18872054002 0.20368963728 0.21910103402
Herato03 Herato0310 13778055.0 7825000.0 0.15932010828 0.14972042314 0.1590834699 0.17024754232
Herato03 Herato0310 13828055.0 7875000.0 0.219449513 0.20205673754 0.2192163434 0.23828716012
Herato03 Herato0310 13878055.0 7925000.0 0.1356666616 0.1287867574 0.1351322218 0.144468874
Herato03 Herato0310 13928055.0 7975000.0 0.118050425286 0.109699229171 0.118097562107 0.12629702337
Herato03 Herato0310 13978055.0 8025000.0 0.23475525433 0.212045264565 0.23357767533 0.261921146644
Herato03 Herato0310 14028055.0 8075000.0 0.16053704978 0.146812476 0.1595889886 0.17534702712
Herato03 Herato0310 14078055.0 8125000.0 0.159270970176 0.147108602538 0.158931586248 0.1729011013
Herato03 Herato0310 14128055.0 8175000.0 0.14487740511 0.130559058091 0.144859998052 0.15925644193
Herato03 Herato0310 14178055.0 8225000.0 0.148747001528 0.14097656439 0.14889781424 0.157844269184
Herato03 Herato0310 14228055.0 8275000.0 0.248871457788 0.235893586599 0.248021873096 0.26523493358
Herato03 Herato0310 14278055.0 8325000.0 0.122236834232 0.115377550107 0.121264272402 0.13149860774
Herato03 Herato0310 14328055.0 8375000.0 0.17838668402 0.17353405044 0.17790430622 0.1872891415
Herato03 Herato0310 14378055.0 8425000.0 0.16053706318 0.147371227473 0.160731853091 0.176600928712
Herato03 Herato0310 14428055.0 8475000.0 0.13290943005 0.10802864764 0.130595748957 0.171532520629
Herato03 Herato0310 14478055.0 8525000.0 0.1207893578 0.1168783754 0.1207135726 0.1256586084
Herato03 Herato0310 14528055.0 8575000.0 0.147492074602 0.138606637668 0.147002578711 0.160120755531
Herato03 Herato0310 14578055.0 8625000.0 0.12841520386 0.12401771406 0.12781910794 0.1351034196
Herato03 Herato0310 14628055.0 8675000.0 0.11717036426 0.11081315542 0.11724012598 0.12533083608
Herato03 Herato0310 14678055.0 8725000.0 0.124916281568 0.107181168766 0.12452052915 0.145555063411
Herato03 Herato0310 14728055.0 8775000.0 0.17540825159 0.161520605402 0.17549022361 0.192995593048
Herato03 Herato0310 14778055.0 8825000.0 0.125464956186 0.107830623195 0.125684996822 0.148559473392
Herato03 Herato0310 14828055.0 8875000.0 0.1398047059 0.1240015273 0.13922316038 0.15820885008
Herato03 Herato0310 14878055.0 8925000.0 0.156050862928 0.139085939508 0.154400927313 0.175146386531
Herato03 Herato0310 14928055.0 8975000.0 0.0864589672202 0.0586226878528 0.0816386476644 0.143566205776
Herato03 Herato0310 14978055.0 9025000.0 0.0562159404 0.05078300722 0.05606311078 0.06363337004
Herato03 Herato0310 15028055.0 9075000.0 0.0852832788316 0.0771234665954 0.0852449516728 0.0938719116226
Herato03 Herato0310 15078055.0 9125000.0 0.15311575868 0.143838505 0.15249091006 0.16082168122
Herato03 Herato0310 15128055.0 9175000.0 0.108376638843 0.0863474119808 0.10528133663 0.151654649818
Herato03 Herato0310 15178055.0 9225000.0 0.14762969982 0.12566360648 0.15026858718 0.172272969
Herato03 Herato0310 15228055.0 9275000.0 0.123990671304 0.112413374333 0.124411298631 0.136880226059
Herato03 Herato0310 15278055.0 9325000.0 0.154118806364 0.137762249844 0.154428137552 0.17148317998
Herato03 Herato0310 15328055.0 9375000.0 0.09244763842 0.08166716496 0.09106991808 0.10540283802
Herato03 Herato0310 15378055.0 9425000.0 0.100750025022 0.089047954318 0.10016529144 0.116863730572
Herato03 Herato0310 15428055.0 9475000.0 0.0740542466532 0.0691928686345 0.0734870648212 0.08152587696
Herato03 Herato0310 15478055.0 9525000.0 0.121020923834 0.105466311065 0.121030370887 0.13960691559
Herato03 Herato0310 15528055.0 9575000.0 0.116165832592 0.109747856162 0.115989879292 0.123526250207
Herato03 Herato0310 15578055.0 9625000.0 0.1499290314 0.1422691466 0.1502079206 0.1539985686
Herato03 Herato0310 15628055.0 9675000.0 0.14856975572 0.14192801108 0.14818084172 0.15677651942
Herato03 Herato0310 15678055.0 9725000.0 0.11246738228 0.10349830756 0.11263200448 0.12272573872
Herato03 Herato0310 15728055.0 9775000.0 0.170341962469 0.151774967878 0.169412722588 0.19501808112
Herato03 Herato0310 15778055.0 9825000.0 0.164548876286 0.154471157299 0.164234605472 0.174537546921
Herato03 Herato0310 15828055.0 9875000.0 0.099962996348 0.093766719628 0.099919043116 0.10659209481
Herato03 Herato0310 15878055.0 9925000.0 0.07761017212 0.07469679328 0.07744349266 0.08080136918
Herato03 Herato0310 15928055.0 9975000.0 0.11666384632 0.10948177066 0.1162191312 0.125186282
Herato03 Herato0310 15978055.0 10025000.0 0.099793022244 0.079739118814 0.100244498592 0.12102602937
Herato03 Herato0310 16028055.0 10075000.0 0.1693951564 0.1570178033 0.16869670114 0.1836611829
Herato03 Herato0310 16078055.0 10125000.0 0.143075990084 0.128620572292 0.142643438566 0.160407234806
Herato03 Herato0310 16128055.0 10175000.0 0.16006434722 0.1493731086 0.16035779848 0.1703569944
Herato03 Herato0310 16178055.0 10225000.0 0.118832178346 0.106596453632 0.118311090628 0.1310091998
Herato03 Herato0310 16228055.0 10275000.0 0.103053642258 0.08653543995 0.10232084901 0.12469736678
Herato03 Herato0310 16278055.0 10325000.0 0.056123565988 0.050638545626 0.056157510746 0.061405412664
Herato03 Herato0310 16328055.0 10375000.0 0.10972947482 0.10185150914 0.10944303906 0.12032144548
Herato03 Herato0310 16378055.0 10425000.0 0.07515627581 0.066642336272 0.074593913364 0.085601778106
Herato03 Herato0310 16428055.0 10475000.0 0.10117947932 0.09467811857 0.101165249642 0.107686345884
Herato03 Herato0310 16478055.0 10525000.0 0.028294715102 0.023082469034 0.028165370004 0.034570274864
Herato03 Herato0310 16528055.0 10575000.0 0.014452556528 0.012614371094 0.014461688806 0.016236137372
