chrom scaffold Cposition position mean p0025 p0500 p0975
Herato18 Herato1801 25001.0 25000.0 0.05213958368 0.04836094888 0.05200632488 0.05607468318
Herato18 Herato1801 75001.0 75000.0 0.034226219186 0.0314748222542 0.034193834196 0.0373322841
Herato18 Herato1801 125001.0 125000.0 0.0448979823988 0.024708880173 0.0418846465193 0.0788493130982
Herato18 Herato1801 175001.0 175000.0 0.0266455596054 0.0232437889534 0.0265053849064 0.0306146579974
Herato18 Herato1801 225001.0 225000.0 0.01778562717 0.0162713169316 0.0177063420176 0.019615772906
Herato18 Herato1801 275001.0 275000.0 0.0406092445088 0.0348473481529 0.0403424876908 0.048556662741
Herato18 Herato1801 325001.0 325000.0 0.06289778426 0.058022524846 0.062680832716 0.068497000492
Herato18 Herato1801 375001.0 375000.0 0.039007574618 0.036060651094 0.039149527218 0.042243076182
Herato18 Herato1801 425001.0 425000.0 0.041294641542 0.0314037450042 0.040492933514 0.05788831909
Herato18 Herato1801 475001.0 475000.0 0.0135524573791 0.0122224470472 0.0134831673558 0.0150785210548
Herato18 Herato1801 525001.0 525000.0 0.063639020427 0.0338011118655 0.0646568570814 0.100069904651
Herato18 Herato1801 575001.0 575000.0 0.0147024208124 0.0127322257995 0.0147570796668 0.016802995904
Herato18 Herato1801 625001.0 625000.0 0.0583779962986 0.0365359185308 0.0558087374112 0.0997185024174
Herato18 Herato1801 675001.0 675000.0 0.0193522604918 0.0168758912458 0.0194668916628 0.021986318556
Herato18 Herato1801 725001.0 725000.0 0.010724891851 0.00955286103916 0.010722079668 0.0120239512282
Herato18 Herato1801 775001.0 775000.0 0.0256045911701 0.0182718219174 0.0254541619991 0.0352449273328
Herato18 Herato1801 825001.0 825000.0 0.0121398568826 0.0108314715697 0.0121139706961 0.0137637479094
Herato18 Herato1801 875001.0 875000.0 0.0106663695468 0.007590371888 0.0106750367038 0.015145226095
Herato18 Herato1801 925001.0 925000.0 0.0118284934098 0.00857987521788 0.0115640177801 0.0166242035378
Herato18 Herato1801 975001.0 975000.0 0.0617856545766 0.0397544564385 0.0585369615066 0.100396666475
Herato18 Herato1801 1025001.0 1025000.0 0.0265853255958 0.0187012734298 0.025250596668 0.039404247972
Herato18 Herato1801 1075001.0 1075000.0 0.015995203682 0.0134118843048 0.0158222765258 0.019939629009
Herato18 Herato1801 1125001.0 1125000.0 0.0432982635729 0.0275805605322 0.0420915465861 0.0677233702375
Herato18 Herato1801 1175001.0 1175000.0 0.0509757812913 0.0329597162737 0.0477686304539 0.0848906568483
Herato18 Herato1801 1225001.0 1225000.0 0.0726240599835 0.0317788087274 0.0589665802845 0.171991993872
Herato18 Herato1801 1275001.0 1275000.0 0.0123606005587 0.00700833756074 0.0110938120357 0.025373603733
Herato18 Herato1801 1325001.0 1325000.0 0.00484680100352 0.00350192027264 0.00474439339818 0.0067768723184
Herato18 Herato1801 1375001.0 1375000.0 0.0943658524487 0.0589725902776 0.0922847138054 0.142085169259
Herato18 Herato1801 1425001.0 1425000.0 0.0409633504696 0.0266194141987 0.0392756873476 0.0646341874528
Herato18 Herato1801 1475001.0 1475000.0 0.0852765758071 0.0481741489582 0.0820706182302 0.140432061194
Herato18 Herato1801 1525001.0 1525000.0 0.050508689157 0.0389827792174 0.0497251392202 0.06596718529
Herato18 Herato1801 1575001.0 1575000.0 0.031349696394 0.0213910599234 0.031420212224 0.046465645214
Herato18 Herato1801 1625001.0 1625000.0 0.0473206826301 0.021471938985 0.0440532144299 0.0912798926458
Herato18 Herato1801 1675001.0 1675000.0 0.026281127365 0.0223341855622 0.025344905931 0.031980780778
Herato18 Herato1801 1725001.0 1725000.0 0.036049928722 0.029670192374 0.0373462195246 0.043084504232
Herato18 Herato1801 1775001.0 1775000.0 0.057566128186 0.053524211972 0.057495999288 0.06188957467
Herato18 Herato1801 1825001.0 1825000.0 0.054286229564 0.042887700524 0.053909646834 0.068767863644
Herato18 Herato1801 1875001.0 1875000.0 0.048188837642 0.04293489872 0.048018665296 0.054346388894
Herato18 Herato1801 1925001.0 1925000.0 0.044397783274 0.039652518962 0.044322942856 0.050199192556
Herato18 Herato1801 1975001.0 1975000.0 0.09078459524 0.07933468958 0.08672191956 0.10492789402
Herato18 Herato1801 2025001.0 2025000.0 0.0770292024724 0.0656026140267 0.0779686289348 0.090882734168
Herato18 Herato1801 2075001.0 2075000.0 0.14089561516 0.119745698356 0.139396237746 0.172902445952
Herato18 Herato1801 2125001.0 2125000.0 0.14028023608 0.12355626794 0.14126147688 0.15889842978
Herato18 Herato1801 2175001.0 2175000.0 0.09831270114 0.0873294957 0.09811723454 0.11154672798
Herato18 Herato1801 2225001.0 2225000.0 0.132004319194 0.107333280122 0.128749432442 0.174557968912
Herato18 Herato1801 2275001.0 2275000.0 0.099467265233 0.0785213436454 0.0990092921768 0.119852431182
Herato18 Herato1801 2325001.0 2325000.0 0.10446542525 0.100831867552 0.104319656686 0.1094369467
Herato18 Herato1801 2375001.0 2375000.0 0.10066840067 0.0890905206223 0.100643406669 0.119011917916
Herato18 Herato1801 2425001.0 2425000.0 0.10575541076 0.09326898558 0.10863329396 0.1162141533
Herato18 Herato1801 2475001.0 2475000.0 0.0897829814968 0.0730299291545 0.0887699416626 0.11392550244
Herato18 Herato1801 2525001.0 2525000.0 0.073307577464 0.063064993898 0.07307537196 0.08566151818
Herato18 Herato1801 2575001.0 2575000.0 0.0569653248174 0.0494271072753 0.0568509542896 0.0643774925244
Herato18 Herato1801 2625001.0 2625000.0 0.05299713351 0.0481803180071 0.05353258696 0.05698687506
Herato18 Herato1801 2675001.0 2675000.0 0.14763109738 0.132328489681 0.14742339575 0.163625303047
Herato18 Herato1801 2725001.0 2725000.0 0.19983914244 0.170192723437 0.19895883162 0.23317163062
Herato18 Herato1801 2775001.0 2775000.0 0.14622776086 0.12468173634 0.14420737554 0.17140131246
Herato18 Herato1801 2825001.0 2825000.0 0.168693715005 0.150844786802 0.16747128041 0.193877395891
Herato18 Herato1801 2875001.0 2875000.0 0.09458279015 0.08935177148 0.094182759884 0.10160317404
Herato18 Herato1801 2925001.0 2925000.0 0.046946324894 0.0414319724818 0.046883381416 0.052250534632
Herato18 Herato1801 2975001.0 2975000.0 0.066603117912 0.0611085904687 0.0665628967142 0.0715988567
Herato18 Herato1801 3025001.0 3025000.0 0.13346339566 0.124866912958 0.13201449596 0.14631847036
Herato18 Herato1801 3075001.0 3075000.0 0.0962590899 0.08340397764 0.09605545764 0.1142468308
Herato18 Herato1801 3125001.0 3125000.0 0.0894019972878 0.0815374285001 0.0889403772924 0.100104181276
Herato18 Herato1801 3175001.0 3175000.0 0.07419198366 0.066416016552 0.073933200708 0.086754746712
Herato18 Herato1801 3225001.0 3225000.0 0.085078729366 0.07299858076 0.0844731390864 0.099639303312
Herato18 Herato1801 3275001.0 3275000.0 0.1371042525 0.132748023866 0.13701615136 0.14208888502
Herato18 Herato1801 3325001.0 3325000.0 0.127221665012 0.114034343816 0.126667071276 0.14297258714
Herato18 Herato1801 3375001.0 3375000.0 0.08063631716 0.078140213896 0.08048048754 0.08407776176
Herato18 Herato1801 3425001.0 3425000.0 0.0521635923871 0.0472815577366 0.052081892828 0.058055995256
Herato18 Herato1801 3475001.0 3475000.0 0.03456340456 0.02664871632 0.03449147782 0.0400800571
Herato18 Herato1801 3525001.0 3525000.0 0.0544100900866 0.0516536612942 0.0542749731244 0.0580476722476
Herato18 Herato1801 3575001.0 3575000.0 0.105053205686 0.094706735186 0.105084382022 0.116346194856
Herato18 Herato1801 3625001.0 3625000.0 0.124837379674 0.118278829294 0.12490062633 0.13173871092
Herato18 Herato1801 3675001.0 3675000.0 0.108828906343 0.0947016447819 0.109763308916 0.122373922472
Herato18 Herato1801 3725001.0 3725000.0 0.0530856578058 0.0443391396808 0.0514675393866 0.0651668688004
Herato18 Herato1801 3775001.0 3775000.0 0.151902993674 0.1216671878 0.151940988854 0.178786343982
Herato18 Herato1801 3825001.0 3825000.0 0.11305049912 0.08754931782 0.11182272226 0.14303869084
Herato18 Herato1801 3875001.0 3875000.0 0.114938043864 0.104564736476 0.114608157495 0.125239779934
Herato18 Herato1801 3925001.0 3925000.0 0.0775180529956 0.0729292650256 0.0772552981732 0.0830627032376
Herato18 Herato1801 3975001.0 3975000.0 0.0383581877692 0.017766781018 0.034183689414 0.0810232602784
Herato18 Herato1801 4025001.0 4025000.0 0.0296127577 0.027606937 0.0296821763 0.03167310762
Herato18 Herato1801 4075001.0 4075000.0 0.051958680638 0.04776680581 0.051735082606 0.056959688636
Herato18 Herato1801 4125001.0 4125000.0 0.029853566218 0.0277783363 0.029768330158 0.032145666716
Herato18 Herato1801 4175001.0 4175000.0 0.10390533972 0.09928409934 0.10421285474 0.10715195958
Herato18 Herato1801 4225001.0 4225000.0 0.123395667708 0.113113751228 0.12376552474 0.1340216264
Herato18 Herato1801 4275001.0 4275000.0 0.0932962832 0.08370731942 0.09272848186 0.10474939168
Herato18 Herato1801 4325001.0 4325000.0 0.088994153224 0.08190087972 0.088677342778 0.09659528356
Herato18 Herato1801 4375001.0 4375000.0 0.0711371126 0.06484778184 0.07128076872 0.0789234494
Herato18 Herato1801 4425001.0 4425000.0 0.150190967032 0.143618502118 0.149606978884 0.16180557432
Herato18 Herato1801 4475001.0 4475000.0 0.115983564808 0.108566258796 0.115289295174 0.125093564718
Herato18 Herato1801 4525001.0 4525000.0 0.10825081172 0.094382709688 0.10709723398 0.12611426072
Herato18 Herato1801 4575001.0 4575000.0 0.12565628458 0.1114335583 0.1260130684 0.1301710026
Herato18 Herato1801 4625001.0 4625000.0 0.12531943084 0.11838370136 0.12504548848 0.13963979304
Herato18 Herato1801 4675001.0 4675000.0 0.13919400274 0.12662298718 0.1392995435 0.15068694434
Herato18 Herato1801 4725001.0 4725000.0 0.077268484782 0.0698037307 0.07708054954 0.086172553
Herato18 Herato1801 4775001.0 4775000.0 0.0907715946596 0.0858186300212 0.0904526011034 0.0976077240074
Herato18 Herato1801 4825001.0 4825000.0 0.106442588908 0.097971561968 0.106215048776 0.115124179428
Herato18 Herato1801 4875001.0 4875000.0 0.0584480282204 0.0515317269125 0.0582676307348 0.0664191011038
Herato18 Herato1801 4925001.0 4925000.0 0.062228412456 0.0540752421482 0.062047823944 0.07086481672
Herato18 Herato1801 4975001.0 4975000.0 0.06989847436 0.06410253093 0.069807611362 0.07644623068
Herato18 Herato1801 5025001.0 5025000.0 0.04954760738 0.0452251371772 0.049510022776 0.054040853648
Herato18 Herato1801 5075001.0 5075000.0 0.0427615759552 0.0314385591738 0.0422582823076 0.0562941444364
Herato18 Herato1801 5125001.0 5125000.0 0.0274811947704 0.0155062947 0.026560526324 0.0447446991988
Herato18 Herato1801 5159323.5 5175000.0 0.0780316179363 0.0414358567824 0.068271216078 0.152990984425
Herato18 Herato1802 5178572.5 25000.0 0.0441393427535 0.0416524206841 0.0440930276057 0.0462064079391
Herato18 Herato1803 5213499.0 25000.0 0.053366133688 0.0497909238435 0.0533590117582 0.0571365839508
Herato18 Herato1803 5263499.0 75000.0 0.056564838566 0.052391941864 0.056417406094 0.061300648198
Herato18 Herato1803 5313499.0 125000.0 0.0721692599 0.06946367604 0.07201289368 0.07534109124
Herato18 Herato1803 5363499.0 175000.0 0.06657525972 0.06191411274 0.06587196736 0.07652144482
Herato18 Herato1803 5413499.0 225000.0 0.0406948887802 0.033567510515 0.0394910490314 0.0590634904832
Herato18 Herato1803 5463499.0 275000.0 0.05228535258 0.047033727778 0.052161216616 0.057772384178
Herato18 Herato1803 5513499.0 325000.0 0.064339867912 0.061981770556 0.064336083994 0.06744145532
Herato18 Herato1803 5563499.0 375000.0 0.0317288184306 0.0155990536259 0.0285702707106 0.069368658248
Herato18 Herato1803 5613499.0 425000.0 0.061493665426 0.0322083213683 0.066149594452 0.0807120067044
Herato18 Herato1803 5663499.0 475000.0 0.0561187085206 0.0308499669414 0.051233007858 0.110365840295
Herato18 Herato1803 5690776.5 525000.0 0.0156592868233 0.0119158315199 0.0153452045774 0.0213025254007
Herato18 Herato1804 5718055.0 25000.0 0.17422647444 0.1560819706 0.17101847268 0.20508629546
Herato18 Herato1804 5768055.0 75000.0 0.111570560456 0.0999945081716 0.110213523081 0.130989922759
Herato18 Herato1804 5818055.0 125000.0 0.080321406858 0.070120538226 0.07976717358 0.092915110774
Herato18 Herato1804 5868055.0 175000.0 0.19704589048 0.16275450082 0.19587904836 0.2393573126
Herato18 Herato1804 5918055.0 225000.0 0.11092062712 0.098239199 0.11093514464 0.12010884962
Herato18 Herato1804 5968055.0 275000.0 0.1192453119 0.11300483844 0.1195704568 0.12560368596
Herato18 Herato1804 6018055.0 325000.0 0.04559400421 0.040396224306 0.045499302658 0.05110985825
Herato18 Herato1804 6050781.5 375000.0 0.0442046195561 0.0398379100498 0.0444204136414 0.0472935886883
Herato18 Herato1805 6083509.0 25000.0 0.040146719646 0.0336056964882 0.040125169154 0.046746934296
Herato18 Herato1805 6133509.0 75000.0 0.05513634059 0.039347454626 0.052274365082 0.094394996266
Herato18 Herato1805 6183509.0 125000.0 0.11252949729 0.106540621858 0.11261557636 0.11686337697
Herato18 Herato1805 6233509.0 175000.0 0.121134555056 0.10498612164 0.121883337734 0.138675608268
Herato18 Herato1805 6283509.0 225000.0 0.13838445194 0.12598393714 0.13869428804 0.14715126662
Herato18 Herato1805 6333509.0 275000.0 0.148392807556 0.137409807561 0.148219700722 0.160814455611
Herato18 Herato1805 6383509.0 325000.0 0.143603114098 0.136729725904 0.142797822042 0.15933268268
Herato18 Herato1805 6433509.0 375000.0 0.11832304914 0.10543809122 0.11748510154 0.1317150738
Herato18 Herato1805 6483509.0 425000.0 0.154594870996 0.131677835342 0.155665763668 0.171789609256
Herato18 Herato1805 6533509.0 475000.0 0.14139737408 0.13653483432 0.14131209814 0.14600715208
Herato18 Herato1805 6583509.0 525000.0 0.10710020882 0.096351200254 0.106907991952 0.118340361644
Herato18 Herato1805 6633509.0 575000.0 0.0474107498846 0.0404049755028 0.0474780684346 0.0549777597658
Herato18 Herato1805 6683509.0 625000.0 0.0625690786808 0.047373058172 0.0615682795303 0.0835250177914
Herato18 Herato1805 6733509.0 675000.0 0.064482191296 0.050433008302 0.062733515464 0.088164589234
Herato18 Herato1805 6783509.0 725000.0 0.0436774390324 0.0337091494983 0.0395500796 0.071403522586
Herato18 Herato1805 6833509.0 775000.0 0.0747186635 0.06453754822 0.07432832296 0.08730511352
Herato18 Herato1805 6883509.0 825000.0 0.0359275218802 0.0333976432262 0.035837139257 0.0388612904824
Herato18 Herato1805 6933509.0 875000.0 0.02695220352 0.02556220742 0.02689528692 0.02894267804
Herato18 Herato1805 6983509.0 925000.0 0.05773535682 0.0556467217 0.05781702378 0.06048804884
Herato18 Herato1805 7033509.0 975000.0 0.046832077522 0.04132468441 0.046574789504 0.052967908042
Herato18 Herato1805 7083509.0 1025000.0 0.0254960226496 0.0224301869536 0.0253983454736 0.0290094265294
Herato18 Herato1805 7133509.0 1075000.0 0.035536534746 0.027397252954 0.034456335274 0.049642464908
Herato18 Herato1805 7183509.0 1125000.0 0.024372737498 0.02129099463 0.02435383413 0.027403555118
Herato18 Herato1805 7233509.0 1175000.0 0.0304300761968 0.0250696661379 0.0301210138336 0.0369409994358
Herato18 Herato1805 7283509.0 1225000.0 0.0158536304622 0.0142415429952 0.015815257415 0.017852294036
Herato18 Herato1805 7333509.0 1275000.0 0.022503982814 0.019799589872 0.022428284964 0.025826266782
Herato18 Herato1805 7383509.0 1325000.0 0.02741547826 0.023141033284 0.02794412766 0.03145487668
Herato18 Herato1805 7433509.0 1375000.0 0.0271286959258 0.0243549991227 0.0270004853638 0.0302928279518
Herato18 Herato1805 7483509.0 1425000.0 0.0416728083562 0.0389755132085 0.0416400454228 0.0449344840372
Herato18 Herato1805 7533509.0 1475000.0 0.0604738115322 0.050821766842 0.0602334998905 0.0727098667641
Herato18 Herato1805 7583509.0 1525000.0 0.0340524730918 0.0285276273961 0.0337300142886 0.04254311268
Herato18 Herato1805 7633509.0 1575000.0 0.0538710245576 0.0499008613327 0.0537109097104 0.058208594312
Herato18 Herato1805 7683509.0 1625000.0 0.0820293192744 0.0690240609312 0.0827670965752 0.092339356752
Herato18 Herato1805 7733509.0 1675000.0 0.079099085942 0.071399185814 0.078881514902 0.08839778762
Herato18 Herato1805 7783509.0 1725000.0 0.0776174072146 0.0707391863965 0.0776666136998 0.0844013068068
Herato18 Herato1805 7833509.0 1775000.0 0.038084350724 0.032913698034 0.03741843168 0.047510319372
Herato18 Herato1805 7883509.0 1825000.0 0.0449913513288 0.0410733628638 0.0450168288418 0.0488686655574
Herato18 Herato1805 7933509.0 1875000.0 0.012462039836 0.010454367676 0.012444562112 0.015086541522
Herato18 Herato1805 7983509.0 1925000.0 0.0392349687 0.03368301504 0.0375605973 0.04888604938
Herato18 Herato1805 8033509.0 1975000.0 0.074626440402 0.0659988923498 0.074357918268 0.084148818252
Herato18 Herato1805 8083509.0 2025000.0 0.073080415882 0.064927497512 0.07302887151 0.08277444046
Herato18 Herato1805 8133509.0 2075000.0 0.05115401164 0.04793385511 0.050952724836 0.055805995708
Herato18 Herato1805 8183509.0 2125000.0 0.07308576502 0.06833477748 0.07324517486 0.0782743814
Herato18 Herato1805 8233509.0 2175000.0 0.03325463124 0.03056125204 0.03289516732 0.03665902958
Herato18 Herato1805 8283509.0 2225000.0 0.059817260702 0.053918010628 0.059850486916 0.06581427939
Herato18 Herato1805 8333509.0 2275000.0 0.12434965704 0.11801567226 0.12495161012 0.1296029923
Herato18 Herato1805 8383509.0 2325000.0 0.15094972072 0.1416705268 0.15042342956 0.16268959554
Herato18 Herato1805 8433509.0 2375000.0 0.134526310998 0.114050818363 0.133462436026 0.160986222508
Herato18 Herato1805 8483509.0 2425000.0 0.156264531406 0.144559695063 0.155179912862 0.16912252326
Herato18 Herato1805 8533509.0 2475000.0 0.198059762 0.1713601548 0.1990846524 0.224029302
Herato18 Herato1805 8583509.0 2525000.0 0.106723492314 0.0939206947946 0.10553618416 0.125509781612
Herato18 Herato1805 8633509.0 2575000.0 0.07096323294 0.06641915744 0.07097412284 0.07632059398
Herato18 Herato1805 8683509.0 2625000.0 0.114580894284 0.106551643042 0.114043990224 0.12333338983
Herato18 Herato1805 8733509.0 2675000.0 0.115660762997 0.108945147155 0.115465415042 0.123257924136
Herato18 Herato1805 8783509.0 2725000.0 0.19658476124 0.18801114276 0.19681197948 0.20324742284
Herato18 Herato1805 8833509.0 2775000.0 0.15235759384 0.13424465182 0.1508066833 0.17678618194
Herato18 Herato1805 8883509.0 2825000.0 0.193718877062 0.181367741756 0.194084530664 0.204730002382
Herato18 Herato1805 8933509.0 2875000.0 0.15337421774 0.1476394177 0.15383332602 0.15986904156
Herato18 Herato1805 8983509.0 2925000.0 0.127133079882 0.117018751122 0.12665013545 0.139410998324
Herato18 Herato1805 9033509.0 2975000.0 0.0722577337804 0.0508615131057 0.0709018654084 0.097657185536
Herato18 Herato1805 9083509.0 3025000.0 0.0298511451478 0.0276625206628 0.0299618967121 0.032113400228
Herato18 Herato1805 9133509.0 3075000.0 0.11984897786 0.10349515976 0.11726684318 0.13930944708
Herato18 Herato1805 9183509.0 3125000.0 0.180833949116 0.159546177593 0.17960515611 0.205593958772
Herato18 Herato1805 9233509.0 3175000.0 0.1587122256 0.14203572612 0.15802654964 0.17849901304
Herato18 Herato1805 9283509.0 3225000.0 0.02516447373 0.02295861298 0.02500921797 0.028441332358
Herato18 Herato1805 9333509.0 3275000.0 0.064733940676 0.0451998051986 0.0634293917558 0.087440129658
Herato18 Herato1805 9383509.0 3325000.0 0.0932258509726 0.0830023520131 0.0933031766584 0.10404013738
Herato18 Herato1805 9433509.0 3375000.0 0.14472587536 0.1210124788 0.14438403856 0.16812031366
Herato18 Herato1805 9483509.0 3425000.0 0.07799467988 0.07537301712 0.07776821274 0.08208278862
Herato18 Herato1805 9533509.0 3475000.0 0.15890855156 0.13461819444 0.15812125144 0.18808241626
Herato18 Herato1805 9583509.0 3525000.0 0.11387303606 0.10330657596 0.1135108673 0.12560937232
Herato18 Herato1805 9633509.0 3575000.0 0.12985377876 0.11746946106 0.1292119578 0.14334529096
Herato18 Herato1805 9683509.0 3625000.0 0.083986602786 0.076120249898 0.083618352148 0.093597201062
Herato18 Herato1805 9733509.0 3675000.0 0.2002027118 0.1807482914 0.1979977234 0.2339735054
Herato18 Herato1805 9783509.0 3725000.0 0.133499701124 0.122201976158 0.133683221226 0.144551378288
Herato18 Herato1805 9833509.0 3775000.0 0.111215432298 0.101471346675 0.110977901806 0.122540681558
Herato18 Herato1805 9883509.0 3825000.0 0.13488550334 0.127388664497 0.134055450438 0.14267055285
Herato18 Herato1805 9933509.0 3875000.0 0.125397904902 0.118476744396 0.126541892818 0.1306668591
Herato18 Herato1805 9983509.0 3925000.0 0.13128450424 0.12374390806 0.13139441646 0.139095231
Herato18 Herato1805 10033509.0 3975000.0 0.136162528772 0.12396286186 0.136537192442 0.1486210877
Herato18 Herato1805 10083509.0 4025000.0 0.1533502439 0.143792801808 0.153377801342 0.163907026714
Herato18 Herato1805 10133509.0 4075000.0 0.10674940398 0.10171624892 0.10665378462 0.11360117494
Herato18 Herato1805 10183509.0 4125000.0 0.08610502508 0.08247594116 0.08636802904 0.09042309086
Herato18 Herato1805 10233509.0 4175000.0 0.125164969011 0.119815400525 0.124784039215 0.13299222712
Herato18 Herato1805 10283509.0 4225000.0 0.065596301068 0.0592479080167 0.0657899319752 0.07183907277
Herato18 Herato1805 10333509.0 4275000.0 0.05249764723 0.046623739128 0.052323995804 0.060082914828
Herato18 Herato1805 10383509.0 4325000.0 0.051615551524 0.04759432407 0.051438879172 0.056174390416
Herato18 Herato1805 10433509.0 4375000.0 0.055619847058 0.049996384282 0.055422269378 0.0619268844
Herato18 Herato1805 10483509.0 4425000.0 0.04599658187 0.0395962487 0.045806564756 0.053109065058
Herato18 Herato1805 10533509.0 4475000.0 0.079461958244 0.069082681144 0.07996904954 0.08633603336
Herato18 Herato1805 10583509.0 4525000.0 0.0828653129 0.07466069676 0.08263810874 0.09152732996
Herato18 Herato1805 10633509.0 4575000.0 0.12164638318 0.1118092463 0.11962670408 0.13919557112
Herato18 Herato1805 10683509.0 4625000.0 0.10059354278 0.089690215438 0.100138299076 0.116511967622
Herato18 Herato1805 10733509.0 4675000.0 0.134863757876 0.12112723056 0.134894655458 0.151295749402
Herato18 Herato1805 10783509.0 4725000.0 0.109711397312 0.104951086159 0.110147642737 0.114951461074
Herato18 Herato1805 10833509.0 4775000.0 0.090920880026 0.084757243348 0.090716826502 0.097649826036
Herato18 Herato1805 10883509.0 4825000.0 0.116223896326 0.106163452838 0.11598045028 0.131357784216
Herato18 Herato1805 10933509.0 4875000.0 0.136651908942 0.125595490273 0.136595807154 0.149072326859
Herato18 Herato1805 10983509.0 4925000.0 0.118570586328 0.115458661084 0.11798649761 0.123966487824
Herato18 Herato1805 11033509.0 4975000.0 0.090192573092 0.083687179748 0.089374025324 0.09853194538
Herato18 Herato1805 11083509.0 5025000.0 0.104906758128 0.094103268714 0.105223894426 0.1140112226
Herato18 Herato1805 11133509.0 5075000.0 0.12551120462 0.116554892704 0.12564433692 0.1351338893
Herato18 Herato1805 11183509.0 5125000.0 0.113088921462 0.10607518651 0.112883611284 0.121032290208
Herato18 Herato1805 11233509.0 5175000.0 0.12623399426 0.116415475896 0.12581111048 0.13835425812
Herato18 Herato1805 11283509.0 5225000.0 0.127674918044 0.117749970246 0.127311632862 0.1384473224
Herato18 Herato1805 11333509.0 5275000.0 0.17700956502 0.1672350085 0.17684199472 0.18851064342
Herato18 Herato1805 11383509.0 5325000.0 0.081824736664 0.066328743128 0.079627940804 0.107518475408
Herato18 Herato1805 11433509.0 5375000.0 0.0311900923014 0.027225319149 0.0312647090584 0.035118936308
Herato18 Herato1805 11483509.0 5425000.0 0.08811460053 0.0725551164382 0.086696235282 0.109711156424
Herato18 Herato1805 11533509.0 5475000.0 0.100914037214 0.093153551066 0.100609825532 0.10768748592
Herato18 Herato1805 11583509.0 5525000.0 0.0733960646088 0.0681979492502 0.0734563708398 0.079563303132
Herato18 Herato1805 11633509.0 5575000.0 0.0675535616704 0.060913604859 0.067127886463 0.0755051203636
Herato18 Herato1805 11683509.0 5625000.0 0.10285508694 0.09758537876 0.10273264074 0.10931730592
Herato18 Herato1805 11733509.0 5675000.0 0.132014104904 0.114401370718 0.131796545418 0.15221698949
Herato18 Herato1805 11783509.0 5725000.0 0.08292623242 0.07387036964 0.0833277198 0.09114822632
Herato18 Herato1805 11833509.0 5775000.0 0.10545046768 0.09827361192 0.10539340912 0.11348970302
Herato18 Herato1805 11883509.0 5825000.0 0.12223107228 0.116322310706 0.12124896978 0.12985873322
Herato18 Herato1805 11933509.0 5875000.0 0.14069120832 0.12637547326 0.13903501744 0.17705257392
Herato18 Herato1805 11983509.0 5925000.0 0.13278833558 0.12181924988 0.1335867661 0.14005003818
Herato18 Herato1805 12033509.0 5975000.0 0.13759537186 0.13066485562 0.1372523575 0.14478694534
Herato18 Herato1805 12083509.0 6025000.0 0.10625961356 0.09964220772 0.10628898188 0.1117562252
Herato18 Herato1805 12133509.0 6075000.0 0.08621220044 0.08230036866 0.08632726206 0.08990475992
Herato18 Herato1805 12183509.0 6125000.0 0.080083555076 0.07375630216 0.07931336954 0.088991774524
Herato18 Herato1805 12233509.0 6175000.0 0.082833238306 0.07678209811 0.082838958144 0.089568604964
Herato18 Herato1805 12283509.0 6225000.0 0.043284787466 0.038691826766 0.043144008338 0.048144512554
Herato18 Herato1805 12333509.0 6275000.0 0.12066634762 0.11367929206 0.12032370938 0.12876328568
Herato18 Herato1805 12383509.0 6325000.0 0.070078990554 0.065058046426 0.070209002676 0.07528382242
Herato18 Herato1805 12433509.0 6375000.0 0.08536796154 0.08064895177 0.085662908504 0.08909044958
Herato18 Herato1805 12483509.0 6425000.0 0.072839131425 0.0661291566558 0.0728289089604 0.079552343098
Herato18 Herato1805 12533509.0 6475000.0 0.09100616102 0.08211873088 0.09122712794 0.10118292058
Herato18 Herato1805 12583509.0 6525000.0 0.166812624 0.153216312593 0.166210288568 0.186424007894
Herato18 Herato1805 12633509.0 6575000.0 0.10412122713 0.097435430876 0.104026661602 0.1096579355
Herato18 Herato1805 12683509.0 6625000.0 0.119625394564 0.105684143002 0.119002108978 0.13714522986
Herato18 Herato1805 12733509.0 6675000.0 0.1165182627 0.10999503742 0.11542999742 0.12599237428
Herato18 Herato1805 12783509.0 6725000.0 0.12635995436 0.11867096794 0.12662540052 0.13551068762
Herato18 Herato1805 12833509.0 6775000.0 0.07121020658 0.06680511462 0.07112513454 0.07546386504
Herato18 Herato1805 12883509.0 6825000.0 0.14270710978 0.13028370804 0.14342258548 0.15603082858
Herato18 Herato1805 12933509.0 6875000.0 0.125671333482 0.111582599624 0.124190804588 0.143746166436
Herato18 Herato1805 12983509.0 6925000.0 0.061072436894 0.054764871366 0.0607738461 0.069220756926
Herato18 Herato1805 13033509.0 6975000.0 0.048080993193 0.0404517993263 0.0476294534122 0.056700193741
Herato18 Herato1805 13083509.0 7025000.0 0.148684503444 0.130533588738 0.146628703608 0.175833504836
Herato18 Herato1805 13133509.0 7075000.0 0.095121527416 0.084816588482 0.093874283484 0.109282380838
Herato18 Herato1805 13183509.0 7125000.0 0.071209588114 0.06638307034 0.070644385708 0.077826891304
Herato18 Herato1805 13233509.0 7175000.0 0.078890288302 0.075838096344 0.078735096808 0.082860551288
Herato18 Herato1805 13283509.0 7225000.0 0.107328993539 0.091788888251 0.10766645309 0.122425487184
Herato18 Herato1805 13333509.0 7275000.0 0.0696206052796 0.0596200402132 0.0695942527146 0.08028104814
Herato18 Herato1805 13383509.0 7325000.0 0.098510708634 0.093183157148 0.098090851592 0.1071739244
Herato18 Herato1805 13433509.0 7375000.0 0.108086800696 0.095154283678 0.107699182356 0.123010758688
Herato18 Herato1805 13483509.0 7425000.0 0.074851164438 0.052994881867 0.072567986104 0.106462179528
Herato18 Herato1805 13533509.0 7475000.0 0.141623768405 0.122087338908 0.141821506438 0.160149936542
Herato18 Herato1805 13583509.0 7525000.0 0.1232313478 0.112214320582 0.123366177498 0.135041184632
Herato18 Herato1805 13633509.0 7575000.0 0.120975573084 0.107634099564 0.121266275568 0.133600001708
Herato18 Herato1805 13683509.0 7625000.0 0.193018776479 0.17704354493 0.192697068383 0.210497966848
Herato18 Herato1805 13733509.0 7675000.0 0.115011798598 0.109685162343 0.114753094743 0.122963403874
Herato18 Herato1805 13783509.0 7725000.0 0.197507391402 0.175736753612 0.197596870374 0.223736543122
Herato18 Herato1805 13833509.0 7775000.0 0.14851404176 0.13584157304 0.14881257832 0.16075860954
Herato18 Herato1805 13883509.0 7825000.0 0.148954324706 0.134810861317 0.148113806242 0.164023737296
Herato18 Herato1805 13933509.0 7875000.0 0.15685836648 0.1363633741 0.156382410386 0.18083405452
Herato18 Herato1805 13983509.0 7925000.0 0.08200237792 0.07187439948 0.08276611642 0.0909608905
Herato18 Herato1805 14033509.0 7975000.0 0.127432424684 0.119507830568 0.127008129202 0.13603070444
Herato18 Herato1805 14083509.0 8025000.0 0.12541058664 0.11262003266 0.1252736881 0.13826613062
Herato18 Herato1805 14133509.0 8075000.0 0.0917373445344 0.0835319413416 0.0918080950794 0.100136121414
Herato18 Herato1805 14183509.0 8125000.0 0.075968759652 0.069313140928 0.07579228812 0.083273101682
Herato18 Herato1805 14233509.0 8175000.0 0.049781249908 0.0421455359899 0.049371728224 0.059718186902
Herato18 Herato1805 14283509.0 8225000.0 0.061743219034 0.056580919704 0.061690379406 0.067270657928
Herato18 Herato1805 14333509.0 8275000.0 0.073438237536 0.062428663276 0.073267966808 0.087749454512
Herato18 Herato1805 14383509.0 8325000.0 0.08670793486 0.069555263944 0.0866210081 0.10715656738
Herato18 Herato1805 14433509.0 8375000.0 0.072732395572 0.065326529174 0.07242906215 0.08047472977
Herato18 Herato1805 14483509.0 8425000.0 0.120819550964 0.0876453190833 0.11947527009 0.16135774142
Herato18 Herato1805 14533509.0 8475000.0 0.058902678618 0.043165760084 0.056161849726 0.090031631432
Herato18 Herato1805 14583509.0 8525000.0 0.0560299686402 0.0519513992871 0.0558191977766 0.061286608972
Herato18 Herato1805 14633509.0 8575000.0 0.05763783336 0.051263397352 0.05740558463 0.065000654134
Herato18 Herato1805 14683509.0 8625000.0 0.07939399747 0.066403545042 0.078878998982 0.095834639294
Herato18 Herato1805 14733509.0 8675000.0 0.033370295167 0.0206409790801 0.0281018140214 0.0686348691474
Herato18 Herato1805 14783509.0 8725000.0 0.039595240058 0.0342848765213 0.0393136579404 0.046976455714
Herato18 Herato1805 14833509.0 8775000.0 0.038760048938 0.0339332197376 0.038501822782 0.045131683016
Herato18 Herato1805 14883509.0 8825000.0 0.0310360209604 0.0263464964776 0.030731330504 0.036345919356
Herato18 Herato1805 14933509.0 8875000.0 0.05502138654 0.04720879973 0.054736954356 0.06542956312
Herato18 Herato1805 14983509.0 8925000.0 0.081186249518 0.0717974292663 0.080885944928 0.0944348287026
Herato18 Herato1805 15033509.0 8975000.0 0.0522028668714 0.0403708601022 0.0520091807452 0.070335927586
Herato18 Herato1805 15083509.0 9025000.0 0.0370555321846 0.0337985376652 0.0370394988934 0.0402619051232
Herato18 Herato1805 15133509.0 9075000.0 0.070549255224 0.06587247627 0.0705026482 0.075339631816
Herato18 Herato1805 15183509.0 9125000.0 0.0877570005266 0.0803808017129 0.0876322212888 0.0968460764792
Herato18 Herato1805 15233509.0 9175000.0 0.0526501048764 0.048733609406 0.0526763568098 0.0572477587964
Herato18 Herato1805 15283509.0 9225000.0 0.0878230256968 0.0744279268106 0.087327866296 0.105040083354
Herato18 Herato1805 15333509.0 9275000.0 0.07766253504 0.063470269 0.07566626126 0.09731342592
Herato18 Herato1805 15383509.0 9325000.0 0.08221220038 0.07550313596 0.08193676706 0.09045295972
Herato18 Herato1805 15433509.0 9375000.0 0.038965008896 0.036687682348 0.038742250176 0.041875593226
Herato18 Herato1805 15483509.0 9425000.0 0.0844293024 0.07386914498 0.08314037216 0.09758631088
Herato18 Herato1805 15533509.0 9475000.0 0.1139319852 0.0962367481 0.11350706776 0.13417579482
Herato18 Herato1805 15583509.0 9525000.0 0.04620663246 0.04131924992 0.04612249554 0.05109154712
Herato18 Herato1805 15633509.0 9575000.0 0.061155991122 0.05054217334 0.06109826165 0.073179634542
Herato18 Herato1805 15683509.0 9625000.0 0.05648421444 0.0410120894 0.05420228216 0.0795987043
Herato18 Herato1805 15733509.0 9675000.0 0.08186836382 0.074693619164 0.08179647916 0.08981655148
Herato18 Herato1805 15783509.0 9725000.0 0.059010893552 0.0515911794919 0.059014308078 0.066434186286
Herato18 Herato1805 15833509.0 9775000.0 0.044592049312 0.039087957894 0.044606647394 0.050507233178
Herato18 Herato1805 15883509.0 9825000.0 0.0542021622 0.0486348151128 0.05441760798 0.060286365614
Herato18 Herato1805 15933509.0 9875000.0 0.0604707881704 0.0545287958289 0.060282681688 0.0674386180416
Herato18 Herato1805 15983509.0 9925000.0 0.0695072358 0.06221957142 0.06938133632 0.07709078836
Herato18 Herato1805 16033509.0 9975000.0 0.080016720027 0.0729133238534 0.079381999874 0.089547641948
Herato18 Herato1805 16083509.0 10025000.0 0.09270301408 0.08398489234 0.093183694 0.09990515566
Herato18 Herato1805 16133509.0 10075000.0 0.092488794608 0.08486023359 0.092373199618 0.100901872072
Herato18 Herato1805 16183509.0 10125000.0 0.10116110542 0.09672359448 0.10112595908 0.10630008602
Herato18 Herato1805 16233509.0 10175000.0 0.08373938818 0.078242038336 0.083897391218 0.089304383552
Herato18 Herato1805 16283509.0 10225000.0 0.062342753354 0.05544957218 0.06276163044 0.069916297556
Herato18 Herato1805 16333509.0 10275000.0 0.081428246172 0.074480163855 0.081275200036 0.088627562686
Herato18 Herato1805 16368907.0 10325000.0 0.0769675559146 0.0741036430564 0.0768982160223 0.0796118129352
Herato18 Herato1806 16390417.0 25000.0 0.0263058659437 0.0209066270408 0.0263670556296 0.0316401579966
Herato18 Herato1807 16426529.0 25000.0 0.057228945642 0.050965382442 0.056909158186 0.067206497252
Herato18 Herato1807 16476529.0 75000.0 0.032942307564 0.0305720716076 0.03294826587 0.03533104681
Herato18 Herato1807 16526529.0 125000.0 0.0157998526847 0.0136365470585 0.0157367858911 0.0182617300606
Herato18 Herato1807 16576529.0 175000.0 0.023986135124 0.0207866556399 0.0238728011502 0.027594925808
Herato18 Herato1807 16626529.0 225000.0 0.033395518974 0.02894824883 0.033031374324 0.039191707824
Herato18 Herato1807 16676529.0 275000.0 0.06441338762 0.0583137017431 0.06429597297 0.071568306446
Herato18 Herato1807 16726529.0 325000.0 0.068632888914 0.06145843739 0.069007673358 0.073062725618
Herato18 Herato1807 16776529.0 375000.0 0.08049742082 0.07818365066 0.08022121032 0.08354921388
Herato18 Herato1807 16826529.0 425000.0 0.075328610628 0.06981946033 0.07580678638 0.080884777844
Herato18 Herato1807 16876529.0 475000.0 0.11097114096 0.0984151001 0.11073087136 0.12626532916
Herato18 Herato1807 16926529.0 525000.0 0.046083986104 0.040401017832 0.04648442557 0.053184436738
Herato18 Herato1807 16976529.0 575000.0 0.07073360944 0.06115139979 0.0709346225 0.08022649214
Herato18 Herato1807 17026529.0 625000.0 0.107609606 0.0989340501 0.10722538976 0.11692118258
Herato18 Herato1807 17076529.0 675000.0 0.089344269909 0.0820477456819 0.0889146085708 0.099054654772
Herato18 Herato1807 17126529.0 725000.0 0.12150151314 0.106023971864 0.121281464438 0.138283602724
Herato18 Herato1807 17176529.0 775000.0 0.07668780328 0.07266133334 0.07673247132 0.0809278782
Herato18 Herato1807 17226529.0 825000.0 0.1047393742 0.10008928802 0.10478740404 0.10869941252
Herato18 Herato1807 17276529.0 875000.0 0.100736870391 0.0953853356202 0.100998340589 0.106437185644
Herato18 Herato1807 17326529.0 925000.0 0.0648860303844 0.060785908978 0.0643630467292 0.0703848766138
Herato18 Herato1807 17376529.0 975000.0 0.0638566885 0.05990540738 0.06371136404 0.06813877854
Herato18 Herato1807 17426529.0 1025000.0 0.09472946134 0.074722036598 0.093588131518 0.11640032366
Herato18 Herato1807 17476529.0 1075000.0 0.07786259446 0.07305747844 0.07752564916 0.08387792898
Herato18 Herato1807 17526529.0 1125000.0 0.037140373044 0.031499824024 0.037047410346 0.043821723816
Herato18 Herato1807 17576529.0 1175000.0 0.07687964334 0.06766422847 0.07607888096 0.09062317301
Herato18 Herato1807 17626529.0 1225000.0 0.10260351796 0.09288738398 0.10291992998 0.11505069136
Herato18 Herato1807 17676529.0 1275000.0 0.092887531374 0.083958414716 0.0926698044 0.10233045778
Herato18 Herato1807 17726529.0 1325000.0 0.08443609876 0.0767243499 0.08524435048 0.09148737098
Herato18 Herato1807 17776529.0 1375000.0 0.12174219082 0.0946227853848 0.12029290396 0.16465484042
Herato18 Herato1807 17826529.0 1425000.0 0.115850519173 0.108585298078 0.115539925489 0.124133572259
Herato18 Herato1807 17876529.0 1475000.0 0.060397086366 0.0541501690138 0.0608434363456 0.0644890564224
Herato18 Herato1807 17926529.0 1525000.0 0.093056914414 0.08726446144 0.092953596672 0.0995282539
Herato18 Herato1807 17976529.0 1575000.0 0.109236377972 0.105441816656 0.109320273016 0.113150008032
Herato18 Herato1807 18026529.0 1625000.0 0.03983207162 0.0370118391 0.03986298986 0.04352380096
Herato18 Herato1807 18076529.0 1675000.0 0.113491490452 0.10177033976 0.113383049856 0.125586225342
Herato18 Herato1807 18126529.0 1725000.0 0.0981464438 0.0890412179 0.0979128858 0.10759903802
Herato18 Herato1807 18176529.0 1775000.0 0.16109132624 0.1521882111 0.16093382094 0.1732075543
Herato18 Herato1807 18226529.0 1825000.0 0.158078723236 0.149050814118 0.158277912067 0.169848420797
Herato18 Herato1807 18276529.0 1875000.0 0.142043513288 0.132065063256 0.141686527562 0.153393586166
Herato18 Herato1807 18326529.0 1925000.0 0.12519600456 0.11695075496 0.12505535382 0.1356889467
Herato18 Herato1807 18376529.0 1975000.0 0.12675472308 0.11348729268 0.12603974228 0.14175373498
Herato18 Herato1807 18426529.0 2025000.0 0.08723274402 0.0815353345 0.0853069816 0.09978789878
Herato18 Herato1807 18476529.0 2075000.0 0.11677152636 0.10241236234 0.1184889015 0.12741180068
Herato18 Herato1807 18526529.0 2125000.0 0.11112992608 0.10129305822 0.11147999142 0.1195362962
Herato18 Herato1807 18576529.0 2175000.0 0.123447122 0.11570349774 0.12236520484 0.13309321478
Herato18 Herato1807 18626529.0 2225000.0 0.0918528117 0.08700806006 0.09167374272 0.09681620582
Herato18 Herato1807 18676529.0 2275000.0 0.10120855972 0.09262725974 0.10114377672 0.11139903182
Herato18 Herato1807 18726529.0 2325000.0 0.13786336592 0.12231722648 0.13865891312 0.1558672148
Herato18 Herato1807 18776529.0 2375000.0 0.14668227466 0.12283869168 0.14742116266 0.16213441684
Herato18 Herato1807 18826529.0 2425000.0 0.119199379758 0.110876363335 0.118944648475 0.128486687656
Herato18 Herato1807 18876529.0 2475000.0 0.1193083046 0.11176827698 0.11897924778 0.12838572324
Herato18 Herato1807 18926529.0 2525000.0 0.1442510473 0.13656202426 0.14377491966 0.15297037372
Herato18 Herato1807 18976529.0 2575000.0 0.17050511912 0.16039733074 0.16870291452 0.1827015044
Herato18 Herato1807 19026529.0 2625000.0 0.066564798782 0.060522374404 0.066507112298 0.072385014182
Herato18 Herato1807 19076529.0 2675000.0 0.097128286844 0.082476309954 0.095864378596 0.116006349076
Herato18 Herato1807 19126529.0 2725000.0 0.148914652174 0.136180999162 0.148266213374 0.165704840758
Herato18 Herato1807 19176529.0 2775000.0 0.104586401802 0.091023891542 0.103529949484 0.123903546872
Herato18 Herato1807 19226529.0 2825000.0 0.0242230939244 0.0188409161476 0.0238291875472 0.0329804609216
Herato18 Herato1807 19276529.0 2875000.0 0.122786204664 0.113195210062 0.122865732702 0.131294677412
Herato18 Herato1807 19326529.0 2925000.0 0.168194353558 0.160905586329 0.167795486988 0.176645099434
Herato18 Herato1807 19376529.0 2975000.0 0.1751386724 0.1658606502 0.1753091538 0.1838922008
Herato18 Herato1807 19426529.0 3025000.0 0.15855351567 0.150139574568 0.15811370684 0.16780421284
Herato18 Herato1807 19476529.0 3075000.0 0.118382838554 0.100090827138 0.1173458749 0.14412059196
Herato18 Herato1807 19526529.0 3125000.0 0.112454395518 0.106449275057 0.112354281329 0.118993110208
Herato18 Herato1807 19576529.0 3175000.0 0.0968577348292 0.0889559378798 0.0967698775326 0.106266919694
Herato18 Herato1807 19626529.0 3225000.0 0.122916740058 0.103467797784 0.121419108122 0.15193985999
Herato18 Herato1807 19676529.0 3275000.0 0.1220160137 0.1127611314 0.12188109334 0.13026055772
Herato18 Herato1807 19726529.0 3325000.0 0.16311245322 0.15383191052 0.16292801926 0.1751479991
Herato18 Herato1807 19776529.0 3375000.0 0.2190385544 0.2032630227 0.21854738802 0.24175969174
Herato18 Herato1807 19826529.0 3425000.0 0.1480890637 0.139161037738 0.147904250812 0.159325178
Herato18 Herato1807 19876529.0 3475000.0 0.14320572882 0.133972161992 0.1431344598 0.1548304226
Herato18 Herato1807 19926529.0 3525000.0 0.11011344626 0.10506105118 0.10984687666 0.11665623902
Herato18 Herato1807 19976529.0 3575000.0 0.094008992642 0.077309455542 0.090924856862 0.13265072717
Herato18 Herato1807 20026529.0 3625000.0 0.12399925536 0.116946257908 0.12395905956 0.13182754324
Herato18 Herato1807 20076529.0 3675000.0 0.03401729863 0.031400766302 0.033728168482 0.037143686406
Herato18 Herato1807 20126529.0 3725000.0 0.0540371113764 0.0455678437744 0.0532144108898 0.066136115578
Herato18 Herato1807 20176529.0 3775000.0 0.0292731356166 0.0174600323722 0.028214223881 0.0485877642816
Herato18 Herato1807 20226529.0 3825000.0 0.0496930471558 0.0429846038197 0.0494258415194 0.058585742733
Herato18 Herato1807 20276529.0 3875000.0 0.11315277986 0.099790886704 0.11224631376 0.1300295158
Herato18 Herato1807 20326529.0 3925000.0 0.07933917166 0.06849172494 0.07802321714 0.09282591668
Herato18 Herato1807 20376529.0 3975000.0 0.0782102862 0.07154141416 0.07822139652 0.08547495194
Herato18 Herato1807 20426529.0 4025000.0 0.115237589584 0.109489524506 0.115008979756 0.120750186026
Herato18 Herato1807 20476529.0 4075000.0 0.11820508434 0.10297232916 0.11810782078 0.13720079234
Herato18 Herato1807 20526529.0 4125000.0 0.1503957683 0.14065005146 0.15034645918 0.16256045596
Herato18 Herato1807 20576529.0 4175000.0 0.152258261744 0.12743582574 0.149058821384 0.19408268732
Herato18 Herato1807 20626529.0 4225000.0 0.10495553476 0.0969662448 0.10454047694 0.11368493264
Herato18 Herato1807 20676529.0 4275000.0 0.099976277956 0.09276236141 0.099820579528 0.10985253872
Herato18 Herato1807 20726529.0 4325000.0 0.1442824888 0.1402034504 0.143600076 0.151488604
Herato18 Herato1807 20776529.0 4375000.0 0.14841332546 0.127378694954 0.147847616478 0.174152568264
Herato18 Herato1807 20826529.0 4425000.0 0.15078039334 0.13668451127 0.149950916436 0.166211272084
Herato18 Herato1807 20876529.0 4475000.0 0.10365264734 0.090947086412 0.103226906794 0.119158527492
Herato18 Herato1807 20926529.0 4525000.0 0.077359163352 0.061387504034 0.076731606098 0.09444247812
Herato18 Herato1807 20976529.0 4575000.0 0.08612491736 0.0801884289 0.08611453448 0.0917825764
Herato18 Herato1807 21026529.0 4625000.0 0.139787535 0.1336694262 0.1400272248 0.1465259988
Herato18 Herato1807 21076529.0 4675000.0 0.14567747128 0.1307230675 0.1447459065 0.16611630998
Herato18 Herato1807 21126529.0 4725000.0 0.126476472224 0.107240840582 0.125333483732 0.151639167434
Herato18 Herato1807 21176529.0 4775000.0 0.126870047426 0.112133701806 0.126362288512 0.142841154734
Herato18 Herato1807 21226529.0 4825000.0 0.102409981145 0.0908218024935 0.102472341808 0.115985174232
Herato18 Herato1807 21276529.0 4875000.0 0.054903515898 0.050360355142 0.054543837438 0.061397937524
Herato18 Herato1807 21326529.0 4925000.0 0.022411495406 0.02037992571 0.022366945434 0.024806192844
Herato18 Herato1807 21376529.0 4975000.0 0.02730814102 0.024078025318 0.027302770468 0.030885519914
Herato18 Herato1807 21426529.0 5025000.0 0.03869273851 0.032911617124 0.036765196596 0.049920840198
Herato18 Herato1807 21476529.0 5075000.0 0.046266449542 0.0402927713988 0.046969547832 0.0514282182804
Herato18 Herato1807 21526529.0 5125000.0 0.061416037664 0.0521610302666 0.061127191706 0.072306843576
Herato18 Herato1807 21576529.0 5175000.0 0.028227459504 0.0252330725124 0.0279343256722 0.033093116308
Herato18 Herato1807 21626529.0 5225000.0 0.05920009232 0.056622998982 0.058818036568 0.063203878524
Herato18 Herato1807 21676529.0 5275000.0 0.0403746678722 0.0349745749846 0.0404582681504 0.0439036464804
