chrom scaffold Cposition position mean p0025 p0500 p0975
Herato07 Herato0701 25001.0 25000.0 0.039345936826 0.033389971018 0.039223984042 0.046964964836
Herato07 Herato0701 75001.0 75000.0 0.0363229248164 0.0313908838388 0.0358435054332 0.042978954484
Herato07 Herato0701 125001.0 125000.0 0.060721909854 0.0517799246922 0.061041349544 0.070817867464
Herato07 Herato0701 175001.0 175000.0 0.029201296056 0.024668368196 0.02909290991 0.03691837306
Herato07 Herato0701 225001.0 225000.0 0.0557666879767 0.0356882725219 0.0520772080273 0.094864614135
Herato07 Herato0701 275001.0 275000.0 0.045083755034 0.036336883568 0.046452153624 0.052677567904
Herato07 Herato0701 325001.0 325000.0 0.038990246208 0.036730816108 0.03886885367 0.041661956644
Herato07 Herato0701 375001.0 375000.0 0.071967038728 0.06323112295 0.07184317506 0.08156048608
Herato07 Herato0701 425001.0 425000.0 0.04789632766 0.0428401166538 0.0480065373334 0.05272199232
Herato07 Herato0701 475001.0 475000.0 0.058081488004 0.0563624544612 0.0579885530554 0.0615192631264
Herato07 Herato0701 525001.0 525000.0 0.0612918808876 0.0563708500669 0.061242713694 0.066980519276
Herato07 Herato0701 575001.0 575000.0 0.07560214722 0.062028005 0.07776725904 0.09123680736
Herato07 Herato0701 625001.0 625000.0 0.07310429896 0.062181727684 0.07278447192 0.08710737964
Herato07 Herato0701 675001.0 675000.0 0.075694874356 0.0711690418532 0.0754696050674 0.081675952774
Herato07 Herato0701 725001.0 725000.0 0.05932557454 0.0512323548908 0.059305020564 0.071079965726
Herato07 Herato0701 775001.0 775000.0 0.0447570355558 0.0396802522385 0.0452203101348 0.049993568302
Herato07 Herato0701 825001.0 825000.0 0.065072616518 0.0592573596838 0.065186881594 0.071416103558
Herato07 Herato0701 875001.0 875000.0 0.0358146656396 0.0323173683387 0.0357317354843 0.0402142416
Herato07 Herato0701 925001.0 925000.0 0.067333091094 0.0603148877808 0.067135797934 0.074312507518
Herato07 Herato0701 975001.0 975000.0 0.051827018292 0.048991191408 0.051628341092 0.055238432184
Herato07 Herato0701 1025001.0 1025000.0 0.071429699976 0.0657197855629 0.071728137284 0.07764202346
Herato07 Herato0701 1075001.0 1075000.0 0.023115223776 0.0202557772382 0.0229838829956 0.026765724354
Herato07 Herato0701 1125001.0 1125000.0 0.0447195342147 0.0426539413242 0.0445334130483 0.0469355736242
Herato07 Herato0701 1175001.0 1175000.0 0.058225869818 0.05448241324 0.058068420844 0.062426721156
Herato07 Herato0701 1225001.0 1225000.0 0.0599978607153 0.03679562106 0.0494318930572 0.12903483472
Herato07 Herato0701 1275001.0 1275000.0 0.0417851092134 0.0360905104014 0.0416050704773 0.048551592882
Herato07 Herato0701 1325001.0 1325000.0 0.0574419656872 0.0477160934043 0.056446669108 0.0704404163568
Herato07 Herato0701 1375001.0 1375000.0 0.072160677448 0.067335118468 0.07247309882 0.07664461647
Herato07 Herato0701 1425001.0 1425000.0 0.0465875419272 0.0444020061491 0.046498463496 0.049289663788
Herato07 Herato0701 1475001.0 1475000.0 0.0471437209572 0.03880589326 0.0456971665688 0.0554242562608
Herato07 Herato0701 1525001.0 1525000.0 0.061728029078 0.0560980895002 0.06156310625 0.068258886
Herato07 Herato0701 1575001.0 1575000.0 0.0330057994954 0.0296585851261 0.0329849889122 0.0367820829708
Herato07 Herato0701 1625001.0 1625000.0 0.056740506334 0.0373319607784 0.0543063990888 0.088855913964
Herato07 Herato0701 1675001.0 1675000.0 0.0379456495306 0.0297676599314 0.0374230257724 0.050755207572
Herato07 Herato0701 1725001.0 1725000.0 0.022684204718 0.019379762962 0.022476057168 0.027125293492
Herato07 Herato0701 1775001.0 1775000.0 0.0410848272724 0.0349508761989 0.0405560272052 0.0507197275838
Herato07 Herato0701 1825001.0 1825000.0 0.04696030794 0.0369233036255 0.0469923172816 0.05684031094
Herato07 Herato0701 1875001.0 1875000.0 0.08030288814 0.07181236526 0.08102259222 0.08547522438
Herato07 Herato0701 1925001.0 1925000.0 0.05865358104 0.0535784862 0.05897329928 0.06214171124
Herato07 Herato0701 1975001.0 1975000.0 0.0489136637664 0.0447265426205 0.0490061011894 0.0523144145326
Herato07 Herato0701 2025001.0 2025000.0 0.077215532172 0.069494547272 0.076951022574 0.084248672614
Herato07 Herato0701 2075001.0 2075000.0 0.0608153184046 0.0552980159025 0.0600480519 0.0681597389016
Herato07 Herato0701 2125001.0 2125000.0 0.06477697932 0.05985798956 0.06474216466 0.06999336982
Herato07 Herato0701 2175001.0 2175000.0 0.104738617054 0.0974319654286 0.104690684442 0.112122066098
Herato07 Herato0701 2225001.0 2225000.0 0.086353872234 0.0788422429962 0.08608645055 0.09413595998
Herato07 Herato0701 2275001.0 2275000.0 0.048181123662 0.042987296728 0.047560498218 0.05711004994
Herato07 Herato0701 2325001.0 2325000.0 0.0626197371718 0.0550226108361 0.0638734494698 0.0708150068988
Herato07 Herato0701 2375001.0 2375000.0 0.07384139476 0.06986874536 0.07333284558 0.07849819976
Herato07 Herato0701 2425001.0 2425000.0 0.06987429342 0.06605161168 0.069858014 0.07417441256
Herato07 Herato0701 2475001.0 2475000.0 0.023405703386 0.020647764044 0.023215274138 0.02694848719
Herato07 Herato0701 2525001.0 2525000.0 0.034191850198 0.029952090344 0.033875049532 0.039496589402
Herato07 Herato0701 2575001.0 2575000.0 0.11999047968 0.11189969324 0.1199594636 0.12859717412
Herato07 Herato0701 2625001.0 2625000.0 0.10827547652 0.09723099018 0.10656123764 0.12950413216
Herato07 Herato0701 2675001.0 2675000.0 0.059767196234 0.055465299056 0.059687849324 0.064942011786
Herato07 Herato0701 2725001.0 2725000.0 0.0588616094898 0.0543277522515 0.0583378310354 0.069355620302
Herato07 Herato0701 2775001.0 2775000.0 0.0681905466414 0.0639437249406 0.0678258416604 0.07758471912
Herato07 Herato0701 2825001.0 2825000.0 0.095986515948 0.0845424278164 0.09547474588 0.1086310489
Herato07 Herato0701 2875001.0 2875000.0 0.0708890372992 0.060038091621 0.0728667464518 0.0813139744588
Herato07 Herato0701 2925001.0 2925000.0 0.0745321777744 0.0697772972377 0.0743823046198 0.0795959619184
Herato07 Herato0701 2975001.0 2975000.0 0.085554653332 0.0752472342082 0.085526797776 0.0950042235
Herato07 Herato0701 3025001.0 3025000.0 0.069162805964 0.063954145996 0.06893952712 0.075264449012
Herato07 Herato0701 3075001.0 3075000.0 0.051892323228 0.047996549664 0.051589979046 0.05653233718
Herato07 Herato0701 3125001.0 3125000.0 0.0576887517 0.05307676234 0.0574597024 0.06276897492
Herato07 Herato0701 3175001.0 3175000.0 0.05138418418 0.04331440714 0.05333521956 0.05984690208
Herato07 Herato0701 3225001.0 3225000.0 0.0675178257812 0.0575099677808 0.0690841888082 0.0764807468646
Herato07 Herato0701 3275001.0 3275000.0 0.06143868918 0.0586714118 0.0613696519 0.0649003816
Herato07 Herato0701 3325001.0 3325000.0 0.07315440478 0.06945146152 0.07287178324 0.0773831335
Herato07 Herato0701 3375001.0 3375000.0 0.0886605365 0.08211057774 0.0884351432 0.09394463968
Herato07 Herato0701 3425001.0 3425000.0 0.0817760199656 0.07133003155 0.081142045613 0.096718507155
Herato07 Herato0701 3475001.0 3475000.0 0.0806666769141 0.0775405778006 0.0807403474191 0.0856106986548
Herato07 Herato0701 3525001.0 3525000.0 0.078830390546 0.0704371277903 0.078521515418 0.089216276922
Herato07 Herato0701 3575001.0 3575000.0 0.073164862366 0.070341454804 0.072729683188 0.078704096306
Herato07 Herato0701 3625001.0 3625000.0 0.05263857372 0.04991812608 0.052606896 0.05524884764
Herato07 Herato0701 3675001.0 3675000.0 0.07426720322 0.06852170516 0.07440817588 0.07946041414
Herato07 Herato0701 3725001.0 3725000.0 0.086263227735 0.0839689144393 0.0859931051875 0.0902507977378
Herato07 Herato0701 3775001.0 3775000.0 0.0835546057312 0.0650023911988 0.0824946972562 0.109699423742
Herato07 Herato0701 3825001.0 3825000.0 0.0533823755032 0.0495154287856 0.053180398954 0.0568730226424
Herato07 Herato0701 3875001.0 3875000.0 0.05192141388 0.05040237424 0.05179519392 0.05384071864
Herato07 Herato0701 3925001.0 3925000.0 0.05847493088 0.055376097176 0.05872725794 0.0615892723
Herato07 Herato0701 3975001.0 3975000.0 0.045891817082 0.043404375182 0.045752379912 0.049600715286
Herato07 Herato0701 4025001.0 4025000.0 0.045316074458 0.039861712228 0.04486499857 0.056867900102
Herato07 Herato0701 4075001.0 4075000.0 0.036974321686 0.034126422032 0.037066844776 0.039514197026
Herato07 Herato0701 4125001.0 4125000.0 0.0451104719144 0.0416780539994 0.0449694181712 0.0487677514002
Herato07 Herato0701 4175001.0 4175000.0 0.030463023066 0.023994054128 0.029167707418 0.044339225462
Herato07 Herato0701 4225001.0 4225000.0 0.035056431946 0.0314579527325 0.0349280746247 0.0388706809406
Herato07 Herato0701 4275001.0 4275000.0 0.029904358542 0.027621326766 0.029906356154 0.032271032496
Herato07 Herato0701 4325001.0 4325000.0 0.034818893905 0.0301499235559 0.0347047283434 0.0397341738484
Herato07 Herato0701 4375001.0 4375000.0 0.0286495394326 0.0208175331183 0.0276402526844 0.0419692009236
Herato07 Herato0701 4425001.0 4425000.0 0.037025246104 0.0324194306122 0.0367874934004 0.042571458848
Herato07 Herato0701 4475001.0 4475000.0 0.0400511850652 0.035188547718 0.0393489269934 0.047371653804
Herato07 Herato0701 4525001.0 4525000.0 0.05909785616 0.05715010512 0.05901162688 0.0615728862
Herato07 Herato0701 4575001.0 4575000.0 0.0635048274936 0.0604827997954 0.0630393015009 0.0672148769474
Herato07 Herato0701 4625001.0 4625000.0 0.07045048694 0.065831844366 0.070166104886 0.074790151024
Herato07 Herato0701 4675001.0 4675000.0 0.08332467217 0.07765359366 0.08322101378 0.089927083316
Herato07 Herato0701 4725001.0 4725000.0 0.03395970691 0.020894572954 0.035162750965 0.044816826164
Herato07 Herato0701 4775001.0 4775000.0 0.037393099935 0.0335666526084 0.0374984917274 0.0416563800874
Herato07 Herato0701 4825001.0 4825000.0 0.07091151958 0.06296782844 0.0703686759 0.08127644702
Herato07 Herato0701 4875001.0 4875000.0 0.038164704268 0.0343913737446 0.038062799045 0.042080690479
Herato07 Herato0701 4925001.0 4925000.0 0.065340656404 0.058124669384 0.065034183638 0.071770900428
Herato07 Herato0701 4975001.0 4975000.0 0.051896325104 0.04882932473 0.051661938546 0.054466155298
Herato07 Herato0701 5025001.0 5025000.0 0.0310752037 0.0265918793581 0.0307980707436 0.0359508875872
Herato07 Herato0701 5075001.0 5075000.0 0.0473797304 0.04549450956 0.04736529092 0.05056138902
Herato07 Herato0701 5125001.0 5125000.0 0.06837791634 0.06129432112 0.0686533297 0.07470754178
Herato07 Herato0701 5175001.0 5175000.0 0.051435050918 0.046434412702 0.051275428238 0.056921084832
Herato07 Herato0701 5225001.0 5225000.0 0.0709960323892 0.0636201958874 0.0705703573372 0.079930077514
Herato07 Herato0701 5275001.0 5275000.0 0.045121459584 0.0406644165474 0.045173700114 0.049587554194
Herato07 Herato0701 5325001.0 5325000.0 0.05942857744 0.05404088792 0.06039291264 0.0655294619
Herato07 Herato0701 5375001.0 5375000.0 0.0583361730428 0.0540930088976 0.0588489641448 0.0633417547312
Herato07 Herato0701 5425001.0 5425000.0 0.0855360942326 0.0658990777227 0.0834531219962 0.12043127533
Herato07 Herato0701 5475001.0 5475000.0 0.039870824684 0.037865371024 0.039768408988 0.042898017228
Herato07 Herato0701 5525001.0 5525000.0 0.031251970616 0.0279203241364 0.03121727536 0.034804647456
Herato07 Herato0701 5575001.0 5575000.0 0.040647722076 0.034949849478 0.04033577829 0.048124298992
Herato07 Herato0701 5625001.0 5625000.0 0.06239122522 0.05885494862 0.06237272858 0.06672900088
Herato07 Herato0701 5675001.0 5675000.0 0.027358039429 0.0261711450515 0.027198359078 0.0290900471454
Herato07 Herato0701 5725001.0 5725000.0 0.043482728322 0.037535212086 0.043221307792 0.049866602284
Herato07 Herato0701 5775001.0 5775000.0 0.07451135572 0.07093072084 0.07420481346 0.07891210494
Herato07 Herato0701 5825001.0 5825000.0 0.07828002692 0.0693619405 0.07768538364 0.08868066776
Herato07 Herato0701 5875001.0 5875000.0 0.053923289356 0.0506669840979 0.054078445606 0.0576462479
Herato07 Herato0701 5925001.0 5925000.0 0.034034745174 0.031276731688 0.033909439872 0.037037534484
Herato07 Herato0701 5975001.0 5975000.0 0.05032014898 0.04363480234 0.0501994307 0.0575788618
Herato07 Herato0701 6025001.0 6025000.0 0.0477231268 0.0465154112 0.0470541648 0.05126447
Herato07 Herato0701 6075001.0 6075000.0 0.06704457144 0.06589200516 0.06650811408 0.07001483808
Herato07 Herato0701 6125001.0 6125000.0 0.0478743661752 0.0442952054259 0.0480135959516 0.0517877393322
Herato07 Herato0701 6175001.0 6175000.0 0.067544910624 0.062250839214 0.067656010312 0.071566416414
Herato07 Herato0701 6225001.0 6225000.0 0.0512556246 0.04820698096 0.05139487502 0.052964429
Herato07 Herato0701 6275001.0 6275000.0 0.08802675002 0.08061488092 0.08832547896 0.0947462634
Herato07 Herato0701 6325001.0 6325000.0 0.06686142008 0.05711309884 0.06677375992 0.07770237206
Herato07 Herato0701 6375001.0 6375000.0 0.084325959106 0.068360006422 0.081300163426 0.10443666954
Herato07 Herato0701 6425001.0 6425000.0 0.07976751372 0.07664164026 0.07933491014 0.08429596738
Herato07 Herato0701 6475001.0 6475000.0 0.0636149173348 0.0513235394616 0.0628903334156 0.0832596444604
Herato07 Herato0701 6525001.0 6525000.0 0.066902815747 0.0482744910038 0.0649267505512 0.0972198219612
Herato07 Herato0701 6575001.0 6575000.0 0.087238295734 0.0733923324088 0.085972379832 0.103501402436
Herato07 Herato0701 6625001.0 6625000.0 0.072353972834 0.062028035056 0.071927665636 0.084550733058
Herato07 Herato0701 6675001.0 6675000.0 0.051595914769 0.0357246717028 0.049804281565 0.078309057315
Herato07 Herato0701 6725001.0 6725000.0 0.06222942457 0.0589590774612 0.0627370637536 0.0655277559098
Herato07 Herato0701 6775001.0 6775000.0 0.06781711632 0.06518711908 0.06757331046 0.07032572482
Herato07 Herato0701 6825001.0 6825000.0 0.0710593102 0.06760243508 0.07104703284 0.07443761168
Herato07 Herato0701 6875001.0 6875000.0 0.0728236372 0.06902941724 0.07320489612 0.07582727904
Herato07 Herato0701 6925001.0 6925000.0 0.07167328496 0.06850528648 0.07195395788 0.0745944972
Herato07 Herato0701 6975001.0 6975000.0 0.06886115584 0.06730484608 0.06868453184 0.07197579392
Herato07 Herato0701 7025001.0 7025000.0 0.07828489518 0.06704714114 0.07771697514 0.09551374938
Herato07 Herato0701 7075001.0 7075000.0 0.049071363936 0.041927850026 0.048704466972 0.0584235874
Herato07 Herato0701 7125001.0 7125000.0 0.0601959300944 0.0423446079658 0.0542700150978 0.090169115728
Herato07 Herato0701 7175001.0 7175000.0 0.0568667720288 0.0509478454406 0.0567280434908 0.063222700104
Herato07 Herato0701 7225001.0 7225000.0 0.09261898072 0.082263192286 0.092219119842 0.10700064137
Herato07 Herato0701 7275001.0 7275000.0 0.095737500506 0.0912382485 0.09559638948 0.101414507456
Herato07 Herato0701 7325001.0 7325000.0 0.06233946806 0.05498458578 0.06228024488 0.06956723288
Herato07 Herato0701 7375001.0 7375000.0 0.0539661699469 0.0481058374626 0.0540908880258 0.0590042952778
Herato07 Herato0701 7425001.0 7425000.0 0.097831994712 0.08548404483 0.096782466402 0.11420426626
Herato07 Herato0701 7475001.0 7475000.0 0.063078615498 0.0582338468378 0.06297387629 0.068588606388
Herato07 Herato0701 7525001.0 7525000.0 0.0444811101124 0.0407727125411 0.0444621679062 0.0486511829968
Herato07 Herato0701 7575001.0 7575000.0 0.0961411248504 0.0810147514134 0.0958408296596 0.11441764911
Herato07 Herato0701 7625001.0 7625000.0 0.0605922631556 0.0556247841718 0.0606115388166 0.065464006172
Herato07 Herato0701 7675001.0 7675000.0 0.038917542422 0.03592223346 0.038884220036 0.04217428928
Herato07 Herato0701 7725001.0 7725000.0 0.039794351646 0.03376553971 0.0398893602706 0.045190760194
Herato07 Herato0701 7775001.0 7775000.0 0.07710653458 0.07136708804 0.07697262086 0.08509002326
Herato07 Herato0701 7825001.0 7825000.0 0.0606192135 0.05714628654 0.06054711706 0.06462465642
Herato07 Herato0701 7875001.0 7875000.0 0.073782639858 0.055037154574 0.071468693214 0.11175366331
Herato07 Herato0701 7925001.0 7925000.0 0.072177938546 0.064603012878 0.072264812532 0.08000046586
Herato07 Herato0701 7975001.0 7975000.0 0.077534211382 0.069971499222 0.078030607382 0.08311515808
Herato07 Herato0701 8025001.0 8025000.0 0.04890878321 0.043953547982 0.048836710044 0.05490943734
Herato07 Herato0701 8075001.0 8075000.0 0.0592340725744 0.0555239158332 0.0593536406422 0.06313636666
Herato07 Herato0701 8125001.0 8125000.0 0.09986889364 0.0933608372 0.09934984908 0.10843041224
Herato07 Herato0701 8175001.0 8175000.0 0.039583861478 0.0334392381977 0.0391737823964 0.047318733625
Herato07 Herato0701 8225001.0 8225000.0 0.065465792264 0.05209906167 0.064371384766 0.085593656954
Herato07 Herato0701 8275001.0 8275000.0 0.056299273245 0.0526851312856 0.056198712056 0.059373983079
Herato07 Herato0701 8325001.0 8325000.0 0.053707513256 0.043939724026 0.053863010876 0.06480840702
Herato07 Herato0701 8375001.0 8375000.0 0.0586300334452 0.0517731894284 0.0567052274706 0.0685068598696
Herato07 Herato0701 8425001.0 8425000.0 0.072187201346 0.060371404382 0.07082719061 0.093836882014
Herato07 Herato0701 8475001.0 8475000.0 0.04438498122 0.03673168924 0.04425540282 0.0516209528
Herato07 Herato0701 8525001.0 8525000.0 0.07471883094 0.0718872673 0.07486120244 0.07886323048
Herato07 Herato0701 8575001.0 8575000.0 0.07285595304 0.06874181702 0.07263319304 0.0784864714
Herato07 Herato0701 8625001.0 8625000.0 0.066227917232 0.062818925816 0.066054835688 0.06966400107
Herato07 Herato0701 8675001.0 8675000.0 0.055292891858 0.05189057382 0.055347312182 0.058579039582
Herato07 Herato0701 8725001.0 8725000.0 0.109985656 0.0945369561 0.10927825674 0.1360190645
Herato07 Herato0701 8775001.0 8775000.0 0.08458875872 0.07904988978 0.08474632294 0.09015689346
Herato07 Herato0701 8825001.0 8825000.0 0.056237633424 0.051384463074 0.05615509299 0.061397325516
Herato07 Herato0701 8875001.0 8875000.0 0.084981207816 0.0789276717948 0.084909438746 0.09211651427
Herato07 Herato0701 8925001.0 8925000.0 0.08743272618 0.0846981378 0.0869859825 0.09473615058
Herato07 Herato0701 8975001.0 8975000.0 0.10003071128 0.09299215788 0.09962750326 0.11223271994
Herato07 Herato0701 9025001.0 9025000.0 0.0491766277394 0.0452944664716 0.0489217046355 0.054144670668
Herato07 Herato0701 9075001.0 9075000.0 0.046190002036 0.041520632132 0.045955605526 0.051369392856
Herato07 Herato0701 9125001.0 9125000.0 0.0828633559586 0.0543663114324 0.0740146124864 0.148314596504
Herato07 Herato0701 9175001.0 9175000.0 0.065686739484 0.06114640614 0.065705060658 0.073395203686
Herato07 Herato0701 9225001.0 9225000.0 0.05848627216 0.053985229304 0.05857443898 0.06470195334
Herato07 Herato0701 9275001.0 9275000.0 0.046001840936 0.042800832758 0.04579552338 0.049825933964
Herato07 Herato0701 9325001.0 9325000.0 0.06032317496 0.0553237291 0.05990576716 0.06665747418
Herato07 Herato0701 9375001.0 9375000.0 0.0975087578 0.094674111 0.0972799338 0.1036684992
Herato07 Herato0701 9425001.0 9425000.0 0.05848093554 0.054803226308 0.05833322262 0.062332610536
Herato07 Herato0701 9475001.0 9475000.0 0.060845891136 0.053041752508 0.059963281166 0.07402301514
Herato07 Herato0701 9525001.0 9525000.0 0.08981719408 0.08418155384 0.08954160048 0.09475890896
Herato07 Herato0701 9575001.0 9575000.0 0.08674248957 0.080353373366 0.086443660938 0.09156540346
Herato07 Herato0701 9625001.0 9625000.0 0.08923346506 0.08003245742 0.08941539024 0.0974761243
Herato07 Herato0701 9675001.0 9675000.0 0.09677343544 0.09304874124 0.096780714 0.09898861074
Herato07 Herato0701 9725001.0 9725000.0 0.06885948888 0.06663431502 0.0686036988 0.07240158198
Herato07 Herato0701 9775001.0 9775000.0 0.085770038234 0.075471138084 0.085446035452 0.096568929016
Herato07 Herato0701 9825001.0 9825000.0 0.072053625876 0.0593109041258 0.0725336445693 0.08250572318
Herato07 Herato0701 9875001.0 9875000.0 0.07235052882 0.06711047552 0.072238174 0.08054173102
Herato07 Herato0701 9925001.0 9925000.0 0.064434786846 0.048819813806 0.064854877716 0.07672986274
Herato07 Herato0701 9975001.0 9975000.0 0.09638462344 0.08922593816 0.0964534153 0.10393939866
Herato07 Herato0701 10025001.0 10025000.0 0.07956577786 0.07610597904 0.0796789274 0.08240102538
Herato07 Herato0701 10075001.0 10075000.0 0.055095202 0.05283160598 0.05493443152 0.05725180694
Herato07 Herato0701 10125001.0 10125000.0 0.070546062462 0.04054522452 0.070717052746 0.137782746092
Herato07 Herato0701 10175001.0 10175000.0 0.0221709143354 0.0190929533338 0.0221936581224 0.025592786988
Herato07 Herato0701 10225001.0 10225000.0 0.0417236303028 0.0368106214104 0.0415218638702 0.04769530262
Herato07 Herato0701 10275001.0 10275000.0 0.053350073268 0.047253162712 0.053051666428 0.06101724274
Herato07 Herato0701 10325001.0 10325000.0 0.0604253602222 0.054020909366 0.0599047639474 0.0683691934036
Herato07 Herato0701 10375001.0 10375000.0 0.05931661222 0.053044057896 0.05867119574 0.06592575322
Herato07 Herato0701 10425001.0 10425000.0 0.0555292851 0.0476692075 0.05647223538 0.06311796296
Herato07 Herato0701 10475001.0 10475000.0 0.08306516698 0.07707679888 0.08265249556 0.08847988912
Herato07 Herato0701 10525001.0 10525000.0 0.06129815154 0.05848710762 0.0614890866 0.0643881006
Herato07 Herato0701 10575001.0 10575000.0 0.0584373651 0.05495859476 0.0585165476 0.06149616664
Herato07 Herato0701 10625001.0 10625000.0 0.07821995235 0.0721846812496 0.0778625720985 0.0854416214416
Herato07 Herato0701 10675001.0 10675000.0 0.0458581606 0.0345790126254 0.045102974992 0.061194396158
Herato07 Herato0701 10725001.0 10725000.0 0.0502649601 0.04573379594 0.05021394258 0.05468689474
Herato07 Herato0701 10775001.0 10775000.0 0.05711040572 0.05171985894 0.05705674204 0.06306168438
Herato07 Herato0701 10825001.0 10825000.0 0.0495301003144 0.0445110857934 0.0493111387679 0.0559267810174
Herato07 Herato0701 10875001.0 10875000.0 0.0509972349209 0.0410316276987 0.0500330957669 0.0657335603664
Herato07 Herato0701 10925001.0 10925000.0 0.07945995758 0.06693536934 0.0789087868 0.08873024344
Herato07 Herato0701 10975001.0 10975000.0 0.089268159573 0.0730289781617 0.0887281260004 0.109943344914
Herato07 Herato0701 11025001.0 11025000.0 0.020054638594 0.0167785990498 0.020026709422 0.024046088696
Herato07 Herato0701 11075001.0 11075000.0 0.0368558003314 0.0242876667257 0.0355103542266 0.058955011222
Herato07 Herato0701 11125001.0 11125000.0 0.0853846123 0.0799092721 0.08489098268 0.09287075246
Herato07 Herato0701 11175001.0 11175000.0 0.0646536280382 0.0602780815904 0.0648187032286 0.0695484123886
Herato07 Herato0701 11225001.0 11225000.0 0.0618878679388 0.0505943753896 0.0619164187986 0.0721756978136
Herato07 Herato0701 11275001.0 11275000.0 0.075421906522 0.0564150113946 0.075715561558 0.100964124394
Herato07 Herato0701 11325001.0 11325000.0 0.045344933882 0.0339974185 0.044299460782 0.064521201762
Herato07 Herato0701 11375001.0 11375000.0 0.0281641522067 0.0261356283353 0.0280839100369 0.0301827770812
Herato07 Herato0701 11425001.0 11425000.0 0.0300913269643 0.0267040985121 0.030000927339 0.0341839045912
Herato07 Herato0701 11475001.0 11475000.0 0.06245058819 0.055040984086 0.061797209158 0.072199247322
Herato07 Herato0701 11525001.0 11525000.0 0.04054575907 0.037223022278 0.040527078766 0.044957051946
Herato07 Herato0701 11575001.0 11575000.0 0.045122037008 0.03981103164 0.045020225214 0.051040393698
Herato07 Herato0701 11625001.0 11625000.0 0.0519705500084 0.0408247480275 0.052107855208 0.0624540015698
Herato07 Herato0701 11675001.0 11675000.0 0.0392665132141 0.0334922991659 0.0391311904204 0.0464964283309
Herato07 Herato0701 11725001.0 11725000.0 0.0353446492502 0.0284013680133 0.0348990985198 0.0438501509574
Herato07 Herato0701 11775001.0 11775000.0 0.037787599352 0.034300073622 0.037694614336 0.041755967686
Herato07 Herato0701 11825001.0 11825000.0 0.0323386989776 0.0189382687354 0.0305862343586 0.061103331218
Herato07 Herato0701 11875001.0 11875000.0 0.034672759721 0.0312530949363 0.0344511258262 0.040170959149
Herato07 Herato0701 11925001.0 11925000.0 0.06991606994 0.05660130635 0.06887146054 0.08881611386
Herato07 Herato0701 11975001.0 11975000.0 0.05094578746 0.04399818803 0.05103911184 0.05861717862
Herato07 Herato0701 12025001.0 12025000.0 0.07371100632 0.0696168234292 0.073334592637 0.07946852968
Herato07 Herato0701 12075001.0 12075000.0 0.06577432484 0.06225534008 0.06569342484 0.06986025902
Herato07 Herato0701 12125001.0 12125000.0 0.05433665118 0.05093630514 0.05442151008 0.0573596247
Herato07 Herato0701 12175001.0 12175000.0 0.034920705312 0.0285910452687 0.0347032261816 0.042461976636
Herato07 Herato0701 12225001.0 12225000.0 0.0751421900208 0.0519865805014 0.0717965659898 0.120194531972
Herato07 Herato0701 12275001.0 12275000.0 0.06292676868 0.05756750954 0.06292512414 0.06785235534
Herato07 Herato0701 12325001.0 12325000.0 0.05658895436 0.05239438418 0.05659635054 0.06071110816
Herato07 Herato0701 12375001.0 12375000.0 0.04248294488 0.037527465696 0.04233358938 0.04795688264
Herato07 Herato0701 12425001.0 12425000.0 0.05625309828 0.0493546607644 0.0564731138058 0.06266726064
Herato07 Herato0701 12475001.0 12475000.0 0.082555844248 0.076290154538 0.082201758596 0.0914383529
Herato07 Herato0701 12525001.0 12525000.0 0.0940896808266 0.0754807119232 0.0936193266746 0.119000051268
Herato07 Herato0701 12575001.0 12575000.0 0.053428197614 0.0476987995894 0.05334707547 0.05957341561
Herato07 Herato0701 12625001.0 12625000.0 0.088277786192 0.07923644258 0.08792520007 0.098805084232
Herato07 Herato0701 12675001.0 12675000.0 0.06991094886 0.06495261414 0.06949203476 0.0752096332
Herato07 Herato0701 12725001.0 12725000.0 0.061204345872 0.056093196642 0.061147741164 0.06902819736
Herato07 Herato0701 12775001.0 12775000.0 0.05022413628 0.0457945799098 0.0502878429984 0.054231594624
Herato07 Herato0701 12825001.0 12825000.0 0.0482103491146 0.0428649091157 0.0481540703464 0.054713322147
Herato07 Herato0701 12875001.0 12875000.0 0.043490638107 0.0305171894289 0.0412641570143 0.0714532316342
Herato07 Herato0701 12925001.0 12925000.0 0.045040319662 0.042767127346 0.044746893902 0.048546821046
Herato07 Herato0701 12975001.0 12975000.0 0.09743042054 0.0934937846 0.0972540167 0.1039545862
Herato07 Herato0701 13025001.0 13025000.0 0.05962485606 0.05435671806 0.05898572444 0.06742261328
Herato07 Herato0701 13075001.0 13075000.0 0.08253383856 0.0795574935 0.08270780028 0.08616503952
Herato07 Herato0701 13125001.0 13125000.0 0.10049041588 0.0962117709 0.10003770824 0.10681266436
Herato07 Herato0701 13175001.0 13175000.0 0.1035821056 0.1009019808 0.1031911442 0.108423805
Herato07 Herato0701 13225001.0 13225000.0 0.09910980798 0.09863558558 0.09910147266 0.10109617094
Herato07 Herato0701 13275001.0 13275000.0 0.08128737422 0.07848743022 0.08070138594 0.08503529926
Herato07 Herato0701 13325001.0 13325000.0 0.09859256876 0.09737361252 0.09826623372 0.10127251028
Herato07 Herato0701 13375001.0 13375000.0 0.06279987534 0.0568331544602 0.06277564231 0.069490069892
Herato07 Herato0701 13425001.0 13425000.0 0.0666785762254 0.0570097273089 0.0658550874326 0.078849255083
Herato07 Herato0701 13475001.0 13475000.0 0.08016218724 0.0681157387 0.07933250438 0.092872610856
Herato07 Herato0701 13525001.0 13525000.0 0.1135216452 0.10171479816 0.1141758222 0.119919189
Herato07 Herato0701 13575001.0 13575000.0 0.0977209363 0.0758227480296 0.0999252233994 0.121151394078
Herato07 Herato0701 13625001.0 13625000.0 0.06493151912 0.06040275726 0.06385818998 0.0716260185
Herato07 Herato0701 13675001.0 13675000.0 0.0216331863016 0.0193483143673 0.0215890673062 0.0247674309
Herato07 Herato0701 13725001.0 13725000.0 0.018537664809 0.0151434996052 0.0180956509567 0.023296885132
Herato07 Herato0701 13775001.0 13775000.0 0.0520435571192 0.0489219817689 0.0518428463965 0.05653368823
Herato07 Herato0701 13825001.0 13825000.0 0.0780193717 0.07299659032 0.0782698343 0.08291912986
Herato07 Herato0701 13875001.0 13875000.0 0.08572428944 0.074846908276 0.08582616722 0.09943091704
Herato07 Herato0701 13925001.0 13925000.0 0.041540425868 0.037421488356 0.041404653986 0.046044078148
Herato07 Herato0701 13975001.0 13975000.0 0.0623436495124 0.054649129139 0.0634036763459 0.0712713332884
Herato07 Herato0701 14025001.0 14025000.0 0.03835444758 0.03262238132 0.03809019762 0.04946791642
Herato07 Herato0701 14075001.0 14075000.0 0.046343865792 0.041569325122 0.045954591346 0.052612041602
Herato07 Herato0701 14125001.0 14125000.0 0.063322906462 0.0601617947744 0.063058158508 0.067778841036
Herato07 Herato0701 14175001.0 14175000.0 0.0941894988 0.09088957082 0.09379278388 0.10017183132
Herato07 Herato0701 14225001.0 14225000.0 0.1046913152 0.09156710532 0.10497571848 0.11247940392
Herato07 Herato0701 14275001.0 14275000.0 0.08388931262 0.06983128108 0.08360338648 0.10015627298
Herato07 Herato0701 14325001.0 14325000.0 0.0348436786821 0.0289698749271 0.035340144766 0.0403570174956
Herato07 Herato0701 14375001.0 14375000.0 0.07545688192 0.05949517014 0.07597215764 0.09216820468
Herato07 Herato0701 14425001.0 14425000.0 0.134309138342 0.122068370016 0.134382609248 0.148254004246
Herato07 Herato0701 14475001.0 14475000.0 0.078811248126 0.069785776128 0.079141750106 0.087818799438
Herato07 Herato0701 14525001.0 14525000.0 0.13755527248 0.1251298724 0.13773280202 0.150771217
Herato07 Herato0701 14575001.0 14575000.0 0.091711293 0.0824005404 0.09138070034 0.10309666058
Herato07 Herato0701 14625001.0 14625000.0 0.1007853176 0.1002640488 0.1006149028 0.1021686848
Herato07 Herato0701 14675001.0 14675000.0 0.09070539378 0.08994992748 0.09056540012 0.09233542644
Herato07 Herato0701 14725001.0 14725000.0 0.12262343016 0.10729586764 0.1221148259 0.14176011426
Herato07 Herato0701 14775001.0 14775000.0 0.08488660486 0.08112785578 0.08474188672 0.09029917324
Herato07 Herato0701 14825001.0 14825000.0 0.0905268463 0.08434167984 0.09019281458 0.1007474776
Herato07 Herato0701 14875001.0 14875000.0 0.116051688318 0.108357106782 0.116501209774 0.124931138994
Herato07 Herato0701 14925001.0 14925000.0 0.05770654502 0.0541660598 0.05785671354 0.06188406502
Herato07 Herato0701 14975001.0 14975000.0 0.07696289352 0.07322446152 0.07728598096 0.0813390168
Herato07 Herato0701 15025001.0 15025000.0 0.0523946734 0.04717863402 0.05237052868 0.05831449438
Herato07 Herato0701 15075001.0 15075000.0 0.066439985796 0.05485527931 0.06624710499 0.084999428396
Herato07 Herato0701 15125001.0 15125000.0 0.0582451221 0.05403336806 0.05819007006 0.06369372448
Herato07 Herato0701 15175001.0 15175000.0 0.062013273922 0.056983852774 0.06173846355 0.066817481282
Herato07 Herato0701 15225001.0 15225000.0 0.065527850064 0.055943975526 0.06520141522 0.076329386588
Herato07 Herato0701 15275001.0 15275000.0 0.07514956694 0.07063876656 0.07568211426 0.07790917286
Herato07 Herato0701 15325001.0 15325000.0 0.07660263122 0.07221400828 0.07696672986 0.07970329998
Herato07 Herato0701 15375001.0 15375000.0 0.0472169380974 0.0424684568871 0.0469000486166 0.0526085727274
Herato07 Herato0701 15425001.0 15425000.0 0.065687435858 0.057445912804 0.064896543342 0.07853523914
Herato07 Herato0701 15475001.0 15475000.0 0.05038988736 0.044724320668 0.05018492164 0.0573995722
Herato07 Herato0701 15525001.0 15525000.0 0.028954588242 0.027704783944 0.028870138148 0.030398926902
Herato07 Herato0701 15575001.0 15575000.0 0.058509566982 0.054641572368 0.058641237914 0.062735341016
Herato07 Herato0701 15625001.0 15625000.0 0.06876270046 0.05994840236 0.06549529216 0.08447575192
Herato07 Herato0701 15675001.0 15675000.0 0.04574925788 0.04327451398 0.04547499906 0.04967096846
Herato07 Herato0701 15725001.0 15725000.0 0.051591195784 0.0482758610614 0.051737564656 0.054334203892
Herato07 Herato0701 15775001.0 15775000.0 0.051132708284 0.047114616944 0.051256137266 0.054424945848
Herato07 Herato0701 15825001.0 15825000.0 0.064628853456 0.0600304991314 0.064714800148 0.068724347554
Herato07 Herato0701 15875001.0 15875000.0 0.075000250362 0.068746941036 0.074946058742 0.080634228256
Herato07 Herato0701 15925001.0 15925000.0 0.0468447075 0.040010367224 0.046815148012 0.054111636996
Herato07 Herato0701 15975001.0 15975000.0 0.038586693072 0.0338331876 0.038533594422 0.04365852697
Herato07 Herato0701 16025001.0 16025000.0 0.05328292718 0.04419446456 0.05413904032 0.0625198639
Herato07 Herato0701 16075001.0 16075000.0 0.043466600576 0.036830465026 0.0431963048 0.049940916974
Herato07 Herato0701 16125001.0 16125000.0 0.05794905502 0.05368177018 0.05737777134 0.0631355244
Herato07 Herato0701 16175001.0 16175000.0 0.0403901460278 0.0283982235332 0.0414652383296 0.052536925862
Herato07 Herato0701 16225001.0 16225000.0 0.086939665961 0.0749434938096 0.0871453987198 0.0989022951536
Herato07 Herato0701 16275001.0 16275000.0 0.05950820968 0.0562733739 0.05923397742 0.06256996876
Herato07 Herato0701 16325001.0 16325000.0 0.101063174462 0.087318376276 0.10159270017 0.11563159167
Herato07 Herato0701 16375001.0 16375000.0 0.09447911834 0.09008390608 0.09458981588 0.09794379868
Herato07 Herato0701 16425001.0 16425000.0 0.0831149655676 0.0777836095066 0.0834490909626 0.0883065046128
Herato07 Herato0701 16475001.0 16475000.0 0.0694315312842 0.0631623127656 0.0692500858394 0.076455133326
Herato07 Herato0701 16525001.0 16525000.0 0.081643728076 0.077132144774 0.082093891222 0.084982608216
Herato07 Herato0701 16575001.0 16575000.0 0.0843285712922 0.0791854081694 0.0844518390424 0.0896451947828
Herato07 Herato0701 16625001.0 16625000.0 0.075743280258 0.065357865112 0.075414663496 0.089725791758
Herato07 Herato0701 16675001.0 16675000.0 0.05038023068 0.04798714082 0.05015904912 0.05301162218
Herato07 Herato0701 16725001.0 16725000.0 0.038073606708 0.034218778172 0.037988479612 0.042796329818
Herato07 Herato0701 16775001.0 16775000.0 0.05517400866 0.049592271714 0.054577454544 0.062384236282
Herato07 Herato0701 16825001.0 16825000.0 0.066462820522 0.061411635756 0.066885150458 0.07112018274
Herato07 Herato0701 16875001.0 16875000.0 0.051278180385 0.0470260100036 0.0513193097505 0.05477124328
Herato07 Herato0701 16925001.0 16925000.0 0.06791479128 0.06668527128 0.0677217608 0.07022861644
Herato07 Herato0701 16975001.0 16975000.0 0.054395184054 0.05011146528 0.054462590054 0.059106447718
Herato07 Herato0701 17025001.0 17025000.0 0.07998575936 0.0711299384 0.0816045931 0.08539491208
Herato07 Herato0701 17075001.0 17075000.0 0.07626524758 0.06876046538 0.0778466788 0.08100143832
Herato07 Herato0701 17125001.0 17125000.0 0.059645405992 0.054416478241 0.059477762144 0.06511932211
Herato07 Herato0701 17175001.0 17175000.0 0.11233860981 0.101897734427 0.112215396219 0.125923862985
Herato07 Herato0701 17225001.0 17225000.0 0.0909269533698 0.0785231029186 0.0900544111122 0.106914520559
Herato07 Herato0701 17275001.0 17275000.0 0.0716025491093 0.0581349964175 0.0724347218997 0.0896659258614
Herato07 Herato0701 17325001.0 17325000.0 0.077206009888 0.069340149264 0.077078770736 0.08583903432
Herato07 Herato0701 17375001.0 17375000.0 0.0629559579972 0.0599536658229 0.0627798181943 0.0665946335364
Herato07 Herato0701 17425001.0 17425000.0 0.020719210504 0.0190869132469 0.020576109596 0.02298806814
Herato07 Herato0701 17475001.0 17475000.0 0.0651938685824 0.0591050619555 0.0653147032714 0.071665725386
Herato07 Herato0701 17525001.0 17525000.0 0.0518355006332 0.0470062635558 0.0516728433374 0.057080789296
Herato07 Herato0701 17575001.0 17575000.0 0.0335252725832 0.0288927073522 0.0333720635806 0.0401225265112
Herato07 Herato0701 17625001.0 17625000.0 0.0850835074172 0.0795032966262 0.0848301952988 0.091282249242
Herato07 Herato0701 17675001.0 17675000.0 0.0338496041564 0.0298302574837 0.033823497642 0.0382460756228
Herato07 Herato0701 17725001.0 17725000.0 0.03303114163 0.029416560872 0.032909946938 0.03757259735
Herato07 Herato0701 17775001.0 17775000.0 0.022510586246 0.021663608828 0.022427771646 0.023627100108
Herato07 Herato0701 17825001.0 17825000.0 0.022431290014 0.0204289833644 0.022316118122 0.024916927726
Herato07 Herato0701 17875001.0 17875000.0 0.025025567078 0.021906729652 0.025055476336 0.027704662004
Herato07 Herato0701 17925001.0 17925000.0 0.05614721376 0.04962554918 0.05342746254 0.06908893682
Herato07 Herato0701 17975001.0 17975000.0 0.088165792688 0.081237430046 0.088085397678 0.095104842098
Herato07 Herato0701 18025001.0 18025000.0 0.09956838358 0.08980403764 0.09974135392 0.10879843398
Herato07 Herato0701 18075001.0 18075000.0 0.067384126278 0.0472003899641 0.0691702581524 0.074000924464
Herato07 Herato0701 18125001.0 18125000.0 0.0516553333352 0.046689567213 0.0515645742668 0.05790305888
Herato07 Herato0701 18175001.0 18175000.0 0.023672995622 0.020973561824 0.023596415398 0.026693973638
Herato07 Herato0701 18225001.0 18225000.0 0.0891798774744 0.0811955359019 0.0898664900904 0.09434738092
Herato07 Herato0701 18275001.0 18275000.0 0.034816181028 0.031780355356 0.034693722256 0.03807166569
Herato07 Herato0701 18325001.0 18325000.0 0.0555360441546 0.0453913267728 0.055103608932 0.0678306792
Herato07 Herato0701 18375001.0 18375000.0 0.03692960255 0.0332495990318 0.037057917016 0.040769506052
Herato07 Herato0701 18425001.0 18425000.0 0.012269951514 0.00933673919 0.012119064588 0.016052345178
Herato07 Herato0701 18475001.0 18475000.0 0.0125892829566 0.00945845008432 0.0119983241658 0.0195282084068
Herato07 Herato0701 18525001.0 18525000.0 0.0513348244188 0.0464393241283 0.0508789547658 0.058064648544
Herato07 Herato0701 18575001.0 18575000.0 0.0739962325216 0.0568950898454 0.074491442486 0.091567648252
Herato07 Herato0701 18625001.0 18625000.0 0.06458239935 0.057753538818 0.064562458996 0.07245325554
Herato07 Herato0701 18675001.0 18675000.0 0.091635092632 0.0834036357893 0.091438484556 0.101380243869
Herato07 Herato0701 18725001.0 18725000.0 0.060511424858 0.05530669279 0.060274476086 0.066854250056
Herato07 Herato0701 18775001.0 18775000.0 0.047369792614 0.04089712523 0.047212848524 0.05407838714
Herato07 Herato0701 18825001.0 18825000.0 0.0319909850328 0.0272289634377 0.0316200097084 0.038528772956
Herato07 Herato0701 18875001.0 18875000.0 0.019063169556 0.012919907266 0.018542702548 0.02981102772
Herato07 Herato0701 18925001.0 18925000.0 0.0649751714073 0.0162667746879 0.0623084835367 0.146612240451
Herato07 Herato0701 18975001.0 18975000.0 0.026377095507 0.0214341862547 0.026315880982 0.030671135744
Herato07 Herato0701 19025001.0 19025000.0 0.0249389649307 0.0202453770381 0.0244206445153 0.0332078163912
