chrom scaffold Cposition position mean p0025 p0500 p0975
Herato21 Herato2101 25001.0 25000.0 0.00447683229034 0.0036430345217 0.00441823059462 0.00564284353606
Herato21 Herato2101 75001.0 75000.0 0.042818646404 0.022716566608 0.040006150196 0.083107597204
Herato21 Herato2101 125001.0 125000.0 0.0487524969629 0.0378364409893 0.0471716991009 0.065369966708
Herato21 Herato2101 175001.0 175000.0 0.066380117727 0.038805641221 0.0610311399968 0.120668157489
Herato21 Herato2101 225001.0 225000.0 0.0301955208882 0.0139590865805 0.02732188267 0.0665516980789
Herato21 Herato2101 275001.0 275000.0 0.0234086272274 0.0209349252727 0.0232371603164 0.0262394372586
Herato21 Herato2101 325001.0 325000.0 0.0597224106917 0.0456066486534 0.0581413854021 0.0848923689522
Herato21 Herato2101 375001.0 375000.0 0.030682121256 0.0259783444824 0.030069550056 0.038228579136
Herato21 Herato2101 425001.0 425000.0 0.0130712540877 0.0113419239635 0.0129500605443 0.0154877800251
Herato21 Herato2101 475001.0 475000.0 0.0143516250748 0.0130653677532 0.01430578763 0.015982579386
Herato21 Herato2101 525001.0 525000.0 0.0248726975428 0.0177871594632 0.0242824233224 0.0356670744066
Herato21 Herato2101 575001.0 575000.0 0.0219273546942 0.0191572335468 0.021956682618 0.0252225065664
Herato21 Herato2101 625001.0 625000.0 0.025578661934 0.023096420762 0.025402132676 0.028450536714
Herato21 Herato2101 675001.0 675000.0 0.047289653 0.037271292084 0.045415947706 0.064789471086
Herato21 Herato2101 725001.0 725000.0 0.058966511386 0.055289535268 0.058843461438 0.06342692427
Herato21 Herato2101 775001.0 775000.0 0.0529396543094 0.045920312732 0.0526886009788 0.062684750497
Herato21 Herato2101 825001.0 825000.0 0.0488755790472 0.0384629376877 0.0476150736534 0.062985120153
Herato21 Herato2101 875001.0 875000.0 0.0346887687392 0.0273145763083 0.0353938525908 0.04423653509
Herato21 Herato2101 925001.0 925000.0 0.050181506808 0.04644961591 0.049964847854 0.054348151756
Herato21 Herato2101 975001.0 975000.0 0.073290573308 0.066817844504 0.073170757852 0.08080306937
Herato21 Herato2101 1025001.0 1025000.0 0.0857546871 0.067926895384 0.08450285787 0.11315420689
Herato21 Herato2101 1075001.0 1075000.0 0.05654403252 0.0488221588414 0.056562338008 0.065556688314
Herato21 Herato2101 1125001.0 1125000.0 0.052330907918 0.0489043145315 0.05204807676 0.056582105204
Herato21 Herato2101 1175001.0 1175000.0 0.09738527166 0.0911001232 0.097173354 0.10581114742
Herato21 Herato2101 1225001.0 1225000.0 0.09606126048 0.081119028338 0.0920617265 0.12298181294
Herato21 Herato2101 1275001.0 1275000.0 0.091246094206 0.08078530781 0.093073836992 0.095125754096
Herato21 Herato2101 1325001.0 1325000.0 0.072856117418 0.064024280402 0.073206147148 0.0784141106
Herato21 Herato2101 1375001.0 1375000.0 0.065092410786 0.0598226699855 0.0649091081274 0.0712714036895
Herato21 Herato2101 1425001.0 1425000.0 0.06557846328 0.0555283797 0.065265588318 0.078780984006
Herato21 Herato2101 1475001.0 1475000.0 0.0629706718434 0.0479663794901 0.0618482040042 0.087801769102
Herato21 Herato2101 1525001.0 1525000.0 0.0679420423876 0.0618041016688 0.0676427666358 0.074681648708
Herato21 Herato2101 1575001.0 1575000.0 0.08788200347 0.080281020424 0.08781248011 0.09526537646
Herato21 Herato2101 1625001.0 1625000.0 0.07148067855 0.067155793556 0.071838004036 0.07410763036
Herato21 Herato2101 1675001.0 1675000.0 0.132545440526 0.075822297293 0.126480453278 0.217419998197
Herato21 Herato2101 1725001.0 1725000.0 0.14195179834 0.0548926855964 0.128755547902 0.33955042525
Herato21 Herato2101 1775001.0 1775000.0 0.0288194072324 0.0247384095818 0.0286150613492 0.0334313481744
Herato21 Herato2101 1825001.0 1825000.0 0.055291297892 0.042736276324 0.055690344928 0.06298596346
Herato21 Herato2101 1875001.0 1875000.0 0.0318222585225 0.0277065528865 0.0317482181257 0.0369763704339
Herato21 Herato2101 1925001.0 1925000.0 0.0740313931764 0.0527170733628 0.0717254406306 0.104733434751
Herato21 Herato2101 1975001.0 1975000.0 0.0701919298408 0.0662624313752 0.0702621319828 0.0752234347872
Herato21 Herato2101 2025001.0 2025000.0 0.063905338348 0.051460889788 0.067018153968 0.07580911822
Herato21 Herato2101 2075001.0 2075000.0 0.05991539652 0.057652306 0.06000940028 0.06215348604
Herato21 Herato2101 2125001.0 2125000.0 0.08970120802 0.084282526798 0.0897255745568 0.094635325924
Herato21 Herato2101 2175001.0 2175000.0 0.078922480766 0.0719530114823 0.078944930716 0.08612223525
Herato21 Herato2101 2225001.0 2225000.0 0.08527917226 0.08095211916 0.08508443606 0.09103907184
Herato21 Herato2101 2275001.0 2275000.0 0.082336611568 0.0494876702146 0.0776262669846 0.144150940456
Herato21 Herato2101 2325001.0 2325000.0 0.059055123964 0.0515863153572 0.05761069362 0.071195891748
Herato21 Herato2101 2375001.0 2375000.0 0.0481102436708 0.0416130989978 0.0474387798319 0.0580470856346
Herato21 Herato2101 2425001.0 2425000.0 0.052704695795 0.046803582303 0.0519599295346 0.05913686601
Herato21 Herato2101 2475001.0 2475000.0 0.060247339632 0.055531915442 0.060366712636 0.065135536618
Herato21 Herato2101 2525001.0 2525000.0 0.059826512666 0.054696924686 0.059880839258 0.06474511132
Herato21 Herato2101 2575001.0 2575000.0 0.0555868385399 0.0409290254857 0.0538826555459 0.0793041380149
Herato21 Herato2101 2625001.0 2625000.0 0.041882730564 0.019443978025 0.0393345003044 0.079981632334
Herato21 Herato2101 2675001.0 2675000.0 0.06985304576 0.06245474818 0.0695200847 0.07963790788
Herato21 Herato2101 2725001.0 2725000.0 0.0601622379487 0.0437309009618 0.057865796305 0.0922754029294
Herato21 Herato2101 2775001.0 2775000.0 0.073219397334 0.060073704552 0.073985819738 0.083817447642
Herato21 Herato2101 2825001.0 2825000.0 0.077190555404 0.0701367500272 0.0756014924548 0.086701405444
Herato21 Herato2101 2875001.0 2875000.0 0.0781630528 0.07238486602 0.07829235238 0.08378968454
Herato21 Herato2101 2925001.0 2925000.0 0.08211834096 0.07635233756 0.0819233129 0.08835792242
Herato21 Herato2101 2975001.0 2975000.0 0.07311926168 0.06940660304 0.07320182376 0.07730269984
Herato21 Herato2101 3025001.0 3025000.0 0.0774948325 0.07164440538 0.077600973 0.08359429804
Herato21 Herato2101 3075001.0 3075000.0 0.0831310624 0.0792683045 0.0830879837 0.088206992
Herato21 Herato2101 3125001.0 3125000.0 0.044595641503 0.0410060649602 0.0443178228672 0.0492504731598
Herato21 Herato2101 3175001.0 3175000.0 0.051029042272 0.048857278398 0.050806477298 0.054216086816
Herato21 Herato2101 3225001.0 3225000.0 0.060743082636 0.056476542004 0.060454359824 0.0678765826
Herato21 Herato2101 3275001.0 3275000.0 0.110025016821 0.0590840909647 0.0994722270865 0.209583865569
Herato21 Herato2101 3325001.0 3325000.0 0.056731051882 0.0491078407608 0.0561743594846 0.0680445282346
Herato21 Herato2101 3375001.0 3375000.0 0.0427073412856 0.0358709393127 0.0421053314664 0.054099037451
Herato21 Herato2101 3425001.0 3425000.0 0.0497219542578 0.0449558880056 0.0497384425998 0.0549586210724
Herato21 Herato2101 3475001.0 3475000.0 0.053851118533 0.0474186378756 0.0536687160384 0.062028799642
Herato21 Herato2101 3525001.0 3525000.0 0.057782421426 0.049953736176 0.057395951628 0.06685689218
Herato21 Herato2101 3575001.0 3575000.0 0.067830631676 0.061903337546 0.068008348322 0.07428195882
Herato21 Herato2101 3625001.0 3625000.0 0.0472468721124 0.0409524451526 0.0471928898424 0.05468253103
Herato21 Herato2101 3675001.0 3675000.0 0.0390653778 0.036309219134 0.03855232126 0.04230514124
Herato21 Herato2101 3725001.0 3725000.0 0.0603840120666 0.0574967412522 0.0602163204104 0.063464829956
Herato21 Herato2101 3775001.0 3775000.0 0.05500159282 0.05336975108 0.05491120866 0.05702882994
Herato21 Herato2101 3825001.0 3825000.0 0.0531760842 0.0513262777 0.0530823783 0.0556622515
Herato21 Herato2101 3875001.0 3875000.0 0.05322886505 0.0487225779613 0.0527153734744 0.059991735988
Herato21 Herato2101 3925001.0 3925000.0 0.059565054734 0.055347500012 0.059710070552 0.063471408168
Herato21 Herato2101 3975001.0 3975000.0 0.06017723399 0.053094751698 0.059793429854 0.068897737698
Herato21 Herato2101 4025001.0 4025000.0 0.06385223834 0.06007469134 0.06381280298 0.06826862652
Herato21 Herato2101 4075001.0 4075000.0 0.06558121996 0.06129020164 0.06561254288 0.07012092452
Herato21 Herato2101 4125001.0 4125000.0 0.064622799834 0.0539090958956 0.0641929933614 0.07865238268
Herato21 Herato2101 4175001.0 4175000.0 0.0842985538512 0.032233792436 0.0805279943389 0.169630847379
Herato21 Herato2101 4225001.0 4225000.0 0.169394288427 0.0415021738297 0.147813064174 0.411439162894
Herato21 Herato2101 4275001.0 4275000.0 0.0532936033514 0.0437936300236 0.0525638315456 0.067285168616
Herato21 Herato2101 4325001.0 4325000.0 0.062218858284 0.0486301875514 0.0631771453062 0.079272418276
Herato21 Herato2101 4375001.0 4375000.0 0.058978354084 0.048617314088 0.05621821718 0.072059694104
Herato21 Herato2101 4425001.0 4425000.0 0.048274465088 0.0432501310856 0.048097027096 0.05417821688
Herato21 Herato2101 4475001.0 4475000.0 0.06221947843 0.0451911874817 0.0603781264812 0.089677033314
Herato21 Herato2101 4525001.0 4525000.0 0.0339216169711 0.0273241862085 0.0341433049045 0.0376815160922
Herato21 Herato2101 4575001.0 4575000.0 0.06019731816 0.0535241343226 0.060151681722 0.067860004122
Herato21 Herato2101 4625001.0 4625000.0 0.067548209724 0.0562966815556 0.065979060936 0.089298448436
Herato21 Herato2101 4675001.0 4675000.0 0.064558584938 0.057786172024 0.064235326472 0.072232993344
Herato21 Herato2101 4725001.0 4725000.0 0.046089229824 0.0437737551265 0.0458337558156 0.049818267658
Herato21 Herato2101 4775001.0 4775000.0 0.040118835293 0.032529960243 0.0398899345544 0.0499360774132
Herato21 Herato2101 4825001.0 4825000.0 0.0364397687394 0.0339625746273 0.0364530456136 0.0390565451738
Herato21 Herato2101 4875001.0 4875000.0 0.06560634176 0.06320190532 0.06568174902 0.0690847441
Herato21 Herato2101 4925001.0 4925000.0 0.034538807624 0.028847560148 0.034413660352 0.041704198878
Herato21 Herato2101 4975001.0 4975000.0 0.047414668604 0.044072122044 0.047211399024 0.051285481496
Herato21 Herato2101 5025001.0 5025000.0 0.06485398816 0.054767578854 0.064528879218 0.07695508424
Herato21 Herato2101 5075001.0 5075000.0 0.0530161413556 0.0443579057002 0.0532753067394 0.0623078161164
Herato21 Herato2101 5125001.0 5125000.0 0.05546008186 0.0475150549057 0.0550584420434 0.06493453235
Herato21 Herato2101 5175001.0 5175000.0 0.05165790634 0.047833620636 0.050815738196 0.06194817008
Herato21 Herato2101 5225001.0 5225000.0 0.0744853785708 0.0704841018765 0.0743627773678 0.0798884637034
Herato21 Herato2101 5275001.0 5275000.0 0.05991021422 0.0578145915 0.06004818938 0.06253774118
Herato21 Herato2101 5325001.0 5325000.0 0.062508663984 0.0568782090106 0.0630934685544 0.067685084988
Herato21 Herato2101 5375001.0 5375000.0 0.076349730056 0.064106737442 0.075703843552 0.093648973934
Herato21 Herato2101 5425001.0 5425000.0 0.0984149181066 0.0831022197214 0.0977825385668 0.11591896386
Herato21 Herato2101 5475001.0 5475000.0 0.0717691332 0.067049290096 0.071559874756 0.0762765985
Herato21 Herato2101 5525001.0 5525000.0 0.036886887536 0.0324730030114 0.0366077428522 0.0419893274
Herato21 Herato2101 5575001.0 5575000.0 0.048964505816 0.043239189388 0.049094021028 0.05523348427
Herato21 Herato2101 5625001.0 5625000.0 0.056005039256 0.051484590074 0.056150908902 0.060935024242
Herato21 Herato2101 5675001.0 5675000.0 0.034103013336 0.03240315946 0.033884274974 0.035440007882
Herato21 Herato2101 5725001.0 5725000.0 0.0421679228 0.04090062912 0.04173111888 0.04442338508
Herato21 Herato2101 5775001.0 5775000.0 0.0335110116678 0.0313344276453 0.033216244488 0.0368589061364
Herato21 Herato2101 5825001.0 5825000.0 0.0401020958359 0.0350524339929 0.0397906183748 0.0472765449689
Herato21 Herato2101 5875001.0 5875000.0 0.0441600634098 0.0417109673869 0.0437669108152 0.0482077493348
Herato21 Herato2101 5925001.0 5925000.0 0.064605065679 0.0463788458762 0.0642661762601 0.0918513070633
Herato21 Herato2101 5975001.0 5975000.0 0.047179957652 0.042786086384 0.047443284412 0.05014766271
Herato21 Herato2101 6025001.0 6025000.0 0.046419560346 0.041689464672 0.046843759364 0.048761697174
Herato21 Herato2101 6075001.0 6075000.0 0.048533578498 0.044644012254 0.048576684136 0.052624507118
Herato21 Herato2101 6125001.0 6125000.0 0.044510487914 0.039671306422 0.044475363478 0.04941786644
Herato21 Herato2101 6175001.0 6175000.0 0.02516041822 0.02148970741 0.025102869624 0.028644284648
Herato21 Herato2101 6225001.0 6225000.0 0.056010371022 0.049826894116 0.056007515104 0.062115697238
Herato21 Herato2101 6275001.0 6275000.0 0.058619786354 0.049621294612 0.05912731606 0.065013164572
Herato21 Herato2101 6325001.0 6325000.0 0.0380102741958 0.033704824871 0.0378537553988 0.0439208362132
Herato21 Herato2101 6375001.0 6375000.0 0.046146179278 0.038282909064 0.045320281182 0.059652409898
Herato21 Herato2101 6425001.0 6425000.0 0.047256638648 0.042182554022 0.047024013644 0.054168497476
Herato21 Herato2101 6475001.0 6475000.0 0.0763452528995 0.0537516890866 0.0732085178583 0.120488347829
Herato21 Herato2101 6525001.0 6525000.0 0.0536135435192 0.0425898582333 0.0526000890848 0.0683812953348
Herato21 Herato2101 6575001.0 6575000.0 0.0422872578396 0.0232160227221 0.0407047261464 0.0736835991686
Herato21 Herato2101 6625001.0 6625000.0 0.0171962176226 0.0156201519989 0.0171569679898 0.0194486410972
Herato21 Herato2101 6675001.0 6675000.0 0.0280813576373 0.0246606089735 0.0277987180845 0.0318484005698
Herato21 Herato2101 6725001.0 6725000.0 0.0521114757372 0.0303144838772 0.0504131932946 0.083560606024
Herato21 Herato2101 6775001.0 6775000.0 0.03503663064 0.0306690711856 0.0346216227268 0.0401169438548
Herato21 Herato2101 6825001.0 6825000.0 0.0317158764894 0.0235870886962 0.0304935744474 0.0465920281432
Herato21 Herato2101 6875001.0 6875000.0 0.0262857904933 0.0217217948928 0.0262391202395 0.0312042468094
Herato21 Herato2101 6925001.0 6925000.0 0.044299789484 0.0401506569974 0.04424683374 0.049891527556
Herato21 Herato2101 6975001.0 6975000.0 0.0507736491411 0.0342102050243 0.0465873743431 0.084155019411
Herato21 Herato2101 7025001.0 7025000.0 0.0483263742486 0.031229338254 0.0456475257596 0.0848359470804
Herato21 Herato2101 7075001.0 7075000.0 0.0299176541886 0.0198396197138 0.0287802811026 0.0447354981036
Herato21 Herato2101 7125001.0 7125000.0 0.0381450286432 0.0318328523521 0.037904222365 0.046568961683
Herato21 Herato2101 7175001.0 7175000.0 0.0786767995944 0.0408429366995 0.0813384871954 0.135164297447
Herato21 Herato2101 7225001.0 7225000.0 0.0256527298558 0.0212893627025 0.025423146621 0.0309718031092
Herato21 Herato2101 7275001.0 7275000.0 0.041413381372 0.037030984802 0.04140445998 0.04550519722
Herato21 Herato2101 7325001.0 7325000.0 0.049024610282 0.041300457006 0.049007820476 0.057723879138
Herato21 Herato2101 7375001.0 7375000.0 0.044022891366 0.0383037164106 0.043872948952 0.051232263314
Herato21 Herato2101 7425001.0 7425000.0 0.055082879022 0.041957350824 0.055066842762 0.068070031796
Herato21 Herato2101 7475001.0 7475000.0 0.044956363972 0.042388784348 0.045011791684 0.04765320238
Herato21 Herato2101 7525001.0 7525000.0 0.067755428722 0.040823075076 0.066832502522 0.108860964864
Herato21 Herato2101 7575001.0 7575000.0 0.0488416399593 0.0429526195023 0.0487157393612 0.055676473937
Herato21 Herato2101 7625001.0 7625000.0 0.0416886272466 0.031811350993 0.040526575514 0.0578009687888
Herato21 Herato2101 7675001.0 7675000.0 0.0653324442 0.06140809696 0.06524002054 0.0699031928
Herato21 Herato2101 7725001.0 7725000.0 0.1017520016 0.0998758368 0.1014825524 0.1051650248
Herato21 Herato2101 7775001.0 7775000.0 0.0705226316266 0.0647059401588 0.0705800031828 0.07644758986
Herato21 Herato2101 7825001.0 7825000.0 0.0768891914 0.069769467746 0.076887792564 0.085218907616
Herato21 Herato2101 7875001.0 7875000.0 0.068790609484 0.0528531801942 0.0683184992873 0.0883264125423
Herato21 Herato2101 7925001.0 7925000.0 0.081351159328 0.073134177004 0.081085059414 0.092555912172
Herato21 Herato2101 7975001.0 7975000.0 0.06071239996 0.05679042086 0.06103084388 0.06478604344
Herato21 Herato2101 8025001.0 8025000.0 0.07451991616 0.06783152704 0.07214336384 0.08848316192
Herato21 Herato2101 8075001.0 8075000.0 0.066067662934 0.0516173549638 0.068398910544 0.07464329714
Herato21 Herato2101 8125001.0 8125000.0 0.0515771886038 0.0466536498288 0.0514272091146 0.0571490552772
Herato21 Herato2101 8175001.0 8175000.0 0.05593074394 0.05171621994 0.05611700632 0.0609290513
Herato21 Herato2101 8225001.0 8225000.0 0.059958870234 0.0557573152 0.059855564866 0.063822821756
Herato21 Herato2101 8275001.0 8275000.0 0.054833129926 0.042390591338 0.053655452578 0.07665234412
Herato21 Herato2101 8325001.0 8325000.0 0.0319105014128 0.0269792200919 0.031355828744 0.0397923250144
Herato21 Herato2101 8375001.0 8375000.0 0.03965887416 0.03745908056 0.03944969808 0.04208775298
Herato21 Herato2101 8425001.0 8425000.0 0.038284625718 0.03434368862 0.038494222846 0.042514177216
Herato21 Herato2101 8475001.0 8475000.0 0.053625624146 0.038460067818 0.05332819831 0.072673949968
Herato21 Herato2101 8525001.0 8525000.0 0.047548180936 0.0365953798105 0.0456529005632 0.0627281442376
Herato21 Herato2101 8575001.0 8575000.0 0.048928682556 0.0431745345158 0.048307293664 0.057268884076
Herato21 Herato2101 8625001.0 8625000.0 0.056859029272 0.053275123636 0.056461438954 0.063211679438
Herato21 Herato2101 8675001.0 8675000.0 0.0509876765848 0.0402121245005 0.049738270151 0.069481547212
Herato21 Herato2101 8725001.0 8725000.0 0.0424682283736 0.0380694916668 0.0423927419116 0.04708475405
Herato21 Herato2101 8775001.0 8775000.0 0.056635347082 0.0498268648071 0.05650729353 0.064570517402
Herato21 Herato2101 8825001.0 8825000.0 0.054552464104 0.0445680304424 0.054387785073 0.065632781302
Herato21 Herato2101 8875001.0 8875000.0 0.06319779265 0.0587765701282 0.063514065116 0.068281400996
Herato21 Herato2101 8925001.0 8925000.0 0.08526955836 0.08068372636 0.08513098648 0.09078252596
Herato21 Herato2101 8975001.0 8975000.0 0.08566074264 0.08033126764 0.08539420804 0.09154412864
Herato21 Herato2101 9025001.0 9025000.0 0.0741549861072 0.0679873533581 0.0743689106674 0.07902015546
Herato21 Herato2101 9075001.0 9075000.0 0.1002531816 0.09545811704 0.1001733304 0.1042257788
Herato21 Herato2101 9125001.0 9125000.0 0.06718492742 0.0616552035 0.06758669394 0.07233640668
Herato21 Herato2101 9175001.0 9175000.0 0.0670531171592 0.0598627721363 0.0673951657099 0.0755157242098
Herato21 Herato2101 9225001.0 9225000.0 0.023755818925 0.0211710386362 0.0235889251526 0.026746873494
Herato21 Herato2101 9275001.0 9275000.0 0.06662922314 0.0630349974 0.06667720696 0.07029601876
Herato21 Herato2101 9325001.0 9325000.0 0.0385781285336 0.0273494680164 0.0377609161626 0.0544567489208
Herato21 Herato2101 9375001.0 9375000.0 0.0217879125272 0.0169789694594 0.021920652727 0.026212801175
Herato21 Herato2101 9425001.0 9425000.0 0.0104758940058 0.009368012845 0.0105175856408 0.0117179596508
Herato21 Herato2101 9475001.0 9475000.0 0.005566334756 0.004939700854 0.005640889014 0.00622416992
Herato21 Herato2101 9525001.0 9525000.0 0.0062447897212 0.0050044112592 0.0061317110534 0.0079381031888
Herato21 Herato2101 9575001.0 9575000.0 0.051205193389 0.042597834156 0.0507166463523 0.061588835847
Herato21 Herato2101 9625001.0 9625000.0 0.044396595388 0.036811593918 0.043647176554 0.056021628492
Herato21 Herato2101 9675001.0 9675000.0 0.057540937018 0.051733937044 0.057373809922 0.0635046426
Herato21 Herato2101 9725001.0 9725000.0 0.05093787456 0.0473494148792 0.051015113862 0.053587066162
Herato21 Herato2101 9775001.0 9775000.0 0.0319214763771 0.0276927458531 0.0318082146271 0.0363929358415
Herato21 Herato2101 9825001.0 9825000.0 0.039621377634 0.0351707969336 0.0396816062744 0.044636042302
Herato21 Herato2101 9875001.0 9875000.0 0.0556599340862 0.0446657414468 0.0548495874859 0.0717044044028
Herato21 Herato2101 9925001.0 9925000.0 0.0435174773216 0.038968023591 0.043642322707 0.047604959288
Herato21 Herato2101 9975001.0 9975000.0 0.06572853793 0.060798652648 0.065702500684 0.07178368008
Herato21 Herato2101 10025001.0 10025000.0 0.0509282000884 0.0397729109292 0.0494003662736 0.0707760657904
Herato21 Herato2101 10075001.0 10075000.0 0.03181306315 0.027388039078 0.031406414882 0.039472411646
Herato21 Herato2101 10125001.0 10125000.0 0.0406142454802 0.0315148628319 0.0397805216726 0.055599027718
Herato21 Herato2101 10175001.0 10175000.0 0.017914924218 0.016445281642 0.017889008008 0.019484924848
Herato21 Herato2101 10225001.0 10225000.0 0.0479757495678 0.0417241752223 0.047573213738 0.054765562184
Herato21 Herato2101 10275001.0 10275000.0 0.06128430873 0.048669296182 0.059343397314 0.083013785182
Herato21 Herato2101 10325001.0 10325000.0 0.06274208689 0.056822974726 0.063089710916 0.0683941922
Herato21 Herato2101 10375001.0 10375000.0 0.04967189478 0.04627486934 0.05027236414 0.05060916382
Herato21 Herato2101 10425001.0 10425000.0 0.0418418137388 0.0373510464358 0.0416158956132 0.0488715153208
Herato21 Herato2101 10475001.0 10475000.0 0.03610540335 0.032688478548 0.036045952026 0.03998107526
Herato21 Herato2101 10525001.0 10525000.0 0.0481961278156 0.0328275891644 0.047704974084 0.0657749485712
Herato21 Herato2101 10575001.0 10575000.0 0.039570228092 0.0351332080582 0.0396150974942 0.044375128856
Herato21 Herato2101 10625001.0 10625000.0 0.08338063204 0.0785175494 0.08333034982 0.08856946576
Herato21 Herato2101 10675001.0 10675000.0 0.06841975844 0.06004626312 0.0672992464 0.08267196714
Herato21 Herato2101 10725001.0 10725000.0 0.0558193328893 0.043010648191 0.054788824168 0.0777074289684
Herato21 Herato2101 10775001.0 10775000.0 0.0456638859708 0.0425756031609 0.045494858753 0.0490616379564
Herato21 Herato2101 10825001.0 10825000.0 0.050234749422 0.048038698716 0.049961299422 0.05315113485
Herato21 Herato2101 10875001.0 10875000.0 0.042274438464 0.039178949922 0.042015796988 0.046772997476
Herato21 Herato2101 10925001.0 10925000.0 0.06247056531 0.057461211076 0.062605633486 0.066579763428
Herato21 Herato2101 10975001.0 10975000.0 0.06786529564 0.06084835848 0.06684620166 0.08096336776
Herato21 Herato2101 11025001.0 11025000.0 0.074058291776 0.067276356098 0.074047043556 0.07877593474
Herato21 Herato2101 11075001.0 11075000.0 0.09298234168 0.08822577404 0.09303351916 0.09730401656
Herato21 Herato2101 11125001.0 11125000.0 0.099166940378 0.094098533838 0.099019812346 0.106274041906
Herato21 Herato2101 11175001.0 11175000.0 0.0854990467132 0.0787450043619 0.0855042870888 0.0935492149008
Herato21 Herato2101 11225001.0 11225000.0 0.085763652774 0.080591545058 0.08534733393 0.092241576656
Herato21 Herato2101 11275001.0 11275000.0 0.081153901 0.07678018792 0.08094778064 0.08626651436
Herato21 Herato2101 11325001.0 11325000.0 0.057204154147 0.0543691327326 0.0573797239794 0.060009814714
Herato21 Herato2101 11375001.0 11375000.0 0.0685632300898 0.0617166036471 0.0686493968012 0.0758414475968
Herato21 Herato2101 11425001.0 11425000.0 0.06652708048 0.06141723246 0.06665267674 0.07096367986
Herato21 Herato2101 11475001.0 11475000.0 0.06668164935 0.054392375158 0.0649758313 0.091836344264
Herato21 Herato2101 11525001.0 11525000.0 0.043293234599 0.0414706080736 0.0430553285766 0.046051973486
Herato21 Herato2101 11575001.0 11575000.0 0.04666663127 0.037752900184 0.046365073244 0.057830033346
Herato21 Herato2101 11625001.0 11625000.0 0.04979231566 0.04791975708 0.04980854136 0.0513518155
Herato21 Herato2101 11675001.0 11675000.0 0.056125717668 0.045167362252 0.054829694824 0.072165203064
Herato21 Herato2101 11725001.0 11725000.0 0.05116531918 0.0432524650908 0.049941285267 0.06666536831
Herato21 Herato2101 11775001.0 11775000.0 0.069874347174 0.064495461128 0.069788174078 0.076200596984
Herato21 Herato2101 11825001.0 11825000.0 0.066794056084 0.061957605088 0.066629955656 0.072445507446
Herato21 Herato2101 11875001.0 11875000.0 0.048318528654 0.043897090272 0.048113587942 0.053256670148
Herato21 Herato2101 11925001.0 11925000.0 0.074118025262 0.063574348706 0.07316675269 0.09170796499
Herato21 Herato2101 11975001.0 11975000.0 0.0536096303762 0.0492569359758 0.0534437879008 0.059097543312
Herato21 Herato2101 12025001.0 12025000.0 0.0654164603388 0.0589533239069 0.0653631456836 0.073885691728
Herato21 Herato2101 12075001.0 12075000.0 0.0551128781174 0.0401033844088 0.0533109981592 0.0808217156262
Herato21 Herato2101 12125001.0 12125000.0 0.042958401352 0.033729713898 0.042943709898 0.05397953526
Herato21 Herato2101 12175001.0 12175000.0 0.01239122088 0.01131194034 0.01255626378 0.013203432
Herato21 Herato2101 12225001.0 12225000.0 0.031595059 0.029454263078 0.031565413018 0.03410314313
Herato21 Herato2101 12275001.0 12275000.0 0.0675345755156 0.0587923124962 0.0670620973334 0.0779921708828
Herato21 Herato2101 12325001.0 12325000.0 0.0507398033874 0.0468835996012 0.0505809907634 0.0546654626634
Herato21 Herato2101 12375001.0 12375000.0 0.0584414629 0.05457415536 0.05893882572 0.06194602078
Herato21 Herato2101 12425001.0 12425000.0 0.058329894118 0.054271729862 0.058441153838 0.061010346194
Herato21 Herato2101 12475001.0 12475000.0 0.058609668636 0.0492823531619 0.0580971109994 0.072032354592
Herato21 Herato2101 12525001.0 12525000.0 0.0655348941139 0.0572072641901 0.0651453257862 0.0751994592714
Herato21 Herato2101 12575001.0 12575000.0 0.0624824759014 0.0554916620037 0.0621116676268 0.0705119593196
Herato21 Herato2101 12625001.0 12625000.0 0.08254493138 0.06433330284 0.08114947554 0.1108762782
Herato21 Herato2101 12675001.0 12675000.0 0.053746578208 0.0509762895726 0.0533335659158 0.0577646416432
Herato21 Herato2101 12725001.0 12725000.0 0.0848964250659 0.0770229794615 0.084861977589 0.0930401581432
Herato21 Herato2101 12775001.0 12775000.0 0.07920233504 0.073148737806 0.07920723168 0.08415944452
Herato21 Herato2101 12825001.0 12825000.0 0.077520848 0.07493748572 0.07730906424 0.08145283328
Herato21 Herato2101 12875001.0 12875000.0 0.07248250482 0.06934301832 0.0727469132 0.07583385908
Herato21 Herato2101 12925001.0 12925000.0 0.03067871687 0.029054647326 0.030748749286 0.032786519562
Herato21 Herato2101 12975001.0 12975000.0 0.078545027384 0.066264288778 0.077538119922 0.096252586104
Herato21 Herato2101 13025001.0 13025000.0 0.08423352572 0.07742206438 0.08403292038 0.0934478916
Herato21 Herato2101 13075001.0 13075000.0 0.0652384730106 0.0444776267828 0.0637143108164 0.0977603285588
Herato21 Herato2101 13125001.0 13125000.0 0.03889147954 0.03330502972 0.03899223354 0.04328675922
Herato21 Herato2101 13175001.0 13175000.0 0.0329426736454 0.0241042197017 0.032788554029 0.043488283003
Herato21 Herato2101 13225001.0 13225000.0 0.08116709422 0.07502520778 0.08095915288 0.0883185215
Herato21 Herato2101 13275001.0 13275000.0 0.0663011056 0.0610615302 0.06614452016 0.07388049554
Herato21 Herato2101 13325001.0 13325000.0 0.111637387154 0.0956256269402 0.110355617088 0.136665321044
Herato21 Herato2101 13375001.0 13375000.0 0.072859813992 0.0622196347768 0.073486926172 0.083562660986
Herato21 Herato2101 13425001.0 13425000.0 0.06415036028 0.06087826878 0.0643420818 0.06595085378
Herato21 Herato2101 13475001.0 13475000.0 0.06936860574 0.06680840586 0.06913340364 0.07241021928
Herato21 Herato2101 13525001.0 13525000.0 0.032543044207 0.0300806145392 0.0322575891698 0.035677177352
Herato21 Herato2101 13575001.0 13575000.0 0.0501556880989 0.0369890079706 0.0487611453113 0.0737593075388
Herato21 Herato2101 13625001.0 13625000.0 0.051560573252 0.045225208712 0.051247458074 0.061046451438
Herato21 Herato2101 13675001.0 13675000.0 0.062259340578 0.049766684612 0.061684056662 0.079629338434
Herato21 Herato2101 13725001.0 13725000.0 0.0600777103078 0.052622653445 0.0597124360018 0.0686939617092
Herato21 Herato2101 13775001.0 13775000.0 0.0252113361106 0.0187591059811 0.0246377600134 0.0352248895214
Herato21 Herato2101 13825001.0 13825000.0 0.050787921 0.04855418068 0.05027567498 0.05326429374
Herato21 Herato2101 13875001.0 13875000.0 0.054393025488 0.0509357231118 0.053922833136 0.058339687428
Herato21 Herato2101 13925001.0 13925000.0 0.0693435786672 0.0626731261105 0.0689694574455 0.0775554951008
Herato21 Herato2101 13975001.0 13975000.0 0.0981031478 0.09283625234 0.0980323396 0.1020401692
Herato21 Herato2101 14025001.0 14025000.0 0.07285167559 0.067355970796 0.072912438604 0.078098602442
Herato21 Herato2101 14075001.0 14075000.0 0.07787667914 0.06959610924 0.07905413044 0.08844641604
Herato21 Herato2101 14125001.0 14125000.0 0.0916442982 0.0871529919 0.0916292637 0.0997759581
Herato21 Herato2101 14175001.0 14175000.0 0.07968991366 0.070509928288 0.079459901164 0.08955626785
Herato21 Herato2101 14225001.0 14225000.0 0.0767635192 0.0704478719 0.07640642872 0.0842261579
Herato21 Herato2101 14275001.0 14275000.0 0.0787397769 0.073285908446 0.0782658496918 0.086446354032
Herato21 Herato2101 14325001.0 14325000.0 0.073000658426 0.066672275488 0.072846080016 0.08000525894
Herato21 Herato2101 14375001.0 14375000.0 0.04746072887 0.042462529482 0.047235007082 0.05432071068
Herato21 Herato2101 14425001.0 14425000.0 0.05946375484 0.045241431156 0.06018965654 0.07430234634
Herato21 Herato2101 14475001.0 14475000.0 0.0623887771842 0.054017692347 0.0618753326448 0.0723230832032
Herato21 Herato2101 14525001.0 14525000.0 0.0846447249659 0.0556475894698 0.0813505738026 0.140162423213
Herato21 Herato2101 14575001.0 14575000.0 0.0941980660455 0.0807333357478 0.0936794639098 0.108812374517
Herato21 Herato2101 14625001.0 14625000.0 0.0673878429888 0.0612043613402 0.067350211831 0.073495250272
Herato21 Herato2101 14675001.0 14675000.0 0.050892794336 0.047626014902 0.050844307978 0.053863099622
Herato21 Herato2101 14725001.0 14725000.0 0.06664816404 0.06257131504 0.06672610404 0.0693423385
Herato21 Herato2101 14775001.0 14775000.0 0.0826965025704 0.0715560558613 0.0824025006909 0.0948983753236
Herato21 Herato2101 14825001.0 14825000.0 0.0724734506562 0.0549405974844 0.0716299342822 0.095126741391
Herato21 Herato2101 14875001.0 14875000.0 0.081617456052 0.069500449998 0.081461480242 0.095193898984
Herato21 Herato2101 14925001.0 14925000.0 0.43506355918 0.232858621862 0.39733170066 0.78272477948
Herato21 Herato2101 14975001.0 14975000.0 0.057553313758 0.052323746254 0.057583094314 0.063564691402
Herato21 Herato2101 15025001.0 15025000.0 0.0524976556072 0.0454807121859 0.0516464548388 0.062161805174
Herato21 Herato2101 15075001.0 15075000.0 0.071632762818 0.0634484503438 0.071845955096 0.08116368326
Herato21 Herato2101 15125001.0 15125000.0 0.0649310122676 0.040687878098 0.0611012562962 0.111907079523
Herato21 Herato2101 15175001.0 15175000.0 0.072538072574 0.0638351976099 0.0721483120438 0.082379764078
Herato21 Herato2101 15225001.0 15225000.0 0.063164319526 0.057393312476 0.062805556072 0.069835053866
Herato21 Herato2101 15275001.0 15275000.0 0.0691718731758 0.0654742214888 0.0690493177388 0.0727116493674
Herato21 Herato2101 15325001.0 15325000.0 0.1006320852 0.093084539258 0.10027054962 0.10848867606
Herato21 Herato2101 15375001.0 15375000.0 0.08286631452 0.07891115632 0.08281631252 0.08696947864
Herato21 Herato2101 15425001.0 15425000.0 0.074601035588 0.0679244745012 0.074355850551 0.0820505845928
Herato21 Herato2101 15475001.0 15475000.0 0.044854270958 0.0396974366509 0.0444516729072 0.051221693358
Herato21 Herato2101 15525001.0 15525000.0 0.0368294457203 0.0301760048151 0.0364020938458 0.0456969333322
Herato21 Herato2101 15575001.0 15575000.0 0.093231582354 0.084139691638 0.09381386831 0.09790791196
Herato21 Herato2101 15625001.0 15625000.0 0.0951298181 0.0883156875 0.0954235565 0.1001412316
Herato21 Herato2101 15675001.0 15675000.0 0.0699740149186 0.0633008756185 0.070051498755 0.0776505548216
Herato21 Herato2101 15725001.0 15725000.0 0.0569578815856 0.0518310708475 0.0568521603 0.062813267012
Herato21 Herato2101 15775001.0 15775000.0 0.0464684798144 0.040861118538 0.0464885166038 0.0524689393304
Herato21 Herato2101 15825001.0 15825000.0 0.0525520901756 0.0447601994838 0.0518149280584 0.0666315803728
Herato21 Herato2101 15875001.0 15875000.0 0.06031980768 0.05769762012 0.06017360316 0.06287458926
Herato21 Herato2101 15925001.0 15925000.0 0.07311380922 0.068015210226 0.07272634774 0.07903064073
Herato21 Herato2101 15975001.0 15975000.0 0.078345737278 0.071038464398 0.078449763672 0.086283112776
Herato21 Herato2101 16025001.0 16025000.0 0.06341122536 0.0612016128 0.06324664716 0.06724009224
Herato21 Herato2101 16075001.0 16075000.0 0.097798300058 0.0899934206657 0.097477116844 0.1072390365
Herato21 Herato2101 16125001.0 16125000.0 0.06682057038 0.062539275334 0.066688666044 0.071421166088
Herato21 Herato2101 16175001.0 16175000.0 0.059534326317 0.0544649892703 0.0594229647508 0.064793397053
Herato21 Herato2101 16225001.0 16225000.0 0.092110614156 0.085725542424 0.092122589468 0.09724331503
Herato21 Herato2101 16275001.0 16275000.0 0.1045531397 0.09676961094 0.10500600774 0.11281981402
Herato21 Herato2101 16325001.0 16325000.0 0.053092355872 0.048798152964 0.05281603425 0.057925013612
Herato21 Herato2101 16375001.0 16375000.0 0.0789364900808 0.0713869522414 0.0786728829922 0.0882126260772
Herato21 Herato2101 16425001.0 16425000.0 0.0277414948922 0.0245137124796 0.0278148387338 0.0310170440394
Herato21 Herato2101 16475001.0 16475000.0 0.04035557454 0.0336873524488 0.03988331446 0.0480893388
Herato21 Herato2101 16525001.0 16525000.0 0.064580302177 0.0613949231851 0.0642752630596 0.068893399658
Herato21 Herato2101 16575001.0 16575000.0 0.101588308327 0.0908815070106 0.101067351427 0.114457217489
Herato21 Herato2101 16625001.0 16625000.0 0.09212573816 0.08686200358 0.09236232668 0.0977938274
Herato21 Herato2101 16675001.0 16675000.0 0.065816787646 0.062705200124 0.065907805156 0.06938025954
Herato21 Herato2101 16725001.0 16725000.0 0.06704829476 0.06259386154 0.06745758348 0.07167679204
Herato21 Herato2101 16775001.0 16775000.0 0.054518956594 0.048596459019 0.0544282166916 0.06029393716
Herato21 Herato2101 16825001.0 16825000.0 0.0694304979014 0.0600190119552 0.0694598366354 0.0807255866904
Herato21 Herato2101 16875001.0 16875000.0 0.08868800146 0.08406866634 0.08871910422 0.0937520487
Herato21 Herato2101 16925001.0 16925000.0 0.07829599112 0.073839776018 0.078324018876 0.083033809792
Herato21 Herato2101 16975001.0 16975000.0 0.066565503544 0.054596927266 0.065745069906 0.081258068586
Herato21 Herato2101 17025001.0 17025000.0 0.061914355218 0.060255806124 0.061570790678 0.065623785118
Herato21 Herato2101 17075001.0 17075000.0 0.0379915058228 0.0308754631703 0.0365795552791 0.0502048775668
Herato21 Herato2101 17125001.0 17125000.0 0.0240265445787 0.0211539386577 0.0237818463972 0.0277245912996
Herato21 Herato2101 17175001.0 17175000.0 0.062656367048 0.044957008646 0.06055140915 0.09408223028
Herato21 Herato2101 17225001.0 17225000.0 0.06059869668 0.0488646137124 0.0589151043592 0.0822771794448
Herato21 Herato2101 17275001.0 17275000.0 0.064579612964 0.0417628858258 0.060496705374 0.113277361558
Herato21 Herato2101 17325001.0 17325000.0 0.0619773602268 0.0465411842882 0.0600531366736 0.0847989196852
Herato21 Herato2101 17375001.0 17375000.0 0.03825011809 0.0321035389576 0.037970485116 0.043675448804
