chrom scaffold Cposition position mean p0025 p0500 p0975
Herato12 Herato1201 25001.0 25000.0 0.0478214180092 0.0409418614097 0.0471180266458 0.0585316964646
Herato12 Herato1201 75001.0 75000.0 0.0310157624722 0.0277745867723 0.030916648332 0.034538884545
Herato12 Herato1201 125001.0 125000.0 0.0668341581436 0.0415465532837 0.0620047428558 0.113872603554
Herato12 Herato1201 175001.0 175000.0 0.02155460274 0.018471516974 0.021589836002 0.024554645702
Herato12 Herato1201 225001.0 225000.0 0.040574929416 0.035799393856 0.040284305486 0.046498859156
Herato12 Herato1201 275001.0 275000.0 0.040738072608 0.0359978995642 0.04053823341 0.046914649292
Herato12 Herato1201 325001.0 325000.0 0.0311178390364 0.0256948117879 0.0307008091326 0.0403426277652
Herato12 Herato1201 375001.0 375000.0 0.0259529204853 0.0225690799298 0.025833158269 0.0297189302531
Herato12 Herato1201 425001.0 425000.0 0.046643276393 0.041458233663 0.0462092719088 0.0543306897882
Herato12 Herato1201 475001.0 475000.0 0.089322324124 0.078598891004 0.08825159603 0.104369934586
Herato12 Herato1201 525001.0 525000.0 0.050062707508 0.03438134363 0.048246670398 0.079388850488
Herato12 Herato1201 575001.0 575000.0 0.0274598296726 0.0241061843561 0.027318441026 0.0320745384024
Herato12 Herato1201 625001.0 625000.0 0.0362811147505 0.0233582603871 0.0357883126224 0.0581148547529
Herato12 Herato1201 650865.0 675000.0 0.0690034693287 0.0591102552083 0.0691037864583 0.0812116927083
Herato12 Herato1202 676730.0 25000.0 0.0251468212066 0.0203863980993 0.025411759108 0.030936232382
Herato12 Herato1202 726730.0 75000.0 0.0122402113332 0.0111015237172 0.0122161023624 0.0135832321442
Herato12 Herato1202 776730.0 125000.0 0.0202220742132 0.0188530231106 0.0201413814896 0.021829608486
Herato12 Herato1202 826730.0 175000.0 0.031429207366 0.027877384694 0.030772636818 0.03594651008
Herato12 Herato1202 876730.0 225000.0 0.0390901652764 0.0362770392278 0.0390722234246 0.0421291385692
Herato12 Herato1202 926730.0 275000.0 0.033449250032 0.0262101143238 0.032776633772 0.043610679876
Herato12 Herato1202 976730.0 325000.0 0.0489358260778 0.0388248894405 0.0484927142821 0.0614372615592
Herato12 Herato1202 1026730.0 375000.0 0.0346012557954 0.0275233781824 0.0343180177966 0.0424537266362
Herato12 Herato1202 1076730.0 425000.0 0.0222781306213 0.0204569414511 0.02218092317 0.0244297824656
Herato12 Herato1202 1126730.0 475000.0 0.0292578358778 0.0263124681439 0.0292913994502 0.0325704199756
Herato12 Herato1202 1176730.0 525000.0 0.03712899884 0.033197294768 0.036845771506 0.041150773484
Herato12 Herato1202 1226730.0 575000.0 0.0326955844018 0.030079199091 0.0327711236723 0.0356862611797
Herato12 Herato1202 1276730.0 625000.0 0.051420159316 0.0402495207024 0.049687941636 0.083043300726
Herato12 Herato1202 1326730.0 675000.0 0.045158427956 0.035808169896 0.043007899176 0.061114404806
Herato12 Herato1202 1376730.0 725000.0 0.026952625234 0.02350586129 0.026951205192 0.0306921057
Herato12 Herato1202 1426730.0 775000.0 0.045717968292 0.038679603736 0.045547344316 0.053093208732
Herato12 Herato1202 1476730.0 825000.0 0.036806588078 0.032804413496 0.036805363862 0.041051240214
Herato12 Herato1202 1526730.0 875000.0 0.062338153344 0.055621832752 0.061892308766 0.06818032532
Herato12 Herato1202 1576730.0 925000.0 0.0544815888394 0.0452300049008 0.0540047596064 0.0657948383904
Herato12 Herato1202 1626730.0 975000.0 0.042413565448 0.03681275072 0.042171099056 0.049559584824
Herato12 Herato1202 1676730.0 1025000.0 0.05901071009 0.048685362378 0.058478635516 0.073151521688
Herato12 Herato1202 1726730.0 1075000.0 0.04801000318 0.036140976496 0.05111108316 0.06315790494
Herato12 Herato1202 1776730.0 1125000.0 0.0379346732122 0.0347090484966 0.0378779829396 0.0417232185644
Herato12 Herato1202 1826730.0 1175000.0 0.03134949041 0.024954256268 0.031296410914 0.040364822346
Herato12 Herato1202 1876730.0 1225000.0 0.0547459079 0.049873878066 0.054483694698 0.060953062722
Herato12 Herato1202 1926730.0 1275000.0 0.07610035811 0.0710544413794 0.07576134914 0.08134356984
Herato12 Herato1202 1976730.0 1325000.0 0.039813263923 0.0342484589344 0.0396665784266 0.046570511129
Herato12 Herato1202 2026730.0 1375000.0 0.041685523734 0.0376883297684 0.041689933802 0.045392406718
Herato12 Herato1202 2076730.0 1425000.0 0.03463759426 0.031719315178 0.034378437722 0.03924750518
Herato12 Herato1202 2126730.0 1475000.0 0.03560754639 0.023668786716 0.031777724258 0.062581966324
Herato12 Herato1202 2176730.0 1525000.0 0.029175462286 0.0265708719 0.02916586464 0.032125851112
Herato12 Herato1202 2226730.0 1575000.0 0.0342807924 0.0308389421 0.034188498 0.03893005674
Herato12 Herato1202 2276730.0 1625000.0 0.026222944668 0.022285406317 0.025979458914 0.03136501519
Herato12 Herato1202 2326730.0 1675000.0 0.017806540482 0.016412863865 0.0178374267894 0.0193550100276
Herato12 Herato1202 2376730.0 1725000.0 0.039416739532 0.037205905128 0.03920602804 0.041888882138
Herato12 Herato1202 2426730.0 1775000.0 0.0593666471584 0.0557999567354 0.0591450509814 0.063452947583
Herato12 Herato1202 2476730.0 1825000.0 0.046828627049 0.0420008891741 0.046518824446 0.052656476862
Herato12 Herato1202 2526730.0 1875000.0 0.03697823603 0.033604899116 0.036790000678 0.040745415028
Herato12 Herato1202 2576730.0 1925000.0 0.0112183522288 0.00914440345892 0.0110700108664 0.0139066769748
Herato12 Herato1202 2626730.0 1975000.0 0.0151158348248 0.0141093388558 0.0151106306896 0.0162003552328
Herato12 Herato1202 2676730.0 2025000.0 0.024182455842 0.020248195696 0.02434000453 0.027864633076
Herato12 Herato1202 2726730.0 2075000.0 0.0289187381427 0.025954967043 0.0288274486756 0.0321756991724
Herato12 Herato1202 2776730.0 2125000.0 0.038997689288 0.035081828622 0.038870120012 0.04353526824
Herato12 Herato1202 2826730.0 2175000.0 0.04677335184 0.04166024476 0.0463719112 0.05308363184
Herato12 Herato1202 2876730.0 2225000.0 0.040264965528 0.035968875592 0.039866657122 0.046102812956
Herato12 Herato1202 2926730.0 2275000.0 0.045784338414 0.0386000616264 0.045475250936 0.054036429968
Herato12 Herato1202 2976730.0 2325000.0 0.035820218596 0.033716693476 0.035669154264 0.038485347492
Herato12 Herato1202 3026730.0 2375000.0 0.0447922426 0.03871239118 0.04433194524 0.05212181728
Herato12 Herato1202 3076730.0 2425000.0 0.036941567614 0.031670770292 0.036673936192 0.043583418192
Herato12 Herato1202 3126730.0 2475000.0 0.0446542703936 0.0392871826694 0.0447593690622 0.049462671862
Herato12 Herato1202 3176730.0 2525000.0 0.036704103284 0.035205650246 0.036500231396 0.03919564702
Herato12 Herato1202 3226730.0 2575000.0 0.0421447102731 0.0361167934271 0.0418916780671 0.0497149078241
Herato12 Herato1202 3276730.0 2625000.0 0.0313661490488 0.0284692496672 0.0313205043092 0.03461386757
Herato12 Herato1202 3326730.0 2675000.0 0.0540805262168 0.0487744063733 0.0541925950288 0.0593928410888
Herato12 Herato1202 3376730.0 2725000.0 0.041393146 0.03861587402 0.04126530134 0.04515097712
Herato12 Herato1202 3426730.0 2775000.0 0.032697334088 0.029976444394 0.032583270062 0.035294751138
Herato12 Herato1202 3476730.0 2825000.0 0.07197496954 0.0517340925 0.07445131172 0.0842556242
Herato12 Herato1202 3526730.0 2875000.0 0.055777310748 0.0480205630848 0.05480698933 0.067450803126
Herato12 Herato1202 3576730.0 2925000.0 0.057071752378 0.0476549373 0.05564919381 0.0699163068
Herato12 Herato1202 3626730.0 2975000.0 0.037653493862 0.0322578254611 0.037436138024 0.044667042568
Herato12 Herato1202 3676730.0 3025000.0 0.053860605196 0.049298527222 0.053747003478 0.058788466008
Herato12 Herato1202 3726730.0 3075000.0 0.04438434666 0.0406088148894 0.0443421526074 0.04878666916
Herato12 Herato1202 3776730.0 3125000.0 0.03621208316 0.03337152604 0.0366051914 0.03871310474
Herato12 Herato1202 3826730.0 3175000.0 0.050574875386 0.045716331876 0.050463003572 0.058955756966
Herato12 Herato1202 3876730.0 3225000.0 0.0360245874798 0.0331207255214 0.0360380466446 0.039596458133
Herato12 Herato1202 3926730.0 3275000.0 0.04695090688 0.04357886332 0.04640565808 0.05163921838
Herato12 Herato1202 3976730.0 3325000.0 0.02232421067 0.0199999235354 0.022374092698 0.024943756212
Herato12 Herato1202 4026730.0 3375000.0 0.039613316918 0.035875343944 0.039887168874 0.043571444306
Herato12 Herato1202 4076730.0 3425000.0 0.03359585166 0.0322469951 0.03356609152 0.03453160122
Herato12 Herato1202 4126730.0 3475000.0 0.049928752094 0.0437288087038 0.0496517481866 0.0570430040672
Herato12 Herato1202 4176730.0 3525000.0 0.037850604896 0.03309811886 0.037799645598 0.0425587949
Herato12 Herato1202 4226730.0 3575000.0 0.050969765878 0.04038699376 0.050008761412 0.067276715194
Herato12 Herato1202 4276730.0 3625000.0 0.032081602336 0.030432179982 0.032070050456 0.03384897026
Herato12 Herato1202 4326730.0 3675000.0 0.043538731194 0.039396321486 0.043279432396 0.0485432666
Herato12 Herato1202 4376730.0 3725000.0 0.0390414853836 0.031843054423 0.038532644787 0.0480367024776
Herato12 Herato1202 4426730.0 3775000.0 0.0306188097842 0.0275740916497 0.0307138031822 0.0334882882518
Herato12 Herato1202 4476730.0 3825000.0 0.025560564935 0.021557618733 0.025073634548 0.032901873884
Herato12 Herato1202 4526730.0 3875000.0 0.036196758808 0.0314233040372 0.036116867462 0.041280057914
Herato12 Herato1202 4576730.0 3925000.0 0.030919095833 0.028157070648 0.0308767480176 0.0342545743406
Herato12 Herato1202 4626730.0 3975000.0 0.030802087732 0.027255799356 0.030643593526 0.033913732626
Herato12 Herato1202 4676730.0 4025000.0 0.034526611022 0.0287471749724 0.0343211106 0.042502845208
Herato12 Herato1202 4726730.0 4075000.0 0.0502842259948 0.0356623905162 0.0493756909876 0.07083256596
Herato12 Herato1202 4776730.0 4125000.0 0.0451771019473 0.0298824416845 0.0445760287634 0.0620488019834
Herato12 Herato1202 4826730.0 4175000.0 0.022541418894 0.018925038158 0.022498864098 0.026407019828
Herato12 Herato1202 4876730.0 4225000.0 0.0349837664665 0.0305150839918 0.0347096813007 0.0403747790286
Herato12 Herato1202 4926730.0 4275000.0 0.0269279068194 0.0251328116667 0.0267374812592 0.0291806392732
Herato12 Herato1202 4976730.0 4325000.0 0.03202822882 0.024313901951 0.031573416386 0.043757016254
Herato12 Herato1202 5026730.0 4375000.0 0.045702833806 0.039653620168 0.045921661012 0.052112350326
Herato12 Herato1202 5076730.0 4425000.0 0.03104799309 0.024830586002 0.030803894724 0.038646050584
Herato12 Herato1202 5126730.0 4475000.0 0.029099511195 0.0258995707646 0.0288311282312 0.0329865832712
Herato12 Herato1202 5176730.0 4525000.0 0.033925163992 0.027437072888 0.033499173938 0.043058537528
Herato12 Herato1202 5226730.0 4575000.0 0.03875060272 0.034503774576 0.03881506298 0.042534893
Herato12 Herato1202 5276730.0 4625000.0 0.0186267059462 0.0167369552173 0.0186660906404 0.0204128867312
Herato12 Herato1202 5326730.0 4675000.0 0.019282269364 0.0172359438817 0.0191591820808 0.0213564024138
Herato12 Herato1202 5376730.0 4725000.0 0.0293465602812 0.0239142661485 0.0282123651268 0.039538433852
Herato12 Herato1202 5426730.0 4775000.0 0.0381202546706 0.0273839150255 0.0374815002762 0.052424961528
Herato12 Herato1202 5476730.0 4825000.0 0.0311972789229 0.0247199460924 0.030445510157 0.041210019015
Herato12 Herato1202 5526730.0 4875000.0 0.019744457576 0.017405073852 0.019624651748 0.02290311672
Herato12 Herato1202 5576730.0 4925000.0 0.037962661534 0.020039814046 0.037677374784 0.059348296786
Herato12 Herato1202 5626730.0 4975000.0 0.03365191467 0.0304295322753 0.0335379916416 0.036498159096
Herato12 Herato1202 5676730.0 5025000.0 0.03171882335 0.028415254818 0.031597306416 0.035524478984
Herato12 Herato1202 5726730.0 5075000.0 0.026958256772 0.022953041798 0.026705272274 0.032282456878
Herato12 Herato1202 5776730.0 5125000.0 0.0182562723496 0.0106994237859 0.0160726238158 0.037702750758
Herato12 Herato1202 5826730.0 5175000.0 0.0221851620946 0.0196723765637 0.022117201707 0.025232698357
Herato12 Herato1202 5876730.0 5225000.0 0.02341120458 0.01922216328 0.02218045318 0.03212787724
Herato12 Herato1202 5926730.0 5275000.0 0.021473245002 0.013008500628 0.020159579662 0.0440772947352
Herato12 Herato1202 5976730.0 5325000.0 0.020290759282 0.016872623074 0.020071387252 0.024842508016
Herato12 Herato1202 6026730.0 5375000.0 0.031169159354 0.0263706347918 0.0309019891768 0.037761873402
Herato12 Herato1202 6076730.0 5425000.0 0.039280430248 0.034978793684 0.039219247716 0.045462770164
Herato12 Herato1202 6126730.0 5475000.0 0.0227371490094 0.0187095686637 0.0223830479807 0.0282952707945
Herato12 Herato1202 6176730.0 5525000.0 0.02535052659 0.022657376816 0.025364654664 0.028188935788
Herato12 Herato1202 6226730.0 5575000.0 0.0273841962572 0.0251782044608 0.0273535663668 0.0298783419934
Herato12 Herato1202 6276730.0 5625000.0 0.0211514223136 0.0140907935095 0.0208660946564 0.0301360128644
Herato12 Herato1202 6326730.0 5675000.0 0.0618960132197 0.0490727967076 0.0625638432915 0.0822863061102
Herato12 Herato1202 6376730.0 5725000.0 0.0182144143624 0.0163437081124 0.0180780442174 0.020337241738
Herato12 Herato1202 6426730.0 5775000.0 0.034945590156 0.0298884053776 0.034892499924 0.0397869182038
Herato12 Herato1202 6476730.0 5825000.0 0.0371405682047 0.0278914209921 0.0369285737954 0.0477712627652
Herato12 Herato1202 6526730.0 5875000.0 0.0342799488436 0.0280760153577 0.0339163222096 0.0431248982
Herato12 Herato1202 6576730.0 5925000.0 0.02430328058 0.021685885304 0.024012948698 0.02750932882
Herato12 Herato1202 6626730.0 5975000.0 0.0176681368798 0.0149802930382 0.0173232735142 0.0214884342792
Herato12 Herato1202 6676730.0 6025000.0 0.0401271300346 0.0268562149175 0.038346778314 0.0643388134648
Herato12 Herato1202 6726730.0 6075000.0 0.0242110991 0.021321247792 0.024124374714 0.02775228963
Herato12 Herato1202 6776730.0 6125000.0 0.0412941935432 0.030843159069 0.0404009146684 0.0576595805118
Herato12 Herato1202 6826730.0 6175000.0 0.0288290715 0.025257458994 0.028771589486 0.032861492072
Herato12 Herato1202 6876730.0 6225000.0 0.0230911410094 0.0154012341665 0.0211332308694 0.0385857325498
Herato12 Herato1202 6926730.0 6275000.0 0.0400751240148 0.0320779632166 0.0399454536716 0.0502144739704
Herato12 Herato1202 6976730.0 6325000.0 0.0445667062338 0.0381839668148 0.0435585149192 0.0544581544974
Herato12 Herato1202 7026730.0 6375000.0 0.038885578392 0.0255184364838 0.038367576072 0.057535505824
Herato12 Herato1202 7076730.0 6425000.0 0.050589826896 0.027947814894 0.046830928952 0.094293042084
Herato12 Herato1202 7126730.0 6475000.0 0.013164659528 0.0116878645554 0.013313381298 0.01468879719
Herato12 Herato1202 7176730.0 6525000.0 0.026567659092 0.0217881168064 0.02634651833 0.033268519844
Herato12 Herato1202 7226730.0 6575000.0 0.048058721054 0.036631268022 0.046888815514 0.063806273642
Herato12 Herato1202 7276730.0 6625000.0 0.027272908066 0.023706568112 0.026953412104 0.0309694536
Herato12 Herato1202 7326730.0 6675000.0 0.043277947654 0.03919822935 0.04308583798 0.04728262455
Herato12 Herato1202 7376730.0 6725000.0 0.042245547172 0.0337358856282 0.041719768788 0.055440698808
Herato12 Herato1202 7426730.0 6775000.0 0.0408145132 0.036701863084 0.04087050082 0.04460786162
Herato12 Herato1202 7476730.0 6825000.0 0.037965080744 0.032312095402 0.03761454388 0.04639506561
Herato12 Herato1202 7526730.0 6875000.0 0.044733016388 0.040830228346 0.044657079778 0.048677150442
Herato12 Herato1202 7576730.0 6925000.0 0.027192624432 0.0239007310842 0.027433238738 0.030837043778
Herato12 Herato1202 7626730.0 6975000.0 0.040907397052 0.032779818098 0.040184402178 0.052309523192
Herato12 Herato1202 7676730.0 7025000.0 0.03337196702 0.030926531904 0.032894284728 0.03708137541
Herato12 Herato1202 7726730.0 7075000.0 0.0215095787878 0.0182632819178 0.0213823433029 0.0258842409031
Herato12 Herato1202 7776730.0 7125000.0 0.039713541194 0.037083648866 0.039798983472 0.042628779522
Herato12 Herato1202 7826730.0 7175000.0 0.019591803602 0.015293865888 0.019007614246 0.027154384522
Herato12 Herato1202 7876730.0 7225000.0 0.0282947188479 0.0251407029642 0.0281240569622 0.0319595252386
Herato12 Herato1202 7926730.0 7275000.0 0.0253385031476 0.021534113873 0.024810548723 0.0308963147572
Herato12 Herato1202 7976730.0 7325000.0 0.03379192726 0.03023183426 0.03390414322 0.03688861854
Herato12 Herato1202 8026730.0 7375000.0 0.023234020749 0.0189956791634 0.0233243300714 0.0265804268562
Herato12 Herato1202 8076730.0 7425000.0 0.027465535592 0.023778143956 0.027367127656 0.029820470264
Herato12 Herato1202 8126730.0 7475000.0 0.029925230907 0.026359081135 0.029754080109 0.033837375744
Herato12 Herato1202 8176730.0 7525000.0 0.02417890312 0.021136121526 0.024051179472 0.027587852908
Herato12 Herato1202 8226730.0 7575000.0 0.0374932716248 0.0292856217803 0.037102682059 0.04835020072
Herato12 Herato1202 8276730.0 7625000.0 0.030954393481 0.0275510883873 0.0307629835971 0.0346896498564
Herato12 Herato1202 8326730.0 7675000.0 0.0212791822941 0.0178233867031 0.021242867011 0.025424755854
Herato12 Herato1202 8376730.0 7725000.0 0.019131906613 0.017703917148 0.0190248952633 0.021432802072
Herato12 Herato1202 8426730.0 7775000.0 0.0139943879984 0.0127543065266 0.0138751600694 0.0157017662708
Herato12 Herato1202 8476730.0 7825000.0 0.027151025396 0.0245411616812 0.0270625877778 0.030226014028
Herato12 Herato1202 8526730.0 7875000.0 0.022349691908 0.019252298533 0.022188930452 0.026170482002
Herato12 Herato1202 8576730.0 7925000.0 0.0290421162008 0.0255869420541 0.0290326096195 0.0328144190288
Herato12 Herato1202 8626730.0 7975000.0 0.02974423488 0.027455581212 0.029665806958 0.032294634056
Herato12 Herato1202 8676730.0 8025000.0 0.026218116176 0.024290188582 0.026339932618 0.028441101662
Herato12 Herato1202 8726730.0 8075000.0 0.041741504311 0.0356225483223 0.0405495638454 0.053432675101
Herato12 Herato1202 8776730.0 8125000.0 0.022653801136 0.02102562586 0.022648565676 0.024582611584
Herato12 Herato1202 8826730.0 8175000.0 0.033656677536 0.030591181748 0.033586080996 0.037171750652
Herato12 Herato1202 8876730.0 8225000.0 0.0423211843312 0.0374751131795 0.0421625397742 0.0472950068828
Herato12 Herato1202 8926730.0 8275000.0 0.06342980088 0.051191556162 0.06408073428 0.07593313196
Herato12 Herato1202 8976730.0 8325000.0 0.072103987052 0.044743213612 0.070488402166 0.1082248759
Herato12 Herato1202 9026730.0 8375000.0 0.0567247424254 0.0303230153108 0.0547926515268 0.0930589503966
Herato12 Herato1202 9076730.0 8425000.0 0.040566326462 0.0379183128483 0.0404911252308 0.043570817176
Herato12 Herato1202 9126730.0 8475000.0 0.04297797708 0.036633235686 0.04291283462 0.04852853638
Herato12 Herato1202 9176730.0 8525000.0 0.038071215096 0.030559360632 0.037543436396 0.048358049628
Herato12 Herato1202 9226730.0 8575000.0 0.0688117524758 0.0449251033141 0.0681817471546 0.0993209639116
Herato12 Herato1202 9276730.0 8625000.0 0.0548501823712 0.0333940602272 0.051169368623 0.095812026394
Herato12 Herato1202 9326730.0 8675000.0 0.0313077721104 0.029255935976 0.0313200344812 0.033650643594
Herato12 Herato1202 9376730.0 8725000.0 0.022911922066 0.02120284126 0.023079937972 0.024487885902
Herato12 Herato1202 9426730.0 8775000.0 0.0219853769108 0.0187431123166 0.021936296436 0.0252529529958
Herato12 Herato1202 9476730.0 8825000.0 0.0486676535374 0.0428693365906 0.0486602747384 0.0554184075016
Herato12 Herato1202 9526730.0 8875000.0 0.059717680708 0.05115133983 0.058559511884 0.07129707431
Herato12 Herato1202 9576730.0 8925000.0 0.058781482138 0.0506411000116 0.0586155737442 0.068382822962
Herato12 Herato1202 9626730.0 8975000.0 0.06144820944 0.0545562343412 0.0612855655482 0.069248845212
Herato12 Herato1202 9676730.0 9025000.0 0.041521925838 0.031695410644 0.040335428208 0.055225308032
Herato12 Herato1202 9726730.0 9075000.0 0.0326253165044 0.0275964692809 0.032236059334 0.0394394369928
Herato12 Herato1202 9776730.0 9125000.0 0.041563497328 0.035825553818 0.04157806036 0.04823508888
Herato12 Herato1202 9826730.0 9175000.0 0.0536581231104 0.0423231587626 0.05345385853 0.0658253181776
Herato12 Herato1202 9876730.0 9225000.0 0.06773468557 0.06071670835 0.066813709936 0.07824305526
Herato12 Herato1202 9926730.0 9275000.0 0.0393180543744 0.0285277542166 0.0395813355242 0.048507949988
Herato12 Herato1202 9976730.0 9325000.0 0.04331596773 0.0380144272969 0.0431892088792 0.049739492816
Herato12 Herato1202 10026730.0 9375000.0 0.0238732374084 0.0164898656448 0.0230799948996 0.0357121822968
Herato12 Herato1202 10076730.0 9425000.0 0.0326007022128 0.0290164061174 0.0324313887306 0.037249239416
Herato12 Herato1202 10126730.0 9475000.0 0.0516973468 0.04701237018 0.05154055632 0.05634720208
Herato12 Herato1202 10176730.0 9525000.0 0.0449599271368 0.0305718764451 0.0376317807712 0.088058864446
Herato12 Herato1202 10226730.0 9575000.0 0.0497341838777 0.042072088592 0.049544832552 0.0593590896302
Herato12 Herato1202 10276730.0 9625000.0 0.0467758935628 0.0420616950167 0.0465147973006 0.052366023786
Herato12 Herato1202 10326730.0 9675000.0 0.02646364051 0.023185847816 0.026495993478 0.029141937464
Herato12 Herato1202 10376730.0 9725000.0 0.0365961737892 0.030919851857 0.0367465506644 0.043499948102
Herato12 Herato1202 10426730.0 9775000.0 0.037304199796 0.034493541356 0.037101064038 0.040936310972
Herato12 Herato1202 10476730.0 9825000.0 0.0514913697888 0.0420158978606 0.050792196053 0.06529282018
Herato12 Herato1202 10526730.0 9875000.0 0.065259635996 0.058833266024 0.064316233968 0.077514759556
Herato12 Herato1202 10576730.0 9925000.0 0.075102829964 0.065907205 0.07538183288 0.08453345912
Herato12 Herato1202 10626730.0 9975000.0 0.0486033114018 0.0429857706346 0.0482483812826 0.0549181331836
Herato12 Herato1202 10676730.0 10025000.0 0.0423757718096 0.0380840932805 0.0424073562912 0.0470535105544
Herato12 Herato1202 10726730.0 10075000.0 0.04907908602 0.0388849478946 0.048826067702 0.060233440578
Herato12 Herato1202 10776730.0 10125000.0 0.041157966766 0.037185396302 0.04096147397 0.046214817696
Herato12 Herato1202 10826730.0 10175000.0 0.05809229684 0.0545942453829 0.0588352096304 0.0599441141348
Herato12 Herato1202 10876730.0 10225000.0 0.0584465439028 0.0542501161979 0.05849851464 0.0625295466008
Herato12 Herato1202 10926730.0 10275000.0 0.040301604918 0.0364820097 0.04021442745 0.04511543364
Herato12 Herato1202 10976730.0 10325000.0 0.060147926637 0.0509581432605 0.059634624153 0.0735354904712
Herato12 Herato1202 11026730.0 10375000.0 0.063735229114 0.051005958796 0.061637182636 0.084877110454
Herato12 Herato1202 11076730.0 10425000.0 0.0380604221513 0.0211258895229 0.0398992048427 0.0570101118887
Herato12 Herato1202 11126730.0 10475000.0 0.0275972908965 0.0244659433691 0.0273144340164 0.0315802975346
Herato12 Herato1202 11176730.0 10525000.0 0.0457854193472 0.0400849804144 0.0455960115724 0.052548440934
Herato12 Herato1202 11226730.0 10575000.0 0.0510988906 0.035709058372 0.048128769104 0.07829587199
Herato12 Herato1202 11276730.0 10625000.0 0.032456160192 0.029088633746 0.032304763158 0.036228009878
Herato12 Herato1202 11326730.0 10675000.0 0.0247123003906 0.0186022710783 0.0244403839421 0.0323903014348
Herato12 Herato1202 11376730.0 10725000.0 0.025196203674 0.023021534574 0.025159605442 0.027660231782
Herato12 Herato1202 11426730.0 10775000.0 0.0345930345644 0.02347914758 0.0330520140338 0.054241281112
Herato12 Herato1202 11476730.0 10825000.0 0.033705127974 0.029208568362 0.033388700832 0.03980038552
Herato12 Herato1202 11526730.0 10875000.0 0.060371464698 0.051469905544 0.059749139592 0.071275145362
Herato12 Herato1202 11576730.0 10925000.0 0.033506748494 0.0314097195266 0.033491049743 0.0360121893098
Herato12 Herato1202 11626730.0 10975000.0 0.072252140675 0.0469919325063 0.0673829291426 0.122476996319
Herato12 Herato1202 11676730.0 11025000.0 0.0316096927856 0.0268606363053 0.0313209970948 0.0372681769802
Herato12 Herato1202 11726730.0 11075000.0 0.04337966824 0.0350509610516 0.042809380744 0.054235505398
Herato12 Herato1202 11776730.0 11125000.0 0.036217965002 0.024049013894 0.034216557 0.058038075056
Herato12 Herato1202 11826730.0 11175000.0 0.0316819303914 0.0218401760116 0.0310099079992 0.0458993576818
Herato12 Herato1202 11876730.0 11225000.0 0.04013420935 0.035743411594 0.04004022553 0.044975330138
Herato12 Herato1202 11926730.0 11275000.0 0.04415300644 0.03716218542 0.0432924721 0.05669139732
Herato12 Herato1202 11976730.0 11325000.0 0.061432228468 0.058793825864 0.061298497804 0.064497008454
Herato12 Herato1202 12026730.0 11375000.0 0.0527315843588 0.0492277659826 0.0524170932672 0.0567637820762
Herato12 Herato1202 12076730.0 11425000.0 0.0378942523527 0.032083538901 0.0382942206845 0.0435457357806
Herato12 Herato1202 12126730.0 11475000.0 0.045208414934 0.0417063030794 0.045056595332 0.04964405584
Herato12 Herato1202 12176730.0 11525000.0 0.046805151866 0.044436412104 0.046670734478 0.049275177736
Herato12 Herato1202 12226730.0 11575000.0 0.0374240318 0.03464026646 0.03719533548 0.0405384501
Herato12 Herato1202 12276730.0 11625000.0 0.0398317914 0.03569404318 0.03927720158 0.04447789766
Herato12 Herato1202 12326730.0 11675000.0 0.048034998308 0.04395139902 0.048129180576 0.053030413452
Herato12 Herato1202 12376730.0 11725000.0 0.048539588906 0.04326402888 0.048234358036 0.054946798972
Herato12 Herato1202 12426730.0 11775000.0 0.051533556502 0.048709709842 0.051373929884 0.054370885226
Herato12 Herato1202 12476730.0 11825000.0 0.05422930364 0.0492423796 0.05425937662 0.05969932528
Herato12 Herato1202 12526730.0 11875000.0 0.050497774472 0.042780041674 0.048859938658 0.06295904973
Herato12 Herato1202 12576730.0 11925000.0 0.0525999299448 0.045577160023 0.0524046212178 0.0622897507824
Herato12 Herato1202 12626730.0 11975000.0 0.048990343654 0.035831422926 0.047857993108 0.071051660838
Herato12 Herato1202 12676730.0 12025000.0 0.0319821966976 0.0254319772283 0.0313899067074 0.0442273102088
Herato12 Herato1202 12726730.0 12075000.0 0.029471820928 0.027079962012 0.029334541034 0.032353462514
Herato12 Herato1202 12776730.0 12125000.0 0.040873481224 0.037969283872 0.040967449202 0.043620121156
Herato12 Herato1202 12826730.0 12175000.0 0.031300793584 0.0286422767626 0.031046844156 0.034407665458
Herato12 Herato1202 12876730.0 12225000.0 0.0431080943 0.037093135596 0.043491790678 0.049717499548
Herato12 Herato1202 12926730.0 12275000.0 0.0464555892904 0.0347645972697 0.0464045564844 0.0597853419196
Herato12 Herato1202 12976730.0 12325000.0 0.051017588634 0.0429429691924 0.050062248606 0.05996392176
Herato12 Herato1202 13026730.0 12375000.0 0.046626179802 0.04225731667 0.046164013118 0.052464128488
Herato12 Herato1202 13076730.0 12425000.0 0.035137586112 0.031200970304 0.035311772816 0.039440553642
Herato12 Herato1202 13126730.0 12475000.0 0.0357569656376 0.0281920729239 0.0354400265598 0.046535719434
Herato12 Herato1202 13176730.0 12525000.0 0.044823038376 0.04240961415 0.044882303622 0.04724587274
Herato12 Herato1202 13226730.0 12575000.0 0.046846795214 0.0427468632804 0.04696980716 0.051212428646
Herato12 Herato1202 13276730.0 12625000.0 0.064178617466 0.0441323996074 0.061224724694 0.09956646612
Herato12 Herato1202 13326730.0 12675000.0 0.06249237876 0.0557893034284 0.0620185858608 0.070474312208
Herato12 Herato1202 13376730.0 12725000.0 0.0434686944266 0.0399880433446 0.0433452082361 0.0474958043389
Herato12 Herato1202 13426730.0 12775000.0 0.04490161572 0.041003459664 0.044888145132 0.04887707232
Herato12 Herato1202 13476730.0 12825000.0 0.039786218088 0.036949710326 0.039844373798 0.042467524058
Herato12 Herato1202 13526730.0 12875000.0 0.062703085428 0.0510616928838 0.0603946255118 0.081411835758
Herato12 Herato1202 13576730.0 12925000.0 0.05105834336 0.05027133032 0.05075252216 0.0530958856
Herato12 Herato1202 13626730.0 12975000.0 0.0590261699652 0.0566991539802 0.0588820721838 0.060833262848
Herato12 Herato1202 13676730.0 13025000.0 0.046043527896 0.042028605094 0.045907637372 0.05152610331
Herato12 Herato1202 13726730.0 13075000.0 0.048972436376 0.047019900928 0.048901400388 0.051260008928
Herato12 Herato1202 13776730.0 13125000.0 0.0364810624266 0.0307095623207 0.0363962160318 0.043396965858
Herato12 Herato1202 13826730.0 13175000.0 0.051617551718 0.039438053952 0.051476486614 0.06872083372
Herato12 Herato1202 13876730.0 13225000.0 0.035406754658 0.0327224027362 0.035569562456 0.037918596764
Herato12 Herato1202 13926730.0 13275000.0 0.033526158702 0.030526672116 0.03343110569 0.03674052244
Herato12 Herato1202 13976730.0 13325000.0 0.016792741953 0.0144206710704 0.0166506783806 0.020166741546
Herato12 Herato1202 14026730.0 13375000.0 0.031596020706 0.0193482571848 0.0318900964456 0.0458221637304
Herato12 Herato1202 14076730.0 13425000.0 0.040577067494 0.033858687148 0.040219609474 0.047514784228
Herato12 Herato1202 14126730.0 13475000.0 0.056354399712 0.0476896295343 0.0560045820352 0.06644921261
Herato12 Herato1202 14176730.0 13525000.0 0.03471545525 0.031735997682 0.034571216476 0.03794184428
Herato12 Herato1202 14226730.0 13575000.0 0.0294992786264 0.0258235542669 0.0292277902 0.0337440533458
Herato12 Herato1202 14276730.0 13625000.0 0.0351667579084 0.0282674375503 0.0347717987764 0.043926886912
Herato12 Herato1202 14326730.0 13675000.0 0.013686121989 0.0117978129847 0.0136555571176 0.016015059761
Herato12 Herato1202 14376730.0 13725000.0 0.03795648306 0.0234241052879 0.0369898184032 0.0598403003974
Herato12 Herato1202 14426730.0 13775000.0 0.0433857023498 0.0404353675622 0.0433057138926 0.0469703315228
Herato12 Herato1202 14476730.0 13825000.0 0.041401815806 0.034715630772 0.041721729672 0.050708537004
Herato12 Herato1202 14526730.0 13875000.0 0.047948188064 0.04167355011 0.047873714136 0.056061877914
Herato12 Herato1202 14576730.0 13925000.0 0.04116919512 0.04000734016 0.04148337652 0.04223851486
Herato12 Herato1202 14626730.0 13975000.0 0.041366833828 0.038142722301 0.040986672604 0.04566519633
Herato12 Herato1202 14676730.0 14025000.0 0.0570051195 0.04882605964 0.0564779005 0.06758712302
Herato12 Herato1202 14726730.0 14075000.0 0.0570241150476 0.0506240936038 0.0570835861746 0.0639490416948
Herato12 Herato1202 14776730.0 14125000.0 0.056140738854 0.051928326662 0.056114210916 0.06087900922
Herato12 Herato1202 14826730.0 14175000.0 0.092819347122 0.081757030748 0.089724360184 0.11439345083
Herato12 Herato1202 14876730.0 14225000.0 0.0549632011444 0.0514308230703 0.0549508719828 0.057824542122
Herato12 Herato1202 14926730.0 14275000.0 0.04598230248 0.041484725904 0.045958147646 0.051503447164
Herato12 Herato1202 14976730.0 14325000.0 0.044729616258 0.040318922866 0.04463240441 0.050350774536
Herato12 Herato1202 15026730.0 14375000.0 0.0390225011283 0.0326327586008 0.0382874918413 0.0473125242144
Herato12 Herato1202 15076730.0 14425000.0 0.0612936431424 0.035548005313 0.0585816199906 0.101798126916
Herato12 Herato1202 15126730.0 14475000.0 0.028054456684 0.024492149726 0.028021558162 0.031714703378
Herato12 Herato1202 15176730.0 14525000.0 0.0185707140804 0.0155445084412 0.0182552391542 0.022330073622
Herato12 Herato1202 15226730.0 14575000.0 0.049027646654 0.0438335012 0.048864268996 0.055476262696
Herato12 Herato1202 15276730.0 14625000.0 0.033082046956 0.030447475066 0.033017286428 0.03574670824
Herato12 Herato1202 15326730.0 14675000.0 0.04206144624 0.03479234674 0.04158816432 0.05338685342
Herato12 Herato1202 15376730.0 14725000.0 0.04996865634 0.0468932245 0.04951948236 0.05396400326
Herato12 Herato1202 15426730.0 14775000.0 0.039470301042 0.034207716766 0.039332396578 0.0454106149
Herato12 Herato1202 15476730.0 14825000.0 0.046194606504 0.04232695364 0.04618746206 0.04960567552
Herato12 Herato1202 15526730.0 14875000.0 0.035976245192 0.031413273874 0.035597002682 0.04096168107
Herato12 Herato1202 15576730.0 14925000.0 0.050612196206 0.0462358844882 0.05036731654 0.056345472698
Herato12 Herato1202 15626730.0 14975000.0 0.05764480698 0.05273114854 0.05735576384 0.06242759648
Herato12 Herato1202 15676730.0 15025000.0 0.03944735488 0.03599899344 0.03941585874 0.043253583
Herato12 Herato1202 15726730.0 15075000.0 0.0722888618 0.06383933204 0.0725041633 0.08228248688
Herato12 Herato1202 15776730.0 15125000.0 0.06894892199 0.064598788164 0.068961277018 0.074861353978
Herato12 Herato1202 15826730.0 15175000.0 0.037792997242 0.03493930344 0.037476283432 0.04343545263
Herato12 Herato1202 15876730.0 15225000.0 0.073810429702 0.070614213896 0.073545347426 0.077925071282
Herato12 Herato1202 15926730.0 15275000.0 0.0351957416 0.0327325011 0.035047043796 0.038164729184
Herato12 Herato1202 15976730.0 15325000.0 0.0368038564 0.031159759 0.0361055966 0.0465176785
Herato12 Herato1202 16026730.0 15375000.0 0.0188417169012 0.0167140798726 0.0188998719078 0.0209714206586
Herato12 Herato1202 16076730.0 15425000.0 0.0350796119819 0.0319252322574 0.0351358347153 0.0378582386308
Herato12 Herato1202 16126730.0 15475000.0 0.0318285109927 0.0288715117916 0.0318190470742 0.0348601266508
Herato12 Herato1202 16176730.0 15525000.0 0.029200736216 0.025524682162 0.0287279596 0.035003690776
Herato12 Herato1202 16226730.0 15575000.0 0.0253880908802 0.0224161568627 0.0253957539446 0.02857839772
Herato12 Herato1202 16276730.0 15625000.0 0.036365035056 0.0348308111344 0.0363427111884 0.037987412762
Herato12 Herato1202 16326730.0 15675000.0 0.080224946096 0.070371427882 0.079185099856 0.09456514568
Herato12 Herato1202 16376730.0 15725000.0 0.06385801106 0.059784279684 0.063828978518 0.0682270356
Herato12 Herato1202 16426730.0 15775000.0 0.061717345801 0.0560189262989 0.0614466729822 0.068689986756
Herato12 Herato1202 16476730.0 15825000.0 0.051589451988 0.0449792353672 0.0506742781736 0.06380346656
Herato12 Herato1202 16526730.0 15875000.0 0.041620434814 0.037551904546 0.04147744872 0.04646001596
Herato12 Herato1202 16576730.0 15925000.0 0.0401031831 0.0378919276606 0.039881906118 0.043006102204
Herato12 Herato1202 16626730.0 15975000.0 0.034440790024 0.0300075146666 0.034296904238 0.040339396412
Herato12 Herato1202 16676730.0 16025000.0 0.0584223369552 0.0542224159435 0.0580942070182 0.0637132880516
Herato12 Herato1202 16726730.0 16075000.0 0.036234870188 0.0311656657898 0.03611509224 0.04140525626
Herato12 Herato1202 16776730.0 16125000.0 0.0394100282004 0.022064259959 0.0369980147988 0.072714313222
Herato12 Herato1202 16826730.0 16175000.0 0.0254250145858 0.0150882695338 0.0242801386015 0.0459579188248
Herato12 Herato1202 16876730.0 16225000.0 0.0225035393752 0.0191621045212 0.0223946627792 0.026748597188
Herato12 Herato1202 16926730.0 16275000.0 0.0392472936332 0.0246815963914 0.0377693717543 0.064945583152
Herato12 Herato1202 16976730.0 16325000.0 0.0145920298784 0.0120279732428 0.014345893269 0.017404482038
Herato12 Herato1202 17026730.0 16375000.0 0.03651036085 0.032810590078 0.036603117814 0.040486471256
Herato12 Herato1202 17076730.0 16425000.0 0.04607057839 0.0435282544604 0.0456943124526 0.049813800828
Herato12 Herato1202 17126730.0 16475000.0 0.03916083934 0.03837792532 0.03891982968 0.0406591925
Herato12 Herato1202 17176730.0 16525000.0 0.0376959940928 0.0348910416185 0.0379286748456 0.041084105548
Herato12 Herato1202 17226730.0 16575000.0 0.048292345038 0.041736874552 0.04811177485 0.05574375047
Herato12 Herato1202 17276730.0 16625000.0 0.0414891919888 0.0341406680687 0.0411849612018 0.0509442206952
Herato12 Herato1202 17326730.0 16675000.0 0.033169466832 0.02959958207 0.033077521854 0.036942520252
Herato12 Herato1202 17376730.0 16725000.0 0.0588176188335 0.0319401151483 0.057079782346 0.0951553797811
Herato12 Herato1202 17426730.0 16775000.0 0.034977367384 0.03027129283 0.034508564948 0.04235763364
Herato12 Herato1202 17476730.0 16825000.0 0.030626981604 0.027619890836 0.030663594802 0.033364964134
Herato12 Herato1202 17526730.0 16875000.0 0.029475948346 0.025822735608 0.02929043759 0.034163141222
Herato12 Herato1202 17576730.0 16925000.0 0.043010514954 0.0366221281772 0.042486078906 0.052138601316
Herato12 Herato1202 17626730.0 16975000.0 0.05488661329 0.042157942344 0.053816141316 0.076770661118
Herato12 Herato1202 17676730.0 17025000.0 0.030591261436 0.024439690836 0.03012877358 0.039045429712
Herato12 Herato1202 17726730.0 17075000.0 0.024327445196 0.020618679628 0.02417917575 0.029459890912
Herato12 Herato1202 17776730.0 17125000.0 0.0294438443684 0.0246902257063 0.0297051947946 0.03495618693
Herato12 Herato1202 17826730.0 17175000.0 0.017366167642 0.015936647853 0.017396247496 0.019190545376
Herato12 Herato1202 17876730.0 17225000.0 0.0467395693408 0.034013718833 0.0457308194606 0.065901077594
Herato12 Herato1202 17926730.0 17275000.0 0.0562790766833 0.0498832278761 0.0560284677145 0.0648595797434
Herato12 Herato1202 17976730.0 17325000.0 0.05687017288 0.05374215544 0.05682570362 0.0604912354
Herato12 Herato1202 18026730.0 17375000.0 0.0679086245604 0.0608762118579 0.0677136212956 0.076560861924
Herato12 Herato1202 18076730.0 17425000.0 0.060732657168 0.057283902752 0.060643139676 0.06454239324
Herato12 Herato1202 18126730.0 17475000.0 0.062952671066 0.058947745534 0.062892048896 0.06700516624
Herato12 Herato1202 18176730.0 17525000.0 0.056412634394 0.0422618667163 0.0553391492836 0.079070895415
Herato12 Herato1202 18226730.0 17575000.0 0.041420498538 0.034090586878 0.040322436976 0.05475736598
Herato12 Herato1202 18276730.0 17625000.0 0.033786736148 0.031145793154 0.033705390088 0.036261910022
Herato12 Herato1202 18326730.0 17675000.0 0.0315817826886 0.0280280331842 0.0316806469158 0.0348714045156
Herato12 Herato1202 18376730.0 17725000.0 0.0435716661236 0.0348361127604 0.0433977108718 0.0559953601878
Herato12 Herato1202 18426730.0 17775000.0 0.0564672113544 0.0472265491298 0.0555575060417 0.0691159238968
Herato12 Herato1202 18476730.0 17825000.0 0.052395908298 0.045487199538 0.052067372432 0.062464147814
Herato12 Herato1202 18526730.0 17875000.0 0.0435861729004 0.0398095133508 0.0435669700338 0.047504652114
Herato12 Herato1202 18576730.0 17925000.0 0.0460251263832 0.0424433499188 0.0461262962078 0.048675981914
Herato12 Herato1202 18626730.0 17975000.0 0.033022066344 0.023984948148 0.031809370514 0.046729352664
Herato12 Herato1202 18676730.0 18025000.0 0.020974339092 0.0187337652254 0.0209794659818 0.023085479193
Herato12 Herato1202 18726730.0 18075000.0 0.0361951833252 0.0315373952196 0.036132043177 0.041795874528
Herato12 Herato1202 18776730.0 18125000.0 0.0419508430498 0.0319586676288 0.0403538168782 0.058412908039
Herato12 Herato1202 18826730.0 18175000.0 0.058756769404 0.0550778501829 0.0587277161194 0.0627381894384
Herato12 Herato1202 18876730.0 18225000.0 0.056256201684 0.053145681004 0.055958454776 0.060176169372
Herato12 Herato1202 18926730.0 18275000.0 0.037420826246 0.0323244727656 0.03723478519 0.04309733006
Herato12 Herato1202 18976730.0 18325000.0 0.040298144296 0.037084267984 0.040525504908 0.04372699024
Herato12 Herato1202 19026730.0 18375000.0 0.0606595854952 0.0405559638416 0.0600698610148 0.091926885444
Herato12 Herato1202 19076730.0 18425000.0 0.056999106932 0.048341293678 0.05512593603 0.068856945734
Herato12 Herato1202 19126730.0 18475000.0 0.031017334716 0.0261179722722 0.0302849708228 0.039863192664
Herato12 Herato1202 19176730.0 18525000.0 0.047437593979 0.037784953658 0.0468721361822 0.062055097407
Herato12 Herato1202 19226730.0 18575000.0 0.04013910326 0.03737206104 0.04004529904 0.04287537078
Herato12 Herato1202 19276730.0 18625000.0 0.0387206127664 0.029802432865 0.0388985421318 0.0445666444714
Herato12 Herato1202 19326730.0 18675000.0 0.02714798726 0.023870988964 0.026539811758 0.033132440084
Herato12 Herato1202 19376730.0 18725000.0 0.0302473069254 0.0278042213778 0.0302578776842 0.0327130161002
Herato12 Herato1202 19426730.0 18775000.0 0.0530131526 0.0434545706 0.05194714128 0.06751831012
Herato12 Herato1202 19476730.0 18825000.0 0.0289535134172 0.0256814517778 0.0288121308958 0.0329917594952
Herato12 Herato1202 19526730.0 18875000.0 0.02609199803 0.0200249211876 0.024814470258 0.038788212092
Herato12 Herato1202 19576730.0 18925000.0 0.0330424747918 0.0301508126562 0.0325120123592 0.036267167192
Herato12 Herato1202 19626730.0 18975000.0 0.0569953204204 0.0336613843758 0.054213417137 0.096605147136
Herato12 Herato1202 19676730.0 19025000.0 0.017442901696 0.0152401020174 0.0174247111 0.019875928246
Herato12 Herato1202 19726730.0 19075000.0 0.0398852907254 0.0291863465002 0.0386761560838 0.058321750673
Herato12 Herato1202 19776730.0 19125000.0 0.0240971050586 0.0184769000419 0.0239597007988 0.030896687328
Herato12 Herato1202 19826730.0 19175000.0 0.03040562993 0.0290728847248 0.0303271577228 0.03229177934
Herato12 Herato1202 19876730.0 19225000.0 0.0241467658444 0.0190196060912 0.023590112315 0.0330143034848
Herato12 Herato1202 19926730.0 19275000.0 0.040655139052 0.036905307796 0.040459222548 0.045215194638
Herato12 Herato1202 19976730.0 19325000.0 0.03312279502 0.02757909244 0.03344443764 0.03723732946
Herato12 Herato1202 20026730.0 19375000.0 0.034616294714 0.0259780542538 0.0327629471024 0.0485354436388
Herato12 Herato1202 20076730.0 19425000.0 0.025489362156 0.021418346208 0.025419650302 0.030272717726
Herato12 Herato1202 20126730.0 19475000.0 0.032275299558 0.028002964034 0.03272985142 0.037037259064
Herato12 Herato1202 20176730.0 19525000.0 0.0291077980564 0.0237124023582 0.0287840042556 0.036673909728
Herato12 Herato1202 20226730.0 19575000.0 0.0206719261302 0.0156683742995 0.0200226269205 0.027855753224
Herato12 Herato1202 20276730.0 19625000.0 0.0351744636924 0.0244711154948 0.0336398942508 0.0549265514192
Herato12 Herato1202 20326730.0 19675000.0 0.0243605750056 0.0108895413734 0.0191677441518 0.057890213494
Herato12 Herato1202 20376730.0 19725000.0 0.016444688674 0.0111325365546 0.016104506634 0.024136462556
Herato12 Herato1202 20426730.0 19775000.0 0.018990691262 0.0149077899919 0.0189051398664 0.0234206972014
Herato12 Herato1202 20476730.0 19825000.0 0.0221422433119 0.0169570354362 0.0219362932696 0.0284753277168
Herato12 Herato1202 20526730.0 19875000.0 0.03409793089 0.030256091354 0.033914809392 0.039346931292
Herato12 Herato1202 20576730.0 19925000.0 0.0554291115992 0.0352742230581 0.054820350612 0.093562717404
Herato12 Herato1202 20626730.0 19975000.0 0.017641639941 0.0128055684374 0.0172741516372 0.0251274560344
Herato12 Herato1202 20676730.0 20025000.0 0.0608376275052 0.0339754388483 0.0596226131776 0.0984770848972
Herato12 Herato1202 20726730.0 20075000.0 0.01487582055 0.012423055262 0.015084560188 0.01786088503
Herato12 Herato1202 20776730.0 20125000.0 0.0218933725408 0.01939402378 0.021890373857 0.0243085208992
Herato12 Herato1202 20826730.0 20175000.0 0.0238598288296 0.016010003782 0.023451954186 0.0371714814404
Herato12 Herato1202 20876730.0 20225000.0 0.029050437537 0.0259189671399 0.0287722850008 0.034069152191
Herato12 Herato1202 20926730.0 20275000.0 0.04531314885 0.041288505613 0.0451057373218 0.05005170688
Herato12 Herato1202 20976730.0 20325000.0 0.018478114796 0.014053164459 0.018026648296 0.025009585528
Herato12 Herato1202 21026730.0 20375000.0 0.0196374550686 0.0168444744123 0.0190521598596 0.0287498679102
Herato12 Herato1202 21076730.0 20425000.0 0.04360837645 0.02386352884 0.04237063495 0.077001034046
Herato12 Herato1202 21126730.0 20475000.0 0.0316659143366 0.0295049281897 0.031668539192 0.034495726066
Herato12 Herato1202 21176730.0 20525000.0 0.03671121113 0.029547929768 0.036438897412 0.047017559054
Herato12 Herato1202 21226730.0 20575000.0 0.032909697984 0.0277265001246 0.032505020812 0.040695343742
