chrom scaffold Cposition position mean p0025 p0500 p0975
Herato20 Herato2001 25001.0 25000.0 0.0481457620946 0.0298432362173 0.0463161830811 0.078547875314
Herato20 Herato2001 75001.0 75000.0 0.003849568146 0.00313243255 0.003833221518 0.004587340076
Herato20 Herato2001 125001.0 125000.0 0.0630906673434 0.0261742632861 0.0582741594225 0.129509698021
Herato20 Herato2001 175001.0 175000.0 0.025187210086 0.020868583378 0.02504794341 0.03045443742
Herato20 Herato2001 225001.0 225000.0 0.0163952165268 0.0152277176658 0.016312814311 0.01792123538
Herato20 Herato2001 275001.0 275000.0 0.022505332654 0.020621668208 0.022413253296 0.024944573494
Herato20 Herato2001 325001.0 325000.0 0.0254098705132 0.0215609658944 0.0252872241658 0.029934176248
Herato20 Herato2001 375001.0 375000.0 0.031613943802 0.0235561917498 0.0298835498756 0.056493910667
Herato20 Herato2001 425001.0 425000.0 0.027290619248 0.0210437463866 0.026835760068 0.036529997164
Herato20 Herato2001 475001.0 475000.0 0.0584684738155 0.0270614500244 0.0560932570263 0.106235565104
Herato20 Herato2001 525001.0 525000.0 0.10159253812 0.0613884243124 0.0965678901172 0.181481296984
Herato20 Herato2001 575001.0 575000.0 0.0786392003569 0.0469902021845 0.0761336541884 0.123862045735
Herato20 Herato2001 625001.0 625000.0 0.0385017666342 0.0267285410766 0.0327811451632 0.0675737980166
Herato20 Herato2001 675001.0 675000.0 0.0431617623528 0.0300628844738 0.0402144111695 0.0678341068338
Herato20 Herato2001 725001.0 725000.0 0.026852587664 0.0219715759146 0.026597050116 0.032514198756
Herato20 Herato2001 775001.0 775000.0 0.021538041927 0.0169966470614 0.0214121970224 0.027237437622
Herato20 Herato2001 825001.0 825000.0 0.0611357299504 0.0391870721219 0.0563232007989 0.11165729592
Herato20 Herato2001 875001.0 875000.0 0.0722984708972 0.0489198343738 0.0692236528042 0.112378513664
Herato20 Herato2001 925001.0 925000.0 0.0644280817296 0.0335891205363 0.0581802498524 0.159607161817
Herato20 Herato2001 975001.0 975000.0 0.0259714727163 0.0214904547536 0.0253031065346 0.0326540591549
Herato20 Herato2001 1025001.0 1025000.0 0.02583552604 0.023140629358 0.025430007298 0.029902850664
Herato20 Herato2001 1075001.0 1075000.0 0.0528063585921 0.0354442144084 0.0494652079498 0.0891332673724
Herato20 Herato2001 1125001.0 1125000.0 0.0489281794998 0.0239274520664 0.0482694699454 0.0931617108014
Herato20 Herato2001 1175001.0 1175000.0 0.0560572475599 0.0375334690963 0.0545838987032 0.0837564718232
Herato20 Herato2001 1225001.0 1225000.0 0.0125104219629 0.0108835388534 0.0124882142475 0.014152980962
Herato20 Herato2001 1275001.0 1275000.0 0.0117866638244 0.0108996718607 0.0118135914376 0.0125548569492
Herato20 Herato2001 1325001.0 1325000.0 0.0115023605062 0.0092681171232 0.0113973384744 0.0145505822634
Herato20 Herato2001 1375001.0 1375000.0 0.0088559152349 0.00772168969415 0.00881757264562 0.0102159160355
Herato20 Herato2001 1425001.0 1425000.0 0.015030414956 0.01151714762 0.014162613102 0.021231321926
Herato20 Herato2001 1475001.0 1475000.0 0.022066996808 0.013401503512 0.021553684538 0.035656226872
Herato20 Herato2001 1525001.0 1525000.0 0.0123096213688 0.0106465695545 0.0122572194624 0.014383962517
Herato20 Herato2001 1575001.0 1575000.0 0.010429500642 0.007938110592 0.01023722385 0.014558565734
Herato20 Herato2001 1625001.0 1625000.0 0.006527908811 0.0056523970442 0.0064915261344 0.007599151223
Herato20 Herato2001 1675001.0 1675000.0 0.0037095859054 0.0031482269738 0.003668356995 0.0044216705082
Herato20 Herato2001 1725001.0 1725000.0 0.00714782267696 0.00610529854918 0.00712298424012 0.008560491843
Herato20 Herato2001 1775001.0 1775000.0 0.024397069966 0.0199000027344 0.0241567004306 0.0296162389536
Herato20 Herato2001 1825001.0 1825000.0 0.032397635586 0.019382013726 0.028934749812 0.051377083236
Herato20 Herato2001 1875001.0 1875000.0 0.0310325424648 0.0248053213746 0.0308331232034 0.0389038099006
Herato20 Herato2001 1925001.0 1925000.0 0.0243858391404 0.0194388594846 0.023348693429 0.035519071842
Herato20 Herato2001 1975001.0 1975000.0 0.0140957123082 0.0107894496065 0.0138774534228 0.0189965847101
Herato20 Herato2001 2025001.0 2025000.0 0.0508690395107 0.0365708103687 0.0491129069554 0.0720689822548
Herato20 Herato2001 2075001.0 2075000.0 0.015359172656 0.0128531764404 0.01494967166 0.018351263884
Herato20 Herato2001 2125001.0 2125000.0 0.015724375818 0.0143065758747 0.0157083183628 0.0170401063836
Herato20 Herato2001 2175001.0 2175000.0 0.102453915063 0.0162272474483 0.0952548257044 0.244949371277
Herato20 Herato2001 2225001.0 2225000.0 0.098019764441 0.0482121098384 0.0931081440282 0.18036043389
Herato20 Herato2001 2275001.0 2275000.0 0.034379102632 0.0306188508006 0.034419444888 0.038668125668
Herato20 Herato2001 2325001.0 2325000.0 0.0304384401949 0.0241524468074 0.0297434518583 0.040127143558
Herato20 Herato2001 2375001.0 2375000.0 0.0720297414872 0.019257247398 0.0661564442665 0.170894362725
Herato20 Herato2001 2425001.0 2425000.0 0.0439025670026 0.0396368265517 0.043850814647 0.0486086645804
Herato20 Herato2001 2475001.0 2475000.0 0.0348678542028 0.0244863036215 0.0339810724908 0.0521697787808
Herato20 Herato2001 2525001.0 2525000.0 0.0356656892684 0.030037872728 0.0356499524942 0.0413574129494
Herato20 Herato2001 2575001.0 2575000.0 0.034680178446 0.03115361787 0.034844740138 0.037942305922
Herato20 Herato2001 2625001.0 2625000.0 0.01956414408 0.0184932108 0.01968750766 0.0204697021
Herato20 Herato2001 2675001.0 2675000.0 0.033903091032 0.030775111278 0.033967853472 0.036893494132
Herato20 Herato2001 2725001.0 2725000.0 0.035147549366 0.032425228472 0.03497107969 0.038210943042
Herato20 Herato2001 2775001.0 2775000.0 0.059653544887 0.0518415535812 0.059401169621 0.0707483375014
Herato20 Herato2001 2825001.0 2825000.0 0.0503006162822 0.042063890972 0.050221740635 0.0600173671672
Herato20 Herato2001 2875001.0 2875000.0 0.0288147921198 0.0240122522723 0.0285069800816 0.0349087902772
Herato20 Herato2001 2925001.0 2925000.0 0.0740756929556 0.0599986149661 0.0745166297437 0.0906710838532
Herato20 Herato2001 2975001.0 2975000.0 0.0774540024207 0.0449020767742 0.0712319295534 0.143687368354
Herato20 Herato2001 3025001.0 3025000.0 0.0513122247562 0.0438844915834 0.0512127094988 0.0602046330468
Herato20 Herato2001 3075001.0 3075000.0 0.03894435549 0.035116170908 0.039030048622 0.042382780908
Herato20 Herato2001 3125001.0 3125000.0 0.04103806644 0.0304015543882 0.0413200709539 0.048480106134
Herato20 Herato2001 3175001.0 3175000.0 0.017252253876 0.012929571254 0.017005444576 0.024712264184
Herato20 Herato2001 3225001.0 3225000.0 0.033331744108 0.0270216674868 0.0329277269402 0.040341728618
Herato20 Herato2001 3275001.0 3275000.0 0.0289722248697 0.0246505481447 0.0289541316558 0.0341748258702
Herato20 Herato2001 3325001.0 3325000.0 0.0298759667204 0.024641540895 0.0296394285356 0.03663227785
Herato20 Herato2001 3375001.0 3375000.0 0.0184502412358 0.0152704156289 0.0184539123883 0.0224458968535
Herato20 Herato2001 3425001.0 3425000.0 0.030875019574 0.0224335981413 0.030272398194 0.038506196042
Herato20 Herato2001 3475001.0 3475000.0 0.018569437 0.013372016654 0.018546917886 0.026048566082
Herato20 Herato2001 3525001.0 3525000.0 0.073812089806 0.0289186267534 0.069228203921 0.146024577886
Herato20 Herato2001 3575001.0 3575000.0 0.0347955591361 0.0250504242141 0.0339824029169 0.0479058500459
Herato20 Herato2001 3625001.0 3625000.0 0.0429381976812 0.0322042490552 0.0419222786968 0.0580140057124
Herato20 Herato2001 3675001.0 3675000.0 0.097308102624 0.063430260732 0.092701797844 0.15788511782
Herato20 Herato2001 3725001.0 3725000.0 0.0201140747004 0.0172655432847 0.0198764853409 0.0246946915304
Herato20 Herato2001 3775001.0 3775000.0 0.017854600046 0.0158236241404 0.0177807263472 0.019832098088
Herato20 Herato2001 3825001.0 3825000.0 0.029603588959 0.0250572484872 0.0294059951963 0.0353694591763
Herato20 Herato2001 3875001.0 3875000.0 0.038301155129 0.0359496743712 0.0380602981022 0.041178892116
Herato20 Herato2001 3925001.0 3925000.0 0.04055325137 0.038658651128 0.040342296286 0.04326586336
Herato20 Herato2001 3975001.0 3975000.0 0.037068200982 0.0335057429712 0.03669376139 0.04122316163
Herato20 Herato2001 4025001.0 4025000.0 0.0401890356642 0.0346445485951 0.0399610576315 0.0464331480932
Herato20 Herato2001 4075001.0 4075000.0 0.03101471439 0.026830650834 0.030577262486 0.03768734452
Herato20 Herato2001 4125001.0 4125000.0 0.057934251351 0.0351569205528 0.0508670872603 0.134279051654
Herato20 Herato2001 4175001.0 4175000.0 0.0455872230547 0.0404072802904 0.0451778180121 0.0524951327245
Herato20 Herato2001 4225001.0 4225000.0 0.0614903184052 0.053321748969 0.0619267119146 0.0696910740334
Herato20 Herato2001 4275001.0 4275000.0 0.0491563349214 0.0406946194977 0.0459440456466 0.0652823276476
Herato20 Herato2001 4325001.0 4325000.0 0.0381294043264 0.0310845831086 0.038044498359 0.0453894135182
Herato20 Herato2001 4375001.0 4375000.0 0.0320889745068 0.0255385926232 0.032255373227 0.0404702451094
Herato20 Herato2001 4425001.0 4425000.0 0.0457042783627 0.0410019927119 0.0454733365795 0.0503561399328
Herato20 Herato2001 4475001.0 4475000.0 0.0375070694858 0.0285729362588 0.0346991467806 0.0620165910174
Herato20 Herato2001 4525001.0 4525000.0 0.021401827772 0.017032507438 0.020478521118 0.029022880764
Herato20 Herato2001 4575001.0 4575000.0 0.027054071884 0.023553521154 0.02676031182 0.03211089696
Herato20 Herato2001 4625001.0 4625000.0 0.0393432110584 0.0272084979586 0.0376479497156 0.0615971024516
Herato20 Herato2001 4675001.0 4675000.0 0.0445866769664 0.0350525516013 0.043733705472 0.057578619534
Herato20 Herato2001 4725001.0 4725000.0 0.0267292059661 0.022372470992 0.0265719600712 0.0320587445618
Herato20 Herato2001 4775001.0 4775000.0 0.0360388295032 0.0293119912576 0.0357266397974 0.0444616817526
Herato20 Herato2001 4825001.0 4825000.0 0.035304426878 0.027909343906 0.035692147246 0.042212388762
Herato20 Herato2001 4875001.0 4875000.0 0.0348781029464 0.0292593971386 0.0344053314801 0.0425608363178
Herato20 Herato2001 4925001.0 4925000.0 0.05164472459 0.041777189178 0.05113658478 0.063369164292
Herato20 Herato2001 4975001.0 4975000.0 0.0466896696636 0.0298147815534 0.0454627984939 0.0806013339092
Herato20 Herato2001 5025001.0 5025000.0 0.0320850152274 0.026866984606 0.0319538187844 0.0381505461226
Herato20 Herato2001 5075001.0 5075000.0 0.0312929545914 0.0285556048648 0.0313302098702 0.0338448917764
Herato20 Herato2001 5125001.0 5125000.0 0.056720508216 0.03611412458 0.05246842919 0.096471461916
Herato20 Herato2001 5175001.0 5175000.0 0.0341574131998 0.0308892101699 0.0339151557006 0.0379977650152
Herato20 Herato2001 5225001.0 5225000.0 0.05461734344 0.051107263486 0.054793056756 0.058453359588
Herato20 Herato2001 5275001.0 5275000.0 0.05342033412 0.04999334168 0.05324663976 0.05774533404
Herato20 Herato2001 5325001.0 5325000.0 0.040778064428 0.03669387691 0.04033945236 0.047358530366
Herato20 Herato2001 5375001.0 5375000.0 0.02888661914 0.025155806626 0.02893961478 0.0323593437
Herato20 Herato2001 5425001.0 5425000.0 0.0418296200862 0.0346696466888 0.0417296725582 0.0501928970508
Herato20 Herato2001 5475001.0 5475000.0 0.020803878962 0.0190721136086 0.0207881712264 0.022829411252
Herato20 Herato2001 5525001.0 5525000.0 0.0408079193571 0.0259257817027 0.0385955680888 0.0674786735582
Herato20 Herato2001 5575001.0 5575000.0 0.0627009154712 0.0245251378011 0.05699389739 0.124493320506
Herato20 Herato2001 5625001.0 5625000.0 0.0220684589612 0.0178635953566 0.0219535570456 0.026583750226
Herato20 Herato2001 5675001.0 5675000.0 0.0258421628033 0.0221096604837 0.0255511370468 0.0299604468016
Herato20 Herato2001 5725001.0 5725000.0 0.0278269876808 0.0227732816154 0.0275347072405 0.0344859007814
Herato20 Herato2001 5775001.0 5775000.0 0.054859041208 0.041288546257 0.053294877158 0.079495071256
Herato20 Herato2001 5825001.0 5825000.0 0.108988771615 0.0341489624354 0.100986335475 0.220050419122
Herato20 Herato2001 5875001.0 5875000.0 0.031662681513 0.0148553324749 0.0256370513843 0.073364394193
Herato20 Herato2001 5925001.0 5925000.0 0.0259487176249 0.0233710478902 0.0258852822832 0.0292445021398
Herato20 Herato2001 5975001.0 5975000.0 0.0133932906912 0.00891999504438 0.0111868085519 0.025614874475
Herato20 Herato2001 6025001.0 6025000.0 0.022042645115 0.0179441082273 0.0220267242879 0.0251775999546
Herato20 Herato2001 6075001.0 6075000.0 0.0332029107018 0.0307874157904 0.032956736021 0.0364836499308
Herato20 Herato2001 6125001.0 6125000.0 0.0433563233816 0.0260385639402 0.0378341750246 0.0852871045294
Herato20 Herato2001 6175001.0 6175000.0 0.045928121766 0.0410718473296 0.046013513261 0.050438353283
Herato20 Herato2001 6225001.0 6225000.0 0.0502230674998 0.0427747285188 0.0501675593726 0.0589110952992
Herato20 Herato2001 6275001.0 6275000.0 0.0209583048696 0.0187842553912 0.0208998179538 0.023296551958
Herato20 Herato2001 6325001.0 6325000.0 0.0313150221284 0.0236127463952 0.0318819744682 0.03765295977
Herato20 Herato2001 6375001.0 6375000.0 0.0292404074452 0.0268233820903 0.0291434776664 0.0323656295102
Herato20 Herato2001 6425001.0 6425000.0 0.112932129956 0.0370217931581 0.106357283294 0.238579592618
Herato20 Herato2001 6475001.0 6475000.0 0.030205461312 0.0274275581422 0.0300227356394 0.033556154074
Herato20 Herato2001 6525001.0 6525000.0 0.04394608658 0.03704957528 0.04297522 0.056538423114
Herato20 Herato2001 6575001.0 6575000.0 0.02307691044 0.02212561492 0.0230029652 0.02448286926
Herato20 Herato2001 6625001.0 6625000.0 0.0443167424084 0.0301189029954 0.0426693311195 0.0671353281528
Herato20 Herato2001 6675001.0 6675000.0 0.0179523142738 0.0138280745391 0.017659590003 0.0236980751244
Herato20 Herato2001 6725001.0 6725000.0 0.0452099345444 0.0198100980793 0.0409286667716 0.0947443453524
Herato20 Herato2001 6775001.0 6775000.0 0.034886958468 0.02922377874 0.034816603912 0.040425254486
Herato20 Herato2001 6825001.0 6825000.0 0.0264103985444 0.0240496401572 0.0263807043528 0.029393464068
Herato20 Herato2001 6875001.0 6875000.0 0.020560027949 0.0173205982303 0.0204334812842 0.0253107957526
Herato20 Herato2001 6925001.0 6925000.0 0.0253015494658 0.0169879974234 0.0243951654628 0.0389889767744
Herato20 Herato2001 6975001.0 6975000.0 0.0111904847316 0.0094127197438 0.011153180534 0.0130014269916
Herato20 Herato2001 7025001.0 7025000.0 0.0179901536136 0.0120293367393 0.0178353823787 0.0256872799858
Herato20 Herato2001 7075001.0 7075000.0 0.0127398321409 0.00798295185473 0.0120445072626 0.0206763504469
Herato20 Herato2001 7125001.0 7125000.0 0.00940947940352 0.00582873224613 0.0089738998886 0.0147920787267
Herato20 Herato2001 7175001.0 7175000.0 0.0232634921462 0.0162521897944 0.0234771759084 0.0314379901686
Herato20 Herato2001 7225001.0 7225000.0 0.017799242728 0.014470030686 0.017365527972 0.02180585394
Herato20 Herato2001 7275001.0 7275000.0 0.0220742896274 0.0164657485871 0.0219463157322 0.0296239552126
Herato20 Herato2001 7325001.0 7325000.0 0.033664877043 0.0131598154311 0.0278487998108 0.0913850300468
Herato20 Herato2001 7375001.0 7375000.0 0.030752091748 0.0264379289922 0.030700066176 0.035945588414
Herato20 Herato2001 7425001.0 7425000.0 0.0222413617816 0.0192534946952 0.0225258366251 0.0253146197394
Herato20 Herato2001 7475001.0 7475000.0 0.0217823035628 0.0161440218942 0.0215940508441 0.0292731165493
Herato20 Herato2001 7525001.0 7525000.0 0.0154476928174 0.0133556207572 0.0146309257308 0.021591628062
Herato20 Herato2001 7575001.0 7575000.0 0.056006232981 0.0295161808549 0.0527120191522 0.100718120596
Herato20 Herato2001 7625001.0 7625000.0 0.0320318376232 0.022102269461 0.0304635420044 0.0498112558966
Herato20 Herato2001 7675001.0 7675000.0 0.019325155771 0.0153507366785 0.0190878155044 0.024460190656
Herato20 Herato2001 7725001.0 7725000.0 0.0552550654281 0.0186711343338 0.0544016002452 0.119659914597
Herato20 Herato2001 7775001.0 7775000.0 0.0215964570288 0.0198658591675 0.0215520929732 0.0236902755508
Herato20 Herato2001 7825001.0 7825000.0 0.011364525997 0.00677759569728 0.0100722178884 0.0208438953994
Herato20 Herato2001 7875001.0 7875000.0 0.0528630050054 0.0296704981155 0.045865585987 0.117145319015
Herato20 Herato2001 7925001.0 7925000.0 0.0305711033094 0.0237818825378 0.03012008 0.0392243239788
Herato20 Herato2001 7975001.0 7975000.0 0.029326848248 0.017803132962 0.029393953554 0.039645015812
Herato20 Herato2001 8025001.0 8025000.0 0.035007503357 0.0279850406574 0.0345163883846 0.0439202414026
Herato20 Herato2001 8075001.0 8075000.0 0.0193083110132 0.0127187770958 0.0183819836286 0.0310780747926
Herato20 Herato2001 8125001.0 8125000.0 0.071722558286 0.05460722403 0.07001367468 0.099655106242
Herato20 Herato2001 8175001.0 8175000.0 0.041607871024 0.037260448836 0.041516509596 0.046443291772
Herato20 Herato2001 8225001.0 8225000.0 0.0257631598555 0.020420468138 0.0255558107763 0.0322943544817
Herato20 Herato2001 8275001.0 8275000.0 0.0271437260983 0.0232869786206 0.0270413092245 0.0316535012138
Herato20 Herato2001 8325001.0 8325000.0 0.0247100552278 0.017014529877 0.0243940612218 0.034130655324
Herato20 Herato2001 8375001.0 8375000.0 0.0483500054464 0.0433387243802 0.0482794253808 0.054213961137
Herato20 Herato2001 8425001.0 8425000.0 0.0361352790178 0.0301088294615 0.036007653626 0.0432375800362
Herato20 Herato2001 8475001.0 8475000.0 0.06656409558 0.047092632576 0.064518048042 0.097962311824
Herato20 Herato2001 8525001.0 8525000.0 0.035692023178 0.0316663548772 0.035577874624 0.040555683778
Herato20 Herato2001 8575001.0 8575000.0 0.0799074445 0.0397392499998 0.07585922802 0.145001835129
Herato20 Herato2001 8625001.0 8625000.0 0.0237665898292 0.0206316235083 0.0236784658819 0.027427648752
Herato20 Herato2001 8675001.0 8675000.0 0.032186322065 0.018930292509 0.0298328932368 0.061573366009
Herato20 Herato2001 8725001.0 8725000.0 0.0618564371852 0.0300669763531 0.0568637246155 0.124352866398
Herato20 Herato2001 8775001.0 8775000.0 0.033932597789 0.0292993470966 0.0337372774364 0.0400199018144
Herato20 Herato2001 8825001.0 8825000.0 0.0504716657336 0.0424995441414 0.050199647038 0.0598428875908
Herato20 Herato2001 8875001.0 8875000.0 0.0517408045096 0.0281774703427 0.0508301239658 0.0864422466744
Herato20 Herato2001 8925001.0 8925000.0 0.0402470180824 0.0279502790806 0.0373589707106 0.065462427958
Herato20 Herato2001 8975001.0 8975000.0 0.0371765526498 0.0288129566512 0.0364463151601 0.0516335416278
Herato20 Herato2001 9025001.0 9025000.0 0.0261443186512 0.0237560532069 0.0257888186662 0.0304155504484
Herato20 Herato2001 9075001.0 9075000.0 0.026296464878 0.0233292406224 0.026279470594 0.028887360406
Herato20 Herato2001 9125001.0 9125000.0 0.0284386066336 0.026250175504 0.0283781014726 0.03095644163
Herato20 Herato2001 9175001.0 9175000.0 0.055596624982 0.039297950824 0.05517746451 0.075367690686
Herato20 Herato2001 9225001.0 9225000.0 0.0703989739214 0.041651254578 0.0625258403098 0.145739401997
Herato20 Herato2001 9275001.0 9275000.0 0.0564019865058 0.0469926767043 0.0554767503478 0.0711423640382
Herato20 Herato2001 9325001.0 9325000.0 0.0292273714224 0.0246997159849 0.0283301861604 0.0362302910976
Herato20 Herato2001 9375001.0 9375000.0 0.051651300126 0.04338538675 0.05123694016 0.062207130198
Herato20 Herato2001 9425001.0 9425000.0 0.035798175 0.03335071628 0.03584636048 0.03798561396
Herato20 Herato2001 9475001.0 9475000.0 0.03964753154 0.03768806874 0.03946214126 0.04164881004
Herato20 Herato2001 9525001.0 9525000.0 0.03808937568 0.03632724768 0.03787302552 0.03994450488
Herato20 Herato2001 9575001.0 9575000.0 0.0427499165878 0.0355657730603 0.0422899725719 0.052795363299
Herato20 Herato2001 9625001.0 9625000.0 0.0318186658128 0.0260124984882 0.0314737583638 0.0396299283122
Herato20 Herato2001 9675001.0 9675000.0 0.0632828225412 0.0478554320488 0.0618118456414 0.0874242355088
Herato20 Herato2001 9725001.0 9725000.0 0.0445843969018 0.0290614685184 0.0443300601141 0.064859516481
Herato20 Herato2001 9775001.0 9775000.0 0.0411482972832 0.0319518665012 0.040988987681 0.0531940331264
Herato20 Herato2001 9825001.0 9825000.0 0.064226616963 0.044764691428 0.0606555368978 0.104614034376
Herato20 Herato2001 9875001.0 9875000.0 0.041332639556 0.0337965207342 0.041121521064 0.04980008614
Herato20 Herato2001 9925001.0 9925000.0 0.0380500381716 0.0331727675586 0.0377516328827 0.043894356214
Herato20 Herato2001 9975001.0 9975000.0 0.0461134214415 0.0389738043637 0.0455777124233 0.05584026544
Herato20 Herato2001 10025001.0 10025000.0 0.0399499422822 0.035084923269 0.0398663060972 0.0448863592562
Herato20 Herato2001 10075001.0 10075000.0 0.0415652481092 0.0341663310955 0.0414596166074 0.049804178784
Herato20 Herato2001 10125001.0 10125000.0 0.032050035772 0.029880381646 0.032005213714 0.034604575196
Herato20 Herato2001 10175001.0 10175000.0 0.0360982323878 0.0337221938965 0.0357199948674 0.0390861161826
Herato20 Herato2001 10225001.0 10225000.0 0.0371169806 0.0332281907748 0.03726116284 0.0416249642
Herato20 Herato2001 10275001.0 10275000.0 0.049515813434 0.042081661062 0.049536395884 0.058957068704
Herato20 Herato2001 10325001.0 10325000.0 0.0438740877 0.041141413006 0.04421395732 0.04667970114
Herato20 Herato2001 10375001.0 10375000.0 0.048752592866 0.0417349289026 0.048520385912 0.057166168314
Herato20 Herato2001 10425001.0 10425000.0 0.024038037398 0.020530116684 0.023710607964 0.02874222394
Herato20 Herato2001 10475001.0 10475000.0 0.0247082720032 0.021440747467 0.0244589296102 0.029931388044
Herato20 Herato2001 10525001.0 10525000.0 0.0261731358946 0.0238957702296 0.026333532356 0.028542920339
Herato20 Herato2001 10575001.0 10575000.0 0.0308879571177 0.0278303191666 0.0307560890411 0.0346907294636
Herato20 Herato2001 10625001.0 10625000.0 0.031278054589 0.026114477136 0.0306913689586 0.038199240572
Herato20 Herato2001 10675001.0 10675000.0 0.0384273250788 0.0348823004485 0.038409210605 0.042548356862
Herato20 Herato2001 10725001.0 10725000.0 0.0407776076574 0.0364342909994 0.040452969787 0.047427299368
Herato20 Herato2001 10775001.0 10775000.0 0.038312011926 0.036611651426 0.038186558686 0.04020349842
Herato20 Herato2001 10825001.0 10825000.0 0.051388744064 0.0475678074208 0.051198779036 0.05560933938
Herato20 Herato2001 10875001.0 10875000.0 0.042119712784 0.0374778940582 0.042082390704 0.046176901028
Herato20 Herato2001 10925001.0 10925000.0 0.0368184948504 0.032080427208 0.0366143174742 0.0413054249144
Herato20 Herato2001 10975001.0 10975000.0 0.0280263116166 0.0203865558461 0.027271376879 0.0398783201836
Herato20 Herato2001 11025001.0 11025000.0 0.0411808817412 0.0287800520889 0.038426572818 0.0665822196736
Herato20 Herato2001 11075001.0 11075000.0 0.0339135920415 0.0272939339098 0.034160822787 0.0442487243312
Herato20 Herato2001 11125001.0 11125000.0 0.0481562576467 0.0293262649357 0.0475022423868 0.0768130906134
Herato20 Herato2001 11175001.0 11175000.0 0.0529022395796 0.0309315629124 0.048444209558 0.101631860691
Herato20 Herato2001 11225001.0 11225000.0 0.0272701114542 0.0245570481168 0.0272439573826 0.03043664639
Herato20 Herato2001 11275001.0 11275000.0 0.0256491228448 0.0231797114271 0.0253993084646 0.0283530894948
Herato20 Herato2001 11325001.0 11325000.0 0.00948725205092 0.00863782534496 0.00946843955986 0.0103873280804
Herato20 Herato2001 11375001.0 11375000.0 0.0250661490059 0.0168530100534 0.0244616954897 0.036343903299
Herato20 Herato2001 11425001.0 11425000.0 0.0381428705652 0.0303825706577 0.0368872900294 0.0499594560932
Herato20 Herato2001 11475001.0 11475000.0 0.036182232684 0.0344582531204 0.036028505268 0.03888842092
Herato20 Herato2001 11525001.0 11525000.0 0.032231557418 0.029637685722 0.032439741054 0.034151093302
Herato20 Herato2001 11575001.0 11575000.0 0.0285730989676 0.0258359263298 0.028659067592 0.0315411651132
Herato20 Herato2001 11625001.0 11625000.0 0.0370395246112 0.0317716057702 0.0368172551911 0.0433620540758
Herato20 Herato2001 11675001.0 11675000.0 0.0383310240863 0.0327023268176 0.0378389585181 0.0464415630274
Herato20 Herato2001 11725001.0 11725000.0 0.0511521154328 0.0280007676484 0.0476723489854 0.100761465702
Herato20 Herato2001 11775001.0 11775000.0 0.0393652573027 0.0230252721947 0.0384025682259 0.0581941715052
Herato20 Herato2001 11825001.0 11825000.0 0.030140814448 0.0250867463658 0.030112372572 0.0359614807
Herato20 Herato2001 11875001.0 11875000.0 0.0331683519202 0.019752058465 0.0322406451586 0.0518526252064
Herato20 Herato2001 11925001.0 11925000.0 0.0345531007983 0.027110675882 0.0347158196268 0.0429190206724
Herato20 Herato2001 11975001.0 11975000.0 0.0180686349096 0.0160079620365 0.0179672565852 0.0207502967424
Herato20 Herato2001 12025001.0 12025000.0 0.029638453453 0.0230632791568 0.029615110754 0.035629846443
Herato20 Herato2001 12075001.0 12075000.0 0.0309892290381 0.0242691149381 0.0310450416402 0.0360690994016
Herato20 Herato2001 12125001.0 12125000.0 0.039829640422 0.035713287314 0.03967404242 0.04432567466
Herato20 Herato2001 12175001.0 12175000.0 0.03894977444 0.03615329164 0.03874040994 0.04221871356
Herato20 Herato2001 12225001.0 12225000.0 0.0374094838 0.0344396546 0.0376763161 0.04002030144
Herato20 Herato2001 12275001.0 12275000.0 0.0308833706 0.02805757014 0.0307142391 0.03441448724
Herato20 Herato2001 12325001.0 12325000.0 0.046994029568 0.041208745542 0.046762115404 0.053454773074
Herato20 Herato2001 12375001.0 12375000.0 0.03982817956 0.0355068025752 0.039458790162 0.045133855664
Herato20 Herato2001 12425001.0 12425000.0 0.044529097704 0.04004401498 0.044607409146 0.049112389118
Herato20 Herato2001 12475001.0 12475000.0 0.033579921942 0.031115161256 0.033644733062 0.036161024044
Herato20 Herato2001 12525001.0 12525000.0 0.0290894978 0.0252265808602 0.028967567988 0.033231606774
Herato20 Herato2001 12575001.0 12575000.0 0.039074621057 0.0237564794646 0.0374992875864 0.0644685222122
Herato20 Herato2001 12625001.0 12625000.0 0.0306849808152 0.0188045783765 0.0290482887994 0.0511993019968
Herato20 Herato2001 12675001.0 12675000.0 0.0320430177954 0.0260412427348 0.0319782549918 0.0395004519124
Herato20 Herato2001 12725001.0 12725000.0 0.0351122281696 0.0273221166425 0.0343616308129 0.04751860927
Herato20 Herato2001 12775001.0 12775000.0 0.0156645729812 0.0139048565686 0.0156204883934 0.0174808046016
Herato20 Herato2001 12825001.0 12825000.0 0.00763399743224 0.00469567079252 0.00574666793868 0.0235323015852
Herato20 Herato2001 12875001.0 12875000.0 0.0445508522346 0.0210194462099 0.0429141104279 0.0808404876276
Herato20 Herato2001 12925001.0 12925000.0 0.0509963719508 0.0234426689393 0.04887190793 0.0978032145701
Herato20 Herato2001 12975001.0 12975000.0 0.0227038987185 0.0101166458428 0.0207777091002 0.0460658773826
Herato20 Herato2001 13025001.0 13025000.0 0.0160727813065 0.0144027399052 0.0160052891457 0.0180845858936
Herato20 Herato2001 13075001.0 13075000.0 0.0114538303918 0.010307639797 0.0113838740834 0.0130235179382
Herato20 Herato2001 13125001.0 13125000.0 0.0890162576224 0.0485321936488 0.0842525037866 0.164318342903
Herato20 Herato2001 13175001.0 13175000.0 0.040878965394 0.0312688454432 0.040555249064 0.05011071487
Herato20 Herato2001 13225001.0 13225000.0 0.032984717814 0.0268626184274 0.032856658154 0.03990769503
Herato20 Herato2001 13275001.0 13275000.0 0.026098858386 0.022367078206 0.02571292723 0.032113186562
Herato20 Herato2001 13325001.0 13325000.0 0.0286950865583 0.023344745229 0.0282763465984 0.0357867640372
Herato20 Herato2001 13375001.0 13375000.0 0.033755193736 0.031418807248 0.033718202716 0.03643434572
Herato20 Herato2001 13425001.0 13425000.0 0.0399028621999 0.0342446153769 0.0396996434588 0.0461515660274
Herato20 Herato2001 13475001.0 13475000.0 0.091080579951 0.0505818884595 0.0843791443742 0.173329253486
Herato20 Herato2001 13525001.0 13525000.0 0.0364194860637 0.0215839075682 0.0336748996158 0.0654104513434
Herato20 Herato2001 13575001.0 13575000.0 0.0544469582584 0.0391134322946 0.0544713833444 0.073553738353
Herato20 Herato2001 13625001.0 13625000.0 0.0205475623154 0.0140599154174 0.0208666710758 0.0272770416864
Herato20 Herato2001 13675001.0 13675000.0 0.042161385876 0.0267330480246 0.038829271878 0.068960414898
Herato20 Herato2001 13725001.0 13725000.0 0.013750643534 0.008117686894 0.014086508602 0.01712380549
Herato20 Herato2001 13775001.0 13775000.0 0.0290334246441 0.0196141725209 0.0245726363614 0.0559550386071
Herato20 Herato2001 13825001.0 13825000.0 0.013722273349 0.0120780810458 0.0135676040351 0.0161443177768
Herato20 Herato2001 13875001.0 13875000.0 0.0284547667604 0.0154895513551 0.027292950218 0.0472493359622
Herato20 Herato2001 13925001.0 13925000.0 0.10552990106 0.038748194456 0.0978892693485 0.232007957351
Herato20 Herato2001 13975001.0 13975000.0 0.0415859362485 0.0293964811275 0.0405055670365 0.0596744440701
Herato20 Herato2001 14025001.0 14025000.0 0.059334272599 0.0306443803218 0.0509446777192 0.136049984036
Herato20 Herato2001 14075001.0 14075000.0 0.0175845068166 0.0144244760603 0.0175965682186 0.0215516541032
Herato20 Herato2001 14125001.0 14125000.0 0.0415486033725 0.0237236792346 0.0412000963123 0.071512623439
Herato20 Herato2001 14175001.0 14175000.0 0.048777718768 0.032227442145 0.045804932038 0.0802858316
Herato20 Herato2001 14225001.0 14225000.0 0.04056573907 0.0274147276436 0.039642748412 0.0569238460256
Herato20 Herato2001 14275001.0 14275000.0 0.0241714655092 0.0211286889619 0.0242286433291 0.027281963316
Herato20 Herato2001 14325001.0 14325000.0 0.0286055007371 0.0220735027938 0.0266511505233 0.0435719998482
Herato20 Herato2001 14375001.0 14375000.0 0.036544331954 0.021795285766 0.028616776368 0.080368067496
Herato20 Herato2001 14425001.0 14425000.0 0.04155558078 0.0365063299816 0.0414125221296 0.047595923452
Herato20 Herato2001 14475001.0 14475000.0 0.041122729898 0.03628201928 0.040745456746 0.047187255454
Herato20 Herato2001 14525001.0 14525000.0 0.0411156703644 0.0376995183062 0.0412423511478 0.0445074173942
Herato20 Herato2001 14575001.0 14575000.0 0.0484099717118 0.043857479254 0.0483807178292 0.0531338591608
Herato20 Herato2001 14625001.0 14625000.0 0.0261077298872 0.0205938561261 0.0261142578042 0.0310088956837
Herato20 Herato2001 14675001.0 14675000.0 0.0434857941058 0.0258904620032 0.0422759944562 0.0728966133024
Herato20 Herato2001 14725001.0 14725000.0 0.030955162353 0.0174785844888 0.0314791228569 0.043476524428
Herato20 Herato2001 14775001.0 14775000.0 0.0272590002606 0.0208980963826 0.0269507159404 0.0377404442872
Herato20 Herato2001 14825001.0 14825000.0 0.023012334172 0.0191732926752 0.023074191206 0.027142732096
Herato20 Herato2001 14875001.0 14875000.0 0.0231253980914 0.0175348509308 0.0226042716108 0.0303998418522
Herato20 Herato2001 14925001.0 14925000.0 0.034785153564 0.0274572687918 0.034014244876 0.04625031446
Herato20 Herato2001 14975001.0 14975000.0 0.0331247248321 0.0301599953894 0.0331367270928 0.03628344266
Herato20 Herato2001 15025001.0 15025000.0 0.039635361092 0.025051137282 0.037843302652 0.063483027408
Herato20 Herato2001 15075001.0 15075000.0 0.0154582716031 0.0138805129578 0.015501524242 0.016643606204
Herato20 Herato2001 15125001.0 15125000.0 0.0290942512975 0.0242808512744 0.0288649557825 0.0352649218006
Herato20 Herato2001 15175001.0 15175000.0 0.0296887464984 0.0209362880826 0.0283356132044 0.0464156665554
Herato20 Herato2001 15225001.0 15225000.0 0.0774619749221 0.0375156392937 0.0736141484449 0.139578488722
Herato20 Herato2001 15275001.0 15275000.0 0.0269422247414 0.0206964638434 0.0263711802205 0.0357537897781
Herato20 Herato2001 15325001.0 15325000.0 0.0213057809504 0.0196782125648 0.0213374278916 0.0229229991302
Herato20 Herato2001 15375001.0 15375000.0 0.0187104680748 0.0163563864714 0.0184979485863 0.0214309304128
Herato20 Herato2001 15425001.0 15425000.0 0.0108537194756 0.00775836247215 0.0105045725256 0.0158899868638
Herato20 Herato2001 15475001.0 15475000.0 0.146485342438 0.0565716524305 0.141003162752 0.263503062344
Herato20 Herato2001 15525001.0 15525000.0 0.0740317658344 0.0240923071098 0.067559166378 0.164802705674
Herato20 Herato2001 15575001.0 15575000.0 0.0330381654654 0.0150938633726 0.0306719531034 0.0670343944852
Herato20 Herato2001 15625001.0 15625000.0 0.113304304382 0.065563328228 0.105976979806 0.19191745867
Herato20 Herato2001 15675001.0 15675000.0 0.0327757203092 0.0235120779428 0.0319495972998 0.0469890070158
Herato20 Herato2001 15725001.0 15725000.0 0.0321280827084 0.0164144034015 0.0269521647558 0.060356700304
Herato20 Herato2001 15775001.0 15775000.0 0.0698505647912 0.0363558019686 0.064900597418 0.133455578747
Herato20 Herato2001 15825001.0 15825000.0 0.0419945880794 0.0274343113364 0.0408014270466 0.06244049367
Herato20 Herato2001 15875001.0 15875000.0 0.0444382428447 0.0256368662349 0.0397222979357 0.0942008076724
Herato20 Herato2001 15925001.0 15925000.0 0.00557885968802 0.00481044637345 0.00553842817884 0.0065388798408
Herato20 Herato2001 15975001.0 15975000.0 0.0228644317434 0.0173372398074 0.0224235800504 0.032094195705
Herato20 Herato2001 16025001.0 16025000.0 0.107487869625 0.0417789637178 0.0972273366337 0.235023430691
Herato20 Herato2001 16075001.0 16075000.0 0.0063334729004 0.00540783606022 0.0063291214266 0.0074111099304
Herato20 Herato2001 16125001.0 16125000.0 0.0551145388324 0.0229243356384 0.0485228841587 0.119362893989
Herato20 Herato2001 16175001.0 16175000.0 0.0394498697436 0.0315202253 0.0393110826794 0.0506896579868
Herato20 Herato2001 16225001.0 16225000.0 0.013257316364 0.010010980308 0.013115284654 0.017355484946
Herato20 Herato2001 16275001.0 16275000.0 0.0298482288856 0.0234284351608 0.0292667058521 0.039464927424
Herato20 Herato2001 16325001.0 16325000.0 0.02718808382 0.020922703378 0.026686815962 0.03511235325
Herato20 Herato2001 16375001.0 16375000.0 0.0282817735871 0.0245815357885 0.0281504547619 0.0320670879978
Herato20 Herato2001 16425001.0 16425000.0 0.0401765491898 0.0273047053897 0.0389580420974 0.0615604434852
Herato20 Herato2001 16475001.0 16475000.0 0.0302467049261 0.0268378750033 0.0301183733616 0.034175279876
Herato20 Herato2001 16525001.0 16525000.0 0.0340706507994 0.0284518155681 0.033629349234 0.0420589200466
Herato20 Herato2001 16575001.0 16575000.0 0.0464820888562 0.0359152842204 0.0455832493734 0.0623365654104
Herato20 Herato2001 16625001.0 16625000.0 0.0362248834244 0.0324629440232 0.036171899539 0.039791465478
Herato20 Herato2001 16675001.0 16675000.0 0.043745904056 0.0381348571699 0.043623006528 0.0504973444812
Herato20 Herato2001 16725001.0 16725000.0 0.054228648794 0.03733498328 0.052945809972 0.082064467128
Herato20 Herato2001 16775001.0 16775000.0 0.0342344139266 0.0278172343142 0.0335542691568 0.044829502182
Herato20 Herato2001 16825001.0 16825000.0 0.04033550574 0.0365624823469 0.0404114132692 0.04460473469
Herato20 Herato2001 16875001.0 16875000.0 0.039832835436 0.034631058438 0.039767412792 0.04545436853
Herato20 Herato2001 16925001.0 16925000.0 0.0270695355834 0.0240582444412 0.027124589485 0.0305897240286
Herato20 Herato2001 16975001.0 16975000.0 0.0169400578772 0.0153552589588 0.0169954333316 0.0184384404886
Herato20 Herato2001 17025001.0 17025000.0 0.013266425717 0.0109857557033 0.0126969198492 0.0165629298606
Herato20 Herato2001 17075001.0 17075000.0 0.0523322430367 0.0303262958524 0.0460423921418 0.136606377053
Herato20 Herato2001 17125001.0 17125000.0 0.0263744521318 0.0220960784793 0.026039341525 0.0310665812174
Herato20 Herato2001 17175001.0 17175000.0 0.0633548614506 0.0381511095229 0.0605850968078 0.110702134444
Herato20 Herato2001 17225001.0 17225000.0 0.037028612094 0.015783118339 0.0359749427124 0.067075836882
Herato20 Herato2001 17275001.0 17275000.0 0.0268085191186 0.0215604562249 0.0265172782012 0.0339136117862
Herato20 Herato2001 17325001.0 17325000.0 0.0192121945597 0.0164712427459 0.0193456551413 0.0218295625764
Herato20 Herato2001 17375001.0 17375000.0 0.0772476769437 0.0414998787411 0.0706503485653 0.156272967262
Herato20 Herato2001 17425001.0 17425000.0 0.083631014282 0.0545098394336 0.0812232209084 0.129110831856
Herato20 Herato2001 17475001.0 17475000.0 0.0539323577707 0.020937784295 0.0520127877144 0.132313812022
Herato20 Herato2001 17525001.0 17525000.0 0.02833154806 0.019223981852 0.027926462956 0.04089280367
Herato20 Herato2001 17575001.0 17575000.0 0.0396300831504 0.02788302289 0.0387287247656 0.057516988034
Herato20 Herato2001 17625001.0 17625000.0 0.0592983669277 0.029057411365 0.0537449036063 0.114998588426
Herato20 Herato2001 17675001.0 17675000.0 0.0252906104604 0.0230848375995 0.0251836883802 0.0277799119264
Herato20 Herato2001 17725001.0 17725000.0 0.0467576444758 0.0311142794811 0.04574662682 0.0691020674496
Herato20 Herato2001 17775001.0 17775000.0 0.040125877536 0.037328532834 0.040478387996 0.04269083024
Herato20 Herato2001 17825001.0 17825000.0 0.0331760762448 0.0296511646046 0.0330543183296 0.037274799364
Herato20 Herato2001 17875001.0 17875000.0 0.0946056665884 0.048135802138 0.0877873875514 0.173734625192
Herato20 Herato2001 17925001.0 17925000.0 0.043568543042 0.038963281604 0.043444161984 0.04880851621
Herato20 Herato2001 17975001.0 17975000.0 0.0199967882722 0.0143487676225 0.0199789518588 0.0278905501144
Herato20 Herato2001 18025001.0 18025000.0 0.0715077216824 0.0192912970524 0.0702175088363 0.145519663791
Herato20 Herato2001 18075001.0 18075000.0 0.015022330661 0.0129405086141 0.0149627666841 0.0167736603785
Herato20 Herato2001 18125001.0 18125000.0 0.029949140784 0.0251038623988 0.029724567998 0.035389194428
Herato20 Herato2001 18175001.0 18175000.0 0.058856104891 0.0322341074024 0.0538563675598 0.109790714546
Herato20 Herato2001 18225001.0 18225000.0 0.0355573084909 0.0289662419385 0.0355356903436 0.0428453431402
Herato20 Herato2001 18275001.0 18275000.0 0.0108951744554 0.00853517165337 0.0110111670119 0.0136459450476
Herato20 Herato2001 18325001.0 18325000.0 0.0383635912417 0.0169937848573 0.0304416649202 0.100048006861
Herato20 Herato2001 18375001.0 18375000.0 0.0184651713402 0.0103520073602 0.0184777938648 0.032336216274
Herato20 Herato2001 18425001.0 18425000.0 0.0161801489022 0.0124259012019 0.0161415761149 0.0199309249828
Herato20 Herato2001 18475001.0 18475000.0 0.136407231846 0.0543380180461 0.131461122011 0.269305176843
Herato20 Herato2001 18525001.0 18525000.0 0.0276281712634 0.0195096433158 0.02678679242 0.043307944756
Herato20 Herato2001 18575001.0 18575000.0 0.0229977161201 0.0187427676686 0.023034321303 0.0274963079194
Herato20 Herato2001 18625001.0 18625000.0 0.0239707434472 0.020347946236 0.0238377924436 0.0286298881788
Herato20 Herato2001 18675001.0 18675000.0 0.021984013782 0.02001082341 0.022008487634 0.023812075756
Herato20 Herato2001 18725001.0 18725000.0 0.033104171952 0.0253633399816 0.0326604897 0.043380609356
Herato20 Herato2001 18775001.0 18775000.0 0.0320178130927 0.0199905211553 0.0309601365325 0.0510796260605
Herato20 Herato2001 18825001.0 18825000.0 0.234347575988 0.0925462098784 0.209327339972 0.556435897992
Herato20 Herato2001 18875001.0 18875000.0 0.0490675210162 0.0235592593114 0.0437323228974 0.105066252108
Herato20 Herato2001 18925001.0 18925000.0 0.0247061064106 0.0165553156703 0.0241752233407 0.0366888267429
Herato20 Herato2001 18975001.0 18975000.0 0.0663811120256 0.0370931510748 0.0623889764898 0.116731593579
Herato20 Herato2001 19025001.0 19025000.0 0.0492265581238 0.0220910273981 0.0453893784924 0.0989746316256
Herato20 Herato2001 19075001.0 19075000.0 0.0436509436874 0.0212598474355 0.0425527900746 0.0699375108982
Herato20 Herato2001 19125001.0 19125000.0 0.0466296728883 0.0221084988963 0.0438802182823 0.0864134282735
Herato20 Herato2001 19175001.0 19175000.0 0.044516844116 0.0167786882741 0.0391259003374 0.103233154309
Herato20 Herato2001 19225001.0 19225000.0 0.0133709798956 0.0106807811946 0.0133999828644 0.0160014530667
Herato20 Herato2001 19275001.0 19275000.0 0.01848789002 0.013000570166 0.01929587792 0.02304580046
