chrom scaffold Cposition position mean p0025 p0500 p0975
Herato12 Herato1201 25001.0 25000.0 0.043863558828 0.040625120124 0.04392192493 0.047711784664
Herato12 Herato1201 75001.0 75000.0 0.052275627978 0.047330973873 0.0521794369 0.057630654982
Herato12 Herato1201 125001.0 125000.0 0.039938425136 0.0345999174998 0.039622616408 0.046560637704
Herato12 Herato1201 175001.0 175000.0 0.05676697642 0.051208401502 0.055756959104 0.06401282808
Herato12 Herato1201 225001.0 225000.0 0.0593365780916 0.0568490959682 0.058886705477 0.062915210806
Herato12 Herato1201 275001.0 275000.0 0.065766275346 0.059498859834 0.065553255024 0.07172926061
Herato12 Herato1201 325001.0 325000.0 0.0337502893626 0.0282122294727 0.0309233843578 0.0481529054408
Herato12 Herato1201 375001.0 375000.0 0.0407059572312 0.031482893386 0.0380471483326 0.0587428698724
Herato12 Herato1201 425001.0 425000.0 0.072108523338 0.0536985256956 0.069981637478 0.102496535344
Herato12 Herato1201 475001.0 475000.0 0.0749875607052 0.0692471783677 0.0751256338584 0.080761824998
Herato12 Herato1201 525001.0 525000.0 0.0441034785484 0.0334242219281 0.0423240833174 0.065223462668
Herato12 Herato1201 575001.0 575000.0 0.0556443585272 0.0438644094588 0.0547713857468 0.0719814953714
Herato12 Herato1201 625001.0 625000.0 0.01782626866 0.015741344508 0.01785138772 0.0195470488
Herato12 Herato1201 650865.0 675000.0 0.0037004431713 0.0019863037037 0.00403122893519 0.00595881388889
Herato12 Herato1202 676730.0 25000.0 0.0508064548442 0.0422623006147 0.0502817339036 0.0613478425044
Herato12 Herato1202 726730.0 75000.0 0.036282166107 0.0288074428557 0.0360467489134 0.0460689762982
Herato12 Herato1202 776730.0 125000.0 0.0438525223524 0.0415894883893 0.0435983999494 0.0477372283382
Herato12 Herato1202 826730.0 175000.0 0.065000600584 0.0616303374884 0.0649998433344 0.0680175063792
Herato12 Herato1202 876730.0 225000.0 0.0637253109 0.05904157804 0.06311283458 0.0695015015
Herato12 Herato1202 926730.0 275000.0 0.041935243424 0.0351288976014 0.041361872767 0.05156266763
Herato12 Herato1202 976730.0 325000.0 0.075899863704 0.0320076664411 0.0798335616878 0.128197289132
Herato12 Herato1202 1026730.0 375000.0 0.069288135708 0.055958026874 0.067640914772 0.096632827348
Herato12 Herato1202 1076730.0 425000.0 0.06953619876 0.06673563744 0.0698474748 0.0719240163
Herato12 Herato1202 1126730.0 475000.0 0.0682398045 0.0641009059 0.0689034774 0.0710732714
Herato12 Herato1202 1176730.0 525000.0 0.060748324236 0.05280597948 0.060648174324 0.069134192472
Herato12 Herato1202 1226730.0 575000.0 0.040117415432 0.035817964598 0.040464673202 0.044401673326
Herato12 Herato1202 1276730.0 625000.0 0.023942117182 0.021217253536 0.023952484362 0.026514729256
Herato12 Herato1202 1326730.0 675000.0 0.0723118003732 0.0642378505414 0.0721232923114 0.0816535330924
Herato12 Herato1202 1376730.0 725000.0 0.0324017488772 0.0269936551166 0.0325063035074 0.0361268190024
Herato12 Herato1202 1426730.0 775000.0 0.0629931067744 0.0555508954163 0.0630771985822 0.07042407798
Herato12 Herato1202 1476730.0 825000.0 0.06099338362 0.05669342026 0.06126747928 0.06435211538
Herato12 Herato1202 1526730.0 875000.0 0.0494391678316 0.0439529397677 0.049038094322 0.0625541379734
Herato12 Herato1202 1576730.0 925000.0 0.0393501447394 0.0342984381364 0.0388386557806 0.0461143233886
Herato12 Herato1202 1626730.0 975000.0 0.07250261675 0.064646996348 0.072378752138 0.079801247634
Herato12 Herato1202 1676730.0 1025000.0 0.0458876412 0.0415887563 0.04524918894 0.05182332746
Herato12 Herato1202 1726730.0 1075000.0 0.0547266423708 0.0393648594082 0.0527966725658 0.085346354886
Herato12 Herato1202 1776730.0 1125000.0 0.069578980255 0.054013837188 0.0691678572361 0.0917875104882
Herato12 Herato1202 1826730.0 1175000.0 0.08390203304 0.06587876682 0.08501739396 0.09794015182
Herato12 Herato1202 1876730.0 1225000.0 0.07956364024 0.0620826122 0.07911864648 0.0999302272
Herato12 Herato1202 1926730.0 1275000.0 0.06104434972 0.0581911847 0.06074309366 0.06513757868
Herato12 Herato1202 1976730.0 1325000.0 0.0601908044096 0.057854674357 0.0600055291136 0.0625234616372
Herato12 Herato1202 2026730.0 1375000.0 0.059792229783 0.0525524373824 0.059606939476 0.068037206094
Herato12 Herato1202 2076730.0 1425000.0 0.051443790236 0.047642997608 0.051231492222 0.055191956016
Herato12 Herato1202 2126730.0 1475000.0 0.0511562613676 0.0457034511044 0.0509087497994 0.058012573566
Herato12 Herato1202 2176730.0 1525000.0 0.0509746069456 0.0452564517831 0.0505905169032 0.0584987757944
Herato12 Herato1202 2226730.0 1575000.0 0.04353092958 0.038048432472 0.043717688706 0.049362000212
Herato12 Herato1202 2276730.0 1625000.0 0.034558473588 0.031977166484 0.034586011024 0.037388604788
Herato12 Herato1202 2326730.0 1675000.0 0.05491846974 0.0430978621818 0.0531583623894 0.074021319096
Herato12 Herato1202 2376730.0 1725000.0 0.08096195774 0.07666253448 0.08144245702 0.08537111768
Herato12 Herato1202 2426730.0 1775000.0 0.08395252974 0.0806978976 0.0841237275 0.08724988986
Herato12 Herato1202 2476730.0 1825000.0 0.0744172568483 0.0713882053887 0.0742894430227 0.0774815840802
Herato12 Herato1202 2526730.0 1875000.0 0.049428090226 0.0453895856954 0.049073789026 0.054197593192
Herato12 Herato1202 2576730.0 1925000.0 0.0463277471932 0.0387758687657 0.0462315702308 0.05328305536
Herato12 Herato1202 2626730.0 1975000.0 0.04132533854 0.038769666026 0.041318702702 0.044337861712
Herato12 Herato1202 2676730.0 2025000.0 0.07779999968 0.07400637338 0.07758803122 0.08188795702
Herato12 Herato1202 2726730.0 2075000.0 0.060610503936 0.0553939279272 0.0603776531016 0.066918175934
Herato12 Herato1202 2776730.0 2125000.0 0.05318155824 0.05204811922 0.0530438518 0.0555321571
Herato12 Herato1202 2826730.0 2175000.0 0.03958283406 0.03620602224 0.0394831804 0.04306198264
Herato12 Herato1202 2876730.0 2225000.0 0.063933734566 0.057097197772 0.063676116132 0.072188586596
Herato12 Herato1202 2926730.0 2275000.0 0.075483585408 0.0697421839804 0.075113883822 0.08272364737
Herato12 Herato1202 2976730.0 2325000.0 0.06625309544 0.06343077296 0.06667699368 0.06901643208
Herato12 Herato1202 3026730.0 2375000.0 0.0778779685 0.0737659538 0.07831923182 0.08215016102
Herato12 Herato1202 3076730.0 2425000.0 0.05065889395 0.046236880562 0.05058279442 0.055813633288
Herato12 Herato1202 3126730.0 2475000.0 0.054207056788 0.048376804357 0.0529599848222 0.0646377
Herato12 Herato1202 3176730.0 2525000.0 0.054363044 0.05210150136 0.05389593192 0.05740577408
Herato12 Herato1202 3226730.0 2575000.0 0.048292368392 0.0438121311396 0.047960757858 0.054342907568
Herato12 Herato1202 3276730.0 2625000.0 0.0360687656744 0.0314779414422 0.0358694830064 0.041708982408
Herato12 Herato1202 3326730.0 2675000.0 0.068588711342 0.063311889157 0.0686564692284 0.074110278108
Herato12 Herato1202 3376730.0 2725000.0 0.0564972590262 0.0512550488408 0.057100888229 0.059985797787
Herato12 Herato1202 3426730.0 2775000.0 0.04708854401 0.043925435558 0.047228476142 0.0505258687
Herato12 Herato1202 3476730.0 2825000.0 0.04230509776 0.031862616948 0.04150976385 0.058592028416
Herato12 Herato1202 3526730.0 2875000.0 0.073814827911 0.0700291489896 0.0738012545008 0.0785028033182
Herato12 Herato1202 3576730.0 2925000.0 0.061657592644 0.055225331985 0.0619434810686 0.067975883968
Herato12 Herato1202 3626730.0 2975000.0 0.042339125798 0.0375154484032 0.041889787598 0.048850427272
Herato12 Herato1202 3676730.0 3025000.0 0.0651576550768 0.060328228477 0.0648294688908 0.0711381254736
Herato12 Herato1202 3726730.0 3075000.0 0.07646908296 0.07365437168 0.07627271824 0.08051994176
Herato12 Herato1202 3776730.0 3125000.0 0.058582525526 0.05375225149 0.059016346392 0.06259561802
Herato12 Herato1202 3826730.0 3175000.0 0.066288775492 0.0590304955004 0.066677097343 0.072513085864
Herato12 Herato1202 3876730.0 3225000.0 0.07366221472 0.06934716916 0.07349869736 0.07838882624
Herato12 Herato1202 3926730.0 3275000.0 0.077708564376 0.070407242174 0.078614664316 0.085402106952
Herato12 Herato1202 3976730.0 3325000.0 0.05466241728 0.04436172074 0.05589735508 0.06574418796
Herato12 Herato1202 4026730.0 3375000.0 0.052218028591 0.0495288238524 0.051877670348 0.055342099514
Herato12 Herato1202 4076730.0 3425000.0 0.06747815618 0.06505970354 0.06710875378 0.07060104042
Herato12 Herato1202 4126730.0 3475000.0 0.07110176372 0.06804028634 0.07104442436 0.07489246908
Herato12 Herato1202 4176730.0 3525000.0 0.0417575648348 0.0375087349497 0.0416055720862 0.046491464374
Herato12 Herato1202 4226730.0 3575000.0 0.053592950616 0.049459093822 0.053478008602 0.057469677588
Herato12 Herato1202 4276730.0 3625000.0 0.06445026178 0.06038389844 0.06410185384 0.06907770558
Herato12 Herato1202 4326730.0 3675000.0 0.08384900616 0.07986417264 0.0838303671 0.0882121206
Herato12 Herato1202 4376730.0 3725000.0 0.043817265588 0.039548236552 0.043624053902 0.049032463602
Herato12 Herato1202 4426730.0 3775000.0 0.036441569634 0.034227184338 0.036226542828 0.040450155196
Herato12 Herato1202 4476730.0 3825000.0 0.043098499394 0.03948732451 0.04323539859 0.046259659328
Herato12 Herato1202 4526730.0 3875000.0 0.05051192734 0.04660983978 0.05070895144 0.05128486804
Herato12 Herato1202 4576730.0 3925000.0 0.042997531984 0.0386595975842 0.0426761852114 0.049933159276
Herato12 Herato1202 4626730.0 3975000.0 0.040262474788 0.038122768872 0.040062593386 0.042761591084
Herato12 Herato1202 4676730.0 4025000.0 0.0528657185604 0.0499925940576 0.0529038328238 0.056558801352
Herato12 Herato1202 4726730.0 4075000.0 0.051414056048 0.0468413855176 0.051094269558 0.057115992966
Herato12 Herato1202 4776730.0 4125000.0 0.0610833739116 0.0517464796852 0.0611446902568 0.0712944322194
Herato12 Herato1202 4826730.0 4175000.0 0.0388675180158 0.0336991069236 0.0393878015528 0.0436818674202
Herato12 Herato1202 4876730.0 4225000.0 0.06189316784 0.05768258662 0.06161779808 0.06722328844
Herato12 Herato1202 4926730.0 4275000.0 0.060316252852 0.055169153354 0.060162511252 0.065287960434
Herato12 Herato1202 4976730.0 4325000.0 0.0271638765 0.0241372289 0.02700109312 0.0316566465
Herato12 Herato1202 5026730.0 4375000.0 0.0616879018248 0.0572624493665 0.0612440087056 0.067034613188
Herato12 Herato1202 5076730.0 4425000.0 0.037505832106 0.0329006813774 0.037034572276 0.04344985816
Herato12 Herato1202 5126730.0 4475000.0 0.047159193152 0.0398197398666 0.0468269350216 0.0573849455072
Herato12 Herato1202 5176730.0 4525000.0 0.058557137966 0.0535278995914 0.0582885745966 0.06447809875
Herato12 Herato1202 5226730.0 4575000.0 0.06522813066 0.06103254336 0.06578620878 0.06792650838
Herato12 Herato1202 5276730.0 4625000.0 0.0464682915808 0.0395850966982 0.0462779507539 0.0548064980966
Herato12 Herato1202 5326730.0 4675000.0 0.0247514205288 0.022524661669 0.0247971723102 0.0274095941194
Herato12 Herato1202 5376730.0 4725000.0 0.0503630658423 0.0297552905237 0.0460058789706 0.0921977142648
Herato12 Herato1202 5426730.0 4775000.0 0.05336357936 0.050048218762 0.05326155922 0.057100603384
Herato12 Herato1202 5476730.0 4825000.0 0.0618468218174 0.0537372119552 0.061186938036 0.071785642126
Herato12 Herato1202 5526730.0 4875000.0 0.0491039097756 0.0417971721695 0.0484601428926 0.058163190887
Herato12 Herato1202 5576730.0 4925000.0 0.04802269444 0.04416335442 0.0477280299 0.05326861832
Herato12 Herato1202 5626730.0 4975000.0 0.06550235944 0.06410125456 0.06525355082 0.06873320966
Herato12 Herato1202 5676730.0 5025000.0 0.0659728482 0.0635108656 0.0657330088 0.069391409
Herato12 Herato1202 5726730.0 5075000.0 0.0496838695196 0.0453668545345 0.0497721842994 0.0541798232876
Herato12 Herato1202 5776730.0 5125000.0 0.032763420592 0.0277387549964 0.032644743962 0.039474582044
Herato12 Herato1202 5826730.0 5175000.0 0.0440343190943 0.0379407679707 0.0438101033545 0.051348850351
Herato12 Herato1202 5876730.0 5225000.0 0.038525594406 0.035894626288 0.038597305158 0.04094826295
Herato12 Herato1202 5926730.0 5275000.0 0.0671207686948 0.047932661609 0.0586421193078 0.11335552537
Herato12 Herato1202 5976730.0 5325000.0 0.03407697907 0.0290545058363 0.034007087366 0.0395680468682
Herato12 Herato1202 6026730.0 5375000.0 0.0843279466962 0.0616225197299 0.077901611259 0.133317872216
Herato12 Herato1202 6076730.0 5425000.0 0.052470589564 0.049350348856 0.052291830362 0.056090123936
Herato12 Herato1202 6126730.0 5475000.0 0.045710849942 0.0368052502258 0.0452336115968 0.060166955324
Herato12 Herato1202 6176730.0 5525000.0 0.05701704261 0.052890859606 0.057225964594 0.061393799358
Herato12 Herato1202 6226730.0 5575000.0 0.04478026521 0.04204289276 0.044704803666 0.047808861392
Herato12 Herato1202 6276730.0 5625000.0 0.0378649407453 0.0217488844695 0.0350364277392 0.0684561548446
Herato12 Herato1202 6326730.0 5675000.0 0.017897639389 0.0139907533478 0.0174352617598 0.0229655142154
Herato12 Herato1202 6376730.0 5725000.0 0.031070303416 0.028501111922 0.030793966684 0.034430446554
Herato12 Herato1202 6426730.0 5775000.0 0.0429708998646 0.0398401207644 0.042979823027 0.045906468336
Herato12 Herato1202 6476730.0 5825000.0 0.04905542922 0.04591426238 0.04963684026 0.05262945912
Herato12 Herato1202 6526730.0 5875000.0 0.066462733098 0.0571335397695 0.0666410050418 0.07267720184
Herato12 Herato1202 6576730.0 5925000.0 0.080429097416 0.071873164558 0.080151529428 0.090547415724
Herato12 Herato1202 6626730.0 5975000.0 0.0770518194 0.07369497 0.07730266268 0.08003263444
Herato12 Herato1202 6676730.0 6025000.0 0.06969291974 0.06517186812 0.06955819924 0.07750306532
Herato12 Herato1202 6726730.0 6075000.0 0.0613012180868 0.0549773501752 0.0607710783835 0.0719959890544
Herato12 Herato1202 6776730.0 6125000.0 0.02973117986 0.02787449722 0.029446540576 0.0321111843
Herato12 Herato1202 6826730.0 6175000.0 0.059209716746 0.0433063762778 0.0581125504104 0.0839769501788
Herato12 Herato1202 6876730.0 6225000.0 0.031826474802 0.028450818802 0.031960675356 0.034782558224
Herato12 Herato1202 6926730.0 6275000.0 0.027137173622 0.02333533494 0.026876687254 0.031994923898
Herato12 Herato1202 6976730.0 6325000.0 0.050056733194 0.0409426743855 0.04810599967 0.065725645104
Herato12 Herato1202 7026730.0 6375000.0 0.0596541306092 0.0465280851699 0.0587607707936 0.0744988307818
Herato12 Herato1202 7076730.0 6425000.0 0.024824536996 0.022721751422 0.024774032094 0.027490265846
Herato12 Herato1202 7126730.0 6475000.0 0.027594951292 0.0229163630972 0.0276294482254 0.03233071605
Herato12 Herato1202 7176730.0 6525000.0 0.04424366568 0.0413205566 0.04426127926 0.04770478936
Herato12 Herato1202 7226730.0 6575000.0 0.0433884316464 0.0329363534346 0.0407563994025 0.0647815014724
Herato12 Herato1202 7276730.0 6625000.0 0.0613875895 0.053524042024 0.06015325372 0.07328127478
Herato12 Herato1202 7326730.0 6675000.0 0.07470318758 0.07067284964 0.07458012204 0.08006330762
Herato12 Herato1202 7376730.0 6725000.0 0.08009301018 0.07682497286 0.07994255048 0.08374066418
Herato12 Herato1202 7426730.0 6775000.0 0.07851730634 0.07550802528 0.07792386282 0.08249129764
Herato12 Herato1202 7476730.0 6825000.0 0.06647761784 0.06144447302 0.06635479314 0.07213441576
Herato12 Herato1202 7526730.0 6875000.0 0.07127363014 0.0615008507 0.07097739326 0.08041922502
Herato12 Herato1202 7576730.0 6925000.0 0.05784086214 0.05423168954 0.05758393214 0.06406063786
Herato12 Herato1202 7626730.0 6975000.0 0.057493585929 0.0500800556296 0.0576001551714 0.066093165024
Herato12 Herato1202 7676730.0 7025000.0 0.065823088128 0.058966011586 0.065660881812 0.072581619914
Herato12 Herato1202 7726730.0 7075000.0 0.072120357076 0.0517896871886 0.071731642016 0.098503884726
Herato12 Herato1202 7776730.0 7125000.0 0.06806177666 0.06642532064 0.06761549026 0.07114257284
Herato12 Herato1202 7826730.0 7175000.0 0.0602165034 0.05752515286 0.06044277332 0.06262924706
Herato12 Herato1202 7876730.0 7225000.0 0.06238261494 0.05834977424 0.06228423168 0.06657349128
Herato12 Herato1202 7926730.0 7275000.0 0.0423957155096 0.0383309842374 0.0424127038252 0.0467565440288
Herato12 Herato1202 7976730.0 7325000.0 0.05992357528 0.05651513242 0.06029478094 0.06355931932
Herato12 Herato1202 8026730.0 7375000.0 0.057179996346 0.053546953238 0.056983672732 0.06109963008
Herato12 Herato1202 8076730.0 7425000.0 0.0288617935532 0.0266982035442 0.0288334296496 0.0311084017884
Herato12 Herato1202 8126730.0 7475000.0 0.05184010774 0.04804333702 0.05192090736 0.05460773208
Herato12 Herato1202 8176730.0 7525000.0 0.0613995845196 0.0553818187196 0.0609750396064 0.068546602718
Herato12 Herato1202 8226730.0 7575000.0 0.06074649916 0.05564973012 0.06044840342 0.06643147924
Herato12 Herato1202 8276730.0 7625000.0 0.0496716862452 0.0439107568089 0.0493095842742 0.056563246923
Herato12 Herato1202 8326730.0 7675000.0 0.0506806508928 0.0412660315158 0.0492101682548 0.0642068158022
Herato12 Herato1202 8376730.0 7725000.0 0.050606175522 0.0478612756103 0.0505557596186 0.0539703884966
Herato12 Herato1202 8426730.0 7775000.0 0.030350405616 0.0264153621816 0.0302393332192 0.035067554784
Herato12 Herato1202 8476730.0 7825000.0 0.039769571962 0.035816790056 0.039833850758 0.04482191346
Herato12 Herato1202 8526730.0 7875000.0 0.053707827594 0.046765647782 0.053371391978 0.061854875178
Herato12 Herato1202 8576730.0 7925000.0 0.052477708764 0.048045830576 0.052417347528 0.05657821668
Herato12 Herato1202 8626730.0 7975000.0 0.064569065164 0.0455233757994 0.063083375864 0.0995035015
Herato12 Herato1202 8676730.0 8025000.0 0.067434746734 0.061804123602 0.067019632362 0.074322651842
Herato12 Herato1202 8726730.0 8075000.0 0.045501264456 0.042476456598 0.045466667148 0.04846451002
Herato12 Herato1202 8776730.0 8125000.0 0.027304527292 0.023060702928 0.027029556868 0.032703766862
Herato12 Herato1202 8826730.0 8175000.0 0.0485289239534 0.0427153526615 0.048051574581 0.0565528459008
Herato12 Herato1202 8876730.0 8225000.0 0.0485429037644 0.0394274120734 0.0479175584681 0.0618921865628
Herato12 Herato1202 8926730.0 8275000.0 0.058243917816 0.053925302522 0.0582452539306 0.06284170156
Herato12 Herato1202 8976730.0 8325000.0 0.043282178552 0.0381823014664 0.042797470652 0.04928896911
Herato12 Herato1202 9026730.0 8375000.0 0.034281642046 0.029683703958 0.03403611501 0.038994483172
Herato12 Herato1202 9076730.0 8425000.0 0.0493095339407 0.0458285821951 0.0489129404364 0.0533522767468
Herato12 Herato1202 9126730.0 8475000.0 0.0437246413856 0.0386156687081 0.0436849562 0.0489014349298
Herato12 Herato1202 9176730.0 8525000.0 0.0385502317028 0.0357361356559 0.0384526587122 0.0420828655586
Herato12 Herato1202 9226730.0 8575000.0 0.0485801696026 0.0299799237194 0.0452859873706 0.0831906213976
Herato12 Herato1202 9276730.0 8625000.0 0.0393931997402 0.0357774967755 0.0389646074258 0.0450734351634
Herato12 Herato1202 9326730.0 8675000.0 0.0341516439766 0.0305442652362 0.0341253612539 0.0401521846528
Herato12 Herato1202 9376730.0 8725000.0 0.05567501525 0.051405569416 0.055554901528 0.060769138158
Herato12 Herato1202 9426730.0 8775000.0 0.05140595456 0.03950712254 0.0482360448 0.07879343454
Herato12 Herato1202 9476730.0 8825000.0 0.0312018093 0.028740373944 0.03132976876 0.0335845756
Herato12 Herato1202 9526730.0 8875000.0 0.04985774992 0.04838503532 0.04990333296 0.05237510988
Herato12 Herato1202 9576730.0 8925000.0 0.05704944156 0.052302917204 0.057071214864 0.062466396742
Herato12 Herato1202 9626730.0 8975000.0 0.05661028354 0.05414408392 0.05686896222 0.05903528572
Herato12 Herato1202 9676730.0 9025000.0 0.06324974162 0.05949417532 0.06385660614 0.06620188196
Herato12 Herato1202 9726730.0 9075000.0 0.0471288577 0.04346421994 0.04719681014 0.05099920296
Herato12 Herato1202 9776730.0 9125000.0 0.06012850888 0.05663814114 0.0601626719 0.06462769136
Herato12 Herato1202 9826730.0 9175000.0 0.066099735214 0.060794424386 0.065892492668 0.072396634286
Herato12 Herato1202 9876730.0 9225000.0 0.0809300628452 0.0633544051762 0.080187347918 0.11160206219
Herato12 Herato1202 9926730.0 9275000.0 0.0729856982342 0.0545055631729 0.0710926859208 0.10349468293
Herato12 Herato1202 9976730.0 9325000.0 0.059231350058 0.054847593786 0.059352880572 0.063416585814
Herato12 Herato1202 10026730.0 9375000.0 0.048845201886 0.044496050478 0.0484782126 0.053482972062
Herato12 Herato1202 10076730.0 9425000.0 0.06746977164 0.06507886566 0.06751903572 0.06908950158
Herato12 Herato1202 10126730.0 9475000.0 0.06640399154 0.06290179988 0.06683722638 0.0682817292
Herato12 Herato1202 10176730.0 9525000.0 0.0545605470294 0.047250602544 0.0543400787077 0.0646601377312
Herato12 Herato1202 10226730.0 9575000.0 0.0409031365 0.0382090723 0.04094803554 0.04341672372
Herato12 Herato1202 10276730.0 9625000.0 0.0644730876 0.06190826618 0.06430893586 0.0674324757
Herato12 Herato1202 10326730.0 9675000.0 0.05541032666 0.05274268592 0.0552824169 0.05791393136
Herato12 Herato1202 10376730.0 9725000.0 0.0551332525243 0.0504316089211 0.0550733609393 0.060350593445
Herato12 Herato1202 10426730.0 9775000.0 0.03986809452 0.03607671174 0.03949263906 0.04451931152
Herato12 Herato1202 10476730.0 9825000.0 0.078842539372 0.06892075391 0.07808354451 0.093000596002
Herato12 Herato1202 10526730.0 9875000.0 0.0829409642256 0.0651178511488 0.0831932605778 0.10218492616
Herato12 Herato1202 10576730.0 9925000.0 0.06831453132 0.06470873508 0.0683358665 0.07293548976
Herato12 Herato1202 10626730.0 9975000.0 0.07135774372 0.06259746108 0.07223926638 0.08110111894
Herato12 Herato1202 10676730.0 10025000.0 0.051323332514 0.046699076514 0.051336524106 0.056135372642
Herato12 Herato1202 10726730.0 10075000.0 0.062388754558 0.058454258868 0.06229177713 0.067095329828
Herato12 Herato1202 10776730.0 10125000.0 0.068709826222 0.063903448962 0.068998044166 0.072793163486
Herato12 Herato1202 10826730.0 10175000.0 0.05114532778 0.04876823604 0.05125206274 0.0535432679
Herato12 Herato1202 10876730.0 10225000.0 0.05862918026 0.05498970244 0.05868262356 0.06247725218
Herato12 Herato1202 10926730.0 10275000.0 0.060951194402 0.0569663613866 0.06093208053 0.06576248244
Herato12 Herato1202 10976730.0 10325000.0 0.0470896263932 0.0404579926906 0.0467462607062 0.0561774999492
Herato12 Herato1202 11026730.0 10375000.0 0.0460402426 0.037073157526 0.0464449472816 0.053136597874
Herato12 Herato1202 11076730.0 10425000.0 0.028067394204 0.025666349658 0.02796057228 0.030772619468
Herato12 Herato1202 11126730.0 10475000.0 0.04108314218 0.03785364286 0.0410389481 0.04389761902
Herato12 Herato1202 11176730.0 10525000.0 0.05867287632 0.05599722444 0.0584676786 0.06143861028
Herato12 Herato1202 11226730.0 10575000.0 0.0582058856 0.05510083766 0.05785276234 0.06246130706
Herato12 Herato1202 11276730.0 10625000.0 0.052031379465 0.0461707006376 0.0517768294476 0.060813227336
Herato12 Herato1202 11326730.0 10675000.0 0.0298867940448 0.0278863441389 0.0297933992218 0.0326972658996
Herato12 Herato1202 11376730.0 10725000.0 0.05781109246 0.05459645266 0.05770089052 0.06102183738
Herato12 Herato1202 11426730.0 10775000.0 0.041020667958 0.03683219594 0.040756380484 0.046083307544
Herato12 Herato1202 11476730.0 10825000.0 0.0387227276614 0.0355373315884 0.0387744411394 0.0417602566868
Herato12 Herato1202 11526730.0 10875000.0 0.0586053388 0.05550572196 0.05877839652 0.06148958112
Herato12 Herato1202 11576730.0 10925000.0 0.053213940556 0.048260846782 0.053003683594 0.060162610702
Herato12 Herato1202 11626730.0 10975000.0 0.061867455076 0.0512917519953 0.0607341609292 0.07677034664
Herato12 Herato1202 11676730.0 11025000.0 0.050762893528 0.045855238188 0.050634498312 0.056324621938
Herato12 Herato1202 11726730.0 11075000.0 0.07704720643 0.0620595758622 0.07690532689 0.093658247804
Herato12 Herato1202 11776730.0 11125000.0 0.04845529153 0.0423275019938 0.04853472844 0.054567098212
Herato12 Herato1202 11826730.0 11175000.0 0.0403571587588 0.0277091117924 0.0389592636904 0.0606159297428
Herato12 Herato1202 11876730.0 11225000.0 0.071788534518 0.0649650809686 0.071369323212 0.080757587774
Herato12 Herato1202 11926730.0 11275000.0 0.07572036592 0.06957047238 0.07551094806 0.0824362096
Herato12 Herato1202 11976730.0 11325000.0 0.065321294116 0.0600368540325 0.0654109333752 0.0708674204668
Herato12 Herato1202 12026730.0 11375000.0 0.0550423863154 0.0488284558768 0.0553327029247 0.0620461377654
Herato12 Herato1202 12076730.0 11425000.0 0.047220177266 0.044195918712 0.046868890938 0.051409889554
Herato12 Herato1202 12126730.0 11475000.0 0.074005999736 0.0650879850619 0.0721114834144 0.084176725928
Herato12 Herato1202 12176730.0 11525000.0 0.061744608674 0.058362658834 0.061204509848 0.067364986088
Herato12 Herato1202 12226730.0 11575000.0 0.05813973228 0.05251108764 0.05746325178 0.06586553188
Herato12 Herato1202 12276730.0 11625000.0 0.06693944786 0.05736277708 0.06841286312 0.07423197888
Herato12 Herato1202 12326730.0 11675000.0 0.06039426468 0.05849840722 0.06034579706 0.06328335496
Herato12 Herato1202 12376730.0 11725000.0 0.06887994646 0.06606181162 0.0691385535 0.07194364142
Herato12 Herato1202 12426730.0 11775000.0 0.0513956212646 0.0484669353283 0.0510722720332 0.0549443592284
Herato12 Herato1202 12476730.0 11825000.0 0.04779143554 0.04553637286 0.04753872406 0.04998263178
Herato12 Herato1202 12526730.0 11875000.0 0.051640556501 0.0439229382892 0.0500172061752 0.0640216301574
Herato12 Herato1202 12576730.0 11925000.0 0.04304332928 0.04054952688 0.0430643192 0.04511433472
Herato12 Herato1202 12626730.0 11975000.0 0.03560940629 0.033210478182 0.035524538722 0.038564593142
Herato12 Herato1202 12676730.0 12025000.0 0.05550489082 0.0492900921 0.05483647848 0.06244042158
Herato12 Herato1202 12726730.0 12075000.0 0.0457876762654 0.0382350376938 0.0449588684682 0.0567852507155
Herato12 Herato1202 12776730.0 12125000.0 0.05748505304 0.053673971322 0.057527608384 0.061851689542
Herato12 Herato1202 12826730.0 12175000.0 0.081946265204 0.055586526608 0.079407805778 0.123346432638
Herato12 Herato1202 12876730.0 12225000.0 0.04847126594 0.04589400872 0.0483057166 0.05151919126
Herato12 Herato1202 12926730.0 12275000.0 0.0612368757 0.0588621132 0.0613878606 0.0638406153
Herato12 Herato1202 12976730.0 12325000.0 0.03638053268 0.0355063207 0.0360680668 0.0385879379
Herato12 Herato1202 13026730.0 12375000.0 0.04420981104 0.04180561804 0.0441018762 0.04684558866
Herato12 Herato1202 13076730.0 12425000.0 0.045503618026 0.0423330979478 0.04554771062 0.0486402692236
Herato12 Herato1202 13126730.0 12475000.0 0.048283313172 0.04235972936 0.048615651018 0.0560965629
Herato12 Herato1202 13176730.0 12525000.0 0.0607937510572 0.0514736502349 0.0612720466782 0.070999615404
Herato12 Herato1202 13226730.0 12575000.0 0.049235957134 0.0457955098227 0.0491277758954 0.053471430979
Herato12 Herato1202 13276730.0 12625000.0 0.0267723014376 0.0217054303427 0.0264980878494 0.0316314554844
Herato12 Herato1202 13326730.0 12675000.0 0.03987863956 0.038441753582 0.039629462054 0.04269727732
Herato12 Herato1202 13376730.0 12725000.0 0.040167342634 0.038880872426 0.039923847894 0.04272822236
Herato12 Herato1202 13426730.0 12775000.0 0.049274 0.0488277554 0.04908863272 0.05105340716
Herato12 Herato1202 13476730.0 12825000.0 0.04449902456 0.04324534742 0.04423245532 0.046850045
Herato12 Herato1202 13526730.0 12875000.0 0.0519510486644 0.0482217141826 0.0521107670156 0.056135140256
Herato12 Herato1202 13576730.0 12925000.0 0.06504102192 0.04842066394 0.06433185732 0.09109436076
Herato12 Herato1202 13626730.0 12975000.0 0.058160816048 0.053767933346 0.058293915628 0.063266450164
Herato12 Herato1202 13676730.0 13025000.0 0.0796853291986 0.074901423511 0.0798144382658 0.083756567948
Herato12 Herato1202 13726730.0 13075000.0 0.066808162622 0.0517151307032 0.0665048334368 0.08530872784
Herato12 Herato1202 13776730.0 13125000.0 0.0557423562472 0.05210029933 0.0559813114248 0.0595960214662
Herato12 Herato1202 13826730.0 13175000.0 0.0476918912396 0.0433397604632 0.0473691720348 0.0531857802616
Herato12 Herato1202 13876730.0 13225000.0 0.056891072498 0.052097147771 0.057117796918 0.061786412778
Herato12 Herato1202 13926730.0 13275000.0 0.05002991476 0.04626710577 0.04984401004 0.05465400532
Herato12 Herato1202 13976730.0 13325000.0 0.0253973293026 0.0225675938182 0.025483725792 0.0288590943366
Herato12 Herato1202 14026730.0 13375000.0 0.0342167236744 0.0300047462391 0.0340439987992 0.0392787098881
Herato12 Herato1202 14076730.0 13425000.0 0.051039272024 0.0468491782802 0.050556610162 0.05622494326
Herato12 Herato1202 14126730.0 13475000.0 0.048433321402 0.0396984483428 0.047686070276 0.061376456264
Herato12 Herato1202 14176730.0 13525000.0 0.0580221559392 0.0436363467155 0.0561015519608 0.0839935096816
Herato12 Herato1202 14226730.0 13575000.0 0.0404625160808 0.0293723611668 0.0386926028361 0.0546637740446
Herato12 Herato1202 14276730.0 13625000.0 0.041476816136 0.0303778204721 0.0352830126568 0.0679204514844
Herato12 Herato1202 14326730.0 13675000.0 0.026636717254 0.0244784610702 0.0262223474016 0.0316458696072
Herato12 Herato1202 14376730.0 13725000.0 0.0454042850298 0.0234758780628 0.0449861418928 0.0828186392224
Herato12 Herato1202 14426730.0 13775000.0 0.0690229309518 0.061287613591 0.0688280616593 0.076778884591
Herato12 Herato1202 14476730.0 13825000.0 0.037355233186 0.033954086076 0.037117175354 0.041119917128
Herato12 Herato1202 14526730.0 13875000.0 0.058470568818 0.053364385008 0.058022191518 0.06523433664
Herato12 Herato1202 14576730.0 13925000.0 0.06549525036 0.061871432388 0.0653328624 0.07097961064
Herato12 Herato1202 14626730.0 13975000.0 0.06061688724 0.0579806071584 0.06066909821 0.063465546628
Herato12 Herato1202 14676730.0 14025000.0 0.06107620332 0.05825489626 0.061284058 0.0632418237
Herato12 Herato1202 14726730.0 14075000.0 0.06772347312 0.06316810388 0.06780011318 0.0719038483
Herato12 Herato1202 14776730.0 14125000.0 0.047978050637 0.0432969462732 0.0479561012672 0.053409110538
Herato12 Herato1202 14826730.0 14175000.0 0.069535597138 0.066279132846 0.069740973208 0.075287019774
Herato12 Herato1202 14876730.0 14225000.0 0.06587271546 0.06218264462 0.06611960106 0.06907553146
Herato12 Herato1202 14926730.0 14275000.0 0.083630750756 0.0769209281434 0.083622757796 0.089712821558
Herato12 Herato1202 14976730.0 14325000.0 0.07918115604 0.069686750682 0.078978037396 0.089744775616
Herato12 Herato1202 15026730.0 14375000.0 0.0275248800152 0.0248844720865 0.0275958595098 0.0303771626916
Herato12 Herato1202 15076730.0 14425000.0 0.0509600433 0.04599822212 0.05076132392 0.05620697316
Herato12 Herato1202 15126730.0 14475000.0 0.0448103269757 0.038267084814 0.044530432279 0.0543390736712
Herato12 Herato1202 15176730.0 14525000.0 0.0296103228278 0.0259279254597 0.029467690928 0.0334379387744
Herato12 Herato1202 15226730.0 14575000.0 0.0645587465 0.060175688506 0.06432009256 0.06958691056
Herato12 Herato1202 15276730.0 14625000.0 0.06043710644 0.056030274896 0.06025895564 0.06394551596
Herato12 Herato1202 15326730.0 14675000.0 0.07144150458 0.06247566896 0.071727814 0.07702721272
Herato12 Herato1202 15376730.0 14725000.0 0.05853937832 0.053292841878 0.058155286378 0.0666182302
Herato12 Herato1202 15426730.0 14775000.0 0.055440877916 0.0460161152503 0.0554567681344 0.06652711274
Herato12 Herato1202 15476730.0 14825000.0 0.0761487672 0.0727214528 0.0762237522 0.0777934382
Herato12 Herato1202 15526730.0 14875000.0 0.06585208338 0.05885162792 0.0655210879 0.07203632392
Herato12 Herato1202 15576730.0 14925000.0 0.0537579341644 0.0491312913019 0.0536249666814 0.05715280118
Herato12 Herato1202 15626730.0 14975000.0 0.06649794624 0.06290558208 0.06647114496 0.06860234304
Herato12 Herato1202 15676730.0 15025000.0 0.06964905484 0.06656231152 0.06901693312 0.0737949072
Herato12 Herato1202 15726730.0 15075000.0 0.08565524144 0.07883391424 0.08675614176 0.09106667176
Herato12 Herato1202 15776730.0 15125000.0 0.103490650604 0.097012829032 0.102728606074 0.112530778804
Herato12 Herato1202 15826730.0 15175000.0 0.0608646813502 0.0560226816446 0.0599063432584 0.067838253754
Herato12 Herato1202 15876730.0 15225000.0 0.055017631256 0.052592574198 0.054848718686 0.05788382685
Herato12 Herato1202 15926730.0 15275000.0 0.060717135708 0.054864975914 0.060309632342 0.07115123922
Herato12 Herato1202 15976730.0 15325000.0 0.06221304596 0.0584140379 0.06177867052 0.06823116988
Herato12 Herato1202 16026730.0 15375000.0 0.0399874628426 0.0344196626044 0.0398703546354 0.0465084147468
Herato12 Herato1202 16076730.0 15425000.0 0.0766078138769 0.0517642515409 0.07493866981 0.11071119724
Herato12 Herato1202 16126730.0 15475000.0 0.0524257062382 0.0428886540565 0.050663137 0.0655322018062
Herato12 Herato1202 16176730.0 15525000.0 0.05241543304 0.04778363558 0.05251716318 0.0570890652
Herato12 Herato1202 16226730.0 15575000.0 0.0311547470744 0.0280279999966 0.0299357519266 0.0390688520258
Herato12 Herato1202 16276730.0 15625000.0 0.07648923369 0.072297257874 0.076341361092 0.080217729224
Herato12 Herato1202 16326730.0 15675000.0 0.089333748875 0.0740778251465 0.0893233247104 0.1031045371
Herato12 Herato1202 16376730.0 15725000.0 0.08684392464 0.0817614463 0.0869678677 0.09234215256
Herato12 Herato1202 16426730.0 15775000.0 0.079592614413 0.0718707814959 0.0799245320763 0.0872843272138
Herato12 Herato1202 16476730.0 15825000.0 0.0505385571 0.0479771609 0.05038043726 0.05344732676
Herato12 Herato1202 16526730.0 15875000.0 0.045675452748 0.043022643414 0.045695800132 0.048493576362
Herato12 Herato1202 16576730.0 15925000.0 0.07577293682 0.068519075268 0.07543391024 0.08233816968
Herato12 Herato1202 16626730.0 15975000.0 0.08846410596 0.08272162026 0.08837672958 0.09268850382
Herato12 Herato1202 16676730.0 16025000.0 0.06440008228 0.06160838948 0.06448114468 0.06649732496
Herato12 Herato1202 16726730.0 16075000.0 0.0580128459736 0.0550252863688 0.0578611958716 0.060992147226
Herato12 Herato1202 16776730.0 16125000.0 0.039917726052 0.03553377186 0.039785322502 0.044471953184
Herato12 Herato1202 16826730.0 16175000.0 0.018217574981 0.0164379997918 0.0177500000384 0.021577010484
Herato12 Herato1202 16876730.0 16225000.0 0.051605678708 0.0410725658972 0.051217569994 0.063529056678
Herato12 Herato1202 16926730.0 16275000.0 0.0290182269833 0.0238379709469 0.0284869807019 0.0368688695548
Herato12 Herato1202 16976730.0 16325000.0 0.0419814470425 0.0339313884364 0.0413187083139 0.0555353291896
Herato12 Herato1202 17026730.0 16375000.0 0.0458860905756 0.040277054243 0.0458846267638 0.052205808712
Herato12 Herato1202 17076730.0 16425000.0 0.071225714 0.06732384848 0.06986438984 0.07574455392
Herato12 Herato1202 17126730.0 16475000.0 0.06539139978 0.06272188242 0.06482593446 0.06928942842
Herato12 Herato1202 17176730.0 16525000.0 0.0576196705 0.0558554315 0.0576214807 0.0607916737
Herato12 Herato1202 17226730.0 16575000.0 0.042494920442 0.04108631045 0.04265737686 0.04448113338
Herato12 Herato1202 17276730.0 16625000.0 0.0429624323604 0.0327207435666 0.0415215111974 0.06127325496
Herato12 Herato1202 17326730.0 16675000.0 0.062097687448 0.05335336512 0.061618688426 0.073365569374
Herato12 Herato1202 17376730.0 16725000.0 0.060690579216 0.053744481146 0.060413669652 0.068675581686
Herato12 Herato1202 17426730.0 16775000.0 0.03827995102 0.03585401168 0.03812941316 0.04073264274
Herato12 Herato1202 17476730.0 16825000.0 0.0807337843224 0.0660798437164 0.0797269891979 0.100232020318
Herato12 Herato1202 17526730.0 16875000.0 0.043918548736 0.0413341028248 0.04383739972 0.046854416234
Herato12 Herato1202 17576730.0 16925000.0 0.06326887908 0.06025517124 0.06327887148 0.06670026924
Herato12 Herato1202 17626730.0 16975000.0 0.067427516972 0.056312241494 0.067426335758 0.07831086324
Herato12 Herato1202 17676730.0 17025000.0 0.066290281016 0.062049202086 0.065973336172 0.071432813584
Herato12 Herato1202 17726730.0 17075000.0 0.0587228759 0.050969336366 0.058392768682 0.06714203976
Herato12 Herato1202 17776730.0 17125000.0 0.0363618163178 0.0329018153374 0.0363042878942 0.0405646654918
Herato12 Herato1202 17826730.0 17175000.0 0.0693899103926 0.0433396074088 0.0670217320756 0.106395678639
Herato12 Herato1202 17876730.0 17225000.0 0.042938044204 0.0393146429038 0.0428547740128 0.04648122554
Herato12 Herato1202 17926730.0 17275000.0 0.0466457933 0.04307035282 0.04640497956 0.05145820794
Herato12 Herato1202 17976730.0 17325000.0 0.0994126432 0.0969091404 0.0987316378 0.1053695518
Herato12 Herato1202 18026730.0 17375000.0 0.0872532139106 0.0836538298485 0.086861565987 0.0936967922122
Herato12 Herato1202 18076730.0 17425000.0 0.05741042748 0.05459035574 0.05752834796 0.06092630106
Herato12 Herato1202 18126730.0 17475000.0 0.065371834314 0.0607764951019 0.0656795922634 0.0701550574376
Herato12 Herato1202 18176730.0 17525000.0 0.0657887567254 0.0593682761915 0.066073064115 0.0726417236892
Herato12 Herato1202 18226730.0 17575000.0 0.059369809 0.055984883346 0.059679077584 0.062456745164
Herato12 Herato1202 18276730.0 17625000.0 0.067920803396 0.053858009678 0.066639933092 0.092327778472
Herato12 Herato1202 18326730.0 17675000.0 0.06604749036 0.05936184684 0.06570977334 0.07420362394
Herato12 Herato1202 18376730.0 17725000.0 0.089911957232 0.0743825404302 0.087757550406 0.115317664186
Herato12 Herato1202 18426730.0 17775000.0 0.08630005574 0.08023221106 0.08595742982 0.09333397462
Herato12 Herato1202 18476730.0 17825000.0 0.073396875176 0.069298525506 0.0734408155 0.07787904318
Herato12 Herato1202 18526730.0 17875000.0 0.05410187696 0.04932232214 0.05192902516 0.05982190176
Herato12 Herato1202 18576730.0 17925000.0 0.0587111270064 0.0512968627367 0.0581871870928 0.0693316403966
Herato12 Herato1202 18626730.0 17975000.0 0.043006279057 0.0401895847464 0.0428593641818 0.047247462564
Herato12 Herato1202 18676730.0 18025000.0 0.052445651258 0.04666612254 0.052450467266 0.057587998364
Herato12 Herato1202 18726730.0 18075000.0 0.0612450473656 0.0565274973478 0.0612029149748 0.067857748127
Herato12 Herato1202 18776730.0 18125000.0 0.0562480183421 0.0530755299965 0.0562368503788 0.0589180966932
Herato12 Herato1202 18826730.0 18175000.0 0.05639535852 0.05189230902 0.05648661346 0.06105521682
Herato12 Herato1202 18876730.0 18225000.0 0.059690727072 0.055697198718 0.059579246108 0.064106042494
Herato12 Herato1202 18926730.0 18275000.0 0.069420149632 0.06549755272 0.069525589836 0.07388945561
Herato12 Herato1202 18976730.0 18325000.0 0.0663885056608 0.0618370041097 0.066086706031 0.07037189816
Herato12 Herato1202 19026730.0 18375000.0 0.06463082876 0.06122317118 0.06511220766 0.06754849108
Herato12 Herato1202 19076730.0 18425000.0 0.061259294608 0.057436834046 0.061605100872 0.064387370792
Herato12 Herato1202 19126730.0 18475000.0 0.053117443312 0.0460941164 0.053383403932 0.060383890306
Herato12 Herato1202 19176730.0 18525000.0 0.0376947359872 0.0327983514918 0.0377627789114 0.043061238514
Herato12 Herato1202 19226730.0 18575000.0 0.0533900487376 0.0471827227314 0.053410027252 0.0596621594012
Herato12 Herato1202 19276730.0 18625000.0 0.0503770239276 0.0358108652984 0.0502477932174 0.066529680178
Herato12 Herato1202 19326730.0 18675000.0 0.0484896429928 0.0343717735993 0.0466130764388 0.0730442845348
Herato12 Herato1202 19376730.0 18725000.0 0.06528922362 0.059703401202 0.0651272275 0.07167315832
Herato12 Herato1202 19426730.0 18775000.0 0.07149529034 0.06810175784 0.07173464708 0.07391310842
Herato12 Herato1202 19476730.0 18825000.0 0.069712174406 0.063823527466 0.069883683898 0.075367710682
Herato12 Herato1202 19526730.0 18875000.0 0.0448188082332 0.0351884051276 0.0434583441384 0.063260615998
Herato12 Herato1202 19576730.0 18925000.0 0.056302767044 0.052032809298 0.056137723266 0.061831112158
Herato12 Herato1202 19626730.0 18975000.0 0.039062444142 0.0352717983683 0.0386648638146 0.044280707346
Herato12 Herato1202 19676730.0 19025000.0 0.031196832004 0.0297548910534 0.0311381207292 0.0327988183
Herato12 Herato1202 19726730.0 19075000.0 0.03879479654 0.034451735658 0.03835649522 0.04533766654
Herato12 Herato1202 19776730.0 19125000.0 0.0342509023 0.031148493292 0.034257430902 0.037846684552
Herato12 Herato1202 19826730.0 19175000.0 0.06144546436 0.0593330661 0.0615678426 0.0642295764
Herato12 Herato1202 19876730.0 19225000.0 0.0512232842218 0.0384195222068 0.0512882889288 0.072366346214
Herato12 Herato1202 19926730.0 19275000.0 0.04873852204 0.0424897238 0.04862779262 0.05485321538
Herato12 Herato1202 19976730.0 19325000.0 0.069100283186 0.061037434686 0.069506323184 0.076328482696
Herato12 Herato1202 20026730.0 19375000.0 0.041470973002 0.029130647446 0.0416037962768 0.054244558316
Herato12 Herato1202 20076730.0 19425000.0 0.038688617398 0.033218475628 0.038433585898 0.046281443254
Herato12 Herato1202 20126730.0 19475000.0 0.049504887429 0.0454354896304 0.0496654352654 0.053512248898
Herato12 Herato1202 20176730.0 19525000.0 0.0325107845352 0.0288276135561 0.0323932026882 0.036179424437
Herato12 Herato1202 20226730.0 19575000.0 0.0375769789062 0.0335593133023 0.0375846987114 0.041899217436
Herato12 Herato1202 20276730.0 19625000.0 0.065005115224 0.047237671572 0.062218571114 0.100173645756
Herato12 Herato1202 20326730.0 19675000.0 0.025095428379 0.021787164935 0.0239602226832 0.032794196667
Herato12 Herato1202 20376730.0 19725000.0 0.020906732536 0.01896377376 0.020911626874 0.022870497522
Herato12 Herato1202 20426730.0 19775000.0 0.0265144806961 0.0180352918797 0.0249952845229 0.0472174669336
Herato12 Herato1202 20476730.0 19825000.0 0.0193226911664 0.0165860257913 0.0192434392764 0.0230168367944
Herato12 Herato1202 20526730.0 19875000.0 0.0498458358668 0.0402126529943 0.0494378655162 0.0616120622724
Herato12 Herato1202 20576730.0 19925000.0 0.04889622404 0.04804485542 0.0487135121 0.05094028676
Herato12 Herato1202 20626730.0 19975000.0 0.0308502435364 0.027764297833 0.0307003472494 0.034298836113
Herato12 Herato1202 20676730.0 20025000.0 0.037568018962 0.03300256262 0.036912562262 0.04360163823
Herato12 Herato1202 20726730.0 20075000.0 0.0165867736766 0.014759294965 0.016485882687 0.0188801915664
Herato12 Herato1202 20776730.0 20125000.0 0.0547910822485 0.0464742676463 0.0546974016248 0.0641568789908
Herato12 Herato1202 20826730.0 20175000.0 0.026968882726 0.025346434892 0.026849020588 0.029495851292
Herato12 Herato1202 20876730.0 20225000.0 0.045111416064 0.041546060932 0.045327487066 0.048524632568
Herato12 Herato1202 20926730.0 20275000.0 0.058584382334 0.051035972756 0.05713154569 0.073996937014
Herato12 Herato1202 20976730.0 20325000.0 0.0296005318208 0.0223470589427 0.0290024149752 0.0407097191596
Herato12 Herato1202 21026730.0 20375000.0 0.0572949024036 0.0421002539472 0.0554920474744 0.0788180367178
Herato12 Herato1202 21076730.0 20425000.0 0.0655810545664 0.0507588280026 0.0641186062292 0.0865297201568
Herato12 Herato1202 21126730.0 20475000.0 0.0334868020846 0.0321374742874 0.0334650759942 0.034114022947
Herato12 Herato1202 21176730.0 20525000.0 0.0240629613058 0.0127556484878 0.0222573378304 0.0470735028432
Herato12 Herato1202 21226730.0 20575000.0 0.0227083116274 0.0197809473138 0.0225479130602 0.0260938681526
