chrom scaffold Cposition position mean p0025 p0500 p0975
Herato20 Herato2001 25001.0 25000.0 0.0493080084901 0.0262849895723 0.0467136141316 0.0877915291075
Herato20 Herato2001 75001.0 75000.0 0.02898801024 0.0261874872 0.0289041144 0.03178753452
Herato20 Herato2001 125001.0 125000.0 0.0208868068523 0.0145557335658 0.0203619498447 0.0304421744865
Herato20 Herato2001 175001.0 175000.0 0.101737579054 0.0497756571218 0.0910997570404 0.216591319395
Herato20 Herato2001 225001.0 225000.0 0.0198098040534 0.0174999871563 0.019849859863 0.0222757677954
Herato20 Herato2001 275001.0 275000.0 0.015632646462 0.01366077055 0.015544843108 0.018041902118
Herato20 Herato2001 325001.0 325000.0 0.044547030358 0.0322973477983 0.0436599787774 0.0621045415942
Herato20 Herato2001 375001.0 375000.0 0.0347066148744 0.0282131800981 0.034487192651 0.0430267543476
Herato20 Herato2001 425001.0 425000.0 0.0185608086429 0.0153646782992 0.0185090619156 0.0220209617544
Herato20 Herato2001 475001.0 475000.0 0.035362792126 0.0223750755272 0.0347897142616 0.0515586890512
Herato20 Herato2001 525001.0 525000.0 0.0452644092079 0.0221817782227 0.0365030966294 0.105638296428
Herato20 Herato2001 575001.0 575000.0 0.0328847331086 0.0218803222598 0.0323847378194 0.0478804977445
Herato20 Herato2001 625001.0 625000.0 0.0543328942273 0.0287142165641 0.0529979953447 0.0949659086902
Herato20 Herato2001 675001.0 675000.0 0.0483101813911 0.026981663783 0.0448205150934 0.0838275729856
Herato20 Herato2001 725001.0 725000.0 0.0119611702532 0.00904697603113 0.0117767740901 0.0158352907484
Herato20 Herato2001 775001.0 775000.0 0.00830951024688 0.00742473388089 0.00830844918696 0.0091724602738
Herato20 Herato2001 825001.0 825000.0 0.0150538061441 0.0126518060088 0.0148659423536 0.0189155953876
Herato20 Herato2001 875001.0 875000.0 0.0453653025694 0.0194177486935 0.0413242889341 0.0978255803664
Herato20 Herato2001 925001.0 925000.0 0.0354012416286 0.0230291554895 0.0337466536926 0.0545905024278
Herato20 Herato2001 975001.0 975000.0 0.0290691475944 0.0173245212326 0.0286730873957 0.052499525984
Herato20 Herato2001 1025001.0 1025000.0 0.0147096584108 0.0117324147653 0.0144959105733 0.0186529585756
Herato20 Herato2001 1075001.0 1075000.0 0.0156502183018 0.0129753651558 0.0156274322709 0.0185171988656
Herato20 Herato2001 1125001.0 1125000.0 0.0338841883456 0.0176229249091 0.0323183799733 0.0601210254504
Herato20 Herato2001 1175001.0 1175000.0 0.0147646994612 0.01258201356 0.014656606831 0.0175330222906
Herato20 Herato2001 1225001.0 1225000.0 0.0198501478962 0.0165023777256 0.0198348192535 0.0230999162672
Herato20 Herato2001 1275001.0 1275000.0 0.0713352098616 0.0506404307268 0.0697024677014 0.103974704856
Herato20 Herato2001 1325001.0 1325000.0 0.033929471078 0.0287875594845 0.0336763614866 0.0406728395292
Herato20 Herato2001 1375001.0 1375000.0 0.0377190885688 0.0279650715252 0.0366859425014 0.0524768249796
Herato20 Herato2001 1425001.0 1425000.0 0.0386884411532 0.02702926323 0.0376228105496 0.056570990211
Herato20 Herato2001 1475001.0 1475000.0 0.041472549757 0.0254092229838 0.0400469721304 0.066924021142
Herato20 Herato2001 1525001.0 1525000.0 0.456034391366 0.230356491904 0.427640644891 0.809687156957
Herato20 Herato2001 1575001.0 1575000.0 0.0257068959655 0.0182370723369 0.0252399534803 0.0366749379335
Herato20 Herato2001 1625001.0 1625000.0 0.0562119969632 0.0303267455989 0.0483587109812 0.1209338779
Herato20 Herato2001 1675001.0 1675000.0 0.0126730271657 0.0107095829811 0.012581317854 0.0149694596081
Herato20 Herato2001 1725001.0 1725000.0 0.0316326199028 0.0245108209906 0.030849428123 0.044344700676
Herato20 Herato2001 1775001.0 1775000.0 0.0634895055852 0.0382110793376 0.058511340665 0.113569030404
Herato20 Herato2001 1825001.0 1825000.0 0.137425359068 0.0636006823928 0.114101389724 0.293677543611
Herato20 Herato2001 1875001.0 1875000.0 0.0828552396162 0.0426228942174 0.0794789149039 0.146299861368
Herato20 Herato2001 1925001.0 1925000.0 0.0158929278465 0.0103283491107 0.015446915425 0.0223100437684
Herato20 Herato2001 1975001.0 1975000.0 0.0120058063849 0.00616463365749 0.0111752981627 0.0268619208271
Herato20 Herato2001 2025001.0 2025000.0 0.0158174786836 0.00807390921256 0.014896748321 0.0273846070172
Herato20 Herato2001 2075001.0 2075000.0 0.0316519067026 0.0185543290039 0.0303571647915 0.0521465534362
Herato20 Herato2001 2125001.0 2125000.0 0.0301126888466 0.0102194064555 0.024687748827 0.0725731710158
Herato20 Herato2001 2175001.0 2175000.0 0.0082771268104 0.0069823742848 0.0082178126764 0.0096274105668
Herato20 Herato2001 2225001.0 2225000.0 0.1486520308 0.0359170523081 0.144349628229 0.309514149153
Herato20 Herato2001 2275001.0 2275000.0 0.0292691996028 0.0210677575272 0.0289309414856 0.0384998273646
Herato20 Herato2001 2325001.0 2325000.0 0.0206198626044 0.0105477792986 0.0174280405261 0.0518603120821
Herato20 Herato2001 2375001.0 2375000.0 0.0249123184826 0.0117011610111 0.0163738655706 0.0933015488754
Herato20 Herato2001 2425001.0 2425000.0 0.0223290363113 0.0147984206858 0.0219250590969 0.0328259976476
Herato20 Herato2001 2475001.0 2475000.0 0.0195311831144 0.011238538936 0.0166915203483 0.0441073226916
Herato20 Herato2001 2525001.0 2525000.0 0.0186293599342 0.0157373872843 0.01850628841 0.0222408981726
Herato20 Herato2001 2575001.0 2575000.0 0.0146615909839 0.0134343115355 0.0146569976246 0.0163793747662
Herato20 Herato2001 2625001.0 2625000.0 0.013084782132 0.010025126291 0.0126497189325 0.0209745335294
Herato20 Herato2001 2675001.0 2675000.0 0.0153521213916 0.0121049461946 0.0152202385275 0.0197578853222
Herato20 Herato2001 2725001.0 2725000.0 0.0275018859073 0.0248283438227 0.0273269012383 0.0305926683144
Herato20 Herato2001 2775001.0 2775000.0 0.059183932219 0.0281600114541 0.0599859725031 0.093025463896
Herato20 Herato2001 2825001.0 2825000.0 0.038189021144 0.0289616950522 0.037201303172 0.05059057232
Herato20 Herato2001 2875001.0 2875000.0 0.0326617210596 0.0248156979809 0.0303899424531 0.0470690004402
Herato20 Herato2001 2925001.0 2925000.0 0.062476006681 0.0472974727919 0.0620294823094 0.0830024306926
Herato20 Herato2001 2975001.0 2975000.0 0.0225726299098 0.0161912200248 0.0212526685244 0.0424685400639
Herato20 Herato2001 3025001.0 3025000.0 0.0910831669672 0.0423296379154 0.0824631821432 0.177453553724
Herato20 Herato2001 3075001.0 3075000.0 0.0770208910116 0.0379809661044 0.0709686462145 0.138098973376
Herato20 Herato2001 3125001.0 3125000.0 0.0435624605078 0.0233264831808 0.0418241496871 0.075843931267
Herato20 Herato2001 3175001.0 3175000.0 0.0155782636589 0.0142746440652 0.0156068667266 0.0168562451341
Herato20 Herato2001 3225001.0 3225000.0 0.0377884842936 0.0233371847038 0.0344996321674 0.0734519253544
Herato20 Herato2001 3275001.0 3275000.0 0.034793163768 0.0229341025932 0.031750052381 0.0689404289942
Herato20 Herato2001 3325001.0 3325000.0 0.0522897090086 0.0218285383577 0.0421587948356 0.142728030426
Herato20 Herato2001 3375001.0 3375000.0 0.0294246053099 0.0130511668683 0.0246014276854 0.070125949919
Herato20 Herato2001 3425001.0 3425000.0 0.0213404836462 0.0191497674574 0.021223298067 0.023881755369
Herato20 Herato2001 3475001.0 3475000.0 0.014749698096 0.0129267374871 0.0146853568892 0.0169927771303
Herato20 Herato2001 3525001.0 3525000.0 0.0192284987621 0.0158006641749 0.0190402098809 0.0235216405844
Herato20 Herato2001 3575001.0 3575000.0 0.0420900260424 0.0243504670937 0.0410993058412 0.0685658134442
Herato20 Herato2001 3625001.0 3625000.0 0.0307466784042 0.0177058399284 0.029382142779 0.0538870079416
Herato20 Herato2001 3675001.0 3675000.0 0.0159369940344 0.0136896640765 0.0154456248999 0.0219369157012
Herato20 Herato2001 3725001.0 3725000.0 0.0428928640684 0.0126522363842 0.0381882950716 0.105711288826
Herato20 Herato2001 3775001.0 3775000.0 0.00843531499934 0.00636455142407 0.00840856209984 0.0101909945118
Herato20 Herato2001 3825001.0 3825000.0 0.0245749168981 0.00952298295664 0.0237211586277 0.0467882209888
Herato20 Herato2001 3875001.0 3875000.0 0.0172873207068 0.0148405006269 0.0170437008873 0.0203450595361
Herato20 Herato2001 3925001.0 3925000.0 0.02236697684 0.0165556190264 0.0208028318936 0.036658368938
Herato20 Herato2001 3975001.0 3975000.0 0.0197013406588 0.0165882874096 0.01954189795 0.0252766331322
Herato20 Herato2001 4025001.0 4025000.0 0.0459017842334 0.0320330416052 0.0442417399213 0.0677267076866
Herato20 Herato2001 4075001.0 4075000.0 0.0579183506944 0.0373517442737 0.0559064627998 0.0896793899554
Herato20 Herato2001 4125001.0 4125000.0 0.0187404329088 0.0170412645273 0.0186647120317 0.0205168197034
Herato20 Herato2001 4175001.0 4175000.0 0.0291889930868 0.0205364812831 0.0292304326836 0.0380414867
Herato20 Herato2001 4225001.0 4225000.0 0.0523741763684 0.0283115010492 0.0485399770322 0.0961689651348
Herato20 Herato2001 4275001.0 4275000.0 0.048645745106 0.028943382622 0.043079488613 0.105766321964
Herato20 Herato2001 4325001.0 4325000.0 0.014024303532 0.0106414200955 0.0141054899305 0.0185199406554
Herato20 Herato2001 4375001.0 4375000.0 0.0266693771264 0.0130937238111 0.0251172793819 0.0516746698014
Herato20 Herato2001 4425001.0 4425000.0 0.0192594281712 0.0139947124777 0.0189069706442 0.025953195725
Herato20 Herato2001 4475001.0 4475000.0 0.0699628158686 0.0210428047197 0.059000717243 0.170761208729
Herato20 Herato2001 4525001.0 4525000.0 0.0179474223322 0.0101160318601 0.0173218110431 0.0302292014934
Herato20 Herato2001 4575001.0 4575000.0 0.0167971997976 0.0104963791102 0.0154839142322 0.0293547050272
Herato20 Herato2001 4625001.0 4625000.0 0.033739911324 0.0191676140291 0.0267226779546 0.089705554932
Herato20 Herato2001 4675001.0 4675000.0 0.0502889782843 0.029487893358 0.0473308271757 0.0866156437302
Herato20 Herato2001 4725001.0 4725000.0 0.119550027652 0.0600722311416 0.10709409899 0.24674011207
Herato20 Herato2001 4775001.0 4775000.0 0.017525820084 0.013375217943 0.017374817518 0.0232992432757
Herato20 Herato2001 4825001.0 4825000.0 0.0148294624898 0.0102971733685 0.0144810160726 0.0212642096283
Herato20 Herato2001 4875001.0 4875000.0 0.0150146633601 0.0117468349583 0.0146755394765 0.0200348706069
Herato20 Herato2001 4925001.0 4925000.0 0.0257036057522 0.0196888306123 0.0254352896737 0.0340242141175
Herato20 Herato2001 4975001.0 4975000.0 0.0333863830601 0.0264690160305 0.0330470237713 0.0418786033652
Herato20 Herato2001 5025001.0 5025000.0 0.0336258133869 0.023903189332 0.033095110999 0.0456493679084
Herato20 Herato2001 5075001.0 5075000.0 0.0272872934789 0.0224281224812 0.0259182739656 0.0401885824068
Herato20 Herato2001 5125001.0 5125000.0 0.0262182650025 0.0179230163325 0.0270064175287 0.0358989674191
Herato20 Herato2001 5175001.0 5175000.0 0.0287323988596 0.0249376375793 0.0286373969016 0.032837675625
Herato20 Herato2001 5225001.0 5225000.0 0.0333266592406 0.0277116831787 0.0330857886898 0.0403430557608
Herato20 Herato2001 5275001.0 5275000.0 0.0433513276964 0.0223522407198 0.0413765224234 0.0915417216236
Herato20 Herato2001 5325001.0 5325000.0 0.0336295546253 0.0236745979769 0.0326042468457 0.0560609852021
Herato20 Herato2001 5375001.0 5375000.0 0.0550698989371 0.0337249565679 0.0531352775749 0.086373454002
Herato20 Herato2001 5425001.0 5425000.0 0.0453106144111 0.0269673810233 0.0434796261832 0.0748993902966
Herato20 Herato2001 5475001.0 5475000.0 0.0176735750548 0.016054349972 0.0180267475528 0.0189488796832
Herato20 Herato2001 5525001.0 5525000.0 0.0416481721754 0.0165215532419 0.0400818744044 0.0872224822426
Herato20 Herato2001 5575001.0 5575000.0 0.0191160310706 0.0148543055449 0.0186670558526 0.0257131363581
Herato20 Herato2001 5625001.0 5625000.0 0.0409918403811 0.0178422330391 0.0352138109001 0.0969301755135
Herato20 Herato2001 5675001.0 5675000.0 0.0789471436875 0.0206734229542 0.0645753653925 0.221710604592
Herato20 Herato2001 5725001.0 5725000.0 0.0205973113618 0.0165475891441 0.0203836189181 0.0257876883985
Herato20 Herato2001 5775001.0 5775000.0 0.024710300338 0.0210728564994 0.0246637753694 0.0288301745626
Herato20 Herato2001 5825001.0 5825000.0 0.0207175230714 0.0111976618609 0.0175705210324 0.0288112202263
Herato20 Herato2001 5875001.0 5875000.0 0.0172339488045 0.00854994162324 0.0148982106682 0.0408374150156
Herato20 Herato2001 5925001.0 5925000.0 0.0320145662502 0.0162885348005 0.0289872493845 0.0639064306904
Herato20 Herato2001 5975001.0 5975000.0 0.0176196359426 0.0138516532726 0.0171691834654 0.0227195495922
Herato20 Herato2001 6025001.0 6025000.0 0.139040496394 0.0587931980175 0.123841838319 0.290150867617
Herato20 Herato2001 6075001.0 6075000.0 0.0229994995923 0.00812515150306 0.0187180262023 0.0639004294629
Herato20 Herato2001 6125001.0 6125000.0 0.0305566710615 0.0172297963842 0.0293012437225 0.0509461696702
Herato20 Herato2001 6175001.0 6175000.0 0.036576418762 0.0202538635506 0.0338068080667 0.0693030284632
Herato20 Herato2001 6225001.0 6225000.0 0.0254524674978 0.022950287114 0.0253682961308 0.0285264284216
Herato20 Herato2001 6275001.0 6275000.0 0.0237173616 0.0193616279193 0.0231982351929 0.0303264086325
Herato20 Herato2001 6325001.0 6325000.0 0.0276063575416 0.0197136884843 0.0273224701645 0.037347531623
Herato20 Herato2001 6375001.0 6375000.0 0.0296306269123 0.0181198447325 0.0297649567235 0.047663637645
Herato20 Herato2001 6425001.0 6425000.0 0.0560683948059 0.023551161498 0.0509817189976 0.120952713258
Herato20 Herato2001 6475001.0 6475000.0 0.0958898424481 0.0332324254538 0.0851713224072 0.203979967088
Herato20 Herato2001 6525001.0 6525000.0 0.0182756297171 0.011009061801 0.0185784215341 0.0249172735789
Herato20 Herato2001 6575001.0 6575000.0 0.0182151143996 0.0132659698528 0.0178831464322 0.0244776004796
Herato20 Herato2001 6625001.0 6625000.0 0.0199536684182 0.0152794670451 0.0197216311539 0.0264699105366
Herato20 Herato2001 6675001.0 6675000.0 0.0304113545208 0.0195329150746 0.0311194372685 0.04460967621
Herato20 Herato2001 6725001.0 6725000.0 0.090641410842 0.011017218962 0.074413737016 0.287229143112
Herato20 Herato2001 6775001.0 6775000.0 0.069662307954 0.0223960575218 0.0538979028363 0.198473980446
Herato20 Herato2001 6825001.0 6825000.0 0.0446787063292 0.0280211332548 0.0402070309352 0.08529857969
Herato20 Herato2001 6875001.0 6875000.0 0.0244428154256 0.018174172122 0.0221812565656 0.0392034188046
Herato20 Herato2001 6925001.0 6925000.0 0.110403151285 0.051277713709 0.0997774647777 0.233736261839
Herato20 Herato2001 6975001.0 6975000.0 0.0093983212043 0.00755975280417 0.00935283250362 0.0115958381238
Herato20 Herato2001 7025001.0 7025000.0 0.0122088528105 0.00686889488734 0.0112512117556 0.0227711358223
Herato20 Herato2001 7075001.0 7075000.0 0.000537676095984 0.000447649417745 0.000532636631664 0.00064854735468
Herato20 Herato2001 7125001.0 7125000.0 0.00182331813973 0.00110050621231 0.00162232861646 0.00328328443192
Herato20 Herato2001 7175001.0 7175000.0 0.00783566380828 0.00469372111948 0.00654548023338 0.0165228286546
Herato20 Herato2001 7225001.0 7225000.0 0.040834053014 0.0174143189558 0.0352126050802 0.0966988898471
Herato20 Herato2001 7275001.0 7275000.0 0.0505889986922 0.0175246156124 0.0410781006649 0.135278017137
Herato20 Herato2001 7325001.0 7325000.0 0.0335962781727 0.0159189950752 0.0323468685858 0.0612307384666
Herato20 Herato2001 7375001.0 7375000.0 0.052328914258 0.0197671165785 0.0422997392894 0.139757481572
Herato20 Herato2001 7425001.0 7425000.0 0.0250389371612 0.0171169593184 0.0240516371582 0.0384552764696
Herato20 Herato2001 7475001.0 7475000.0 0.0268119746318 0.0153579582582 0.0258791122286 0.0440491110722
Herato20 Herato2001 7525001.0 7525000.0 0.0126124661903 0.0110731724879 0.0125332454091 0.0145585770127
Herato20 Herato2001 7575001.0 7575000.0 0.0194042339646 0.00876491913371 0.0186787367683 0.0373524059007
Herato20 Herato2001 7625001.0 7625000.0 0.0524809016749 0.018292258921 0.045129739443 0.128373475113
Herato20 Herato2001 7675001.0 7675000.0 0.0435008084425 0.0199168995196 0.0412854741942 0.0829653390658
Herato20 Herato2001 7725001.0 7725000.0 0.0452718070469 0.0230407593276 0.0420887044259 0.0838305696988
Herato20 Herato2001 7775001.0 7775000.0 0.0115278164302 0.00506120705545 0.0103143333903 0.0249384614863
Herato20 Herato2001 7825001.0 7825000.0 0.0129328169879 0.00739014226584 0.0115982860391 0.0253221976522
Herato20 Herato2001 7875001.0 7875000.0 0.138209955164 0.0548724799343 0.126119190245 0.294999061359
Herato20 Herato2001 7925001.0 7925000.0 0.0113450870897 0.00725866267927 0.0103959613883 0.0202103266533
Herato20 Herato2001 7975001.0 7975000.0 0.0449312393726 0.0218975100214 0.0347975279693 0.109724597094
Herato20 Herato2001 8025001.0 8025000.0 0.0211297365683 0.0150069674285 0.0206024575204 0.0299567781993
Herato20 Herato2001 8075001.0 8075000.0 0.00878886288298 0.00742198711167 0.00872233773602 0.0105164964135
Herato20 Herato2001 8125001.0 8125000.0 0.0162889656825 0.0140489658516 0.0161988631602 0.018722016519
Herato20 Herato2001 8175001.0 8175000.0 0.0166817320132 0.0151763995681 0.0165131193938 0.018505955764
Herato20 Herato2001 8225001.0 8225000.0 0.119203210173 0.0577551985596 0.109941641132 0.235507251625
Herato20 Herato2001 8275001.0 8275000.0 0.0175957672595 0.0118300662282 0.0160583706196 0.0310225305714
Herato20 Herato2001 8325001.0 8325000.0 0.0271834601339 0.0138360120918 0.0190618578774 0.114112394524
Herato20 Herato2001 8375001.0 8375000.0 0.0354214339062 0.0242185224923 0.034069119957 0.0558425785571
Herato20 Herato2001 8425001.0 8425000.0 0.0293668929961 0.01850196626 0.0284357737378 0.048393577284
Herato20 Herato2001 8475001.0 8475000.0 0.023694010603 0.0208478081914 0.0235154290103 0.026834185903
Herato20 Herato2001 8525001.0 8525000.0 0.0329556645209 0.0159752809113 0.0197327709182 0.0878873804062
Herato20 Herato2001 8575001.0 8575000.0 0.0142355087081 0.0106946499363 0.0139340575543 0.0196044666245
Herato20 Herato2001 8625001.0 8625000.0 0.0145692096326 0.0122671941733 0.0145206624533 0.0170813888108
Herato20 Herato2001 8675001.0 8675000.0 0.011925941238 0.00918912097462 0.0118908896888 0.0149521533186
Herato20 Herato2001 8725001.0 8725000.0 0.0407088018634 0.0250266348725 0.0367293160129 0.0802052794497
Herato20 Herato2001 8775001.0 8775000.0 0.0771686229102 0.038948647059 0.069957428719 0.151349033875
Herato20 Herato2001 8825001.0 8825000.0 0.022798677155 0.020592090948 0.022811744744 0.025061378464
Herato20 Herato2001 8875001.0 8875000.0 0.0191800740494 0.01403040009 0.0186015848373 0.028708626142
Herato20 Herato2001 8925001.0 8925000.0 0.0308024736192 0.0158159237338 0.0275972717143 0.0607972080612
Herato20 Herato2001 8975001.0 8975000.0 0.0396253894339 0.0208411119179 0.0347039293482 0.0788348736772
Herato20 Herato2001 9025001.0 9025000.0 0.0089962523719 0.00811578980082 0.00891958254062 0.0101098708207
Herato20 Herato2001 9075001.0 9075000.0 0.0509921825576 0.0257439357681 0.0475643828138 0.0979132439586
Herato20 Herato2001 9125001.0 9125000.0 0.0478215190758 0.0236529894781 0.0467928020425 0.0759440330364
Herato20 Herato2001 9175001.0 9175000.0 0.0349094130796 0.0176206931112 0.0311797551774 0.0734122996078
Herato20 Herato2001 9225001.0 9225000.0 0.0583922805184 0.0415098374234 0.0557628551981 0.0870474549417
Herato20 Herato2001 9275001.0 9275000.0 0.02738874045 0.0252113924656 0.027381064166 0.029746779778
Herato20 Herato2001 9325001.0 9325000.0 0.0313574226396 0.0173990058363 0.0308617172845 0.0516612359734
Herato20 Herato2001 9375001.0 9375000.0 0.0489033039526 0.0187408622677 0.0476827210156 0.0871725870488
Herato20 Herato2001 9425001.0 9425000.0 0.0242810051484 0.0201541517815 0.0240644730313 0.0315932257032
Herato20 Herato2001 9475001.0 9475000.0 0.0215379420994 0.0182314435851 0.021418543899 0.0254635549106
Herato20 Herato2001 9525001.0 9525000.0 0.0535742865036 0.023517785028 0.0497064911608 0.108183752478
Herato20 Herato2001 9575001.0 9575000.0 0.0194449953942 0.0166534218944 0.0194556943096 0.0224100561185
Herato20 Herato2001 9625001.0 9625000.0 0.0615046703131 0.0272702603484 0.0544739877609 0.138381022895
Herato20 Herato2001 9675001.0 9675000.0 0.0360867153534 0.0275082795631 0.0352330760661 0.0504234018897
Herato20 Herato2001 9725001.0 9725000.0 0.0337646956238 0.0257321849068 0.0337291251702 0.0441578139307
Herato20 Herato2001 9775001.0 9775000.0 0.037417808408 0.031745515271 0.0371488515714 0.0455080510006
Herato20 Herato2001 9825001.0 9825000.0 0.0512741243958 0.0294410522721 0.048855651886 0.0904884825519
Herato20 Herato2001 9875001.0 9875000.0 0.074128681748 0.0614236151943 0.0733175721647 0.0900093398255
Herato20 Herato2001 9925001.0 9925000.0 0.103595372414 0.0698288155192 0.098323277032 0.162240683961
Herato20 Herato2001 9975001.0 9975000.0 0.0148896179234 0.0128405237358 0.0149189143278 0.0171240890378
Herato20 Herato2001 10025001.0 10025000.0 0.0179008911732 0.0147380377066 0.0177831984619 0.0219614661787
Herato20 Herato2001 10075001.0 10075000.0 0.0145735629499 0.0122758544582 0.0145267431313 0.0172450248798
Herato20 Herato2001 10125001.0 10125000.0 0.022908724108 0.017412916504 0.0227124284 0.030424727488
Herato20 Herato2001 10175001.0 10175000.0 0.0919415826076 0.0360884930857 0.0868735453237 0.183573849969
Herato20 Herato2001 10225001.0 10225000.0 0.76883795868 0.240596440425 0.723654229548 1.54279608437
Herato20 Herato2001 10275001.0 10275000.0 0.0202424186494 0.0172640673839 0.0199596970316 0.0250010638354
Herato20 Herato2001 10325001.0 10325000.0 0.033939103753 0.0283719684506 0.0339080637252 0.040412935656
Herato20 Herato2001 10375001.0 10375000.0 0.0682016214053 0.0371988611412 0.0615674189432 0.116236599026
Herato20 Herato2001 10425001.0 10425000.0 0.0461519710182 0.0216964709312 0.0410884753311 0.106131991377
Herato20 Herato2001 10475001.0 10475000.0 0.0175384026018 0.0136053634813 0.0172966386287 0.0240510026766
Herato20 Herato2001 10525001.0 10525000.0 0.0287440298091 0.0164877620759 0.0264672233509 0.0471668965809
Herato20 Herato2001 10575001.0 10575000.0 0.027787002302 0.0184679974891 0.0234343434711 0.0535369606058
Herato20 Herato2001 10625001.0 10625000.0 0.0229427358208 0.0137593707453 0.021116881406 0.0444866590348
Herato20 Herato2001 10675001.0 10675000.0 0.0310615590953 0.0246196000876 0.0299169181639 0.0393967234046
Herato20 Herato2001 10725001.0 10725000.0 0.048381572744 0.0334322167048 0.04623269821 0.076450199914
Herato20 Herato2001 10775001.0 10775000.0 0.038310519892 0.025542786434 0.037822719682 0.05574932196
Herato20 Herato2001 10825001.0 10825000.0 0.0430635361924 0.0316155859655 0.0421326804382 0.0611423397742
Herato20 Herato2001 10875001.0 10875000.0 0.0383555132989 0.0236299223658 0.0363953509257 0.0621223745221
Herato20 Herato2001 10925001.0 10925000.0 0.0239466917764 0.0177209647703 0.0229886867884 0.033368387481
Herato20 Herato2001 10975001.0 10975000.0 0.0499559745885 0.0275714002991 0.0501174186851 0.075729773324
Herato20 Herato2001 11025001.0 11025000.0 0.086119961455 0.0537408101509 0.0812454807618 0.143507320227
Herato20 Herato2001 11075001.0 11075000.0 0.0149651518885 0.0119992948984 0.0149357575707 0.0181748522735
Herato20 Herato2001 11125001.0 11125000.0 0.0286784416018 0.0167391480039 0.0272575041234 0.0513647578288
Herato20 Herato2001 11175001.0 11175000.0 0.0315527541134 0.0258960386904 0.0313244134262 0.0386025577948
Herato20 Herato2001 11225001.0 11225000.0 0.0389115548432 0.0218521167111 0.0362817873424 0.06874275278
Herato20 Herato2001 11275001.0 11275000.0 0.0308113100463 0.021972944176 0.0300287614807 0.0452551253071
Herato20 Herato2001 11325001.0 11325000.0 0.028598288668 0.0137377557104 0.0273737309617 0.0535267293618
Herato20 Herato2001 11375001.0 11375000.0 0.165061456652 0.0705827354565 0.14830832746 0.368275596182
Herato20 Herato2001 11425001.0 11425000.0 0.0193082666374 0.0103731612205 0.0178682888406 0.0368724072106
Herato20 Herato2001 11475001.0 11475000.0 0.0052688717462 0.00408478088717 0.00531212893844 0.00629104648568
Herato20 Herato2001 11525001.0 11525000.0 0.0435048681919 0.02314955583 0.0395581414201 0.0924684161364
Herato20 Herato2001 11575001.0 11575000.0 0.0936879554141 0.0454343210117 0.0894936322357 0.174616430562
Herato20 Herato2001 11625001.0 11625000.0 0.0283047016447 0.0219093676625 0.0279503858233 0.0370472311482
Herato20 Herato2001 11675001.0 11675000.0 0.0484299898795 0.0189093870708 0.0406266232324 0.136919180954
Herato20 Herato2001 11725001.0 11725000.0 0.173186326727 0.0574220835455 0.137365528188 0.473048723538
Herato20 Herato2001 11775001.0 11775000.0 0.111350936673 0.0512887674015 0.102496420377 0.212686937489
Herato20 Herato2001 11825001.0 11825000.0 0.0244676228893 0.0112466373191 0.0241944316298 0.0447573859846
Herato20 Herato2001 11875001.0 11875000.0 0.0264897139051 0.0221094926555 0.0260713119455 0.0323957660254
Herato20 Herato2001 11925001.0 11925000.0 0.014094364467 0.0115955941765 0.0139118872533 0.0174294845871
Herato20 Herato2001 11975001.0 11975000.0 0.0221732218184 0.0162085542265 0.0217710807756 0.0300590655207
Herato20 Herato2001 12025001.0 12025000.0 0.127934916345 0.05776768602 0.118170836748 0.25680421535
Herato20 Herato2001 12075001.0 12075000.0 0.0249597625193 0.0117768414176 0.0223932537083 0.0502481569319
Herato20 Herato2001 12125001.0 12125000.0 0.0332074572342 0.0246872075824 0.0322626733634 0.0447925843836
Herato20 Herato2001 12175001.0 12175000.0 0.0195241455247 0.0157385241862 0.0187085310272 0.0279231234863
Herato20 Herato2001 12225001.0 12225000.0 0.0272750311662 0.0152196507058 0.0257835478412 0.0468740112778
Herato20 Herato2001 12275001.0 12275000.0 0.0378725894698 0.0296697562186 0.037160342784 0.0496383345192
Herato20 Herato2001 12325001.0 12325000.0 0.0833545720163 0.0340606950833 0.0741864542237 0.179496864126
Herato20 Herato2001 12375001.0 12375000.0 0.0892613051916 0.0330919869901 0.0795210105327 0.197789343483
Herato20 Herato2001 12425001.0 12425000.0 0.041058127686 0.0198107389028 0.0408046844554 0.0733995043658
Herato20 Herato2001 12475001.0 12475000.0 0.0203450627075 0.0176452384359 0.0202389176139 0.0233100741026
Herato20 Herato2001 12525001.0 12525000.0 0.0266400381268 0.0204986055788 0.0262671187393 0.0352993181934
Herato20 Herato2001 12575001.0 12575000.0 0.0468514351554 0.0252488691567 0.0447403717184 0.082558785256
Herato20 Herato2001 12625001.0 12625000.0 0.0938993935643 0.0347212314714 0.086179333259 0.197493829104
Herato20 Herato2001 12675001.0 12675000.0 0.0369746019785 0.0162941062148 0.0362400492156 0.058790998251
Herato20 Herato2001 12725001.0 12725000.0 0.0501960803852 0.0283808102819 0.047848480832 0.0856448705434
Herato20 Herato2001 12775001.0 12775000.0 0.0101736747052 0.00738935163874 0.00998920542536 0.0139770855142
Herato20 Herato2001 12825001.0 12825000.0 0.00086418714238 0.000511704715078 0.00087119643098 0.00111587341456
Herato20 Herato2001 12875001.0 12875000.0 0.0177436263971 0.0121345554214 0.0174128484329 0.0253409029548
Herato20 Herato2001 12925001.0 12925000.0 0.0221739416178 0.00732168687236 0.0217309248402 0.042657708284
Herato20 Herato2001 12975001.0 12975000.0 0.0161025427445 0.0124866700821 0.0159843571522 0.0201171395915
Herato20 Herato2001 13025001.0 13025000.0 0.0748393756195 0.0390294412249 0.0719360726345 0.122969500124
Herato20 Herato2001 13075001.0 13075000.0 0.0064182284184 0.0046927198177 0.00636115446272 0.0085127867798
Herato20 Herato2001 13125001.0 13125000.0 0.0496853036302 0.0267430151309 0.0465493624597 0.0911609693489
Herato20 Herato2001 13175001.0 13175000.0 0.030371376351 0.0142804781071 0.0283849809608 0.0602948191014
Herato20 Herato2001 13225001.0 13225000.0 0.24510344696 0.0294541497355 0.245431827457 0.437413541758
Herato20 Herato2001 13275001.0 13275000.0 0.023714480246 0.00701818127591 0.00985430663966 0.099915602568
Herato20 Herato2001 13325001.0 13325000.0 0.101330888551 0.0536457844759 0.0949082870686 0.184937367231
Herato20 Herato2001 13375001.0 13375000.0 0.0224219196758 0.0183172908652 0.0222019303538 0.02795696968
Herato20 Herato2001 13425001.0 13425000.0 0.107372933776 0.0308913879781 0.118843713874 0.243730907598
Herato20 Herato2001 13475001.0 13475000.0 0.0147180451202 0.0108479472237 0.0145330894805 0.0200110483776
Herato20 Herato2001 13525001.0 13525000.0 0.0139633991473 0.010977445823 0.0131466672351 0.0196607772858
Herato20 Herato2001 13575001.0 13575000.0 0.0539017896876 0.0294064145222 0.0536058101242 0.0799433279784
Herato20 Herato2001 13625001.0 13625000.0 0.0105119587498 0.00799189074659 0.0104452233143 0.0131772198529
Herato20 Herato2001 13675001.0 13675000.0 0.009680420952 0.008959411592 0.009640326654 0.010611060698
Herato20 Herato2001 13725001.0 13725000.0 0.0282747511352 0.0222281129209 0.0279426551348 0.035210039043
Herato20 Herato2001 13775001.0 13775000.0 0.0125071313398 0.0106045053536 0.0124285691812 0.0148521344687
Herato20 Herato2001 13825001.0 13825000.0 0.0332776323982 0.0177079456549 0.0311002692215 0.0570099333678
Herato20 Herato2001 13875001.0 13875000.0 0.0081857197592 0.00700526395792 0.0081320711732 0.009758422624
Herato20 Herato2001 13925001.0 13925000.0 0.0711206111559 0.0085717130481 0.061334096765 0.200507268038
Herato20 Herato2001 13975001.0 13975000.0 0.0255298678559 0.00732573351306 0.0239900391564 0.0582449772067
Herato20 Herato2001 14025001.0 14025000.0 0.031359051842 0.0254612237334 0.031586957914 0.037613685872
Herato20 Herato2001 14075001.0 14075000.0 0.0242351004414 0.0172159159698 0.0247871650298 0.0299036795344
Herato20 Herato2001 14125001.0 14125000.0 0.0852975118028 0.0393677872832 0.0772668359588 0.17152609234
Herato20 Herato2001 14175001.0 14175000.0 0.0161321986101 0.0112783745965 0.0152780429485 0.0264049313742
Herato20 Herato2001 14225001.0 14225000.0 0.329291297534 0.0346005433558 0.324581838596 0.664353197703
Herato20 Herato2001 14275001.0 14275000.0 0.0149836994336 0.0113893507994 0.0146174432985 0.0206871979526
Herato20 Herato2001 14325001.0 14325000.0 0.00729326204548 0.00605180553368 0.00722550126622 0.00906154929574
Herato20 Herato2001 14375001.0 14375000.0 0.036045387514 0.016062393844 0.031902372806 0.082515067492
Herato20 Herato2001 14425001.0 14425000.0 0.107142320827 0.0546830441478 0.0968046023384 0.2172032459
Herato20 Herato2001 14475001.0 14475000.0 0.0331073084859 0.0235445833198 0.0323435863186 0.0485899810658
Herato20 Herato2001 14525001.0 14525000.0 0.0485808299175 0.0232500888583 0.0435172608295 0.0996248779402
Herato20 Herato2001 14575001.0 14575000.0 0.0217174068368 0.0196711159824 0.0218975412459 0.0236325113302
Herato20 Herato2001 14625001.0 14625000.0 0.0082140906508 0.0065961057922 0.0079614728094 0.0108470957312
Herato20 Herato2001 14675001.0 14675000.0 0.0289994480799 0.0179340036973 0.028240573563 0.0454670670116
Herato20 Herato2001 14725001.0 14725000.0 0.0757790042802 0.0267091358132 0.061958699084 0.187344478768
Herato20 Herato2001 14775001.0 14775000.0 0.0179767938547 0.0117483594216 0.0171448897611 0.029119062463
Herato20 Herato2001 14825001.0 14825000.0 0.0687732778934 0.0192479477272 0.0629307810649 0.171373924711
Herato20 Herato2001 14875001.0 14875000.0 0.0265868623737 0.0138206606579 0.0253078561461 0.0464813756832
Herato20 Herato2001 14925001.0 14925000.0 0.0345380458894 0.0086582221688 0.0330762700832 0.072367788894
Herato20 Herato2001 14975001.0 14975000.0 0.0290768026793 0.0123317822591 0.0275035451319 0.0567890837115
Herato20 Herato2001 15025001.0 15025000.0 0.0984571079988 0.0425365254498 0.088472652843 0.215000355087
Herato20 Herato2001 15075001.0 15075000.0 0.0903632515541 0.0304480572093 0.0782587522841 0.226779157598
Herato20 Herato2001 15125001.0 15125000.0 0.0870841404493 0.0623448603688 0.0856243074615 0.119434852043
Herato20 Herato2001 15175001.0 15175000.0 0.0097063976286 0.00781851663417 0.00958109118634 0.0120839373149
Herato20 Herato2001 15225001.0 15225000.0 0.0836553982594 0.0339403719246 0.0775005331476 0.161980488034
Herato20 Herato2001 15275001.0 15275000.0 0.0191637441365 0.0102097135829 0.0184836498578 0.0319748651971
Herato20 Herato2001 15325001.0 15325000.0 0.0197046167625 0.0156820860907 0.0196076996005 0.0240437707725
Herato20 Herato2001 15375001.0 15375000.0 0.0528416101659 0.0211365917981 0.0470589223428 0.117725882534
Herato20 Herato2001 15425001.0 15425000.0 0.0303811398202 0.0159132440016 0.0292270710417 0.0504796206849
Herato20 Herato2001 15475001.0 15475000.0 0.00294328963858 0.00239948299009 0.00291267624638 0.0037712493102
Herato20 Herato2001 15525001.0 15525000.0 0.0557524675618 0.0264098508897 0.0521525295916 0.108348107831
Herato20 Herato2001 15575001.0 15575000.0 0.0719848130965 0.0265559191795 0.0663691551015 0.148098641456
Herato20 Herato2001 15625001.0 15625000.0 0.0190518919318 0.0108031228109 0.0188504310389 0.0289166189047
Herato20 Herato2001 15675001.0 15675000.0 0.0288493669167 0.0202153528261 0.0282320154875 0.0406146562094
Herato20 Herato2001 15725001.0 15725000.0 0.05154836094 0.0324242220184 0.0491713953888 0.0835967234818
Herato20 Herato2001 15775001.0 15775000.0 0.0447434710756 0.0148663528825 0.0367768824297 0.121707467418
Herato20 Herato2001 15825001.0 15825000.0 0.0281041601374 0.0129933932443 0.0259943868624 0.0538429292894
Herato20 Herato2001 15875001.0 15875000.0 0.0677800209351 0.0274693903603 0.0633092599835 0.137089724842
Herato20 Herato2001 15925001.0 15925000.0 0.0109861925916 0.00566028829074 0.0099189163037 0.0231862459479
Herato20 Herato2001 15975001.0 15975000.0 0.0317550728052 0.00733669280448 0.0236835446487 0.099546917678
Herato20 Herato2001 16025001.0 16025000.0 0.0457989989703 0.0143679151416 0.0354217611173 0.0924077027044
Herato20 Herato2001 16075001.0 16075000.0 0.030601202275 0.0235937152278 0.0299445401484 0.0405736067514
Herato20 Herato2001 16125001.0 16125000.0 0.154884301725 0.0775738936832 0.141323893032 0.304345535458
Herato20 Herato2001 16175001.0 16175000.0 0.0329756439671 0.016745943064 0.0305433493269 0.0631501004806
Herato20 Herato2001 16225001.0 16225000.0 0.0147920109472 0.00683222338054 0.0122290392316 0.0313517214214
Herato20 Herato2001 16275001.0 16275000.0 0.138885253934 0.0806431167616 0.132932683746 0.229613960208
Herato20 Herato2001 16325001.0 16325000.0 0.0578813199888 0.0472788051887 0.0572619887511 0.073518143921
Herato20 Herato2001 16375001.0 16375000.0 0.083580546524 0.0433911128074 0.076937775971 0.158950101943
Herato20 Herato2001 16425001.0 16425000.0 0.035744605496 0.0177458642478 0.0345338187486 0.0648635420178
Herato20 Herato2001 16475001.0 16475000.0 0.116679351456 0.054309190853 0.110308111178 0.23504128424
Herato20 Herato2001 16525001.0 16525000.0 0.0168866889516 0.0135890771838 0.0170221157451 0.0204468637085
Herato20 Herato2001 16575001.0 16575000.0 0.0309587391154 0.00832623075378 0.0290200059838 0.070992106749
Herato20 Herato2001 16625001.0 16625000.0 0.18462372483 0.0584610732859 0.170478808573 0.383352702696
Herato20 Herato2001 16675001.0 16675000.0 0.0232324948282 0.0157891745569 0.0223451587129 0.0375458462158
Herato20 Herato2001 16725001.0 16725000.0 0.041748595709 0.0272329754357 0.0397879654714 0.0685843530416
Herato20 Herato2001 16775001.0 16775000.0 0.0453255131649 0.0159431524541 0.0260701531939 0.139611323959
Herato20 Herato2001 16825001.0 16825000.0 0.0140594011657 0.0117774808279 0.0137348394843 0.0172874845018
Herato20 Herato2001 16875001.0 16875000.0 0.0609535858869 0.0342623411945 0.0573615869419 0.1125957209
Herato20 Herato2001 16925001.0 16925000.0 0.0647287922879 0.0417914200757 0.0637248269664 0.098306083149
Herato20 Herato2001 16975001.0 16975000.0 0.0665838382597 0.0291533419852 0.0607221159516 0.140289293141
Herato20 Herato2001 17025001.0 17025000.0 0.0239581307846 0.0114190033483 0.0241421380643 0.0378565819625
Herato20 Herato2001 17075001.0 17075000.0 0.019001955358 0.01236829671 0.0173919965074 0.034833693629
Herato20 Herato2001 17125001.0 17125000.0 0.013257190586 0.0120277935374 0.0131032611064 0.014611978066
Herato20 Herato2001 17175001.0 17175000.0 0.0080650645592 0.005985131058 0.0081355903966 0.010516009584
Herato20 Herato2001 17225001.0 17225000.0 0.047284272324 0.0150133729142 0.0411655556316 0.121526622861
Herato20 Herato2001 17275001.0 17275000.0 0.023856796901 0.0191268203136 0.0236177641117 0.0299786144773
Herato20 Herato2001 17325001.0 17325000.0 0.0157880246942 0.0100769717621 0.0148763315204 0.0267105771705
Herato20 Herato2001 17375001.0 17375000.0 0.0451856493649 0.023121393643 0.0398313312938 0.10218890413
Herato20 Herato2001 17425001.0 17425000.0 0.0169508944676 0.0122799810034 0.0158311413696 0.0319617410296
Herato20 Herato2001 17475001.0 17475000.0 0.0693020737941 0.0332061690846 0.0633648718239 0.144993186371
Herato20 Herato2001 17525001.0 17525000.0 0.0649818979679 0.0207183196941 0.0566814280223 0.146569031045
Herato20 Herato2001 17575001.0 17575000.0 0.0599061448784 0.0346262808245 0.0564400764896 0.112154263878
Herato20 Herato2001 17625001.0 17625000.0 0.0354412551883 0.0171957532237 0.0334235314222 0.0652813151528
Herato20 Herato2001 17675001.0 17675000.0 0.0218240507694 0.0168913244232 0.0211248190431 0.0304077210392
Herato20 Herato2001 17725001.0 17725000.0 0.065447436067 0.0334147935322 0.0582966510314 0.137882580377
Herato20 Herato2001 17775001.0 17775000.0 0.0366851101984 0.0247538303023 0.0361361413649 0.0513048772141
Herato20 Herato2001 17825001.0 17825000.0 0.0314347894039 0.0140352560269 0.0295151028556 0.0600975320633
Herato20 Herato2001 17875001.0 17875000.0 0.074428974763 0.0238364191301 0.0553338786022 0.247239559981
Herato20 Herato2001 17925001.0 17925000.0 0.112818966086 0.0447298623672 0.0887705258219 0.308301790316
Herato20 Herato2001 17975001.0 17975000.0 0.028155319091 0.0157289008355 0.025850814709 0.0561221474972
Herato20 Herato2001 18025001.0 18025000.0 0.0166305146615 0.0126009293065 0.0165743536213 0.0212255573992
Herato20 Herato2001 18075001.0 18075000.0 0.0260262306363 0.0179201158891 0.0251585626358 0.0423672723928
Herato20 Herato2001 18125001.0 18125000.0 0.0452378485492 0.0332492744584 0.0433840188524 0.0647826102416
Herato20 Herato2001 18175001.0 18175000.0 0.0351291399149 0.0194363135397 0.0327557793058 0.0655201740314
Herato20 Herato2001 18225001.0 18225000.0 0.0357466786041 0.0149430826698 0.0357865350884 0.0632286776296
Herato20 Herato2001 18275001.0 18275000.0 0.0325875530985 0.0120471197391 0.0320974183071 0.0569522028735
Herato20 Herato2001 18325001.0 18325000.0 0.135571006642 0.0582024500483 0.123351569378 0.276202827154
Herato20 Herato2001 18375001.0 18375000.0 0.0058311444957 0.00476087099767 0.00579187386996 0.0071474858465
Herato20 Herato2001 18425001.0 18425000.0 0.00468132536144 0.00342350513705 0.00462009457974 0.00688638030684
Herato20 Herato2001 18475001.0 18475000.0 0.0121338353935 0.00245739481835 0.00952648041204 0.0320181653057
Herato20 Herato2001 18525001.0 18525000.0 0.057785609339 0.0309734254372 0.0543441241107 0.104440304857
Herato20 Herato2001 18575001.0 18575000.0 0.0962934430631 0.0396931170962 0.0844469717566 0.204820575903
Herato20 Herato2001 18625001.0 18625000.0 0.0403900619546 0.0189640146816 0.0325870660565 0.103204160482
Herato20 Herato2001 18675001.0 18675000.0 0.0611894413379 0.0218016177549 0.0517237939238 0.140215295655
Herato20 Herato2001 18725001.0 18725000.0 0.0170874413118 0.0130004708088 0.0169806681478 0.0216855923262
Herato20 Herato2001 18775001.0 18775000.0 0.0156045892912 0.0127070570196 0.0151788634002 0.0199094664558
Herato20 Herato2001 18825001.0 18825000.0 0.0213107812654 0.0123999250728 0.0151820621363 0.0376944953912
Herato20 Herato2001 18875001.0 18875000.0 0.0178343643445 0.0130705219837 0.0172783624592 0.0235193976684
Herato20 Herato2001 18925001.0 18925000.0 0.016582802699 0.00564569610663 0.00797978849444 0.0597633142094
Herato20 Herato2001 18975001.0 18975000.0 0.124087804476 0.0494394018934 0.111233452366 0.26512232286
Herato20 Herato2001 19025001.0 19025000.0 0.0146399235984 0.00948919446173 0.0140017208303 0.0265178176075
Herato20 Herato2001 19075001.0 19075000.0 0.05436635962 0.0086489355942 0.050500721394 0.159032555473
Herato20 Herato2001 19125001.0 19125000.0 0.0969072616443 0.0370047100205 0.0892151609351 0.201879610985
Herato20 Herato2001 19175001.0 19175000.0 0.0146671514036 0.010115369479 0.014533850186 0.0203685991
Herato20 Herato2001 19225001.0 19225000.0 0.0208498940819 0.0172597495712 0.0207639084829 0.0242697214904
Herato20 Herato2001 19275001.0 19275000.0 0.0189732746886 0.0166925820293 0.018964133247 0.0213153797925
