chrom scaffold Cposition position mean p0025 p0500 p0975
Herato18 Herato1801 25001.0 25000.0 0.00472669339184 0.00264254048518 0.00376486549406 0.008837411591
Herato18 Herato1801 75001.0 75000.0 0.0452222159682 0.020736367514 0.0426634492563 0.0874885294022
Herato18 Herato1801 125001.0 125000.0 0.0381423324898 0.0184908874885 0.0368438809452 0.0633835484146
Herato18 Herato1801 175001.0 175000.0 0.073887676705 0.0221769896368 0.064634470666 0.178450202164
Herato18 Herato1801 225001.0 225000.0 0.0580917294012 0.029371460065 0.0541348039989 0.110950071732
Herato18 Herato1801 275001.0 275000.0 0.0290722839568 0.0152399466062 0.0267265231604 0.0590699761054
Herato18 Herato1801 325001.0 325000.0 0.00882321613458 0.00203138722666 0.00349466765354 0.0438543273087
Herato18 Herato1801 375001.0 375000.0 0.0457840781873 0.0194572103629 0.0437754193554 0.0901077861014
Herato18 Herato1801 425001.0 425000.0 0.0761059508381 0.0364738609242 0.0710998712232 0.143203150472
Herato18 Herato1801 475001.0 475000.0 0.0392402234516 0.0193736900671 0.035172855679 0.0793805975365
Herato18 Herato1801 525001.0 525000.0 0.00767311576365 0.00143040935293 0.007595492693 0.0185028184871
Herato18 Herato1801 575001.0 575000.0 0.0285921604389 0.0117244769529 0.0292601883669 0.0516829813302
Herato18 Herato1801 625001.0 625000.0 0.0322510300741 0.0180107082201 0.0303099254246 0.0589184497917
Herato18 Herato1801 675001.0 675000.0 0.0653081445213 0.0402272661355 0.0640564907854 0.0981129849884
Herato18 Herato1801 725001.0 725000.0 0.0306981338462 0.0137166390084 0.029213554991 0.054565504084
Herato18 Herato1801 775001.0 775000.0 0.0189421258492 0.0132390810106 0.0183981790538 0.0278330997058
Herato18 Herato1801 825001.0 825000.0 0.01917369363 0.0109819268188 0.0177508400922 0.0364444173308
Herato18 Herato1801 875001.0 875000.0 0.0041497859495 0.00342705765723 0.00413781525388 0.0049485825936
Herato18 Herato1801 925001.0 925000.0 0.0368669934828 0.0159656168092 0.0313190888944 0.0828417882268
Herato18 Herato1801 975001.0 975000.0 0.0314358427461 0.0199516377148 0.0277942601027 0.0750830505125
Herato18 Herato1801 1025001.0 1025000.0 0.0425186076074 0.016922203797 0.0360556092916 0.108678017204
Herato18 Herato1801 1075001.0 1075000.0 0.0455977836686 0.0243327360283 0.0426500947669 0.0821132680304
Herato18 Herato1801 1125001.0 1125000.0 0.0198545953467 0.0149672962032 0.0194204308605 0.0268403793759
Herato18 Herato1801 1175001.0 1175000.0 0.071452219452 0.0335963542423 0.0702370890663 0.123985082419
Herato18 Herato1801 1225001.0 1225000.0 0.0427996123752 0.0204197793916 0.0404100094935 0.0850773063762
Herato18 Herato1801 1275001.0 1275000.0 0.0348491818254 0.0233800423578 0.0335010778464 0.0547901053644
Herato18 Herato1801 1325001.0 1325000.0 0.0709961564729 0.0128564851226 0.0650892522945 0.160135126227
Herato18 Herato1801 1375001.0 1375000.0 0.0788002531232 0.0347420048137 0.0728338342401 0.157722719274
Herato18 Herato1801 1425001.0 1425000.0 0.0139099580246 0.0127414841136 0.0138537744016 0.0152076175044
Herato18 Herato1801 1475001.0 1475000.0 0.0213522689544 0.0110952385347 0.0196450722718 0.0430930176314
Herato18 Herato1801 1525001.0 1525000.0 0.10118077472 0.0608905255777 0.096526138112 0.169330368095
Herato18 Herato1801 1575001.0 1575000.0 0.0149944709378 0.0116142464879 0.0148389425239 0.0195553610516
Herato18 Herato1801 1625001.0 1625000.0 0.0429380638676 0.0349009630186 0.0424851047676 0.053774757684
Herato18 Herato1801 1675001.0 1675000.0 0.00843559148716 0.00599005613694 0.00813824718544 0.0124474838111
Herato18 Herato1801 1725001.0 1725000.0 0.08603553576 0.0148440661122 0.0767621183696 0.270194610849
Herato18 Herato1801 1775001.0 1775000.0 0.019856404743 0.0168707959523 0.019886577663 0.0232888392581
Herato18 Herato1801 1825001.0 1825000.0 0.0308903439453 0.0218433394458 0.0306047853083 0.0443804425598
Herato18 Herato1801 1875001.0 1875000.0 0.0245735930224 0.008001506996 0.0239509000752 0.044195961342
Herato18 Herato1801 1925001.0 1925000.0 0.0179152479618 0.016330753353 0.0179602815086 0.0198450263696
Herato18 Herato1801 1975001.0 1975000.0 0.0167707453927 0.0110017285167 0.0174068327184 0.0216992954327
Herato18 Herato1801 2025001.0 2025000.0 0.0275208475335 0.0221884995973 0.0277733448173 0.0346558840023
Herato18 Herato1801 2075001.0 2075000.0 0.0300053708337 0.0222463527797 0.0284369972729 0.0407507332312
Herato18 Herato1801 2125001.0 2125000.0 0.0252477687906 0.0208998733114 0.0250351604212 0.0312931790096
Herato18 Herato1801 2175001.0 2175000.0 0.0522636372818 0.0303036664396 0.0553959293306 0.080459478776
Herato18 Herato1801 2225001.0 2225000.0 0.0203890315476 0.0183694267114 0.020373694564 0.0221525771894
Herato18 Herato1801 2275001.0 2275000.0 0.0364401309906 0.0245729901082 0.0355179041964 0.054125278622
Herato18 Herato1801 2325001.0 2325000.0 0.108796064033 0.0213739721706 0.100387032198 0.28374091597
Herato18 Herato1801 2375001.0 2375000.0 0.0306612378361 0.0248091648083 0.0304894913493 0.0379956497878
Herato18 Herato1801 2425001.0 2425000.0 0.0234217065176 0.0130799127737 0.0213322903129 0.0427542632565
Herato18 Herato1801 2475001.0 2475000.0 0.0191382217814 0.0136403069036 0.0187033591147 0.0265451707641
Herato18 Herato1801 2525001.0 2525000.0 0.00999110868448 0.00843742375649 0.00987449722844 0.011924161326
Herato18 Herato1801 2575001.0 2575000.0 0.0426615577958 0.01576889848 0.0387477863481 0.0942459465294
Herato18 Herato1801 2625001.0 2625000.0 0.0303727549884 0.0135945949247 0.0248461084698 0.0689208996128
Herato18 Herato1801 2675001.0 2675000.0 0.0549068774463 0.00859277094955 0.0554160598734 0.132904897382
Herato18 Herato1801 2725001.0 2725000.0 0.015839445773 0.01353002434 0.0157413087303 0.0186346024482
Herato18 Herato1801 2775001.0 2775000.0 0.0619314573277 0.0246774916903 0.05688148299 0.135387959905
Herato18 Herato1801 2825001.0 2825000.0 0.0159154527183 0.0133556738154 0.0157376805756 0.0193224267154
Herato18 Herato1801 2875001.0 2875000.0 0.023841910226 0.0169641718548 0.0232494115795 0.0359597817104
Herato18 Herato1801 2925001.0 2925000.0 0.0157398640172 0.0136589231944 0.0157231860973 0.0179017954864
Herato18 Herato1801 2975001.0 2975000.0 0.0202454232864 0.0157903736027 0.0201858282622 0.0253581141946
Herato18 Herato1801 3025001.0 3025000.0 0.0602567252548 0.0272633328607 0.0533083743789 0.139240890959
Herato18 Herato1801 3075001.0 3075000.0 0.0464622676206 0.027512183266 0.0440158632688 0.0771041333308
Herato18 Herato1801 3125001.0 3125000.0 0.0754053794387 0.0513510626803 0.0727850925129 0.112882373271
Herato18 Herato1801 3175001.0 3175000.0 0.0386882873076 0.0228426635036 0.0373385953186 0.0645006302704
Herato18 Herato1801 3225001.0 3225000.0 0.0722417836737 0.029625804541 0.0607234647465 0.155210851318
Herato18 Herato1801 3275001.0 3275000.0 0.0274249510517 0.0200893633605 0.0275854218426 0.0366277253183
Herato18 Herato1801 3325001.0 3325000.0 0.0395577042255 0.0245081126803 0.0375004437039 0.0668000910752
Herato18 Herato1801 3375001.0 3375000.0 0.0257296661741 0.0167906695576 0.0245543505627 0.0443953581188
Herato18 Herato1801 3425001.0 3425000.0 0.0510812076577 0.0414165333104 0.0509732281676 0.0630196355757
Herato18 Herato1801 3475001.0 3475000.0 0.0228788203356 0.00952776467288 0.0217205224392 0.0458372779888
Herato18 Herato1801 3525001.0 3525000.0 0.0285679635019 0.0252468943283 0.028418491232 0.032672657956
Herato18 Herato1801 3575001.0 3575000.0 0.0384819691256 0.0319312441133 0.0379104835054 0.0472580257234
Herato18 Herato1801 3625001.0 3625000.0 0.0269118426767 0.0217289836652 0.0262717928641 0.0344025500604
Herato18 Herato1801 3675001.0 3675000.0 0.0212295339873 0.019526607266 0.0212137136198 0.0234793056952
Herato18 Herato1801 3725001.0 3725000.0 0.0290349368 0.02001083054 0.0274280862 0.04909417672
Herato18 Herato1801 3775001.0 3775000.0 0.0404303227445 0.0251126853062 0.038336145091 0.0678938441631
Herato18 Herato1801 3825001.0 3825000.0 0.0310106897774 0.028659096707 0.0307388183244 0.0340797426498
Herato18 Herato1801 3875001.0 3875000.0 0.0339279506044 0.0299975740591 0.0336432872533 0.038078362459
Herato18 Herato1801 3925001.0 3925000.0 0.0384324586309 0.02560101974 0.0371687285392 0.0607526547102
Herato18 Herato1801 3975001.0 3975000.0 0.0197763468421 0.0162263087029 0.0194427890106 0.0254531848455
Herato18 Herato1801 4025001.0 4025000.0 0.0339330347571 0.0139488290862 0.029025627748 0.0824335644138
Herato18 Herato1801 4075001.0 4075000.0 0.0435758044603 0.0194485251099 0.0385857002106 0.0908739842835
Herato18 Herato1801 4125001.0 4125000.0 0.0216021936966 0.0160325593054 0.021287391951 0.0327770567732
Herato18 Herato1801 4175001.0 4175000.0 0.0191327099109 0.0161942504848 0.0188889640054 0.022916541926
Herato18 Herato1801 4225001.0 4225000.0 0.0271127970048 0.016058349325 0.0247066203612 0.0539660963598
Herato18 Herato1801 4275001.0 4275000.0 0.0293488397106 0.0203007439706 0.0287017228334 0.0426011727162
Herato18 Herato1801 4325001.0 4325000.0 0.0246893110634 0.0154477416064 0.0235266728671 0.0408989580756
Herato18 Herato1801 4375001.0 4375000.0 0.0311954198369 0.0228258664552 0.0291126347978 0.0633639436548
Herato18 Herato1801 4425001.0 4425000.0 0.0261835717953 0.0128883841749 0.0217523614278 0.0651444048352
Herato18 Herato1801 4475001.0 4475000.0 0.0197479784784 0.0156268920054 0.0176400246925 0.0293813675997
Herato18 Herato1801 4525001.0 4525000.0 0.132154825134 0.0456392363753 0.114843238717 0.326960417457
Herato18 Herato1801 4575001.0 4575000.0 0.0164256510116 0.0125396475434 0.0156828522937 0.0219472782044
Herato18 Herato1801 4625001.0 4625000.0 0.041185101748 0.016024477338 0.034480648836 0.095056809332
Herato18 Herato1801 4675001.0 4675000.0 0.0253316918106 0.019048652563 0.0243361657757 0.0372305167588
Herato18 Herato1801 4725001.0 4725000.0 0.0174591018722 0.01411567431 0.0172666435385 0.0216689955786
Herato18 Herato1801 4775001.0 4775000.0 0.0152759792661 0.0122495837764 0.0149014768 0.0192967735894
Herato18 Herato1801 4825001.0 4825000.0 0.0247141240021 0.0142938276879 0.0232866475839 0.0424422579801
Herato18 Herato1801 4875001.0 4875000.0 0.0473812706003 0.0278399947994 0.0455995228523 0.0803621872288
Herato18 Herato1801 4925001.0 4925000.0 0.066095351955 0.0207049312818 0.0593994824386 0.152363657614
Herato18 Herato1801 4975001.0 4975000.0 0.0164209073236 0.0136776838614 0.0163708515923 0.0195728874236
Herato18 Herato1801 5025001.0 5025000.0 0.0229712799436 0.0140714653777 0.0184378200202 0.0489734445066
Herato18 Herato1801 5075001.0 5075000.0 0.119250529147 0.0322486269539 0.112897245857 0.223307724081
Herato18 Herato1801 5125001.0 5125000.0 0.0216766333566 0.0186317096749 0.0213678021975 0.0255402539554
Herato18 Herato1801 5159323.5 5175000.0 0.0215034530577 0.0183294002292 0.0214471839684 0.0253128656879
Herato18 Herato1802 5178572.5 25000.0 0.0245616762883 0.0223954143368 0.024524534633 0.0272619750139
Herato18 Herato1803 5213499.0 25000.0 0.101074854694 0.029382823036 0.0952249098354 0.193223362691
Herato18 Herato1803 5263499.0 75000.0 0.0175423276792 0.0108804677862 0.0153328886269 0.0522150737592
Herato18 Herato1803 5313499.0 125000.0 0.022081313093 0.018852614822 0.0219433322266 0.0257755743466
Herato18 Herato1803 5363499.0 175000.0 0.0291438667474 0.0191068358131 0.0279089303916 0.046353742968
Herato18 Herato1803 5413499.0 225000.0 0.0085800930072 0.007830933726 0.0085893301334 0.009384685774
Herato18 Herato1803 5463499.0 275000.0 0.0429964702197 0.0164216128445 0.0369243863764 0.113106638042
Herato18 Herato1803 5513499.0 325000.0 0.034833315812 0.0116816869764 0.0311412517272 0.0864322948942
Herato18 Herato1803 5563499.0 375000.0 0.0486466396418 0.0197517202137 0.0441025890264 0.094569146268
Herato18 Herato1803 5613499.0 425000.0 0.0183528450642 0.0136606731685 0.0182472785038 0.0251320795348
Herato18 Herato1803 5663499.0 475000.0 0.0199541333482 0.0131914824823 0.018929546037 0.0341206668192
Herato18 Herato1803 5690776.5 525000.0 0.00950051762898 0.00869111791438 0.00959808316136 0.010149771899
Herato18 Herato1804 5718055.0 25000.0 0.0365513153041 0.0280501570921 0.03562694466 0.050002774499
Herato18 Herato1804 5768055.0 75000.0 0.045487376925 0.0249084431878 0.042118729805 0.087607581169
Herato18 Herato1804 5818055.0 125000.0 0.0205641884712 0.018204171726 0.020738482131 0.0226816031268
Herato18 Herato1804 5868055.0 175000.0 0.0684729330096 0.0350913608745 0.0623458719685 0.134522639004
Herato18 Herato1804 5918055.0 225000.0 0.0153412352443 0.0128976357004 0.015195245205 0.0193581505314
Herato18 Herato1804 5968055.0 275000.0 0.0212939872833 0.0178447235129 0.0212643171011 0.025176645717
Herato18 Herato1804 6018055.0 325000.0 0.00808374847112 0.00527175938933 0.00798131594012 0.0119022277357
Herato18 Herato1804 6050781.5 375000.0 0.0160564041909 0.0129301998719 0.0158632491934 0.0197143531685
Herato18 Herato1805 6083509.0 25000.0 0.0189883601754 0.0134287993986 0.0189118689148 0.0243022214924
Herato18 Herato1805 6133509.0 75000.0 0.0171855308415 0.0148840240018 0.0171710592117 0.0196788001008
Herato18 Herato1805 6183509.0 125000.0 0.0368162938208 0.0234222274935 0.0355376963083 0.0572028780546
Herato18 Herato1805 6233509.0 175000.0 0.12050664762 0.0493961015634 0.108639276453 0.26660444339
Herato18 Herato1805 6283509.0 225000.0 0.0152834349207 0.0104025306009 0.0148099696887 0.0217535267798
Herato18 Herato1805 6333509.0 275000.0 0.0210666930257 0.0194120129158 0.0208040258602 0.022790897834
Herato18 Herato1805 6383509.0 325000.0 0.0171662538092 0.0127310316114 0.0169209306812 0.0234168796998
Herato18 Herato1805 6433509.0 375000.0 0.0341965545907 0.0221444960503 0.0324181726319 0.0575039613053
Herato18 Herato1805 6483509.0 425000.0 0.062528190888 0.0401748029648 0.057843330298 0.118068169928
Herato18 Herato1805 6533509.0 475000.0 0.0225831161864 0.0201603533311 0.0225710533413 0.0250315581025
Herato18 Herato1805 6583509.0 525000.0 0.021018083249 0.0162166107978 0.0208901657854 0.0260454605108
Herato18 Herato1805 6633509.0 575000.0 0.0935205127145 0.0502076484374 0.0849287571918 0.185882923303
Herato18 Herato1805 6683509.0 625000.0 0.0277151737298 0.0133896950216 0.0266025410148 0.0553588127243
Herato18 Herato1805 6733509.0 675000.0 0.0846925508729 0.0436724085682 0.0814072067409 0.147788809861
Herato18 Herato1805 6783509.0 725000.0 0.0262304682479 0.0133758560192 0.0211746487515 0.0557419816071
Herato18 Herato1805 6833509.0 775000.0 0.100600637487 0.0515034869641 0.0890715349955 0.20313999146
Herato18 Herato1805 6883509.0 825000.0 0.0457975571075 0.0246667348656 0.0401143924304 0.0986552327534
Herato18 Herato1805 6933509.0 875000.0 0.0740573477924 0.0127875186396 0.0685726184106 0.18414445662
Herato18 Herato1805 6983509.0 925000.0 0.0597664946777 0.0278008281614 0.0564355004969 0.110034222775
Herato18 Herato1805 7033509.0 975000.0 0.0418153573038 0.0270755290771 0.0395707340748 0.0720744236848
Herato18 Herato1805 7083509.0 1025000.0 0.018122124472 0.00471476756131 0.0161397670224 0.0506662715043
Herato18 Herato1805 7133509.0 1075000.0 0.0276796382616 0.0202695864235 0.0269664913756 0.0388906847546
Herato18 Herato1805 7183509.0 1125000.0 0.0269640899652 0.0212321394768 0.0268728809396 0.0337163748732
Herato18 Herato1805 7233509.0 1175000.0 0.0188436171848 0.0177152826967 0.0186771322154 0.0203138011898
Herato18 Herato1805 7283509.0 1225000.0 0.0301829692598 0.0243512827525 0.0296492776394 0.038567273483
Herato18 Herato1805 7333509.0 1275000.0 0.02874375611 0.017163809702 0.0245684440994 0.0577039615784
Herato18 Herato1805 7383509.0 1325000.0 0.0365718138094 0.0214907536167 0.0336792894712 0.0690162701772
Herato18 Herato1805 7433509.0 1375000.0 0.0419133388831 0.0329158065695 0.0412923552226 0.0536536118636
Herato18 Herato1805 7483509.0 1425000.0 0.0107581680654 0.0100654322968 0.0106864413449 0.0117892879363
Herato18 Herato1805 7533509.0 1475000.0 0.011963472674 0.0100847069996 0.011928667104 0.0143794919
Herato18 Herato1805 7583509.0 1525000.0 0.0116478936092 0.00970134765844 0.0116405821908 0.0139558813356
Herato18 Herato1805 7633509.0 1575000.0 0.0580095670844 0.0327339124749 0.0555351086376 0.098892441231
Herato18 Herato1805 7683509.0 1625000.0 0.0393032296874 0.0243450203153 0.0384393741076 0.0572509050532
Herato18 Herato1805 7733509.0 1675000.0 0.032146644048 0.0199672725066 0.030462404292 0.052904079699
Herato18 Herato1805 7783509.0 1725000.0 0.0209377995204 0.01795190216 0.0208378856604 0.025218432686
Herato18 Herato1805 7833509.0 1775000.0 0.0111724208652 0.0077184950536 0.010914849158 0.0158165784436
Herato18 Herato1805 7883509.0 1825000.0 0.0628011636349 0.0238805506579 0.0588161749934 0.137376068045
Herato18 Herato1805 7933509.0 1875000.0 0.154195804909 0.0215954638117 0.152686484526 0.24955228879
Herato18 Herato1805 7983509.0 1925000.0 0.0314253286834 0.0145452036728 0.0288840116537 0.0632947895906
Herato18 Herato1805 8033509.0 1975000.0 0.0255372243956 0.0146189061498 0.0243853576588 0.042617390244
Herato18 Herato1805 8083509.0 2025000.0 0.0358109670582 0.0271804973339 0.0352579315605 0.048041038803
Herato18 Herato1805 8133509.0 2075000.0 0.0199810333194 0.0107414216509 0.0158284052916 0.0578640223746
Herato18 Herato1805 8183509.0 2125000.0 0.0169973633653 0.0142715509155 0.0169003634701 0.0203676725616
Herato18 Herato1805 8233509.0 2175000.0 0.0546663422582 0.0267811577292 0.0524663374254 0.0936885115026
Herato18 Herato1805 8283509.0 2225000.0 0.0297057012255 0.0135342285766 0.0260149453795 0.0663921725988
Herato18 Herato1805 8333509.0 2275000.0 0.0140325118879 0.0124055260391 0.0140323117616 0.0159649885616
Herato18 Herato1805 8383509.0 2325000.0 0.0212366476355 0.0134950874749 0.0198734384165 0.0409609945555
Herato18 Herato1805 8433509.0 2375000.0 0.0676493378917 0.0312748693446 0.0631794502958 0.135778809317
Herato18 Herato1805 8483509.0 2425000.0 0.0241842572576 0.0210281062824 0.0241129536799 0.0275431493602
Herato18 Herato1805 8533509.0 2475000.0 0.0483020776637 0.0258200667419 0.0445140841304 0.0929216101516
Herato18 Herato1805 8583509.0 2525000.0 0.0286287358668 0.0229507363166 0.0285675011306 0.0347707963846
Herato18 Herato1805 8633509.0 2575000.0 0.0479887360165 0.0227934192191 0.0442726644551 0.0982276519397
Herato18 Herato1805 8683509.0 2625000.0 0.0248064277082 0.0154150780172 0.0240865823401 0.042123979663
Herato18 Herato1805 8733509.0 2675000.0 0.0171197389297 0.0132192604939 0.0161246030334 0.0236999925206
Herato18 Herato1805 8783509.0 2725000.0 0.0519973264942 0.0256735235163 0.0486238695924 0.094586387998
Herato18 Herato1805 8833509.0 2775000.0 0.0219083685735 0.0150951237557 0.0214975318123 0.0288603396744
Herato18 Herato1805 8883509.0 2825000.0 0.0104834794806 0.00798342300698 0.0103735981336 0.0134471655328
Herato18 Herato1805 8933509.0 2875000.0 0.025025457738 0.0195336324846 0.025123090226 0.032872724176
Herato18 Herato1805 8983509.0 2925000.0 0.0192129212549 0.0175618570459 0.019226868046 0.020956117786
Herato18 Herato1805 9033509.0 2975000.0 0.020661590872 0.019004294428 0.02041834309 0.023095604774
Herato18 Herato1805 9083509.0 3025000.0 0.0343316308036 0.0215840988256 0.0335593215586 0.053214363664
Herato18 Herato1805 9133509.0 3075000.0 0.0322750958653 0.0239906582966 0.0317607041368 0.0442050360406
Herato18 Herato1805 9183509.0 3125000.0 0.0160859730134 0.0139439636916 0.0160471652958 0.0186615300274
Herato18 Herato1805 9233509.0 3175000.0 0.0289908574702 0.0222511955041 0.0284816713923 0.0389029049296
Herato18 Herato1805 9283509.0 3225000.0 0.0702849142502 0.039324031744 0.0671961400508 0.116014700361
Herato18 Herato1805 9333509.0 3275000.0 0.0330403385075 0.0172190907784 0.0302253086161 0.0631420266018
Herato18 Herato1805 9383509.0 3325000.0 0.0410888280431 0.014962048207 0.0361686926041 0.0918533754199
Herato18 Herato1805 9433509.0 3375000.0 0.0491220426524 0.0207626869013 0.0401602954254 0.11294367277
Herato18 Herato1805 9483509.0 3425000.0 0.021644146346 0.0147425902019 0.0209357753185 0.0336455721344
Herato18 Herato1805 9533509.0 3475000.0 0.0246592720922 0.0179402517157 0.0243265097368 0.0333583228834
Herato18 Herato1805 9583509.0 3525000.0 0.0857755772653 0.0582952841613 0.0831344025998 0.127273372389
Herato18 Herato1805 9633509.0 3575000.0 0.0854375882291 0.0519344479872 0.0829600911101 0.134269346487
Herato18 Herato1805 9683509.0 3625000.0 0.0131570025428 0.0112580799639 0.0130407206881 0.0157752860592
Herato18 Herato1805 9733509.0 3675000.0 0.034470020948 0.0190638662578 0.0324362684917 0.0623433900681
Herato18 Herato1805 9783509.0 3725000.0 0.0510474104254 0.0236249357845 0.0482034876123 0.0970868174472
Herato18 Herato1805 9833509.0 3775000.0 0.0201824089136 0.0177305646714 0.0201009972562 0.022665054127
Herato18 Herato1805 9883509.0 3825000.0 0.0327550402395 0.0170729551528 0.0304578097109 0.0679889074686
Herato18 Herato1805 9933509.0 3875000.0 0.0155325643044 0.0126540443251 0.0154573296602 0.0188797899908
Herato18 Herato1805 9983509.0 3925000.0 0.033423025346 0.0156531506688 0.0313295855474 0.066555545073
Herato18 Herato1805 10033509.0 3975000.0 0.187676443927 0.0424769325512 0.0827436840892 0.582794690928
Herato18 Herato1805 10083509.0 4025000.0 0.0884834333718 0.0394465416913 0.0815828059782 0.180013237948
Herato18 Herato1805 10133509.0 4075000.0 0.0614055617989 0.0292961612529 0.0579062408866 0.117090818095
Herato18 Herato1805 10183509.0 4125000.0 0.04451306884 0.0141513363367 0.0434101627239 0.0881451572988
Herato18 Herato1805 10233509.0 4175000.0 0.0240497643723 0.0166444622692 0.0236554650891 0.033474322472
Herato18 Herato1805 10283509.0 4225000.0 0.0175816142248 0.0104836195338 0.0170318883547 0.0276660728291
Herato18 Herato1805 10333509.0 4275000.0 0.0166913833886 0.0145894091746 0.0165922061918 0.0192628004218
Herato18 Herato1805 10383509.0 4325000.0 0.0153386431036 0.011498307578 0.0146746643259 0.0223334250662
Herato18 Herato1805 10433509.0 4375000.0 0.0175476121271 0.0124641615303 0.0171667232272 0.023971471339
Herato18 Herato1805 10483509.0 4425000.0 0.0226677242465 0.0100006829248 0.0191871108558 0.0524973918338
Herato18 Herato1805 10533509.0 4475000.0 0.024374914862 0.0199615558063 0.0240921695765 0.0299429320326
Herato18 Herato1805 10583509.0 4525000.0 0.0185400406531 0.0147044513077 0.018240979085 0.0240974898753
Herato18 Herato1805 10633509.0 4575000.0 0.0272891776565 0.0186108889484 0.026349886892 0.0441627407522
Herato18 Herato1805 10683509.0 4625000.0 0.015428280821 0.0123020644401 0.0152555576636 0.0194361897826
Herato18 Herato1805 10733509.0 4675000.0 0.0218684071842 0.0186549206362 0.0216765127725 0.0258903128544
Herato18 Herato1805 10783509.0 4725000.0 0.0836782455672 0.0363848554918 0.0773547641721 0.167980610874
Herato18 Herato1805 10833509.0 4775000.0 0.0278720673523 0.0154184660489 0.0265734397152 0.04798116266
Herato18 Herato1805 10883509.0 4825000.0 0.0162541830273 0.0141652277882 0.0160782794381 0.019129663792
Herato18 Herato1805 10933509.0 4875000.0 0.0318655882454 0.0184683134562 0.0306509100709 0.051778977635
Herato18 Herato1805 10983509.0 4925000.0 0.0245497590569 0.0215187491879 0.0242831317569 0.0284025673254
Herato18 Herato1805 11033509.0 4975000.0 0.0129318765837 0.0104549100888 0.0127016632626 0.0164453945298
Herato18 Herato1805 11083509.0 5025000.0 0.0456894625984 0.0259344241934 0.0412637989642 0.0885161106996
Herato18 Herato1805 11133509.0 5075000.0 0.0941178483696 0.0469304879452 0.0875442507375 0.182339667606
Herato18 Herato1805 11183509.0 5125000.0 0.0443656528108 0.0298996323953 0.0427589813527 0.063648733724
Herato18 Herato1805 11233509.0 5175000.0 0.0236031325047 0.0154149424678 0.0225173002151 0.0385121112172
Herato18 Herato1805 11283509.0 5225000.0 0.0294416757563 0.0171742500468 0.0286659959896 0.0510690758832
Herato18 Herato1805 11333509.0 5275000.0 0.046700200764 0.040537498162 0.046737725372 0.05499481868
Herato18 Herato1805 11383509.0 5325000.0 0.0242385820517 0.0136956325868 0.022643481431 0.0466548483124
Herato18 Herato1805 11433509.0 5375000.0 0.007795165552 0.006784290378 0.007797778412 0.008797997772
Herato18 Herato1805 11483509.0 5425000.0 0.0627141265582 0.0324739262931 0.0533823316482 0.140980717719
Herato18 Herato1805 11533509.0 5475000.0 0.126772450243 0.0453306436259 0.113832371063 0.292327769273
Herato18 Herato1805 11583509.0 5525000.0 0.018725467467 0.0142151041534 0.0184963273372 0.0246102273577
Herato18 Herato1805 11633509.0 5575000.0 0.0618944803997 0.0277756902568 0.0538710275582 0.154731714413
Herato18 Herato1805 11683509.0 5625000.0 0.0455055320264 0.00897179483598 0.0357872963594 0.138908980873
Herato18 Herato1805 11733509.0 5675000.0 0.0169719800342 0.0109719082234 0.0162323269251 0.0295123698269
Herato18 Herato1805 11783509.0 5725000.0 0.0569943054727 0.0228865172695 0.0507875029 0.126909554996
Herato18 Herato1805 11833509.0 5775000.0 0.0351725909131 0.0213274697343 0.0322519682192 0.0722296185549
Herato18 Herato1805 11883509.0 5825000.0 0.118578302782 0.0666671781022 0.113505777045 0.199773808508
Herato18 Herato1805 11933509.0 5875000.0 0.0843789322616 0.0462705148401 0.076383726553 0.152112572116
Herato18 Herato1805 11983509.0 5925000.0 0.0194379473438 0.0159794334083 0.0192697049252 0.0236490316098
Herato18 Herato1805 12033509.0 5975000.0 0.0159310146148 0.0141228012975 0.0158476177143 0.0178783396541
Herato18 Herato1805 12083509.0 6025000.0 0.0124057582032 0.011001031663 0.0123669392436 0.0140275683393
Herato18 Herato1805 12133509.0 6075000.0 0.0221741723238 0.0182009299887 0.0220928344181 0.0269527122196
Herato18 Herato1805 12183509.0 6125000.0 0.013524421903 0.00927519621623 0.013006719166 0.020062005012
Herato18 Herato1805 12233509.0 6175000.0 0.0161573707956 0.0117053753754 0.0156860738658 0.0221227981234
Herato18 Herato1805 12283509.0 6225000.0 0.0105655730734 0.00862262479773 0.0105999990557 0.012672259728
Herato18 Herato1805 12333509.0 6275000.0 0.0266263024585 0.0181352181757 0.0258781234704 0.0399016154546
Herato18 Herato1805 12383509.0 6325000.0 0.0301643141083 0.0209694585601 0.0300729056002 0.0397849272827
Herato18 Herato1805 12433509.0 6375000.0 0.0200717568146 0.0178577929264 0.0199473577632 0.0224074148058
Herato18 Herato1805 12483509.0 6425000.0 0.0255284919049 0.0173107718513 0.0241835305125 0.0379711804074
Herato18 Herato1805 12533509.0 6475000.0 0.0464024568411 0.0252941316999 0.0435284095074 0.0828939331262
Herato18 Herato1805 12583509.0 6525000.0 0.0255644923622 0.0178037990025 0.024727629023 0.0359752113989
Herato18 Herato1805 12633509.0 6575000.0 0.037205095139 0.0199337204226 0.0328870662549 0.0708511255234
Herato18 Herato1805 12683509.0 6625000.0 0.0308104874988 0.018096324953 0.0300938470126 0.0514755195848
Herato18 Herato1805 12733509.0 6675000.0 0.0294855757592 0.0250725171231 0.0292923605929 0.0347813185173
Herato18 Herato1805 12783509.0 6725000.0 0.0192108698764 0.014185396074 0.0187765873836 0.0270591762366
Herato18 Herato1805 12833509.0 6775000.0 0.00864036964476 0.00728633779274 0.00857996804054 0.0105368968196
Herato18 Herato1805 12883509.0 6825000.0 0.0175370282084 0.013083652926 0.017019272114 0.0253639841514
Herato18 Herato1805 12933509.0 6875000.0 0.0109434935474 0.00777689619536 0.0110923211846 0.0133677106326
Herato18 Herato1805 12983509.0 6925000.0 0.014213002417 0.0118366779224 0.0142055880504 0.0172200272687
Herato18 Herato1805 13033509.0 6975000.0 0.010055788774 0.00694338185451 0.0095499396036 0.0145828683684
Herato18 Herato1805 13083509.0 7025000.0 0.0194705192738 0.0142889215476 0.0195188516318 0.02703643031
Herato18 Herato1805 13133509.0 7075000.0 0.0127932275027 0.0110999569075 0.0127889994239 0.0145622633856
Herato18 Herato1805 13183509.0 7125000.0 0.0214756969652 0.0188471478781 0.0213762128473 0.0245451364252
Herato18 Herato1805 13233509.0 7175000.0 0.0153013235226 0.0136001123129 0.0151845878265 0.0173379128668
Herato18 Herato1805 13283509.0 7225000.0 0.0146780873372 0.0101588118594 0.0147605410578 0.0180963963099
Herato18 Herato1805 13333509.0 7275000.0 0.00791926581774 0.00593107545211 0.00778017898414 0.0106770223285
Herato18 Herato1805 13383509.0 7325000.0 0.0335557960928 0.0177049020764 0.0313166772404 0.0612071267528
Herato18 Herato1805 13433509.0 7375000.0 0.023082497433 0.0162883152411 0.0225206589565 0.0341851485898
Herato18 Herato1805 13483509.0 7425000.0 0.0252818656387 0.0110212224288 0.0254784643005 0.0396249456352
Herato18 Herato1805 13533509.0 7475000.0 0.0160002711494 0.0140459941989 0.015980786383 0.0181512483254
Herato18 Herato1805 13583509.0 7525000.0 0.0168476668938 0.0131986598591 0.0165771569978 0.0227538371134
Herato18 Herato1805 13633509.0 7575000.0 0.0387519766418 0.0264796308253 0.0381702411807 0.0570390310296
Herato18 Herato1805 13683509.0 7625000.0 0.0261106132746 0.0171017040611 0.0253147133541 0.0381231422873
Herato18 Herato1805 13733509.0 7675000.0 0.0241433135838 0.0149803892902 0.0229405705374 0.0398708100148
Herato18 Herato1805 13783509.0 7725000.0 0.0446506541349 0.0266589996769 0.0423041242434 0.0777689500706
Herato18 Herato1805 13833509.0 7775000.0 0.0291266648698 0.0183136874033 0.0282262517338 0.0462988487691
Herato18 Herato1805 13883509.0 7825000.0 0.0488619164539 0.0231441355945 0.04512573916 0.094835762653
Herato18 Herato1805 13933509.0 7875000.0 0.0165470424537 0.00870612717636 0.0163514739772 0.0268138314152
Herato18 Herato1805 13983509.0 7925000.0 0.016394351383 0.0109105942178 0.0158488762976 0.0247792694347
Herato18 Herato1805 14033509.0 7975000.0 0.0155149421726 0.0120361456721 0.0154175857938 0.0199347484029
Herato18 Herato1805 14083509.0 8025000.0 0.0296849755329 0.0192475797017 0.0282009099735 0.0460592272932
Herato18 Herato1805 14133509.0 8075000.0 0.00938559716326 0.00741095036054 0.00933034173224 0.0119914961519
Herato18 Herato1805 14183509.0 8125000.0 0.0172223863042 0.0118787837794 0.0151611792218 0.0286831065229
Herato18 Herato1805 14233509.0 8175000.0 0.0603324845965 0.0261493842908 0.052079744695 0.143047154605
Herato18 Herato1805 14283509.0 8225000.0 0.0333291120167 0.0146447066117 0.0312113710407 0.0638278607337
Herato18 Herato1805 14333509.0 8275000.0 0.0564297073674 0.0322645218452 0.0506080045713 0.0981885000441
Herato18 Herato1805 14383509.0 8325000.0 0.0658427615045 0.023964344882 0.0587538522375 0.152451798564
Herato18 Herato1805 14433509.0 8375000.0 0.0479539262443 0.0104112643225 0.0432842631672 0.12947601619
Herato18 Herato1805 14483509.0 8425000.0 0.0116676478996 0.00883412292293 0.0115819404421 0.0144135190573
Herato18 Herato1805 14533509.0 8475000.0 0.0214267324954 0.0165400931864 0.021223006949 0.0284301344663
Herato18 Herato1805 14583509.0 8525000.0 0.190883134216 0.072754738032 0.167794409662 0.425188811598
Herato18 Herato1805 14633509.0 8575000.0 0.0319324294087 0.0156353367655 0.0287645453046 0.0650778296156
Herato18 Herato1805 14683509.0 8625000.0 0.0863580817327 0.0381562469715 0.0769753771891 0.179720174673
Herato18 Herato1805 14733509.0 8675000.0 0.0209090684876 0.0154308479259 0.0207833070001 0.0275423231702
Herato18 Herato1805 14783509.0 8725000.0 0.00944719507576 0.007386003395 0.00936877408642 0.0117496897125
Herato18 Herato1805 14833509.0 8775000.0 0.0127419505687 0.0104658121867 0.012626355585 0.0159464410708
Herato18 Herato1805 14883509.0 8825000.0 0.007636878168 0.007322024244 0.007617629892 0.008039496252
Herato18 Herato1805 14933509.0 8875000.0 0.0787803613529 0.0364141710395 0.0755095103061 0.136299109196
Herato18 Herato1805 14983509.0 8925000.0 0.0266756243849 0.0157449839173 0.0255039076027 0.0462561694956
Herato18 Herato1805 15033509.0 8975000.0 0.0245502068084 0.0175410002986 0.0243870455946 0.0323721165566
Herato18 Herato1805 15083509.0 9025000.0 0.0379616281104 0.0103579638004 0.0350329523334 0.0868517660342
Herato18 Herato1805 15133509.0 9075000.0 0.0432092567643 0.0190928698883 0.0397948516901 0.082941600768
Herato18 Herato1805 15183509.0 9125000.0 0.0572342393789 0.0324563279693 0.0566560412997 0.0888842026398
Herato18 Herato1805 15233509.0 9175000.0 0.0438849285784 0.0187871223559 0.0386944491277 0.0992502519652
Herato18 Herato1805 15283509.0 9225000.0 0.0411618953966 0.0137697436837 0.0372395627622 0.108435967122
Herato18 Herato1805 15333509.0 9275000.0 0.0155983893741 0.0128340347889 0.015450119051 0.0190548141518
Herato18 Herato1805 15383509.0 9325000.0 0.0218246700286 0.014754331111 0.0209543759065 0.036526813582
Herato18 Herato1805 15433509.0 9375000.0 0.0361486444861 0.0144290562869 0.0344540676481 0.0617264460765
Herato18 Herato1805 15483509.0 9425000.0 0.028610717658 0.0230081976022 0.0283398155827 0.036090366355
Herato18 Herato1805 15533509.0 9475000.0 0.0603458638555 0.0220494624316 0.0527656271875 0.141668188605
Herato18 Herato1805 15583509.0 9525000.0 0.0059696746448 0.00420822031994 0.0061035820452 0.0080255454834
Herato18 Herato1805 15633509.0 9575000.0 0.179107438362 0.0834806211039 0.16353600688 0.37657875799
Herato18 Herato1805 15683509.0 9625000.0 0.0322488451107 0.015303821568 0.0300412266201 0.0607359366446
Herato18 Herato1805 15733509.0 9675000.0 0.0993592415729 0.0479212126557 0.0918808804268 0.196993512247
Herato18 Herato1805 15783509.0 9725000.0 0.0377048104565 0.021935329855 0.0357697275297 0.066989681843
Herato18 Herato1805 15833509.0 9775000.0 0.00690380356846 0.0058814211686 0.00692459689172 0.007863202475
Herato18 Herato1805 15883509.0 9825000.0 0.151177735428 0.0294124918125 0.11574605995 0.445418021136
Herato18 Herato1805 15933509.0 9875000.0 0.0227817085012 0.0142799042219 0.0213953616092 0.0391518797196
Herato18 Herato1805 15983509.0 9925000.0 0.0163951712853 0.0105809376482 0.0154172560647 0.02924740285
Herato18 Herato1805 16033509.0 9975000.0 0.0125844908888 0.0109236142186 0.0125105860621 0.0145042943122
Herato18 Herato1805 16083509.0 10025000.0 0.0240165155593 0.0167900261735 0.023501252485 0.0358257356822
Herato18 Herato1805 16133509.0 10075000.0 0.0212575998168 0.0110812530906 0.018359311127 0.0503921907598
Herato18 Herato1805 16183509.0 10125000.0 0.0416775568893 0.0195879592286 0.0374016309859 0.101355189045
Herato18 Herato1805 16233509.0 10175000.0 0.0492342982583 0.0212140066526 0.0374935374212 0.111369344951
Herato18 Herato1805 16283509.0 10225000.0 0.0199592895527 0.0161735549381 0.0198193129857 0.0250643708602
Herato18 Herato1805 16333509.0 10275000.0 0.0205915642864 0.0166459543556 0.0203507241124 0.0250517484091
Herato18 Herato1805 16368907.0 10325000.0 0.0690032975048 0.0346854107547 0.0598285284635 0.161231473522
Herato18 Herato1806 16390417.0 25000.0 0.0482005805067 0.0306869017023 0.0460101139596 0.0749159267996
Herato18 Herato1807 16426529.0 25000.0 0.039142768028 0.0161662449528 0.031692106052 0.093460102587
Herato18 Herato1807 16476529.0 75000.0 0.0052270378818 0.00475860651533 0.00523139351424 0.00573572920272
Herato18 Herato1807 16526529.0 125000.0 0.0272765728986 0.0155913974502 0.026602412415 0.0432530206228
Herato18 Herato1807 16576529.0 175000.0 0.0219022982595 0.00534392310102 0.00757320476408 0.0928832271056
Herato18 Herato1807 16626529.0 225000.0 0.019984031619 0.0138078753673 0.0193944141326 0.0292003941683
Herato18 Herato1807 16676529.0 275000.0 0.025457406964 0.023015950489 0.0252739886604 0.0283592359127
Herato18 Herato1807 16726529.0 325000.0 0.0101524154559 0.00720794984229 0.00987891590876 0.0138069704983
Herato18 Herato1807 16776529.0 375000.0 0.0841126933501 0.0366741807961 0.0764708018118 0.194482300517
Herato18 Herato1807 16826529.0 425000.0 0.020328077392 0.011693063612 0.018037193816 0.042326908256
Herato18 Herato1807 16876529.0 475000.0 0.024020509134 0.011767291468 0.018596417164 0.030351458464
Herato18 Herato1807 16926529.0 525000.0 0.0121363915362 0.00436004318291 0.00668854332938 0.0480484671588
Herato18 Herato1807 16976529.0 575000.0 0.0314945843626 0.0209881817149 0.0305751960541 0.0472538826462
Herato18 Herato1807 17026529.0 625000.0 0.0425302615441 0.0190943648561 0.041134712544 0.0797482290714
Herato18 Herato1807 17076529.0 675000.0 0.029877121379 0.0194803241294 0.0285618147115 0.0527678792007
Herato18 Herato1807 17126529.0 725000.0 0.0908349224745 0.0415430173468 0.0845711902781 0.175786697114
Herato18 Herato1807 17176529.0 775000.0 0.0289931379242 0.0150409290805 0.0262860547692 0.059841433488
Herato18 Herato1807 17226529.0 825000.0 0.0285202517323 0.0232323718009 0.0282658001542 0.0353809022288
Herato18 Herato1807 17276529.0 875000.0 0.0606902690273 0.0377146254323 0.0585236150953 0.0977966806556
Herato18 Herato1807 17326529.0 925000.0 0.0136102622064 0.0122985928025 0.0135125953995 0.0153074787875
Herato18 Herato1807 17376529.0 975000.0 0.0169769203192 0.012788400447 0.0147070504637 0.0300922104422
Herato18 Herato1807 17426529.0 1025000.0 0.0431880674802 0.0218895954427 0.0400165930037 0.0819352591998
Herato18 Herato1807 17476529.0 1075000.0 0.0335696775285 0.00762696353652 0.0326241793325 0.0690105676595
Herato18 Herato1807 17526529.0 1125000.0 0.038344335642 0.0214798357889 0.0364229114104 0.070096713709
Herato18 Herato1807 17576529.0 1175000.0 0.0582218491914 0.0318130765835 0.0543117710983 0.108186870699
Herato18 Herato1807 17626529.0 1225000.0 0.0147127992022 0.0123285514982 0.014464263657 0.0179516791264
Herato18 Herato1807 17676529.0 1275000.0 0.0494763349046 0.0222955070264 0.0466360039862 0.0961269750936
Herato18 Herato1807 17726529.0 1325000.0 0.0567995831086 0.0271989012667 0.0507444205489 0.124625231183
Herato18 Herato1807 17776529.0 1375000.0 0.0816168577375 0.0267199381885 0.0652018187061 0.21828032595
Herato18 Herato1807 17826529.0 1425000.0 0.118046732749 0.0502924545474 0.112991071297 0.224925312928
Herato18 Herato1807 17876529.0 1475000.0 0.03260727453 0.0188539160983 0.02909331565 0.064082627444
Herato18 Herato1807 17926529.0 1525000.0 0.0933909274312 0.058622501932 0.0884766522563 0.152225703107
Herato18 Herato1807 17976529.0 1575000.0 0.0127311459667 0.008682576526 0.0122759955749 0.0198934971799
Herato18 Herato1807 18026529.0 1625000.0 0.0293833802148 0.00744600878461 0.0204486385714 0.114726876668
Herato18 Herato1807 18076529.0 1675000.0 0.014690808694 0.011386652676 0.0137325555292 0.0238536675601
Herato18 Herato1807 18126529.0 1725000.0 0.0167668742832 0.0133561547682 0.0163789664119 0.0223811064074
Herato18 Herato1807 18176529.0 1775000.0 0.0619457140829 0.032028095518 0.0563184787088 0.120706958147
Herato18 Herato1807 18226529.0 1825000.0 0.0310343881451 0.0191752462437 0.0288510271543 0.0549749888696
Herato18 Herato1807 18276529.0 1875000.0 0.0289337474616 0.0167999167415 0.0277876433172 0.0449767678242
Herato18 Herato1807 18326529.0 1925000.0 0.0678636452027 0.0354859637083 0.0644758040014 0.121445512835
Herato18 Herato1807 18376529.0 1975000.0 0.0125183717852 0.0103674960893 0.0124809028344 0.0147295458156
Herato18 Herato1807 18426529.0 2025000.0 0.0083571483699 0.00693708690263 0.0082632540812 0.0103507675527
Herato18 Herato1807 18476529.0 2075000.0 0.0396257280541 0.0207095695749 0.0361936956868 0.0800804142466
Herato18 Herato1807 18526529.0 2125000.0 0.0123181521553 0.00825123046143 0.0118564275796 0.0180334930285
Herato18 Herato1807 18576529.0 2175000.0 0.0282550347899 0.0132118538652 0.0231642319846 0.0557286110787
Herato18 Herato1807 18626529.0 2225000.0 0.0168845322517 0.0084048620441 0.0156029495365 0.0318228132555
Herato18 Herato1807 18676529.0 2275000.0 0.0383529583618 0.018995712796 0.034677397469 0.0755234773798
Herato18 Herato1807 18726529.0 2325000.0 0.0198480879282 0.0165864443656 0.0197561732596 0.023949132785
Herato18 Herato1807 18776529.0 2375000.0 0.0396834217275 0.0203223327771 0.0369288191177 0.0727697540912
Herato18 Herato1807 18826529.0 2425000.0 0.0798906214518 0.0447497390603 0.0764716824303 0.133850326316
Herato18 Herato1807 18876529.0 2475000.0 0.101149314137 0.0473063815375 0.0932758084962 0.1987454493
Herato18 Herato1807 18926529.0 2525000.0 0.0166717947706 0.0141417630006 0.0166394452239 0.0196880395131
Herato18 Herato1807 18976529.0 2575000.0 0.0273386892242 0.00883430850195 0.0251117260543 0.0638822471389
Herato18 Herato1807 19026529.0 2625000.0 0.0314883876636 0.0140889153235 0.0326171913532 0.0538279848688
Herato18 Herato1807 19076529.0 2675000.0 0.0367973141375 0.0115302178129 0.0340427837256 0.0805590580942
Herato18 Herato1807 19126529.0 2725000.0 0.0251997041982 0.0204419234135 0.0251831781484 0.0309682822462
Herato18 Herato1807 19176529.0 2775000.0 0.0247503177176 0.0205249428838 0.0246684451274 0.0297670669044
Herato18 Herato1807 19226529.0 2825000.0 0.00438182753421 0.00400022839557 0.00438252273055 0.00491098959686
Herato18 Herato1807 19276529.0 2875000.0 0.0428668857083 0.016198094316 0.0395693421264 0.0836890582055
Herato18 Herato1807 19326529.0 2925000.0 0.0254144973116 0.00990747157667 0.0180793832897 0.0828480994214
Herato18 Herato1807 19376529.0 2975000.0 0.0420333783426 0.0258699069561 0.0395345148276 0.0756045868092
Herato18 Herato1807 19426529.0 3025000.0 0.0112729668546 0.00794813632522 0.0111142898691 0.0150728654942
Herato18 Herato1807 19476529.0 3075000.0 0.0271009680371 0.0168979133858 0.0240235532653 0.052328626019
Herato18 Herato1807 19526529.0 3125000.0 0.017941489404 0.0132574276415 0.017853255622 0.0232519317983
Herato18 Herato1807 19576529.0 3175000.0 0.025154768892 0.0206466952492 0.0249270205393 0.031366077959
Herato18 Herato1807 19626529.0 3225000.0 0.0159529972468 0.0129738553191 0.0155804785724 0.019744889026
Herato18 Herato1807 19676529.0 3275000.0 0.0269518284752 0.0231543574726 0.0268445674029 0.0313551827814
Herato18 Herato1807 19726529.0 3325000.0 0.0100532373408 0.00880909481122 0.0100400222451 0.011329544557
Herato18 Herato1807 19776529.0 3375000.0 0.0179060890201 0.0153455355602 0.0177432522452 0.0211135338735
Herato18 Herato1807 19826529.0 3425000.0 0.04068152342 0.0182937025349 0.0364590350367 0.0881102422409
Herato18 Herato1807 19876529.0 3475000.0 0.033201121765 0.0205582867907 0.0314909687881 0.057580808421
Herato18 Herato1807 19926529.0 3525000.0 0.0684040422603 0.0274818826639 0.0567435891629 0.187260851628
Herato18 Herato1807 19976529.0 3575000.0 0.0846657975578 0.0364694260168 0.0808781296713 0.164639473047
Herato18 Herato1807 20026529.0 3625000.0 0.0751408220351 0.043382031932 0.0712619947162 0.130363372626
Herato18 Herato1807 20076529.0 3675000.0 0.0131420477324 0.005916938344 0.00903193655962 0.031321759189
Herato18 Herato1807 20126529.0 3725000.0 0.01640754018 0.01043879556 0.01228293098 0.03243438126
Herato18 Herato1807 20176529.0 3775000.0 0.0282258643058 0.0111664996185 0.0255420377678 0.0657510886864
Herato18 Herato1807 20226529.0 3825000.0 0.0835712278244 0.031991416216 0.0777612550649 0.16394597725
Herato18 Herato1807 20276529.0 3875000.0 0.0437604050517 0.0211164338176 0.0408853788768 0.083984377123
Herato18 Herato1807 20326529.0 3925000.0 0.025946617449 0.0128535407718 0.0250783923463 0.0457412741219
Herato18 Herato1807 20376529.0 3975000.0 0.0409221793864 0.0191830902695 0.0345646504016 0.0952645090954
Herato18 Herato1807 20426529.0 4025000.0 0.086871906098 0.023999300956 0.080628584992 0.170730460416
Herato18 Herato1807 20476529.0 4075000.0 0.0224271256264 0.0192843851063 0.0223763394618 0.0257213555988
Herato18 Herato1807 20526529.0 4125000.0 0.0644008233052 0.0448407646378 0.0631207994807 0.09233593635
Herato18 Herato1807 20576529.0 4175000.0 0.024383083954 0.01933507316 0.023407506022 0.033398530276
Herato18 Herato1807 20626529.0 4225000.0 0.114022886398 0.0545348355619 0.104379118351 0.22694023829
Herato18 Herato1807 20676529.0 4275000.0 0.048584721632 0.0307842238409 0.0485078587714 0.073670316527
Herato18 Herato1807 20726529.0 4325000.0 0.0387863456413 0.017219294935 0.0366633806593 0.0732952551441
Herato18 Herato1807 20776529.0 4375000.0 0.0384189191793 0.0139187129763 0.0360638022559 0.0731036195868
Herato18 Herato1807 20826529.0 4425000.0 0.0551514534585 0.0208707406643 0.0517359552325 0.115814556142
Herato18 Herato1807 20876529.0 4475000.0 0.0174319707344 0.0146670175797 0.0172468594977 0.0208998452488
Herato18 Herato1807 20926529.0 4525000.0 0.0295512428918 0.0153582314771 0.027848721968 0.050324900881
Herato18 Herato1807 20976529.0 4575000.0 0.0535703508674 0.023078565185 0.0504128295099 0.111878490173
Herato18 Herato1807 21026529.0 4625000.0 0.0350027923692 0.0159231315045 0.0317556753457 0.0732980459955
Herato18 Herato1807 21076529.0 4675000.0 0.0430483948866 0.0234199675901 0.038467193062 0.0941158797674
Herato18 Herato1807 21126529.0 4725000.0 0.0170621771952 0.0141248108653 0.0169430131388 0.02052028647
Herato18 Herato1807 21176529.0 4775000.0 0.0322226936808 0.0193688937296 0.0311760819184 0.0545407337161
Herato18 Herato1807 21226529.0 4825000.0 0.0646215944455 0.0216823345308 0.063184692064 0.136100334115
Herato18 Herato1807 21276529.0 4875000.0 0.0356729420312 0.0101471079087 0.0330399722422 0.0754900344466
Herato18 Herato1807 21326529.0 4925000.0 0.0141250979704 0.011792450264 0.0140844872734 0.0167413745762
Herato18 Herato1807 21376529.0 4975000.0 0.034573217938 0.0141978932906 0.0310646832634 0.0736765270392
Herato18 Herato1807 21426529.0 5025000.0 0.0462816153465 0.0206398425249 0.0435767771207 0.0903599306912
Herato18 Herato1807 21476529.0 5075000.0 0.042125551793 0.0220158693312 0.0396727773904 0.077876314573
Herato18 Herato1807 21526529.0 5125000.0 0.0299181504936 0.0117545916291 0.0185570548063 0.0884107723452
Herato18 Herato1807 21576529.0 5175000.0 0.0091215433002 0.0081392011802 0.0090575907312 0.010212465756
Herato18 Herato1807 21626529.0 5225000.0 0.01801625475 0.016271391104 0.01795988699 0.019890601514
Herato18 Herato1807 21676529.0 5275000.0 0.019175152782 0.0165362456484 0.0193470035152 0.0216743705262
