chrom scaffold Cposition position mean p0025 p0500 p0975
Herato15 Herato1501 25001.0 25000.0 0.0692699525152 0.0548023526469 0.0641702522248 0.094473036436
Herato15 Herato1501 62748.0 75000.0 0.0368568344395 0.0281123487997 0.0367493865419 0.0485072791559
Herato15 Herato1502 100496.0 25000.0 0.0636967117478 0.0528243370202 0.0636317080402 0.076114080622
Herato15 Herato1502 150496.0 75000.0 0.11444734537 0.0996952456381 0.113872236303 0.132626991398
Herato15 Herato1502 200496.0 125000.0 0.0354312646916 0.0315757786116 0.0352437905342 0.039332314485
Herato15 Herato1502 228767.5 175000.0 0.0241810215039 0.0216042305365 0.0240858255235 0.0263725544246
Herato15 Herato1503 241176.5 25000.0 0.0532636861857 0.0139153664613 0.0452355498075 0.150292359591
Herato15 Herato1504 275314.0 25000.0 0.0288454608036 0.0208550092812 0.0282058507345 0.0420944980782
Herato15 Herato1504 322273.5 75000.0 0.059002335581 0.0453434604512 0.0581273919094 0.076613126236
Herato15 Herato1505 369234.0 25000.0 0.033427654855 0.0164565979345 0.031280829784 0.0627985755394
Herato15 Herato1505 419234.0 75000.0 0.0222277098304 0.0203364425015 0.0222337030008 0.024470326063
Herato15 Herato1505 469234.0 125000.0 0.04079428857 0.032884667472 0.04035349654 0.051133777452
Herato15 Herato1505 519234.0 175000.0 0.040845461201 0.033969389579 0.041583700651 0.04919987003
Herato15 Herato1505 569234.0 225000.0 0.067129589648 0.05804529613 0.068820334782 0.07740962205
Herato15 Herato1505 619234.0 275000.0 0.07764761356 0.07339546104 0.07743794718 0.08301959036
Herato15 Herato1505 669234.0 325000.0 0.10192211076 0.08436063596 0.1011170884 0.12091698616
Herato15 Herato1505 719234.0 375000.0 0.05796001814 0.0536765409 0.05782648886 0.06333818224
Herato15 Herato1505 769234.0 425000.0 0.052927553792 0.045122853858 0.052196036646 0.064739553032
Herato15 Herato1505 819234.0 475000.0 0.0569369878542 0.0344102305888 0.0552613022291 0.0924156456853
Herato15 Herato1505 869234.0 525000.0 0.0451783161103 0.0312290255972 0.0446695811842 0.0630964310285
Herato15 Herato1505 919234.0 575000.0 0.0483613157683 0.0433593944166 0.0474677080726 0.0581162936789
Herato15 Herato1505 969234.0 625000.0 0.0984794088091 0.086584539432 0.0984827266644 0.111772196282
Herato15 Herato1505 1019234.0 675000.0 0.082260940556 0.0730237278064 0.081832905558 0.09374130788
Herato15 Herato1505 1069234.0 725000.0 0.11275875287 0.102675334275 0.111916707902 0.124506302332
Herato15 Herato1505 1119234.0 775000.0 0.078005597192 0.067946946934 0.077663784296 0.090015933452
Herato15 Herato1505 1169234.0 825000.0 0.0606624003572 0.0504535632626 0.0590999708712 0.077161501688
Herato15 Herato1505 1219234.0 875000.0 0.0557361540718 0.0482801595765 0.0551862203101 0.066125320069
Herato15 Herato1505 1269234.0 925000.0 0.03839983751 0.035608824152 0.038295788154 0.041991593764
Herato15 Herato1505 1319234.0 975000.0 0.0451312642718 0.0416250546455 0.0446386190094 0.0498871161872
Herato15 Herato1505 1369234.0 1025000.0 0.077058478406 0.06994943038 0.077422124382 0.0846905866
Herato15 Herato1505 1419234.0 1075000.0 0.0785385027 0.06135685394 0.07769206482 0.10155676312
Herato15 Herato1505 1469234.0 1125000.0 0.102699024312 0.0926946865203 0.10184739952 0.116565047045
Herato15 Herato1505 1519234.0 1175000.0 0.05934648054 0.05468673856 0.05918337042 0.0657334681
Herato15 Herato1505 1569234.0 1225000.0 0.031228828566 0.029905289358 0.030976646488 0.033186575244
Herato15 Herato1505 1619234.0 1275000.0 0.0819452556426 0.0728718012199 0.0818378853002 0.0918499932692
Herato15 Herato1505 1669234.0 1325000.0 0.07104772106 0.06590195042 0.07108002922 0.07592061194
Herato15 Herato1505 1719234.0 1375000.0 0.07630667254 0.07413934284 0.07617319006 0.07900163926
Herato15 Herato1505 1769234.0 1425000.0 0.0730396298334 0.0643964265929 0.0727156033234 0.0834760567836
Herato15 Herato1505 1819234.0 1475000.0 0.0599101301856 0.0499393429421 0.0599877448276 0.070984016586
Herato15 Herato1505 1869234.0 1525000.0 0.055898083354 0.050780125512 0.05584533226 0.060706011415
Herato15 Herato1505 1919234.0 1575000.0 0.0517159083393 0.0431056860427 0.050948378416 0.0631426816284
Herato15 Herato1505 1969234.0 1625000.0 0.05113918267 0.0433158876182 0.051177140078 0.059584198456
Herato15 Herato1505 2019234.0 1675000.0 0.032463438572 0.028156381464 0.032245467444 0.038056984242
Herato15 Herato1505 2069234.0 1725000.0 0.0422388254909 0.03358189873 0.0415261198569 0.0542490490022
Herato15 Herato1505 2119234.0 1775000.0 0.0458308091638 0.0381018465763 0.0455113407226 0.0541204443734
Herato15 Herato1505 2169234.0 1825000.0 0.065370469642 0.0575505991523 0.064873482604 0.0752178973568
Herato15 Herato1505 2219234.0 1875000.0 0.0342081234252 0.0294036169643 0.0339707980058 0.0401872481048
Herato15 Herato1505 2269234.0 1925000.0 0.029532032052 0.0272441878364 0.0294643703798 0.03195220702
Herato15 Herato1505 2319234.0 1975000.0 0.0470871851074 0.0408053681712 0.04680113296 0.0561626254646
Herato15 Herato1505 2369234.0 2025000.0 0.061949698338 0.0556728074246 0.0617138084904 0.069708776646
Herato15 Herato1505 2419234.0 2075000.0 0.0222547216172 0.0194206408859 0.0221254460961 0.0254806722094
Herato15 Herato1505 2469234.0 2125000.0 0.02788956149 0.0247248454944 0.0275707343518 0.0320837170142
Herato15 Herato1505 2519234.0 2175000.0 0.052602422702 0.04818560903 0.05245910775 0.057255874902
Herato15 Herato1505 2569234.0 2225000.0 0.0406738207 0.0382608084 0.04074271926 0.04276646258
Herato15 Herato1505 2619234.0 2275000.0 0.0404227555808 0.0340829561904 0.0402561865122 0.0483209295832
Herato15 Herato1505 2669234.0 2325000.0 0.04178229453 0.036569295394 0.041725687696 0.047949991004
Herato15 Herato1505 2719234.0 2375000.0 0.038172368046 0.030731183068 0.038190335158 0.045700115754
Herato15 Herato1505 2769234.0 2425000.0 0.0606059683224 0.0333113870965 0.0523439982706 0.1402047434
Herato15 Herato1505 2819234.0 2475000.0 0.0259853662332 0.0199984630567 0.0258641006134 0.032586323191
Herato15 Herato1505 2869234.0 2525000.0 0.0300531252346 0.017776541573 0.0285801838587 0.0509202186404
Herato15 Herato1505 2919234.0 2575000.0 0.0227419736016 0.0168215547348 0.0224626556888 0.03251507157
Herato15 Herato1505 2969234.0 2625000.0 0.04150825475 0.0386188180172 0.041710603296 0.045010649558
Herato15 Herato1505 3019234.0 2675000.0 0.07952763318 0.0657461360223 0.0798221397138 0.09428884917
Herato15 Herato1505 3069234.0 2725000.0 0.0643667728 0.05832785044 0.0638931592 0.07161057976
Herato15 Herato1505 3119234.0 2775000.0 0.0483773194554 0.0407096729464 0.0482734265908 0.0576338399466
Herato15 Herato1505 3169234.0 2825000.0 0.064097176568 0.058581183048 0.063954811862 0.070807002372
Herato15 Herato1505 3219234.0 2875000.0 0.043104543024 0.04050542843 0.04288530527 0.04668950756
Herato15 Herato1505 3269234.0 2925000.0 0.048299175852 0.0432468655408 0.0484189882838 0.054039746648
Herato15 Herato1505 3319234.0 2975000.0 0.0452048532916 0.0348342153575 0.0438171707546 0.062623427223
Herato15 Herato1505 3369234.0 3025000.0 0.0499752573316 0.0275177950906 0.0507450051432 0.082698384514
Herato15 Herato1505 3419234.0 3075000.0 0.0503646936866 0.0455335402368 0.0500351354438 0.0554918907338
Herato15 Herato1505 3469234.0 3125000.0 0.051338842266 0.0415432365372 0.051011330952 0.062469474214
Herato15 Herato1505 3519234.0 3175000.0 0.047943525028 0.043082873884 0.047506232212 0.054591111146
Herato15 Herato1505 3569234.0 3225000.0 0.0750890687 0.065415592822 0.074477836878 0.08763585802
Herato15 Herato1505 3619234.0 3275000.0 0.058959046096 0.044774990416 0.06049104531 0.072056433116
Herato15 Herato1505 3669234.0 3325000.0 0.06422035004 0.0592196706 0.064371304778 0.070526587696
Herato15 Herato1505 3719234.0 3375000.0 0.050850440486 0.0316156484072 0.048794952448 0.087302111682
Herato15 Herato1505 3769234.0 3425000.0 0.037043505318 0.035656889978 0.036662104532 0.03899714707
Herato15 Herato1505 3819234.0 3475000.0 0.0585090645406 0.0499983159199 0.0574604398753 0.0680325276462
Herato15 Herato1505 3869234.0 3525000.0 0.095215421612 0.0814956529092 0.094720796818 0.11548950865
Herato15 Herato1505 3919234.0 3575000.0 0.07945120476 0.064339801592 0.07915716272 0.09757875612
Herato15 Herato1505 3969234.0 3625000.0 0.0769111596412 0.0660828902828 0.0758964840792 0.090603952454
Herato15 Herato1505 4019234.0 3675000.0 0.050157439216 0.046869945186 0.050427293568 0.053706129058
Herato15 Herato1505 4069234.0 3725000.0 0.08016788874 0.07100696406 0.08018260104 0.0910268498
Herato15 Herato1505 4119234.0 3775000.0 0.081104822508 0.072585292114 0.08066429884 0.09122710557
Herato15 Herato1505 4169234.0 3825000.0 0.0680280122128 0.061640699856 0.0675053883788 0.0751979011934
Herato15 Herato1505 4219234.0 3875000.0 0.041021114783 0.0314244556372 0.039843863937 0.0600938425978
Herato15 Herato1505 4251179.0 3925000.0 0.0914685261051 0.0508919275479 0.0954720847228 0.117006781749
Herato15 Herato1506 4283125.0 25000.0 0.063840671723 0.0492376662948 0.0623217155854 0.0850612883038
Herato15 Herato1506 4333125.0 75000.0 0.046938761028 0.0381144005 0.046768274554 0.05480848014
Herato15 Herato1506 4383125.0 125000.0 0.0227937668921 0.0180480721454 0.0202571964015 0.0418685762546
Herato15 Herato1506 4422672.0 175000.0 0.0633645725414 0.0176714858091 0.0586396608644 0.135743010076
Herato15 Herato1507 4462220.0 25000.0 0.0550671811652 0.0404385717028 0.0529909890306 0.0779909049966
Herato15 Herato1507 4512220.0 75000.0 0.052872552532 0.04961090759 0.05306716376 0.05506150908
Herato15 Herato1507 4562220.0 125000.0 0.0420378689692 0.0390258759924 0.0419612466384 0.0454040655242
Herato15 Herato1507 4612220.0 175000.0 0.0759159822706 0.0609843103733 0.073515459988 0.100323422674
Herato15 Herato1507 4662220.0 225000.0 0.058020220526 0.046468285266 0.057134040846 0.078301853926
Herato15 Herato1507 4712220.0 275000.0 0.0459886432702 0.0403017093235 0.0461374952705 0.0519031230364
Herato15 Herato1507 4762220.0 325000.0 0.04497345315 0.041708948782 0.0448860487644 0.049167446642
Herato15 Herato1507 4812220.0 375000.0 0.106306905174 0.097233670662 0.105792601294 0.116489746736
Herato15 Herato1507 4862220.0 425000.0 0.09771360717 0.0871681080258 0.09641887047 0.112933807772
Herato15 Herato1507 4912220.0 475000.0 0.10310730874 0.09561336051 0.10200904624 0.11550642814
Herato15 Herato1507 4962220.0 525000.0 0.0984053293962 0.0814337683675 0.0992133805926 0.116709777232
Herato15 Herato1507 5012220.0 575000.0 0.08070426964 0.07477326142 0.08058539518 0.08669891604
Herato15 Herato1507 5062220.0 625000.0 0.068606839802 0.04767706902 0.065610928502 0.100870951066
Herato15 Herato1507 5112220.0 675000.0 0.093567678846 0.0850307080464 0.09380987844 0.101169658838
Herato15 Herato1507 5162220.0 725000.0 0.074080420432 0.068434775996 0.073358993764 0.083625130016
Herato15 Herato1507 5212220.0 775000.0 0.034670225328 0.030903317822 0.034669429872 0.038856104936
Herato15 Herato1507 5262220.0 825000.0 0.082594703218 0.075393296102 0.082824745274 0.09100126927
Herato15 Herato1507 5312220.0 875000.0 0.07431542666 0.06935127996 0.0739828969 0.08107888104
Herato15 Herato1507 5362220.0 925000.0 0.087250878516 0.080469149744 0.086892915238 0.097341695076
Herato15 Herato1507 5412220.0 975000.0 0.090029930008 0.084341907778 0.090000382912 0.096115374974
Herato15 Herato1507 5462220.0 1025000.0 0.08602123302 0.08139912252 0.08563077646 0.09161283366
Herato15 Herato1507 5512220.0 1075000.0 0.065727662552 0.060890868996 0.065427940458 0.073111729484
Herato15 Herato1507 5562220.0 1125000.0 0.0571529310726 0.0519843237914 0.0568298438286 0.063383923352
Herato15 Herato1507 5612220.0 1175000.0 0.0464362216 0.03928585312 0.04581245422 0.05725720246
Herato15 Herato1507 5662220.0 1225000.0 0.06311451096 0.0563597264 0.06269548854 0.07080680354
Herato15 Herato1507 5712220.0 1275000.0 0.09632433461 0.090579632898 0.096344840036 0.10269766744
Herato15 Herato1507 5762220.0 1325000.0 0.083261029611 0.0785662340494 0.083408120244 0.088859249921
Herato15 Herato1507 5812220.0 1375000.0 0.070080730772 0.06518448684 0.070263967848 0.07356332002
Herato15 Herato1507 5862220.0 1425000.0 0.07218861772 0.066934968496 0.07213163094 0.077877919448
Herato15 Herato1507 5912220.0 1475000.0 0.0937934973916 0.083213358225 0.094273716338 0.10171225036
Herato15 Herato1507 5962220.0 1525000.0 0.0912616581576 0.0804432896258 0.0911666706303 0.101730027987
Herato15 Herato1507 6012220.0 1575000.0 0.171722576282 0.148598825596 0.172075897212 0.196628232594
Herato15 Herato1507 6062220.0 1625000.0 0.0890771336 0.08163587792 0.08838735376 0.09690669144
Herato15 Herato1507 6112220.0 1675000.0 0.0829247963712 0.0713200079379 0.0821918498805 0.0968317641008
Herato15 Herato1507 6162220.0 1725000.0 0.080793134628 0.062162308094 0.0787624107242 0.114035941748
Herato15 Herato1507 6212220.0 1775000.0 0.08546093256 0.07916249964 0.08555633922 0.0933002165
Herato15 Herato1507 6262220.0 1825000.0 0.08215054796 0.0786355335 0.08172521252 0.08721799976
Herato15 Herato1507 6312220.0 1875000.0 0.10130419613 0.0950681545902 0.100960891005 0.109051439091
Herato15 Herato1507 6362220.0 1925000.0 0.107329809547 0.0957246190991 0.106953783196 0.121297142927
Herato15 Herato1507 6412220.0 1975000.0 0.0880819533176 0.0830604763434 0.0877482952856 0.09378444895
Herato15 Herato1507 6462220.0 2025000.0 0.074310783196 0.063176899534 0.074336438554 0.084284261854
Herato15 Herato1507 6512220.0 2075000.0 0.0789866277 0.07545069534 0.07915752602 0.08234570736
Herato15 Herato1507 6562220.0 2125000.0 0.12016190574 0.11300958726 0.12033216854 0.1285324686
Herato15 Herato1507 6612220.0 2175000.0 0.06056995278 0.0556295121553 0.0605121239474 0.066227310652
Herato15 Herato1507 6662220.0 2225000.0 0.0702627828444 0.0634711826524 0.0701644468364 0.077971689322
Herato15 Herato1507 6712220.0 2275000.0 0.11378925944 0.10791650864 0.11358295762 0.12055584964
Herato15 Herato1507 6762220.0 2325000.0 0.07977468126 0.07438270772 0.07942846528 0.084880683
Herato15 Herato1507 6812220.0 2375000.0 0.0608454971093 0.0554571702754 0.0607447494549 0.066086466114
Herato15 Herato1507 6862220.0 2425000.0 0.0371081776982 0.0328942971238 0.0369693447689 0.0418652862096
Herato15 Herato1507 6912220.0 2475000.0 0.084544300118 0.075019177368 0.084385094632 0.09540947406
Herato15 Herato1507 6962220.0 2525000.0 0.077341763912 0.0693658721426 0.0766562703492 0.0854226110428
Herato15 Herato1507 7012220.0 2575000.0 0.0239573200642 0.0184738289631 0.0236847524282 0.0306942815296
Herato15 Herato1507 7062220.0 2625000.0 0.057059703894 0.05106828023 0.057154895078 0.06383193171
Herato15 Herato1507 7112220.0 2675000.0 0.039589492806 0.037289354586 0.039450470874 0.04207049185
Herato15 Herato1507 7162220.0 2725000.0 0.0312650455906 0.0280382453938 0.031199707489 0.0346252333624
Herato15 Herato1507 7212220.0 2775000.0 0.024916268255 0.0225752152181 0.0249578060284 0.0272944622218
Herato15 Herato1507 7262220.0 2825000.0 0.0621385986515 0.0565761023803 0.0615008674746 0.0708221311998
Herato15 Herato1507 7312220.0 2875000.0 0.078901789262 0.07394045732 0.079314779122 0.082955625812
Herato15 Herato1507 7362220.0 2925000.0 0.092361821666 0.0864155317794 0.092124660756 0.099546430882
Herato15 Herato1507 7412220.0 2975000.0 0.0744712986 0.06940282214 0.07476064214 0.07919384556
Herato15 Herato1507 7462220.0 3025000.0 0.05751779857 0.047017716412 0.054888051796 0.07264048338
Herato15 Herato1507 7512220.0 3075000.0 0.0569373511523 0.0433706065894 0.0554194726661 0.0781029395634
Herato15 Herato1507 7562220.0 3125000.0 0.0561741336507 0.0430616420685 0.0564408224911 0.0729011654636
Herato15 Herato1507 7612220.0 3175000.0 0.0495779682432 0.0439435095595 0.0494262968374 0.056636009314
Herato15 Herato1507 7662220.0 3225000.0 0.0676870500362 0.0595079922785 0.067346013139 0.0780476632392
Herato15 Herato1507 7712220.0 3275000.0 0.066358575712 0.057039630474 0.06616176985 0.07803000858
Herato15 Herato1507 7762220.0 3325000.0 0.148418466944 0.131793203826 0.145920017092 0.182822927188
Herato15 Herato1507 7812220.0 3375000.0 0.137495793696 0.117998508548 0.138664054698 0.151265615818
Herato15 Herato1507 7862220.0 3425000.0 0.1130908502 0.1073972708 0.112624944 0.1191745572
Herato15 Herato1507 7912220.0 3475000.0 0.09582885964 0.08831505914 0.09529551214 0.1034665315
Herato15 Herato1507 7962220.0 3525000.0 0.061065830226 0.0540104674276 0.0604357991982 0.069379437916
Herato15 Herato1507 8012220.0 3575000.0 0.0748273944054 0.0673904734593 0.0748072082201 0.0819178232104
Herato15 Herato1507 8062220.0 3625000.0 0.0708728134968 0.0640713623192 0.0709756865381 0.0780799494509
Herato15 Herato1507 8112220.0 3675000.0 0.0726091415096 0.0648349146606 0.0729483080312 0.0821067255748
Herato15 Herato1507 8162220.0 3725000.0 0.0522104885154 0.0464953181144 0.0520233545036 0.059267128874
Herato15 Herato1507 8212220.0 3775000.0 0.1052148244 0.099526195 0.1056417198 0.1107346812
Herato15 Herato1507 8262220.0 3825000.0 0.0980993748423 0.0854446991903 0.0975688386071 0.112877833222
Herato15 Herato1507 8312220.0 3875000.0 0.13242539406 0.12144616416 0.13172631888 0.14341479174
Herato15 Herato1507 8362220.0 3925000.0 0.04722636302 0.040865100478 0.04664960162 0.05609526116
Herato15 Herato1507 8412220.0 3975000.0 0.057689133452 0.051957742306 0.057523369896 0.063995684914
Herato15 Herato1507 8462220.0 4025000.0 0.0543761158968 0.050625017117 0.0541455133282 0.0585010200028
Herato15 Herato1507 8512220.0 4075000.0 0.087420597432 0.0748724111186 0.086237225126 0.106600295376
Herato15 Herato1507 8562220.0 4125000.0 0.125602391864 0.117180108952 0.125673621396 0.1343620122
Herato15 Herato1507 8612220.0 4175000.0 0.0267389359972 0.0238467674994 0.0267607909452 0.0304655373944
Herato15 Herato1507 8662220.0 4225000.0 0.078552780892 0.069408518032 0.077753154248 0.094874505996
Herato15 Herato1507 8712220.0 4275000.0 0.120552762468 0.117312750082 0.119698747728 0.12750261428
Herato15 Herato1507 8762220.0 4325000.0 0.0920878936 0.08666819464 0.091952926 0.1002059448
Herato15 Herato1507 8812220.0 4375000.0 0.0873289998698 0.0800529960201 0.0874974253932 0.094836851554
Herato15 Herato1507 8862220.0 4425000.0 0.07479873504 0.0646528023 0.07357206708 0.09029520892
Herato15 Herato1507 8912220.0 4475000.0 0.13632640596 0.12491454726 0.13534000004 0.15058464362
Herato15 Herato1507 8962220.0 4525000.0 0.1170854564 0.1119935626 0.1167364894 0.1247766236
Herato15 Herato1507 9012220.0 4575000.0 0.08605912246 0.07341142908 0.08617248056 0.09883595538
Herato15 Herato1507 9062220.0 4625000.0 0.11493995254 0.100985687238 0.114035057582 0.134314657806
Herato15 Herato1507 9112220.0 4675000.0 0.113803423 0.10547320652 0.1139659114 0.1218245023
Herato15 Herato1507 9162220.0 4725000.0 0.0960460464 0.08933943266 0.09610075988 0.10198564836
Herato15 Herato1507 9212220.0 4775000.0 0.114508990684 0.0916928320525 0.112942943837 0.15096203152
Herato15 Herato1507 9262220.0 4825000.0 0.04287077748 0.04117816224 0.04308231384 0.04424298768
Herato15 Herato1507 9312220.0 4875000.0 0.04436642186 0.0420851337 0.0444408503 0.04644914336
Herato15 Herato1507 9362220.0 4925000.0 0.0883435958254 0.0713903059666 0.0871432962348 0.111326750396
Herato15 Herato1507 9412220.0 4975000.0 0.0777792627 0.065131497146 0.077807766596 0.091112200342
Herato15 Herato1507 9462220.0 5025000.0 0.053912030696 0.04756499394 0.053750562008 0.061837017344
Herato15 Herato1507 9512220.0 5075000.0 0.102588856316 0.095900566056 0.102412594368 0.108934251688
Herato15 Herato1507 9562220.0 5125000.0 0.110187681104 0.0961461270888 0.11079256886 0.121414832016
Herato15 Herato1507 9612220.0 5175000.0 0.07303436334 0.06850826462 0.0723954718 0.0795417513
Herato15 Herato1507 9662220.0 5225000.0 0.086619508796 0.077416003072 0.086165166206 0.098155425944
Herato15 Herato1507 9712220.0 5275000.0 0.08613178044 0.0774302475 0.08552394824 0.09651148478
Herato15 Herato1507 9762220.0 5325000.0 0.050956450214 0.042733613274 0.050837362278 0.062228089486
Herato15 Herato1507 9812220.0 5375000.0 0.0520244851253 0.0464247809746 0.0520616593953 0.0576022270258
Herato15 Herato1507 9862220.0 5425000.0 0.09015102544 0.0862579118 0.08994446612 0.09505194812
Herato15 Herato1507 9912220.0 5475000.0 0.0551578010718 0.0502163116229 0.054941635151 0.059923757506
Herato15 Herato1507 9962220.0 5525000.0 0.064338484018 0.061148674668 0.063731806278 0.069256460536
Herato15 Herato1507 10012220.0 5575000.0 0.0975712857112 0.0770404447595 0.0977010617152 0.123967684233
Herato15 Herato1507 10062220.0 5625000.0 0.072965186922 0.05703617312 0.07470349746 0.090733718956
Herato15 Herato1507 10112220.0 5675000.0 0.12906831072 0.11984818352 0.12918676352 0.13880700684
Herato15 Herato1507 10162220.0 5725000.0 0.116138509965 0.110833234172 0.115995307213 0.123915330065
Herato15 Herato1507 10212220.0 5775000.0 0.09111786004 0.08712290066 0.09040398542 0.09733698122
Herato15 Herato1507 10262220.0 5825000.0 0.10474824454 0.094692980488 0.10430342097 0.1166796468
Herato15 Herato1507 10312220.0 5875000.0 0.139370285902 0.127875717181 0.138821390945 0.152188001276
Herato15 Herato1507 10362220.0 5925000.0 0.115387369 0.1107063507 0.11507451454 0.12150745268
Herato15 Herato1507 10412220.0 5975000.0 0.094750653798 0.087445771484 0.094831829956 0.101669886986
Herato15 Herato1507 10462220.0 6025000.0 0.129655198865 0.11320562429 0.128448638787 0.151155974252
Herato15 Herato1507 10512220.0 6075000.0 0.13382740699 0.126365869374 0.133865418304 0.140955034327
Herato15 Herato1507 10562220.0 6125000.0 0.133202508658 0.120787882208 0.133019563494 0.14513521887
Herato15 Herato1507 10612220.0 6175000.0 0.158438560422 0.141404443581 0.156903586636 0.17801914136
Herato15 Herato1507 10662220.0 6225000.0 0.136755917327 0.128141503447 0.135342060646 0.154302418594
Herato15 Herato1507 10712220.0 6275000.0 0.110827142154 0.0998047394824 0.111275050482 0.12332214442
Herato15 Herato1507 10762220.0 6325000.0 0.194140226384 0.17053184196 0.193110827998 0.221032911884
Herato15 Herato1507 10812220.0 6375000.0 0.09780994368 0.0829390492 0.09897355956 0.11467577976
Herato15 Herato1507 10862220.0 6425000.0 0.141023153094 0.125699957264 0.139546481132 0.159055497624
Herato15 Herato1507 10912220.0 6475000.0 0.107359177419 0.0979620346776 0.107085550791 0.118219903017
Herato15 Herato1507 10962220.0 6525000.0 0.09137534616 0.08095932824 0.0905733454 0.10869670812
Herato15 Herato1507 11012220.0 6575000.0 0.110854915868 0.0983719197586 0.110267615228 0.124695117294
Herato15 Herato1507 11062220.0 6625000.0 0.0648506385452 0.0574264284618 0.0643341137802 0.0793207436474
Herato15 Herato1507 11112220.0 6675000.0 0.086366752693 0.0710663858955 0.0869733897746 0.098373131626
Herato15 Herato1507 11162220.0 6725000.0 0.0802966363775 0.0701207755074 0.0797457434056 0.094104634975
Herato15 Herato1507 11212220.0 6775000.0 0.0577672077 0.0515545387594 0.05751574368 0.06512113422
Herato15 Herato1507 11262220.0 6825000.0 0.089062805667 0.083732381767 0.088423927508 0.096801836658
Herato15 Herato1507 11312220.0 6875000.0 0.130223262374 0.112334026721 0.129886399815 0.15260619416
Herato15 Herato1507 11362220.0 6925000.0 0.1214243446 0.1160819814 0.1211658712 0.1274786758
Herato15 Herato1507 11412220.0 6975000.0 0.129465663 0.1236928432 0.1293425022 0.1347268282
Herato15 Herato1507 11462220.0 7025000.0 0.1178488584 0.1120468626 0.1182634946 0.1233241744
Herato15 Herato1507 11512220.0 7075000.0 0.122679493792 0.11620333305 0.122798344222 0.128820209762
Herato15 Herato1507 11562220.0 7125000.0 0.1169982527 0.10904142292 0.11663186902 0.12544332734
Herato15 Herato1507 11612220.0 7175000.0 0.098342476841 0.0928960131505 0.0978672184183 0.105126517838
Herato15 Herato1507 11662220.0 7225000.0 0.08089553946 0.07687041562 0.0807964526 0.08528337838
Herato15 Herato1507 11712220.0 7275000.0 0.075735088304 0.0698520421538 0.075444791987 0.081762649044
Herato15 Herato1507 11762220.0 7325000.0 0.1198412968 0.1129693218 0.1191339396 0.1285455136
Herato15 Herato1507 11812220.0 7375000.0 0.123601652296 0.111571946834 0.123492825704 0.13802603258
Herato15 Herato1507 11862220.0 7425000.0 0.079230056288 0.07052199356 0.079145616972 0.089133611404
Herato15 Herato1507 11912220.0 7475000.0 0.107729868896 0.10153609704 0.107309079254 0.118250271942
Herato15 Herato1507 11962220.0 7525000.0 0.13040816988 0.09995484134 0.12812817936 0.17007013442
Herato15 Herato1507 12012220.0 7575000.0 0.1190221907 0.109418364524 0.11874131491 0.12950751454
Herato15 Herato1507 12062220.0 7625000.0 0.08477732746 0.08020126406 0.08472990318 0.08896922036
Herato15 Herato1507 12112220.0 7675000.0 0.0917659495992 0.0735496037199 0.091530942297 0.108639151596
Herato15 Herato1507 12162220.0 7725000.0 0.111113579 0.105329451 0.1103988582 0.1167878806
Herato15 Herato1507 12212220.0 7775000.0 0.1051356284 0.102065007 0.1054926774 0.1087877296
Herato15 Herato1507 12262220.0 7825000.0 0.0820861041424 0.0752444965923 0.08188656176 0.090168080532
Herato15 Herato1507 12312220.0 7875000.0 0.086319577432 0.081487762156 0.08652981252 0.09188059598
Herato15 Herato1507 12362220.0 7925000.0 0.09431287202 0.08440398812 0.09397325492 0.1067685409
Herato15 Herato1507 12412220.0 7975000.0 0.063586149574 0.052595709318 0.063250327026 0.075680327398
Herato15 Herato1507 12462220.0 8025000.0 0.0410200784166 0.0362787827145 0.0408336581259 0.0463200558456
Herato15 Herato1507 12512220.0 8075000.0 0.11077787149 0.103614582528 0.110253858306 0.11763046806
Herato15 Herato1507 12562220.0 8125000.0 0.08016086624 0.07097552628 0.08046584904 0.09024649896
Herato15 Herato1507 12612220.0 8175000.0 0.07510729724 0.0701511755 0.07501119836 0.0812813297
Herato15 Herato1507 12662220.0 8225000.0 0.10780534155 0.0837336037883 0.106332040701 0.135363310052
Herato15 Herato1507 12712220.0 8275000.0 0.10201118202 0.09612017308 0.101617434 0.10988913724
Herato15 Herato1507 12762220.0 8325000.0 0.101285320178 0.0923040519537 0.100952630148 0.11179302349
Herato15 Herato1507 12812220.0 8375000.0 0.0674154461 0.04839978608 0.07477719718 0.08189618548
Herato15 Herato1507 12862220.0 8425000.0 0.122463193332 0.112245770804 0.122662725256 0.13302090562
Herato15 Herato1507 12912220.0 8475000.0 0.098702003464 0.0883803852204 0.0988622542682 0.107368051182
Herato15 Herato1507 12962220.0 8525000.0 0.118560520877 0.107383499982 0.118395764507 0.130112465964
Herato15 Herato1507 13012220.0 8575000.0 0.096749691224 0.090467488562 0.096471695032 0.103434857064
Herato15 Herato1507 13062220.0 8625000.0 0.101135818828 0.0938783364462 0.100689717458 0.109933412378
Herato15 Herato1507 13112220.0 8675000.0 0.0863830960745 0.0832254653048 0.0858636220737 0.0912112130782
Herato15 Herato1507 13162220.0 8725000.0 0.0753803496 0.06842581636 0.07532021372 0.08303748776
Herato15 Herato1507 13212220.0 8775000.0 0.09870901788 0.09234874444 0.09951935406 0.10168873718
Herato15 Herato1507 13262220.0 8825000.0 0.08995734022 0.08422765276 0.09039517464 0.09430639862
Herato15 Herato1507 13312220.0 8875000.0 0.118840872267 0.102073480941 0.118235393483 0.138099534206
Herato15 Herato1507 13362220.0 8925000.0 0.0864495488 0.08304734702 0.08680230494 0.09035707618
Herato15 Herato1507 13412220.0 8975000.0 0.1090666531 0.10138336706 0.10856900036 0.12066678436
Herato15 Herato1507 13462220.0 9025000.0 0.10212093642 0.09356312224 0.10230681696 0.1099273303
Herato15 Herato1507 13512220.0 9075000.0 0.113313373493 0.104512695968 0.113322966656 0.122397135157
Herato15 Herato1507 13562220.0 9125000.0 0.0719223693457 0.0636380699952 0.0713190502687 0.0825835416514
Herato15 Herato1507 13612220.0 9175000.0 0.0951596477102 0.0862179228346 0.0952019885648 0.104024220682
Herato15 Herato1507 13662220.0 9225000.0 0.105264456272 0.0975591072468 0.104860640524 0.114155725032
Herato15 Herato1507 13712220.0 9275000.0 0.12008059108 0.11165368824 0.119787270202 0.129504422064
Herato15 Herato1507 13762220.0 9325000.0 0.118650165182 0.108479545719 0.117997644753 0.131600141904
Herato15 Herato1507 13812220.0 9375000.0 0.070085947367 0.0646068296453 0.0699795706805 0.0755282347556
Herato15 Herato1507 13862220.0 9425000.0 0.09055420165 0.0862602009344 0.090480910098 0.094898592742
Herato15 Herato1507 13912220.0 9475000.0 0.07791027626 0.070480602252 0.07745875516 0.08738177932
Herato15 Herato1507 13962220.0 9525000.0 0.078862123828 0.0676051365385 0.0791910641944 0.0883495322288
Herato15 Herato1507 14012220.0 9575000.0 0.060978460623 0.0523981928074 0.0613836327 0.0706246879164
Herato15 Herato1507 14062220.0 9625000.0 0.106769195808 0.0959346918937 0.106478672933 0.120060790028
Herato15 Herato1507 14112220.0 9675000.0 0.10261843034 0.09264341558 0.10278076552 0.11318158918
Herato15 Herato1507 14162220.0 9725000.0 0.1117302184 0.1059625016 0.1122416704 0.1158579308
Herato15 Herato1507 14212220.0 9775000.0 0.12560124 0.1208397798 0.125423989 0.1325096142
Herato15 Herato1507 14262220.0 9825000.0 0.085428625 0.0784972157675 0.0857335401744 0.0928937377
Herato15 Herato1507 14312220.0 9875000.0 0.058933895808 0.055538457518 0.059241411614 0.063098336964
Herato15 Herato1507 14362220.0 9925000.0 0.0644450953426 0.0592998775602 0.0639925363678 0.0706689216808
Herato15 Herato1507 14412220.0 9975000.0 0.09092387914 0.08469801444 0.09053367338 0.09741129008
Herato15 Herato1507 14462220.0 10025000.0 0.0419918128258 0.0378381513719 0.0418666852622 0.0466328587712
Herato15 Herato1507 14512220.0 10075000.0 0.0310399608856 0.0213850914196 0.0300290236775 0.0452071077862
Herato15 Herato1507 14562220.0 10125000.0 0.0617697515671 0.0581969002224 0.0620781867924 0.0650210401931
Herato15 Herato1507 14612220.0 10175000.0 0.0720032984458 0.0655159530958 0.0718263101347 0.0777188088672
Herato15 Herato1507 14662220.0 10225000.0 0.0812309326855 0.0742223015907 0.0808835820146 0.089324331278
Herato15 Herato1507 14712220.0 10275000.0 0.08794898922 0.0831081537087 0.0878149667126 0.0929517124414
Herato15 Herato1507 14762220.0 10325000.0 0.0905858565048 0.0853611903651 0.09023307683 0.0975761496118
Herato15 Herato1507 14812220.0 10375000.0 0.079637049024 0.0724288725102 0.0782668109856 0.08792334466
Herato15 Herato1507 14862220.0 10425000.0 0.0702380642648 0.0649353707583 0.0702051427772 0.074984800354
Herato15 Herato1507 14912220.0 10475000.0 0.050068767948 0.044985498604 0.049329584766 0.05676153847
Herato15 Herato1507 14962220.0 10525000.0 0.069606185628 0.0636020790046 0.069287066674 0.077013848546
Herato15 Herato1507 15012220.0 10575000.0 0.075236267474 0.06879053988 0.075120784672 0.082801281264
Herato15 Herato1507 15062220.0 10625000.0 0.0657996234378 0.0532753112828 0.0653596019274 0.083364072094
Herato15 Herato1507 15112220.0 10675000.0 0.050152149654 0.040549153711 0.0494373265384 0.0619709151504
Herato15 Herato1507 15162220.0 10725000.0 0.0644349971576 0.0517937546826 0.0639902621493 0.0814825585866
Herato15 Herato1507 15212220.0 10775000.0 0.0817762610192 0.0719751205081 0.0800839952021 0.0963365572836
Herato15 Herato1507 15238216.5 10825000.0 0.166695694932 0.147387451079 0.165470341194 0.188847235324
Herato15 Herato1508 15264214.0 25000.0 0.133048109351 0.11888806153 0.13250413442 0.150783970905
Herato15 Herato1508 15298419.5 75000.0 0.0986689708544 0.0913531385422 0.0985589789093 0.107162930927
Herato15 Herato1509 15332626.0 25000.0 0.161382139944 0.146981562209 0.161972675867 0.175331021832
Herato15 Herato1509 15358525.0 75000.0 0.100451870968 0.081197080089 0.104277408231 0.110136618465
Herato15 Herato1510 15384425.0 25000.0 0.09709523872 0.078483853 0.1007929444 0.1064563672
Herato15 Herato1510 15424923.0 75000.0 0.160346511098 0.136051547064 0.155753726942 0.202495034624
Herato15 Herato1511 15464541.0 25000.0 0.157755111945 0.144521394336 0.157874758696 0.172997915751
Herato15 Herato1512 15513661.0 25000.0 0.157394872667 0.146510265088 0.156954408719 0.171640965143
Herato15 Herato1512 15563661.0 75000.0 0.1541846528 0.1531536246 0.1539498642 0.156746911
Herato15 Herato1512 15613661.0 125000.0 0.118517564752 0.108537072822 0.117712047728 0.136087748992
Herato15 Herato1512 15663661.0 175000.0 0.115987833774 0.0828973516347 0.11530598771 0.161581386716
Herato15 Herato1512 15713661.0 225000.0 0.093763714214 0.0783276101449 0.0938077566348 0.110360901442
Herato15 Herato1512 15763661.0 275000.0 0.163372619138 0.115181014425 0.161150260974 0.225522705002
Herato15 Herato1512 15813661.0 325000.0 0.1310009892 0.1241215068 0.1305597396 0.1385122608
Herato15 Herato1512 15863661.0 375000.0 0.1794776146 0.1630578512 0.1822833182 0.1859935086
Herato15 Herato1512 15913661.0 425000.0 0.1886561354 0.16798095696 0.190108658 0.2033823644
Herato15 Herato1512 15939105.0 475000.0 0.167545518018 0.142382927928 0.160068693694 0.2141375
Herato15 Herato1513 15964550.0 25000.0 0.1919206577 0.152579466422 0.184882942576 0.303199857518
Herato15 Herato1513 16007307.5 75000.0 0.119505796148 0.112345050666 0.118913286898 0.128276117956
Herato15 Herato1514 16050066.0 25000.0 0.12733103538 0.09885927842 0.12964261078 0.1487145672
Herato15 Herato1514 16084722.5 75000.0 0.0616197631647 0.0556321851603 0.0613704836121 0.0665790630145
Herato15 Herato1515 16106380.5 25000.0 0.0753764925628 0.0618226567726 0.0751858072039 0.0880538108579
Herato15 Herato1516 16138060.5 25000.0 0.153149369368 0.139608526054 0.15215510045 0.173281505242
Herato15 Herato1517 16167636.5 25000.0 0.090796200677 0.0863603496186 0.0908947304603 0.100882433183
Herato15 Herato1518 16184551.5 25000.0 0.131477975419 0.0963227057357 0.11037333388 0.238466862415
Herato15 Herato1519 16197072.0 25000.0 0.0565822893493 0.0266261064158 0.0641075539804 0.0908765625227
Herato15 Herato1520 16209735.5 25000.0 0.213527881433 0.194061613435 0.211991855317 0.23771382166
Herato15 Herato1521 16240019.5 25000.0 0.160470594187 0.14757188508 0.158660916395 0.180777678992
Herato15 Herato1522 16271812.0 25000.0 0.104997182028 0.0944495094013 0.103296754355 0.121551762026
Herato15 Herato1523 16290963.0 25000.0 0.0852858383181 0.0768183976742 0.084535169336 0.0958119824908
Herato15 Herato1524 16326445.0 25000.0 0.137563696397 0.124731503187 0.136596526251 0.149464807556
Herato15 Herato1524 16376445.0 75000.0 0.166506476 0.1523898488 0.1663437984 0.1730792432
Herato15 Herato1524 16426445.0 125000.0 0.173216898003 0.160234510963 0.173743673785 0.187248602847
Herato15 Herato1524 16476445.0 175000.0 0.164713817736 0.14420145436 0.164213531328 0.1882337864
Herato15 Herato1524 16526445.0 225000.0 0.171594812374 0.164718204706 0.171104661303 0.182290356838
Herato15 Herato1524 16576445.0 275000.0 0.126857729812 0.12117022796 0.126770416526 0.13367898907
Herato15 Herato1524 16626445.0 325000.0 0.1797818004 0.166453491 0.1805086918 0.190619211
Herato15 Herato1524 16676445.0 375000.0 0.20970050143 0.189812788509 0.209142305628 0.231607786626
Herato15 Herato1524 16726445.0 425000.0 0.0892336248344 0.0813110708587 0.0891965286666 0.098726984562
Herato15 Herato1524 16776445.0 475000.0 0.04961986353 0.0424240347927 0.0495045889392 0.05679912294
Herato15 Herato1524 16826445.0 525000.0 0.103867590256 0.096992775154 0.103890554208 0.111743724044
Herato15 Herato1524 16876445.0 575000.0 0.0865586478156 0.0740943938161 0.0862421967014 0.102231444218
Herato15 Herato1524 16926445.0 625000.0 0.10372914229 0.0967071070544 0.103069437322 0.111781999412
Herato15 Herato1524 16976445.0 675000.0 0.101679428745 0.0944711145977 0.101603623469 0.109915923522
Herato15 Herato1524 17026445.0 725000.0 0.0933543058268 0.0788481137908 0.0926413207668 0.111787455674
Herato15 Herato1524 17076445.0 775000.0 0.049433734718 0.031403782824 0.049345824786 0.070735095878
