chrom scaffold Cposition position mean p0025 p0500 p0975
Herato04 Herato0401 25001.0 25000.0 0.01768337126 0.014050231166 0.01736035599 0.022967295484
Herato04 Herato0401 75001.0 75000.0 0.0375348662864 0.0249087547318 0.0363967481027 0.0549268156776
Herato04 Herato0401 125001.0 125000.0 0.0429380515724 0.0291450003405 0.0415435311754 0.0637916211358
Herato04 Herato0401 175001.0 175000.0 0.0908046560426 0.0704151529933 0.0895101344122 0.120624960179
Herato04 Herato0401 225001.0 225000.0 0.00676331416372 0.00572679240682 0.00673808583328 0.00778584994912
Herato04 Herato0401 275001.0 275000.0 0.0446047799816 0.0267407693096 0.042008683846 0.0779317223468
Herato04 Herato0401 325001.0 325000.0 0.027698338732 0.0214059962345 0.0269367686996 0.0377825939632
Herato04 Herato0401 375001.0 375000.0 0.0206287773918 0.0164425253674 0.0205229361422 0.0257034462334
Herato04 Herato0401 425001.0 425000.0 0.0413907670742 0.025027348555 0.0365750885542 0.0787989864238
Herato04 Herato0401 475001.0 475000.0 0.0227968554456 0.0139678676444 0.0223928230224 0.034883852998
Herato04 Herato0401 525001.0 525000.0 0.0045418655704 0.00414400729736 0.00455795260144 0.004923615103
Herato04 Herato0401 575001.0 575000.0 0.0251659434121 0.013585628221 0.0253037842732 0.0349802264524
Herato04 Herato0401 625001.0 625000.0 0.0279144769676 0.024116059747 0.0277476135509 0.032596135853
Herato04 Herato0401 675001.0 675000.0 0.0276182994396 0.0208173335517 0.0269720146872 0.038632653625
Herato04 Herato0401 725001.0 725000.0 0.0733765737726 0.0491743426938 0.0700150182266 0.118561108949
Herato04 Herato0401 775001.0 775000.0 0.0616561915319 0.0347152486315 0.0569361434963 0.115238169062
Herato04 Herato0401 825001.0 825000.0 0.0453023183668 0.0262382759079 0.0430510005002 0.0766056846301
Herato04 Herato0401 875001.0 875000.0 0.0284002761043 0.0191720887705 0.0270489296902 0.0450819051867
Herato04 Herato0401 925001.0 925000.0 0.0513464794104 0.033192429564 0.0499070192883 0.0789538293204
Herato04 Herato0401 975001.0 975000.0 0.0499943472204 0.0346818755237 0.049744971128 0.0693337434763
Herato04 Herato0401 1025001.0 1025000.0 0.0283321925216 0.0226701320479 0.0282001604433 0.0336952367079
Herato04 Herato0401 1075001.0 1075000.0 0.0259830663754 0.0231639706066 0.0260386489896 0.029012713134
Herato04 Herato0401 1125001.0 1125000.0 0.0505160375076 0.0326904292748 0.0483202528256 0.0811863830068
Herato04 Herato0401 1175001.0 1175000.0 0.0213867599378 0.0134385515309 0.0202431803806 0.0349798986288
Herato04 Herato0401 1225001.0 1225000.0 0.0244830555631 0.016153367103 0.0234459208004 0.0375319014834
Herato04 Herato0401 1275001.0 1275000.0 0.0211594930308 0.0150996921787 0.0202150150454 0.0315229195101
Herato04 Herato0401 1325001.0 1325000.0 0.0311075096659 0.011673194208 0.0300091848645 0.0710838659048
Herato04 Herato0401 1375001.0 1375000.0 0.0417358925538 0.0338417051332 0.0414418874922 0.052693174599
Herato04 Herato0401 1425001.0 1425000.0 0.0343244554104 0.024292014579 0.0319727657872 0.050460207432
Herato04 Herato0401 1475001.0 1475000.0 0.0153989530671 0.00714579508242 0.0144997439597 0.0276415022678
Herato04 Herato0401 1525001.0 1525000.0 0.0431643348238 0.0259658537674 0.0411802993534 0.0687552716289
Herato04 Herato0401 1575001.0 1575000.0 0.0162899747445 0.00723118490646 0.0152969651122 0.0342148011655
Herato04 Herato0401 1625001.0 1625000.0 0.010003251002 0.00667060583486 0.00976562014198 0.0147383664808
Herato04 Herato0401 1675001.0 1675000.0 0.0110719464398 0.0090740843424 0.0109838345472 0.0137246760058
Herato04 Herato0401 1725001.0 1725000.0 0.0355614517354 0.0195415441495 0.0346929374289 0.0534945654106
Herato04 Herato0401 1775001.0 1775000.0 0.0189322418276 0.0137311884038 0.0183234714282 0.0294608969706
Herato04 Herato0401 1825001.0 1825000.0 0.0537657477396 0.0232279761991 0.0472952498115 0.116121991863
Herato04 Herato0401 1875001.0 1875000.0 0.024661136658 0.021432761246 0.024490506556 0.028621586674
Herato04 Herato0401 1925001.0 1925000.0 0.0227741087398 0.0153347508272 0.0222963474373 0.0326197670066
Herato04 Herato0401 1975001.0 1975000.0 0.0103284071578 0.00864063361078 0.0102032625822 0.012466223641
Herato04 Herato0401 2025001.0 2025000.0 0.00979940291814 0.00897699891876 0.00984526666067 0.0106234376161
Herato04 Herato0401 2075001.0 2075000.0 0.0180572964909 0.0161106760671 0.0180296307595 0.0202964854082
Herato04 Herato0401 2125001.0 2125000.0 0.0124187695756 0.0109982722706 0.0123588335323 0.0140465883543
Herato04 Herato0401 2175001.0 2175000.0 0.0114256107169 0.00949915409624 0.0113375744065 0.0137376635554
Herato04 Herato0401 2225001.0 2225000.0 0.0206901914522 0.0191735774326 0.0206089600529 0.0225013509426
Herato04 Herato0401 2275001.0 2275000.0 0.0266509079152 0.0136300500936 0.025598422344 0.0470089857656
Herato04 Herato0401 2325001.0 2325000.0 0.0306284084516 0.0183932415473 0.0295889278794 0.0515791320732
Herato04 Herato0401 2375001.0 2375000.0 0.0881059148148 0.0251792339035 0.0763396443456 0.212832896178
Herato04 Herato0401 2425001.0 2425000.0 0.0356156113886 0.0320137203204 0.035582804698 0.0389973096772
Herato04 Herato0401 2475001.0 2475000.0 0.0524107017492 0.0247832855995 0.0477358739408 0.107249654609
Herato04 Herato0401 2525001.0 2525000.0 0.0199689602154 0.0173276479702 0.0198444931638 0.023483189906
Herato04 Herato0401 2575001.0 2575000.0 0.0182434593861 0.0132916795441 0.0177890140178 0.0247937987084
Herato04 Herato0401 2625001.0 2625000.0 0.0128991031518 0.0110886081159 0.0129046360544 0.0148793435142
Herato04 Herato0401 2667575.0 2675000.0 0.0227875039957 0.015744075402 0.0220872470963 0.033816006987
Herato04 Herato0402 2710150.0 25000.0 0.059901590681 0.04260962417 0.0587954458562 0.0829979310484
Herato04 Herato0402 2760150.0 75000.0 0.0396782597096 0.0246150969601 0.0384973811564 0.0625857655304
Herato04 Herato0402 2786119.5 125000.0 0.269478793192 0.165224452811 0.267900082517 0.338504259928
Herato04 Herato0403 2812090.0 25000.0 0.0341955449864 0.0218086564044 0.0327578513197 0.0536009019088
Herato04 Herato0403 2862090.0 75000.0 0.023739939562 0.0159727002888 0.02320361253 0.03603838258
Herato04 Herato0403 2912090.0 125000.0 0.012189537838 0.0108839813436 0.012154285646 0.013791106818
Herato04 Herato0403 2962090.0 175000.0 0.0815796300924 0.0330278432197 0.0680363558172 0.22351531625
Herato04 Herato0403 3012090.0 225000.0 0.012222415951 0.0109013079742 0.0122030002272 0.0137078927474
Herato04 Herato0403 3062090.0 275000.0 0.0115497559396 0.00974145203924 0.0115707900562 0.0136490358786
Herato04 Herato0403 3112090.0 325000.0 0.0239749983643 0.0144253305659 0.0229642557414 0.0377097684494
Herato04 Herato0403 3162090.0 375000.0 0.0517783835448 0.0281225208492 0.0482430678562 0.0948857926848
Herato04 Herato0403 3212090.0 425000.0 0.0387551540507 0.0309879837689 0.0385404622638 0.047796878128
Herato04 Herato0403 3262090.0 475000.0 0.036725759692 0.0235615503407 0.0356961475965 0.0553742501946
Herato04 Herato0403 3312090.0 525000.0 0.0139652558132 0.0113563920163 0.0138660248766 0.0167358656571
Herato04 Herato0403 3362090.0 575000.0 0.0722764191524 0.04495200033 0.0691160260654 0.126753216199
Herato04 Herato0403 3412090.0 625000.0 0.0471166790047 0.0388355549974 0.0465139244657 0.0582573583918
Herato04 Herato0403 3462090.0 675000.0 0.0288723765028 0.0227395637948 0.028407382027 0.039419140244
Herato04 Herato0403 3512090.0 725000.0 0.041804487563 0.0196669792221 0.0400337743773 0.0767013813592
Herato04 Herato0403 3562090.0 775000.0 0.0262419466048 0.0151617983513 0.023616576646 0.0513883604384
Herato04 Herato0403 3612090.0 825000.0 0.0342485144068 0.016861166761 0.0337301113242 0.0554889657476
Herato04 Herato0403 3662090.0 875000.0 0.015982130424 0.0114452921683 0.0161138387877 0.0213634354954
Herato04 Herato0403 3712090.0 925000.0 0.0701294998957 0.0233260487654 0.0640756724521 0.145151368037
Herato04 Herato0403 3762090.0 975000.0 0.0553542904588 0.0328287905906 0.0535061024827 0.0905499639396
Herato04 Herato0403 3812090.0 1025000.0 0.00617919949678 0.0052778267137 0.00617243395168 0.00703944524408
Herato04 Herato0403 3856277.5 1075000.0 0.0166480532165 0.0130465774981 0.0165506622253 0.0209350976693
Herato04 Herato0404 3900466.0 25000.0 0.0199290327054 0.0132708553052 0.020255784373 0.0277533780958
Herato04 Herato0404 3950466.0 75000.0 0.0389310018786 0.0298397178312 0.0381527950718 0.0524502166204
Herato04 Herato0404 3987213.0 125000.0 0.0653688214863 0.030607496846 0.0636113296416 0.118342626049
Herato04 Herato0405 4023961.0 25000.0 0.0107452779493 0.0076371823956 0.0103843396691 0.0147247193832
Herato04 Herato0405 4073961.0 75000.0 0.0284686779044 0.00447471251048 0.00675984762614 0.124844900511
Herato04 Herato0405 4123961.0 125000.0 0.0263575574738 0.0196444027253 0.0262400502668 0.0348869908774
Herato04 Herato0405 4173961.0 175000.0 0.029402586012 0.0188260896318 0.0288239472 0.046420314602
Herato04 Herato0405 4223961.0 225000.0 0.0191250219807 0.0117288966512 0.0195876285367 0.0280745442046
Herato04 Herato0405 4273961.0 275000.0 0.026107354711 0.0205559991896 0.0254504799347 0.037455281574
Herato04 Herato0405 4323961.0 325000.0 0.0111847098067 0.00725144787012 0.0116031045051 0.0159700956095
Herato04 Herato0405 4373961.0 375000.0 0.00860699516736 0.00704987048542 0.0085567925358 0.0104387306292
Herato04 Herato0405 4423961.0 425000.0 0.030189025326 0.0173969734042 0.0292753344668 0.0481722027438
Herato04 Herato0405 4473961.0 475000.0 0.0264122848347 0.0229506391542 0.0261984312231 0.0306741033092
Herato04 Herato0405 4523961.0 525000.0 0.0400321509848 0.0223290417919 0.0360776992234 0.0706741332198
Herato04 Herato0405 4573961.0 575000.0 0.0265659067762 0.0210494636545 0.0261318801742 0.0340810319602
Herato04 Herato0405 4623961.0 625000.0 0.045465510662 0.02458016928 0.033371389696 0.083537121384
Herato04 Herato0405 4673961.0 675000.0 0.110082444852 0.0453748637227 0.106494335957 0.20637018543
Herato04 Herato0405 4723961.0 725000.0 0.0343351300612 0.0133426877483 0.0284783858892 0.0906978336
Herato04 Herato0405 4773961.0 775000.0 0.0729164609978 0.0318236931279 0.0699362035947 0.133718962972
Herato04 Herato0405 4823961.0 825000.0 0.0301116865064 0.026774637681 0.0301834272302 0.03353864595
Herato04 Herato0405 4873961.0 875000.0 0.0799305989117 0.0476834337044 0.0750576068739 0.147224020677
Herato04 Herato0405 4923961.0 925000.0 0.0420441193737 0.0259232794555 0.0403152159167 0.0683859217768
Herato04 Herato0405 4973961.0 975000.0 0.0486291911864 0.0350637980847 0.0483500960169 0.062266211662
Herato04 Herato0405 5023961.0 1025000.0 0.0285461581 0.025737120777 0.028339664212 0.031493938342
Herato04 Herato0405 5073961.0 1075000.0 0.0464007684672 0.0376358578073 0.0462987186954 0.0554685945438
Herato04 Herato0405 5123961.0 1125000.0 0.0703369049572 0.0473374846183 0.067213024488 0.110585339132
Herato04 Herato0405 5173961.0 1175000.0 0.0746523958461 0.0387480475124 0.0719487292324 0.142802920172
Herato04 Herato0405 5223961.0 1225000.0 0.056783053456 0.0374975191132 0.054600166741 0.088775783144
Herato04 Herato0405 5273961.0 1275000.0 0.0676833719519 0.0266372102365 0.0616533442645 0.155958451202
Herato04 Herato0405 5323961.0 1325000.0 0.14200780873 0.0767585268664 0.134221855824 0.242121081843
Herato04 Herato0405 5373961.0 1375000.0 0.0260291164322 0.0199858831798 0.0255210013394 0.0345742909216
Herato04 Herato0405 5423961.0 1425000.0 0.0766255363482 0.0426854346928 0.073395790894 0.135816701268
Herato04 Herato0405 5473961.0 1475000.0 0.0263248576845 0.0182917104268 0.0259384267674 0.0373806440572
Herato04 Herato0405 5523961.0 1525000.0 0.0360966361532 0.0242938353341 0.0358012333056 0.0512078229034
Herato04 Herato0405 5573961.0 1575000.0 0.095155423666 0.0764496656851 0.0945098193565 0.11959160611
Herato04 Herato0405 5623961.0 1625000.0 0.095363042298 0.0752236011822 0.0966972698714 0.109177945696
Herato04 Herato0405 5673961.0 1675000.0 0.0679500122593 0.0572785192209 0.0676410592665 0.0825161594834
Herato04 Herato0405 5712140.5 1725000.0 0.0779431905505 0.06371973291 0.0746478789643 0.108940999061
Herato04 Herato0406 5750321.0 25000.0 0.0653205457218 0.0464691127761 0.0639416210163 0.0922603659418
Herato04 Herato0406 5800321.0 75000.0 0.094405793144 0.07667604956 0.092858114662 0.118632792152
Herato04 Herato0406 5833316.0 125000.0 0.0460204953096 0.044096532833 0.0460965703565 0.0477272757974
Herato04 Herato0407 5858351.0 25000.0 0.0436015397236 0.0372078121163 0.0439682483861 0.0470166977933
Herato04 Herato0408 5900391.0 25000.0 0.060039558468 0.053559363716 0.060069123276 0.06789665446
Herato04 Herato0408 5927978.0 75000.0 0.0374253463471 0.035278533823 0.037516556436 0.0400374501353
Herato04 Herato0409 5946729.5 25000.0 0.0436298039812 0.0329959074613 0.0422731937421 0.0624897829431
Herato04 Herato0410 5984437.0 25000.0 0.0294645687671 0.0177518820011 0.0251625631737 0.0704868930511
Herato04 Herato0411 6030981.0 25000.0 0.085794182432 0.072096076854 0.085637720988 0.096327507878
Herato04 Herato0411 6080981.0 75000.0 0.0796678783876 0.0704939015671 0.0792497450132 0.0890289269364
Herato04 Herato0411 6130981.0 125000.0 0.0562793167266 0.0435200871621 0.0562932928896 0.0686473604416
Herato04 Herato0411 6180981.0 175000.0 0.086809239542 0.073370740462 0.08566664983 0.103174000316
Herato04 Herato0411 6230981.0 225000.0 0.057561613116 0.053840840942 0.057135984672 0.062631695114
Herato04 Herato0411 6280981.0 275000.0 0.0785403014934 0.0453836335639 0.0712878578984 0.143556038823
Herato04 Herato0411 6330981.0 325000.0 0.0155545134808 0.0125214835033 0.0154944107602 0.0191992843052
Herato04 Herato0411 6380981.0 375000.0 0.036747845725 0.027374003456 0.0358169617176 0.0497054825829
Herato04 Herato0411 6430981.0 425000.0 0.0604103362186 0.0354373083739 0.059909972959 0.0956920334148
Herato04 Herato0411 6480981.0 475000.0 0.0087466725666 0.0073893812986 0.008709556288 0.0104176480664
Herato04 Herato0411 6530981.0 525000.0 0.0236807338303 0.0184099894526 0.0234902137204 0.030520479757
Herato04 Herato0411 6580981.0 575000.0 0.030216080522 0.0197834671803 0.0254179837644 0.0691396236358
Herato04 Herato0411 6630981.0 625000.0 0.0659068563669 0.0270192879922 0.0629011415654 0.116274195365
Herato04 Herato0411 6680981.0 675000.0 0.0371733051903 0.0239688393415 0.0396375956359 0.0547980580008
Herato04 Herato0411 6730981.0 725000.0 0.0364905406422 0.0312317436125 0.0361047795936 0.0436860118968
Herato04 Herato0411 6780981.0 775000.0 0.0752117460229 0.0354932878948 0.0760880160812 0.11660743575
Herato04 Herato0411 6830981.0 825000.0 0.0522672089708 0.0314445528149 0.0567641018315 0.0761535455386
Herato04 Herato0411 6880981.0 875000.0 0.0440746360046 0.0380438173272 0.0441582481628 0.0513046899464
Herato04 Herato0411 6930981.0 925000.0 0.0455520415477 0.0325258098881 0.0449084451667 0.0652632898796
Herato04 Herato0411 6980981.0 975000.0 0.0233585567418 0.0184673486268 0.0231892216003 0.0293884938826
Herato04 Herato0411 7030981.0 1025000.0 0.0224257446775 0.0189329075294 0.021945595135 0.027673685692
Herato04 Herato0411 7080981.0 1075000.0 0.00888682337036 0.00745362460671 0.00882125174924 0.0108499082196
Herato04 Herato0411 7130981.0 1125000.0 0.044594476224 0.0288827300184 0.0423490229768 0.0703686263066
Herato04 Herato0411 7180981.0 1175000.0 0.0303358771848 0.019197954498 0.0295567846526 0.046085032536
Herato04 Herato0411 7230981.0 1225000.0 0.0441237332814 0.0227609149891 0.0410618784663 0.0878754066912
Herato04 Herato0411 7280981.0 1275000.0 0.0114722335464 0.00945968934728 0.0113944776563 0.0138663894532
Herato04 Herato0411 7330981.0 1325000.0 0.0272447747826 0.0150534824767 0.0252780149927 0.050844397472
Herato04 Herato0411 7380981.0 1375000.0 0.0490179672057 0.0285653091927 0.0459780451236 0.080255122111
Herato04 Herato0411 7430981.0 1425000.0 0.0272694728842 0.0175685185668 0.0259849114904 0.0457055302096
Herato04 Herato0411 7480981.0 1475000.0 0.0548516160335 0.0335706421961 0.0536936519626 0.0804150718098
Herato04 Herato0411 7530981.0 1525000.0 0.017506849359 0.0130622820272 0.017149968545 0.023808576649
Herato04 Herato0411 7580981.0 1575000.0 0.0197403516774 0.00688560584546 0.0147217958904 0.0591226677468
Herato04 Herato0411 7630981.0 1625000.0 0.0232109746085 0.0169200758863 0.0228952978547 0.0310526951071
Herato04 Herato0411 7680981.0 1675000.0 0.0589767433543 0.0276121658848 0.0537182252044 0.114938883441
Herato04 Herato0411 7730981.0 1725000.0 0.0452740823209 0.0269510683764 0.0428884507318 0.0747425917894
Herato04 Herato0411 7780981.0 1775000.0 0.0168956506231 0.00922080624734 0.015615626413 0.0319134562311
Herato04 Herato0411 7830981.0 1825000.0 0.0864191821426 0.0339607633611 0.092257532173 0.141179801486
Herato04 Herato0411 7880981.0 1875000.0 0.0454567965734 0.0230971410074 0.0404757843542 0.097058117285
Herato04 Herato0411 7930981.0 1925000.0 0.0673045462599 0.0167167910167 0.0614214836267 0.159883324607
Herato04 Herato0411 7980981.0 1975000.0 0.0346897347864 0.0168725097764 0.0335779342094 0.063094789966
Herato04 Herato0411 8030981.0 2025000.0 0.010386480595 0.0081192439388 0.010178666005 0.0139651213106
Herato04 Herato0411 8080981.0 2075000.0 0.022183070182 0.01870615713 0.022114404798 0.025356448018
Herato04 Herato0411 8130981.0 2125000.0 0.0232843970598 0.0166846819688 0.0217085297354 0.0376014941376
Herato04 Herato0411 8180981.0 2175000.0 0.0434027146218 0.0303374708147 0.042375228848 0.0631983638642
Herato04 Herato0411 8230981.0 2225000.0 0.0202247344821 0.013961566724 0.0199716784597 0.0294434354201
Herato04 Herato0411 8280981.0 2275000.0 0.027601099102 0.021909194358 0.0276184143778 0.033768605296
Herato04 Herato0411 8330981.0 2325000.0 0.0157519694632 0.00939038492619 0.0147927150802 0.0270805999118
Herato04 Herato0411 8380981.0 2375000.0 0.02083545818 0.0158084730459 0.0201207837619 0.0290006900882
Herato04 Herato0411 8430981.0 2425000.0 0.02391010228 0.020447999897 0.023999957336 0.0278112599156
Herato04 Herato0411 8480981.0 2475000.0 0.155192725585 0.0696397690558 0.0911153480918 0.352595038332
Herato04 Herato0411 8530981.0 2525000.0 0.103451606818 0.047653366172 0.102649718518 0.170816783898
Herato04 Herato0411 8580981.0 2575000.0 0.0497235104282 0.0363306672072 0.0481706198703 0.0696154294186
Herato04 Herato0411 8630981.0 2625000.0 0.0529551931752 0.0433522631794 0.0522041785334 0.0663398740384
Herato04 Herato0411 8680981.0 2675000.0 0.0658311249647 0.0200465378159 0.0495640117595 0.226723138869
Herato04 Herato0411 8730981.0 2725000.0 0.0593511828986 0.0292455777289 0.0565363928841 0.102361069974
Herato04 Herato0411 8780981.0 2775000.0 0.101812167501 0.0492613585166 0.096064854001 0.190589624011
Herato04 Herato0411 8830981.0 2825000.0 0.0798556598714 0.00770175407033 0.0627347969793 0.224565831255
Herato04 Herato0411 8880981.0 2875000.0 0.0244291942908 0.0179149635439 0.0239007029499 0.0337242357713
Herato04 Herato0411 8930981.0 2925000.0 0.0374679650481 0.0230261882227 0.0350623708922 0.06552441881
Herato04 Herato0411 8980981.0 2975000.0 0.034195912258 0.013142782654 0.0307823888678 0.078006672142
Herato04 Herato0411 9030981.0 3025000.0 0.0322842285342 0.0200353107762 0.031349841481 0.0494441824559
Herato04 Herato0411 9080981.0 3075000.0 0.0644317703389 0.0229534839578 0.0577632125046 0.144562297549
Herato04 Herato0411 9130981.0 3125000.0 0.038035205785 0.0239200521132 0.035478027083 0.0653981778514
Herato04 Herato0411 9180981.0 3175000.0 0.0196593892848 0.0142992222435 0.0189608616259 0.0300732497401
Herato04 Herato0411 9230981.0 3225000.0 0.0197872438169 0.0125127871697 0.0188540698065 0.032610860333
Herato04 Herato0411 9280981.0 3275000.0 0.0619487120286 0.0284862680427 0.0577437928456 0.11466369539
Herato04 Herato0411 9330981.0 3325000.0 0.158569120608 0.0710526345255 0.147225953053 0.314389950678
Herato04 Herato0411 9380981.0 3375000.0 0.0721579661391 0.0294751589435 0.0650017321261 0.157041135497
Herato04 Herato0411 9430981.0 3425000.0 0.0115600075006 0.00624553080651 0.0106321808091 0.0203624927085
Herato04 Herato0411 9480981.0 3475000.0 0.013291225555 0.0117549014789 0.0132364443616 0.015110463171
Herato04 Herato0411 9530981.0 3525000.0 0.028215569504 0.0162768644256 0.0271114503308 0.0484126342875
Herato04 Herato0411 9580981.0 3575000.0 0.0045029500402 0.00392846759596 0.0044973963164 0.0051068623374
Herato04 Herato0411 9630981.0 3625000.0 0.0337170508575 0.0142292958344 0.0307738057581 0.0843259523898
Herato04 Herato0411 9680981.0 3675000.0 0.0689687471946 0.0238399605134 0.0664110754785 0.141745749508
Herato04 Herato0411 9730981.0 3725000.0 0.0313212722043 0.0170799698165 0.0294286860924 0.0575086146518
Herato04 Herato0411 9780981.0 3775000.0 0.0241918849018 0.0106480910162 0.0240852164451 0.0386990067452
Herato04 Herato0411 9830981.0 3825000.0 0.0319010463636 0.0139363753951 0.0289345867252 0.0691922835925
Herato04 Herato0411 9880981.0 3875000.0 0.033686112529 0.0161948627415 0.0326159109652 0.056753350816
Herato04 Herato0411 9930981.0 3925000.0 0.0261610394579 0.0122231053984 0.0271158708369 0.0404577590774
Herato04 Herato0411 9980981.0 3975000.0 0.031001552431 0.0187894841663 0.0302558323118 0.0493372431682
Herato04 Herato0411 10030981.0 4025000.0 0.0231815974238 0.0152418448932 0.0227193167014 0.034517602986
Herato04 Herato0411 10080981.0 4075000.0 0.0371236658738 0.0272536943824 0.0358375462636 0.0542718556828
Herato04 Herato0411 10130981.0 4125000.0 0.0414886797366 0.0197788775073 0.0379367486778 0.0784939597496
Herato04 Herato0411 10180981.0 4175000.0 0.0231497837712 0.0153389336618 0.0230625226046 0.0341897980904
Herato04 Herato0411 10230981.0 4225000.0 0.017596805135 0.0149228579615 0.0175007745219 0.0210324094232
Herato04 Herato0411 10280981.0 4275000.0 0.0184411514646 0.00963693536428 0.0172609201752 0.0341875655516
Herato04 Herato0411 10330981.0 4325000.0 0.0344862763 0.0186627921235 0.0337695797425 0.0534668695385
Herato04 Herato0411 10380981.0 4375000.0 0.0121902629201 0.00950703480454 0.0120575447947 0.0164846376182
Herato04 Herato0411 10430981.0 4425000.0 0.0410797221481 0.0200500728866 0.0378074167129 0.0857986566312
Herato04 Herato0411 10480981.0 4475000.0 0.0392195777675 0.0322484853751 0.0390794103139 0.0473292667564
Herato04 Herato0411 10530981.0 4525000.0 0.0296428303653 0.0249389670106 0.0296074593603 0.0352813605392
Herato04 Herato0411 10580981.0 4575000.0 0.0487869272764 0.0400289803485 0.0487133148016 0.057865886812
Herato04 Herato0411 10630981.0 4625000.0 0.0291321298866 0.0251003460308 0.0287127450915 0.0355259837474
Herato04 Herato0411 10680981.0 4675000.0 0.0362633028462 0.020630953915 0.0338684073844 0.0670737302912
Herato04 Herato0411 10730981.0 4725000.0 0.0343461689914 0.0262664385044 0.0322711722199 0.045196760122
Herato04 Herato0411 10780981.0 4775000.0 0.02098451512 0.015066870878 0.020472494272 0.029279476052
Herato04 Herato0411 10830981.0 4825000.0 0.0378994593044 0.0299502170973 0.036993809427 0.0508586051018
Herato04 Herato0411 10880981.0 4875000.0 0.0358423332767 0.0135562030287 0.0352792376435 0.0732819495576
Herato04 Herato0411 10930981.0 4925000.0 0.0452422446484 0.0240769516483 0.0426500549426 0.0889215530586
Herato04 Herato0411 10980981.0 4975000.0 0.0161092820552 0.00921884991179 0.0173986791472 0.0224242489486
Herato04 Herato0411 11030981.0 5025000.0 0.0205997903286 0.0130419469862 0.0200531486971 0.0313064282793
Herato04 Herato0411 11080981.0 5075000.0 0.0349255121344 0.0218732761686 0.0333538526986 0.058383262282
Herato04 Herato0411 11130981.0 5125000.0 0.0217358698782 0.015745734719 0.0213015395755 0.0292741750328
Herato04 Herato0411 11180981.0 5175000.0 0.0157751011772 0.0132422947329 0.0157281006782 0.0188248859054
Herato04 Herato0411 11230981.0 5225000.0 0.0115400801013 0.00899926771907 0.0113840938581 0.0147245395229
Herato04 Herato0411 11280981.0 5275000.0 0.0322462974381 0.0215697142616 0.0315576017768 0.0465939527515
Herato04 Herato0411 11330981.0 5325000.0 0.035090320556 0.0286914150515 0.0344880811048 0.0452281359424
Herato04 Herato0411 11380981.0 5375000.0 0.0194005038069 0.0135541283746 0.0163485684496 0.034029235281
Herato04 Herato0411 11430981.0 5425000.0 0.149700700047 0.0684975896551 0.139637045602 0.28714266033
Herato04 Herato0411 11480981.0 5475000.0 0.0353330923474 0.0236238478795 0.0339407079369 0.0562446619296
Herato04 Herato0411 11530981.0 5525000.0 0.0483981007511 0.0217068753423 0.0474212078688 0.0860753659815
Herato04 Herato0411 11580981.0 5575000.0 0.045904246932 0.0394736579392 0.046084733916 0.053776915176
Herato04 Herato0411 11630981.0 5625000.0 0.0559390192878 0.0468876084501 0.055491919834 0.0676789100592
Herato04 Herato0411 11680981.0 5675000.0 0.0627408653734 0.0507146123571 0.060637429969 0.0777463140804
Herato04 Herato0411 11730981.0 5725000.0 0.0148381286379 0.0125133449614 0.0148016000792 0.017401552501
Herato04 Herato0411 11780981.0 5775000.0 0.0346892459403 0.0212262420336 0.0329881409181 0.0566085222389
Herato04 Herato0411 11830981.0 5825000.0 0.0435299594123 0.0381496676454 0.0436925100692 0.0503081431976
Herato04 Herato0411 11880981.0 5875000.0 0.0104816512518 0.009341602931 0.0104671643632 0.0118189502648
Herato04 Herato0411 11930981.0 5925000.0 0.0238720443869 0.0192658106048 0.0235817312656 0.0297837355396
Herato04 Herato0411 11980981.0 5975000.0 0.0168229488452 0.00840052130638 0.0153442432809 0.0264289430188
Herato04 Herato0411 12030981.0 6025000.0 0.0422854566569 0.0245555967557 0.0424301488178 0.0540107351372
Herato04 Herato0411 12080981.0 6075000.0 0.0344344693688 0.0312216662554 0.0342725957943 0.037971011667
Herato04 Herato0411 12130981.0 6125000.0 0.046977546932 0.0367148798543 0.0468817207784 0.058488702856
Herato04 Herato0411 12180981.0 6175000.0 0.0354741773029 0.0157158738711 0.0349037902304 0.0713037441572
Herato04 Herato0411 12230981.0 6225000.0 0.0175554363924 0.0128030713012 0.0170629045527 0.0257165416804
Herato04 Herato0411 12280981.0 6275000.0 0.0240902527434 0.0201872908376 0.0237911355764 0.0294485215065
Herato04 Herato0411 12330981.0 6325000.0 0.0734434557257 0.0233966004149 0.0367709852873 0.336366425258
Herato04 Herato0411 12380981.0 6375000.0 0.0694074654133 0.0340033042209 0.0648046063817 0.135992553686
Herato04 Herato0411 12430981.0 6425000.0 0.0657688994789 0.052583877752 0.065706459068 0.0819922867633
Herato04 Herato0411 12460064.0 6475000.0 0.0550766500122 0.0522198016165 0.0546638633358 0.0591668371296
Herato04 Herato0412 12489148.0 25000.0 0.0948809897 0.09011893284 0.09449598974 0.10128296816
Herato04 Herato0412 12539148.0 75000.0 0.130598779318 0.122841069515 0.130685945132 0.138571307756
Herato04 Herato0412 12589148.0 125000.0 0.104742004985 0.089482515476 0.102847236501 0.129633614174
Herato04 Herato0412 12639148.0 175000.0 0.0805259154536 0.0649894854946 0.0805247712344 0.10165538102
Herato04 Herato0412 12689148.0 225000.0 0.113023836397 0.098334964834 0.110083027618 0.13100926757
Herato04 Herato0412 12738617.5 275000.0 0.081759344249 0.0767317879608 0.0809256961129 0.0950439684395
Herato04 Herato0413 12788088.0 25000.0 0.082488240672 0.068450989606 0.085590264472 0.099016744442
Herato04 Herato0413 12838088.0 75000.0 0.085050489304 0.0784170274534 0.084898459273 0.093287478248
Herato04 Herato0413 12888088.0 125000.0 0.134245472204 0.103536066563 0.131415574622 0.175755539226
Herato04 Herato0413 12938088.0 175000.0 0.063365931528 0.058245625255 0.063169323818 0.069487772736
Herato04 Herato0413 12988088.0 225000.0 0.0483873568813 0.0430922181247 0.0483506037605 0.055257750485
Herato04 Herato0413 13020158.0 275000.0 0.0471546369873 0.0436166600424 0.0471386658416 0.0509580881895
Herato04 Herato0414 13038890.0 25000.0 0.0695795580568 0.0655257004116 0.0693168483835 0.0747620129063
Herato04 Herato0415 13075552.0 25000.0 0.092550173895 0.0710310998216 0.090723375621 0.123034037078
Herato04 Herato0415 13103849.0 75000.0 0.0417997687291 0.0358921468001 0.0415187761601 0.04922966697
Herato04 Herato0416 13126177.5 25000.0 0.0411627863167 0.034556335514 0.0412418132209 0.0466519953496
Herato04 Herato0417 13170209.0 25000.0 0.0947643826896 0.0512242239253 0.0960312461382 0.117447671442
Herato04 Herato0417 13220209.0 75000.0 0.060624828234 0.055806136698 0.060238993778 0.066801397224
Herato04 Herato0417 13270209.0 125000.0 0.14492871514 0.14077999952 0.14494280656 0.15092619566
Herato04 Herato0417 13299605.5 175000.0 0.066955285427 0.0594067440673 0.0668471859696 0.0744955111793
Herato04 Herato0418 13329003.0 25000.0 0.0592056698004 0.0500729655083 0.058783295458 0.070053650524
Herato04 Herato0418 13369707.0 75000.0 0.110237381673 0.0985632187328 0.109604789614 0.124833907237
Herato04 Herato0419 13410412.0 25000.0 0.0454699845613 0.0310933853795 0.0449694718215 0.0661220537914
Herato04 Herato0419 13460412.0 75000.0 0.0152366059083 0.0117244694571 0.015083440781 0.0197066994064
Herato04 Herato0419 13510412.0 125000.0 0.022007819243 0.00998825921985 0.0173898421311 0.0629027773804
Herato04 Herato0419 13560412.0 175000.0 0.0179429529526 0.0115025427998 0.0173336357591 0.0286775252039
Herato04 Herato0419 13610412.0 225000.0 0.0731532988449 0.0463896440177 0.0686451392398 0.114242417103
Herato04 Herato0419 13660412.0 275000.0 0.104352596048 0.059505302325 0.102093898336 0.159870342477
Herato04 Herato0419 13710412.0 325000.0 0.0971746963278 0.0267873221607 0.0948745370869 0.207838595277
Herato04 Herato0419 13760412.0 375000.0 0.0410796315148 0.0358434486694 0.040623750352 0.0502588390164
Herato04 Herato0419 13810412.0 425000.0 0.126733151378 0.075125400573 0.115977447908 0.226490561804
Herato04 Herato0419 13860412.0 475000.0 0.0316281402796 0.0238864050976 0.0305098140986 0.042173284682
Herato04 Herato0419 13910412.0 525000.0 0.041321664625 0.0283376005539 0.04050915143 0.0592215183794
Herato04 Herato0419 13960412.0 575000.0 0.0198272768542 0.0162635337783 0.0197658143176 0.0241214918502
Herato04 Herato0419 14010412.0 625000.0 0.0497643524014 0.0306421889751 0.0479332735308 0.0848095547384
Herato04 Herato0419 14060412.0 675000.0 0.0873758134982 0.017967138333 0.0712779456722 0.268199506734
Herato04 Herato0419 14110412.0 725000.0 0.0709586753173 0.024417171142 0.0629767464503 0.154565629539
Herato04 Herato0419 14160412.0 775000.0 0.121492249496 0.0689456933816 0.114788623244 0.211408016767
Herato04 Herato0419 14210412.0 825000.0 0.0566712500738 0.0505412792159 0.0565530834246 0.0633178367648
Herato04 Herato0419 14260412.0 875000.0 0.0784237083413 0.0508267003729 0.0730923101748 0.131372412852
Herato04 Herato0419 14310412.0 925000.0 0.0479839694455 0.0379625533025 0.0457915307651 0.0648370516916
Herato04 Herato0419 14360412.0 975000.0 0.0802239035774 0.0435878903772 0.0742686029278 0.15053058917
Herato04 Herato0419 14410412.0 1025000.0 0.0294711385007 0.0148966646281 0.0289092101115 0.0462777061918
Herato04 Herato0419 14460412.0 1075000.0 0.0628167433639 0.0364639694943 0.0609011247366 0.104830473042
Herato04 Herato0419 14510412.0 1125000.0 0.0423482915483 0.0272158014075 0.0410306333181 0.0655420818974
Herato04 Herato0419 14560412.0 1175000.0 0.0592545668806 0.0111065181375 0.0589633190685 0.125067764859
Herato04 Herato0419 14610412.0 1225000.0 0.0232294061826 0.018805952142 0.0230818687303 0.0282172997884
Herato04 Herato0419 14660412.0 1275000.0 0.0530602942631 0.0411321229853 0.0523207824691 0.070297336166
Herato04 Herato0419 14710412.0 1325000.0 0.0312001806136 0.0239091499318 0.0306803814423 0.0419033665302
Herato04 Herato0419 14760412.0 1375000.0 0.0896418842236 0.0472836995845 0.0843297481934 0.161769960108
Herato04 Herato0419 14810412.0 1425000.0 0.0200377614729 0.0147414616675 0.0183946028834 0.0315704024869
Herato04 Herato0419 14860412.0 1475000.0 0.0119521468229 0.0102721070903 0.0118678984237 0.0141545380521
Herato04 Herato0419 14910412.0 1525000.0 0.0262829865486 0.0133134597992 0.02471571273 0.048581202205
Herato04 Herato0419 14960412.0 1575000.0 0.00786560314578 0.00652955559935 0.00778640457628 0.00950654190592
Herato04 Herato0419 15010412.0 1625000.0 0.0252460453729 0.0153493257647 0.0228203388051 0.0470280933312
Herato04 Herato0419 15060412.0 1675000.0 0.0394279421368 0.0205950362404 0.0358582822493 0.0795122269983
Herato04 Herato0419 15110412.0 1725000.0 0.0175036729352 0.0147942462347 0.0172729135623 0.0208594953946
Herato04 Herato0419 15160412.0 1775000.0 0.0259711440275 0.0187445073031 0.024998404721 0.03912503495
Herato04 Herato0419 15210412.0 1825000.0 0.0414958142568 0.0289851312176 0.0399885976053 0.0623041094764
Herato04 Herato0419 15260412.0 1875000.0 0.0308053643716 0.0205538454945 0.0298109812472 0.0501352309722
Herato04 Herato0419 15310412.0 1925000.0 0.0456140541856 0.024324766684 0.0436205607507 0.0758923929708
Herato04 Herato0419 15360412.0 1975000.0 0.0208563597724 0.0167900533044 0.0207361725628 0.02566566908
Herato04 Herato0419 15410412.0 2025000.0 0.0106730149676 0.00744095578327 0.0102440397318 0.0166620862104
Herato04 Herato0419 15460412.0 2075000.0 0.0166411350481 0.0141265411891 0.0164373882245 0.0202062261698
Herato04 Herato0419 15510412.0 2125000.0 0.017739259226 0.013287542051 0.0168582585082 0.0317222877224
Herato04 Herato0419 15560412.0 2175000.0 0.00060086042816 0.00042043485013 0.00061057854028 0.00076563993236
