chrom scaffold Cposition position mean p0025 p0500 p0975
Herato15 Herato1501 25001.0 25000.0 0.0237732362053 0.0170400800462 0.022087057615 0.0365930259742
Herato15 Herato1501 62748.0 75000.0 0.102948223649 0.0434983929454 0.0960606550876 0.198143725577
Herato15 Herato1502 100496.0 25000.0 0.0962340665292 0.0496004607996 0.0879514246333 0.191373719575
Herato15 Herato1502 150496.0 75000.0 0.0373504259068 0.0314770298995 0.0370301026474 0.0448066598616
Herato15 Herato1502 200496.0 125000.0 0.0266234659312 0.022811289192 0.0265631084862 0.0311358825606
Herato15 Herato1502 228767.5 175000.0 0.0377261535993 0.0327176026288 0.0376142469815 0.0442731772887
Herato15 Herato1503 241176.5 25000.0 0.00733000497171 0.00684412044408 0.00734669919225 0.00803746657473
Herato15 Herato1504 275314.0 25000.0 0.0301771766634 0.0221369981361 0.0292725087128 0.0428404163848
Herato15 Herato1504 322273.5 75000.0 0.0442240678385 0.0376738965892 0.0440441050707 0.0520176116851
Herato15 Herato1505 369234.0 25000.0 0.0372072497973 0.0195700722005 0.0355312372101 0.0644728962843
Herato15 Herato1505 419234.0 75000.0 0.029379236912 0.0153367113107 0.0266034702065 0.0614581742076
Herato15 Herato1505 469234.0 125000.0 0.0137387007842 0.0106518668643 0.0135447223491 0.0186069697605
Herato15 Herato1505 519234.0 175000.0 0.0467290272089 0.0184093064457 0.0425963569041 0.101356504678
Herato15 Herato1505 569234.0 225000.0 0.00861903471316 0.00792374659905 0.00857820454014 0.0094098925153
Herato15 Herato1505 619234.0 275000.0 0.00758717832138 0.00664298970832 0.00761016912688 0.0086109335432
Herato15 Herato1505 669234.0 325000.0 0.0354362205069 0.0167109835314 0.0301923139573 0.0758727393573
Herato15 Herato1505 719234.0 375000.0 0.061900523097 0.0104496333633 0.0568306971073 0.164287682639
Herato15 Herato1505 769234.0 425000.0 0.0418375943242 0.0246163372689 0.0399671417164 0.0718076106043
Herato15 Herato1505 819234.0 475000.0 0.0199816830101 0.0164922863681 0.0199607797505 0.0242557945236
Herato15 Herato1505 869234.0 525000.0 0.0272583568598 0.0182307937661 0.0266759162372 0.0399585252678
Herato15 Herato1505 919234.0 575000.0 0.0518418852292 0.0273437367338 0.048489034866 0.0965157191405
Herato15 Herato1505 969234.0 625000.0 0.039630489568 0.0223298278504 0.038524147826 0.0652794151629
Herato15 Herato1505 1019234.0 675000.0 0.0208435934061 0.0162510261555 0.0205090438614 0.0274947665722
Herato15 Herato1505 1069234.0 725000.0 0.048165975357 0.0334127806636 0.0469156900622 0.0710473732676
Herato15 Herato1505 1119234.0 775000.0 0.105808823494 0.0618150523342 0.101914252794 0.171897507639
Herato15 Herato1505 1169234.0 825000.0 0.027662569871 0.0110254391714 0.024858230449 0.0609955060572
Herato15 Herato1505 1219234.0 875000.0 0.0429669899025 0.0222085904024 0.0407657264372 0.0775735583928
Herato15 Herato1505 1269234.0 925000.0 0.0274449920662 0.0127418644478 0.0228283450517 0.0791864500329
Herato15 Herato1505 1319234.0 975000.0 0.0298892155691 0.0172861346756 0.0239044011849 0.0642936209194
Herato15 Herato1505 1369234.0 1025000.0 0.0467174685383 0.0237235291733 0.043846651323 0.0869293226637
Herato15 Herato1505 1419234.0 1075000.0 0.00986128223678 0.008085850661 0.00980320135598 0.0120512096018
Herato15 Herato1505 1469234.0 1125000.0 0.0078812386512 0.00542635628514 0.00782501755912 0.010829406792
Herato15 Herato1505 1519234.0 1175000.0 0.0488073752978 0.016640356968 0.0461440643886 0.102835006361
Herato15 Herato1505 1569234.0 1225000.0 0.0133621218068 0.00907828861105 0.0131913767956 0.0189616713832
Herato15 Herato1505 1619234.0 1275000.0 0.0251698414905 0.0162709946311 0.0241001115238 0.0401277473523
Herato15 Herato1505 1669234.0 1325000.0 0.017607209124 0.0130932482994 0.0171922566882 0.0250372544162
Herato15 Herato1505 1719234.0 1375000.0 0.0463920405686 0.0286533033227 0.0438492532828 0.0757126856862
Herato15 Herato1505 1769234.0 1425000.0 0.0355861123708 0.015335309529 0.0309699754984 0.0829115868714
Herato15 Herato1505 1819234.0 1475000.0 0.0428896473054 0.0231839347364 0.0402386948385 0.0799181738873
Herato15 Herato1505 1869234.0 1525000.0 0.0941144403598 0.0383205048342 0.088230028341 0.188857207416
Herato15 Herato1505 1919234.0 1575000.0 0.0173383626211 0.0125134962049 0.0169810519742 0.0237976120703
Herato15 Herato1505 1969234.0 1625000.0 0.0184193035645 0.0155576806957 0.0182809951808 0.0220039055493
Herato15 Herato1505 2019234.0 1675000.0 0.166759660831 0.0320979114505 0.15476293952 0.38377675646
Herato15 Herato1505 2069234.0 1725000.0 0.0344596851009 0.0124519716479 0.0316603999513 0.0775886412452
Herato15 Herato1505 2119234.0 1775000.0 0.0360686041363 0.0107142741415 0.0288547685358 0.102215415946
Herato15 Herato1505 2169234.0 1825000.0 0.128295485729 0.021885730244 0.0880583871498 0.463754621613
Herato15 Herato1505 2219234.0 1875000.0 0.0417910109426 0.0223404020411 0.0408011241306 0.0702133536161
Herato15 Herato1505 2269234.0 1925000.0 0.0677710906072 0.0256103881299 0.0627060177228 0.141132858037
Herato15 Herato1505 2319234.0 1975000.0 0.013738736428 0.00741679200538 0.0124378716974 0.0260719368378
Herato15 Herato1505 2369234.0 2025000.0 0.039051318848 0.0205808919054 0.0351163235792 0.0784148375408
Herato15 Herato1505 2419234.0 2075000.0 0.015507272829 0.013802977777 0.0154813541244 0.0172605071538
Herato15 Herato1505 2469234.0 2125000.0 0.0102798200398 0.0095470243386 0.0103704135016 0.0108484398778
Herato15 Herato1505 2519234.0 2175000.0 0.0201603749782 0.00934180646003 0.019306228468 0.0342571929182
Herato15 Herato1505 2569234.0 2225000.0 0.0387646730719 0.0235573944997 0.037427976304 0.0618344195633
Herato15 Herato1505 2619234.0 2275000.0 0.0237431872384 0.0164150000626 0.0236752286926 0.032673086578
Herato15 Herato1505 2669234.0 2325000.0 0.0311787988548 0.0144082056251 0.0273401547615 0.0731719213994
Herato15 Herato1505 2719234.0 2375000.0 0.028408073093 0.0142877412782 0.0253876135884 0.05503703447
Herato15 Herato1505 2769234.0 2425000.0 0.00721431070272 0.00521802807628 0.0071527879067 0.00992150282876
Herato15 Herato1505 2819234.0 2475000.0 0.0615959586327 0.0325797402391 0.0551545819607 0.12828973071
Herato15 Herato1505 2869234.0 2525000.0 0.0128007557797 0.00861767555077 0.0117964691547 0.0215004882428
Herato15 Herato1505 2919234.0 2575000.0 0.0101470041788 0.00740484627116 0.0097869342834 0.0173352993496
Herato15 Herato1505 2969234.0 2625000.0 0.0502710649333 0.024919506235 0.0468100565858 0.0944100546178
Herato15 Herato1505 3019234.0 2675000.0 0.0123202528484 0.00940555478816 0.0119436585521 0.0167422392379
Herato15 Herato1505 3069234.0 2725000.0 0.041885435763 0.0193326088195 0.0354568997078 0.0817425060716
Herato15 Herato1505 3119234.0 2775000.0 0.0721936766939 0.0306125544927 0.0660943554344 0.14702552961
Herato15 Herato1505 3169234.0 2825000.0 0.0538765064526 0.0259914961045 0.0511343886642 0.100925946656
Herato15 Herato1505 3219234.0 2875000.0 0.0245235978145 0.0118070799558 0.0218730366646 0.0519732379837
Herato15 Herato1505 3269234.0 2925000.0 0.0207070097931 0.0140884484068 0.0200960089755 0.0330399873168
Herato15 Herato1505 3319234.0 2975000.0 0.0407439532651 0.0189687471037 0.0375632052067 0.0808919964518
Herato15 Herato1505 3369234.0 3025000.0 0.00277011444234 0.00203340300264 0.002758151974 0.00392752749608
Herato15 Herato1505 3419234.0 3075000.0 0.0294289093591 0.0161798985129 0.0281034395961 0.0522202081252
Herato15 Herato1505 3469234.0 3125000.0 0.0490605745953 0.0333160020776 0.04241796624 0.0860860486915
Herato15 Herato1505 3519234.0 3175000.0 0.0385941942263 0.027833803509 0.0376859263334 0.0537877324576
Herato15 Herato1505 3569234.0 3225000.0 0.00715871914496 0.00592940180964 0.00707265064516 0.00863540123408
Herato15 Herato1505 3619234.0 3275000.0 0.0355971605278 0.0191552660875 0.0315461303282 0.0766672257086
Herato15 Herato1505 3669234.0 3325000.0 0.0388856107792 0.0200401731359 0.0365275819817 0.0730169838618
Herato15 Herato1505 3719234.0 3375000.0 0.0246458658437 0.0107446717526 0.0232363410939 0.047886099039
Herato15 Herato1505 3769234.0 3425000.0 0.00555903078868 0.00279093115539 0.00499369885416 0.0134682205881
Herato15 Herato1505 3819234.0 3475000.0 0.121209024721 0.057737776473 0.108146571994 0.26266464867
Herato15 Herato1505 3869234.0 3525000.0 0.0107333927538 0.0092151537462 0.0106361166294 0.012695433913
Herato15 Herato1505 3919234.0 3575000.0 0.120481143584 0.0565528994252 0.108649679654 0.246640258775
Herato15 Herato1505 3969234.0 3625000.0 0.0359345342896 0.0272381104986 0.034968499462 0.050348549811
Herato15 Herato1505 4019234.0 3675000.0 0.0431959456414 0.013444817913 0.0370369818004 0.100589582195
Herato15 Herato1505 4069234.0 3725000.0 0.0422846306548 0.0178062583371 0.0408402046328 0.079877428029
Herato15 Herato1505 4119234.0 3775000.0 0.0100558090404 0.00763692230714 0.00961138332096 0.0136246834324
Herato15 Herato1505 4169234.0 3825000.0 0.04924822795 0.00876417617117 0.0292961257881 0.172700429291
Herato15 Herato1505 4219234.0 3875000.0 0.0173307551681 0.0110107650972 0.0163137278235 0.0293151309942
Herato15 Herato1505 4251179.0 3925000.0 0.109724673988 0.0639633900039 0.1083914651 0.176105436854
Herato15 Herato1506 4283125.0 25000.0 0.025793789638 0.0123536259888 0.0162809759088 0.0641049926002
Herato15 Herato1506 4333125.0 75000.0 0.0114944401297 0.00844528239354 0.0114545168718 0.0145885564003
Herato15 Herato1506 4383125.0 125000.0 0.015747377433 0.0132488618291 0.0156839491924 0.0183533540208
Herato15 Herato1506 4422672.0 175000.0 0.0122119356733 0.00944725235959 0.0119751983753 0.0157215912085
Herato15 Herato1507 4462220.0 25000.0 0.0188292721799 0.0131260172596 0.0185167675509 0.0279676018418
Herato15 Herato1507 4512220.0 75000.0 0.00671912476906 0.00369260287016 0.0067485487117 0.012322863526
Herato15 Herato1507 4562220.0 125000.0 0.0246743726953 0.0184280228053 0.023993097914 0.0397233519531
Herato15 Herato1507 4612220.0 175000.0 0.0967876124994 0.0265293869801 0.0749239879854 0.287510593185
Herato15 Herato1507 4662220.0 225000.0 0.017530110389 0.012349184811 0.0170928283526 0.0261313037536
Herato15 Herato1507 4712220.0 275000.0 0.106519608612 0.0597750966732 0.0995574773831 0.186076041507
Herato15 Herato1507 4762220.0 325000.0 0.0199439304995 0.0146285415907 0.0196692935808 0.0275178586612
Herato15 Herato1507 4812220.0 375000.0 0.0204705205108 0.015809773486 0.0202105286498 0.0256119357092
Herato15 Herato1507 4862220.0 425000.0 0.021164865121 0.0150240332857 0.0207509162194 0.02891355801
Herato15 Herato1507 4912220.0 475000.0 0.018824865372 0.00895316241692 0.018464931957 0.0281684091056
Herato15 Herato1507 4962220.0 525000.0 0.0112608200978 0.00956254733325 0.0112073056727 0.0133796741718
Herato15 Herato1507 5012220.0 575000.0 0.0262521497644 0.0181027506471 0.0237054732206 0.040551418744
Herato15 Herato1507 5062220.0 625000.0 0.065811873305 0.0426750199851 0.0658751154716 0.102543648402
Herato15 Herato1507 5112220.0 675000.0 0.0318578875256 0.0274396379362 0.0316040088776 0.041142373821
Herato15 Herato1507 5162220.0 725000.0 0.0833153038809 0.0514993311495 0.079594787659 0.132562166733
Herato15 Herato1507 5212220.0 775000.0 0.0314007626355 0.0152286662962 0.0295451482213 0.0591058005442
Herato15 Herato1507 5262220.0 825000.0 0.0169221679918 0.0147397287197 0.0167429400714 0.019018163937
Herato15 Herato1507 5312220.0 875000.0 0.015929958986 0.013794496934 0.015718502312 0.018688399042
Herato15 Herato1507 5362220.0 925000.0 0.0202184054687 0.0175556851635 0.0200043445315 0.0238371554673
Herato15 Herato1507 5412220.0 975000.0 0.0734591060138 0.0434793902892 0.0706569164777 0.124115125307
Herato15 Herato1507 5462220.0 1025000.0 0.0113998726408 0.00885899624395 0.0112230332071 0.0147840854702
Herato15 Herato1507 5512220.0 1075000.0 0.0112850466726 0.0100167449801 0.0112334997598 0.0127559887491
Herato15 Herato1507 5562220.0 1125000.0 0.0133308037765 0.011327481882 0.0132864375188 0.015251506367
Herato15 Herato1507 5612220.0 1175000.0 0.04460283458 0.0237687174517 0.0409298577977 0.0839081731858
Herato15 Herato1507 5662220.0 1225000.0 0.00672882129828 0.00574812809113 0.0067052889167 0.0081094025892
Herato15 Herato1507 5712220.0 1275000.0 0.005246548458 0.0047940441986 0.0052582975368 0.005723780764
Herato15 Herato1507 5762220.0 1325000.0 0.0346590827329 0.0227476528067 0.0330487734902 0.0563712515453
Herato15 Herato1507 5812220.0 1375000.0 0.048222901549 0.0321989776865 0.0461421913412 0.0764646069741
Herato15 Herato1507 5862220.0 1425000.0 0.017234636845 0.0105413254066 0.0165788954873 0.0249579558078
Herato15 Herato1507 5912220.0 1475000.0 0.0291171633719 0.0220306005484 0.0282593525248 0.0423347996396
Herato15 Herato1507 5962220.0 1525000.0 0.035183274352 0.029518887256 0.035121074096 0.042339859774
Herato15 Herato1507 6012220.0 1575000.0 0.043328024454 0.0370768061278 0.0427512309676 0.0514159639932
Herato15 Herato1507 6062220.0 1625000.0 0.04872460859 0.04288610122 0.048079415472 0.05683595733
Herato15 Herato1507 6112220.0 1675000.0 0.0463252104 0.0421409472 0.0459111018 0.0509422269
Herato15 Herato1507 6162220.0 1725000.0 0.029603601062 0.014918758106 0.029331408326 0.054474226752
Herato15 Herato1507 6212220.0 1775000.0 0.0366512765149 0.0280696679142 0.0359283610346 0.0475866973319
Herato15 Herato1507 6262220.0 1825000.0 0.0254181555239 0.0230614674683 0.0255160330385 0.0278051879694
Herato15 Herato1507 6312220.0 1875000.0 0.0590383184975 0.031657154332 0.0565914304873 0.104246234482
Herato15 Herato1507 6362220.0 1925000.0 0.0306285974195 0.0200759743613 0.0282811835743 0.0534603780954
Herato15 Herato1507 6412220.0 1975000.0 0.0248341037318 0.0197150346384 0.0250592478727 0.0298459592669
Herato15 Herato1507 6462220.0 2025000.0 0.0192008862744 0.0159487481149 0.0190221178512 0.0236414132976
Herato15 Herato1507 6512220.0 2075000.0 0.0122856403497 0.0102161580913 0.0121064284602 0.0148782172446
Herato15 Herato1507 6562220.0 2125000.0 0.0502489592695 0.0262234684519 0.0460402869056 0.106449599273
Herato15 Herato1507 6612220.0 2175000.0 0.0232752111556 0.0166023225853 0.0228798117082 0.0329385736036
Herato15 Herato1507 6662220.0 2225000.0 0.106463901779 0.0279392093912 0.0937109290044 0.260940383603
Herato15 Herato1507 6712220.0 2275000.0 0.0458925197224 0.0168877649383 0.042001680655 0.109410734568
Herato15 Herato1507 6762220.0 2325000.0 0.0330046256052 0.0192393742361 0.027340210447 0.0690715494128
Herato15 Herato1507 6812220.0 2375000.0 0.0157258931292 0.0133302729942 0.0156244813326 0.0191846174602
Herato15 Herato1507 6862220.0 2425000.0 0.0262839780148 0.0221235177943 0.0250713338584 0.0347914350031
Herato15 Herato1507 6912220.0 2475000.0 0.0217965917987 0.0162399946327 0.0215391193242 0.0289890974438
Herato15 Herato1507 6962220.0 2525000.0 0.0143649456485 0.0121365961787 0.0142715373524 0.0169484356938
Herato15 Herato1507 7012220.0 2575000.0 0.009801306284 0.007686243578 0.00988973359 0.01207263723
Herato15 Herato1507 7062220.0 2625000.0 0.020700552779 0.0177327110452 0.0205897616158 0.0247512577808
Herato15 Herato1507 7112220.0 2675000.0 0.036268609638 0.0292111851578 0.0360581556662 0.045099860521
Herato15 Herato1507 7162220.0 2725000.0 0.014770206552 0.013636082182 0.014854301742 0.015608794594
Herato15 Herato1507 7212220.0 2775000.0 0.0196678437098 0.01758965554 0.0195252623158 0.0223225378246
Herato15 Herato1507 7262220.0 2825000.0 0.0485854880926 0.0246638619042 0.0474044672846 0.0926346660864
Herato15 Herato1507 7312220.0 2875000.0 0.0487905624382 0.0232615124975 0.0460739417968 0.0932838428683
Herato15 Herato1507 7362220.0 2925000.0 0.0468325775157 0.0149026290765 0.0443768155662 0.102886185238
Herato15 Herato1507 7412220.0 2975000.0 0.04484712404 0.0170284462667 0.0396454580184 0.097203443753
Herato15 Herato1507 7462220.0 3025000.0 0.0307781891606 0.018419497831 0.0289866384784 0.0523896310534
Herato15 Herato1507 7512220.0 3075000.0 0.0393030079537 0.0198424524912 0.0374707071259 0.0747046931728
Herato15 Herato1507 7562220.0 3125000.0 0.0538770594423 0.0284337546814 0.050882698969 0.100691543732
Herato15 Herato1507 7612220.0 3175000.0 0.0358035047604 0.0218580181306 0.0347961260103 0.057001179078
Herato15 Herato1507 7662220.0 3225000.0 0.0422730478798 0.0229953423489 0.0401748440054 0.0770411020624
Herato15 Herato1507 7712220.0 3275000.0 0.120700153792 0.0318644572162 0.0967589491172 0.317850099398
Herato15 Herato1507 7762220.0 3325000.0 0.0293501373286 0.0265448813169 0.0292790638495 0.0329671690949
Herato15 Herato1507 7812220.0 3375000.0 0.0148796380979 0.0127563397368 0.0148623254751 0.0173646944338
Herato15 Herato1507 7862220.0 3425000.0 0.0367142321268 0.0261278554322 0.0357087496181 0.0537949109185
Herato15 Herato1507 7912220.0 3475000.0 0.0423225538366 0.0236200418838 0.040505664924 0.0772715464816
Herato15 Herato1507 7962220.0 3525000.0 0.0474088345063 0.0274347498816 0.0451309391967 0.0829049980666
Herato15 Herato1507 8012220.0 3575000.0 0.0455634793356 0.0201796945576 0.0427315207754 0.083273040406
Herato15 Herato1507 8062220.0 3625000.0 0.0146706751404 0.0114762290545 0.0149420912528 0.0180341765534
Herato15 Herato1507 8112220.0 3675000.0 0.0230074393644 0.0185140308378 0.0229374240172 0.0286695835122
Herato15 Herato1507 8162220.0 3725000.0 0.05618624593 0.045218459486 0.055876486724 0.069437543696
Herato15 Herato1507 8212220.0 3775000.0 0.0281241451777 0.0228390409359 0.02708437266 0.0361786132394
Herato15 Herato1507 8262220.0 3825000.0 0.0631019964902 0.0472015830652 0.0616658344301 0.0854962834864
Herato15 Herato1507 8312220.0 3875000.0 0.124733395636 0.0819517727997 0.113424728628 0.193816416609
Herato15 Herato1507 8362220.0 3925000.0 0.03376363247 0.02020997321 0.031013837666 0.06120645872
Herato15 Herato1507 8412220.0 3975000.0 0.02000629122 0.01907085528 0.0201059056 0.02085934572
Herato15 Herato1507 8462220.0 4025000.0 0.0367448830515 0.0264467207079 0.0344861498348 0.06389518478
Herato15 Herato1507 8512220.0 4075000.0 0.0353173638 0.028071062052 0.03457176282 0.04818910868
Herato15 Herato1507 8562220.0 4125000.0 0.0453570692505 0.0218328176871 0.0411876878217 0.0973702529656
Herato15 Herato1507 8612220.0 4175000.0 0.0445846324468 0.0386157525648 0.0444857933888 0.050439779346
Herato15 Herato1507 8662220.0 4225000.0 0.045339583062 0.0303873825239 0.0452110569396 0.0598685815728
Herato15 Herato1507 8712220.0 4275000.0 0.036364629949 0.032223685233 0.0361959421514 0.0413876321994
Herato15 Herato1507 8762220.0 4325000.0 0.0560477953672 0.0489540660753 0.055814238099 0.0646463295764
Herato15 Herato1507 8812220.0 4375000.0 0.0383828830168 0.030563165587 0.0381260902598 0.04793539127
Herato15 Herato1507 8862220.0 4425000.0 0.0529844284302 0.0246268487445 0.0488953819592 0.11483993546
Herato15 Herato1507 8912220.0 4475000.0 0.0180062774348 0.0158913954208 0.0179280116498 0.0204508823868
Herato15 Herato1507 8962220.0 4525000.0 0.0614401545056 0.0329635569009 0.0600760996488 0.100811668515
Herato15 Herato1507 9012220.0 4575000.0 0.0236965162405 0.020112173359 0.023519018976 0.0285780673055
Herato15 Herato1507 9062220.0 4625000.0 0.0302805519791 0.0247904758644 0.0295979937496 0.03873304347
Herato15 Herato1507 9112220.0 4675000.0 0.0392849662096 0.0269673964149 0.0376467276083 0.0598694086202
Herato15 Herato1507 9162220.0 4725000.0 0.0216986538243 0.0181242066516 0.0212067648885 0.0272366096159
Herato15 Herato1507 9212220.0 4775000.0 0.0490651246972 0.0334258966527 0.0471779825584 0.0754451767828
Herato15 Herato1507 9262220.0 4825000.0 0.013613679562 0.012189992216 0.013664392392 0.015135105168
Herato15 Herato1507 9312220.0 4875000.0 0.020661232118 0.0182983824461 0.0206784775165 0.0234569257597
Herato15 Herato1507 9362220.0 4925000.0 0.0261156723198 0.0234482880453 0.0261214167246 0.0292261105924
Herato15 Herato1507 9412220.0 4975000.0 0.041524176102 0.0236714137012 0.0415240729728 0.0702056749422
Herato15 Herato1507 9462220.0 5025000.0 0.0267847090907 0.0219599550997 0.0265263197913 0.0323223380068
Herato15 Herato1507 9512220.0 5075000.0 0.0129433053982 0.00969304323604 0.0127445064476 0.0174300391845
Herato15 Herato1507 9562220.0 5125000.0 0.021984092716 0.0174389112644 0.0217853714032 0.0276777921724
Herato15 Herato1507 9612220.0 5175000.0 0.085048073977 0.0462387053475 0.0792362848895 0.156950140273
Herato15 Herato1507 9662220.0 5225000.0 0.0205379662536 0.0175335414068 0.02012941487 0.0280216955261
Herato15 Herato1507 9712220.0 5275000.0 0.0219677432026 0.0108633131787 0.0157895721822 0.067917854789
Herato15 Herato1507 9762220.0 5325000.0 0.0497629446048 0.0229484354838 0.0471201750435 0.103126491836
Herato15 Herato1507 9812220.0 5375000.0 0.0149301774153 0.0127739545587 0.015007544511 0.0174142429372
Herato15 Herato1507 9862220.0 5425000.0 0.0401705758022 0.0263717411229 0.0391553433458 0.0611184137684
Herato15 Herato1507 9912220.0 5475000.0 0.0404223641932 0.0341450458788 0.0403644030505 0.0467677869256
Herato15 Herato1507 9962220.0 5525000.0 0.0229753892533 0.0196283009566 0.0227883588431 0.026896899706
Herato15 Herato1507 10012220.0 5575000.0 0.05577614475 0.0237459943873 0.0533303889764 0.106159189749
Herato15 Herato1507 10062220.0 5625000.0 0.0388118747192 0.0226990769824 0.03690118627 0.0646182709544
Herato15 Herato1507 10112220.0 5675000.0 0.0135775899717 0.0126795608094 0.0135001336514 0.0146467603128
Herato15 Herato1507 10162220.0 5725000.0 0.02040277483 0.0183222239002 0.0202714431865 0.0223761898526
Herato15 Herato1507 10212220.0 5775000.0 0.0232481924825 0.0129819626926 0.022660285251 0.0354245129784
Herato15 Herato1507 10262220.0 5825000.0 0.0431992544385 0.0265873852313 0.0410271687938 0.0715904691342
Herato15 Herato1507 10312220.0 5875000.0 0.0261690560046 0.0191398789891 0.0256543124117 0.0363178751554
Herato15 Herato1507 10362220.0 5925000.0 0.0237102406476 0.0183403014868 0.0224061276564 0.0356964218698
Herato15 Herato1507 10412220.0 5975000.0 0.060236511303 0.0529949585345 0.0594504926348 0.0700031400632
Herato15 Herato1507 10462220.0 6025000.0 0.0703509890796 0.0638660306932 0.0706132428732 0.0770157276224
Herato15 Herato1507 10512220.0 6075000.0 0.021222245298 0.01944320934 0.021224298296 0.023345946346
Herato15 Herato1507 10562220.0 6125000.0 0.0287964055651 0.021590128991 0.0279584833866 0.0398527351686
Herato15 Herato1507 10612220.0 6175000.0 0.0429861870123 0.0312327873763 0.0435760307346 0.0510941293578
Herato15 Herato1507 10662220.0 6225000.0 0.0247870337295 0.0180967656115 0.0237714035453 0.0374789248458
Herato15 Herato1507 10712220.0 6275000.0 0.0285809475097 0.0241369167637 0.0281303449356 0.0347186997778
Herato15 Herato1507 10762220.0 6325000.0 0.0297035123306 0.0182326348329 0.0278953666697 0.0553427707025
Herato15 Herato1507 10812220.0 6375000.0 0.03107266201 0.0269834248961 0.031080348172 0.0362563489976
Herato15 Herato1507 10862220.0 6425000.0 0.0351052444368 0.0293712641517 0.0346529610799 0.0428418457301
Herato15 Herato1507 10912220.0 6475000.0 0.070505298318 0.0261294845633 0.063212814962 0.154117897681
Herato15 Herato1507 10962220.0 6525000.0 0.0589508430492 0.0315126570535 0.0566868479098 0.103425601128
Herato15 Herato1507 11012220.0 6575000.0 0.0338634042052 0.0225129180599 0.0323308763504 0.0517114297606
Herato15 Herato1507 11062220.0 6625000.0 0.0505018964435 0.0207167787397 0.0477011614447 0.11096178117
Herato15 Herato1507 11112220.0 6675000.0 0.0222297782544 0.0137815499878 0.0167076323432 0.0466478367109
Herato15 Herato1507 11162220.0 6725000.0 0.0238329152812 0.0161419559272 0.0218871070764 0.0375316665188
Herato15 Herato1507 11212220.0 6775000.0 0.0726800131216 0.0426098664167 0.0708992042255 0.121885979948
Herato15 Herato1507 11262220.0 6825000.0 0.0286124352125 0.0162151109683 0.0277900041592 0.0506132567738
Herato15 Herato1507 11312220.0 6875000.0 0.0295463630188 0.0219054250123 0.0288710213516 0.0411390470412
Herato15 Herato1507 11362220.0 6925000.0 0.0286639766124 0.0218539538116 0.028037626073 0.0388036830484
Herato15 Herato1507 11412220.0 6975000.0 0.0290478733728 0.0248609470794 0.028927829233 0.033944101322
Herato15 Herato1507 11462220.0 7025000.0 0.039599862181 0.0306636526076 0.0393163177808 0.050446051695
Herato15 Herato1507 11512220.0 7075000.0 0.051754036057 0.031428142084 0.049526025105 0.0881358076734
Herato15 Herato1507 11562220.0 7125000.0 0.0556565935848 0.0352321348717 0.0534853173819 0.0878585599176
Herato15 Herato1507 11612220.0 7175000.0 0.0534256626998 0.0198801262842 0.0499835123924 0.104052366505
Herato15 Herato1507 11662220.0 7225000.0 0.0132970228783 0.0112872421152 0.0132601479031 0.0156437804026
Herato15 Herato1507 11712220.0 7275000.0 0.0277171664593 0.0181201696751 0.0266656241069 0.0446392282792
Herato15 Herato1507 11762220.0 7325000.0 0.0187288394278 0.016137386706 0.0183954273108 0.022467037449
Herato15 Herato1507 11812220.0 7375000.0 0.0429786817011 0.0241604780411 0.040485800921 0.075122224334
Herato15 Herato1507 11862220.0 7425000.0 0.0276278619712 0.0161283051719 0.025515184562 0.0547871989175
Herato15 Herato1507 11912220.0 7475000.0 0.0614093504159 0.0334975311749 0.0565823051517 0.11319381107
Herato15 Herato1507 11962220.0 7525000.0 0.017798007411 0.0154585660145 0.0176462251336 0.020974386984
Herato15 Herato1507 12012220.0 7575000.0 0.0276242551828 0.0185701757953 0.0274550500707 0.0378456679798
Herato15 Herato1507 12062220.0 7625000.0 0.0274383892976 0.0228255072822 0.0272748063498 0.0327043610154
Herato15 Herato1507 12112220.0 7675000.0 0.01950615765 0.016218116032 0.019590458694 0.022375937412
Herato15 Herato1507 12162220.0 7725000.0 0.02524835462 0.023183410188 0.025215801876 0.027824964524
Herato15 Herato1507 12212220.0 7775000.0 0.0374759552108 0.0245862997018 0.0352952375413 0.062007046193
Herato15 Herato1507 12262220.0 7825000.0 0.0324883737776 0.0223138687098 0.0314987617354 0.0471381814968
Herato15 Herato1507 12312220.0 7875000.0 0.03039832621 0.0240015233252 0.0301793636446 0.0398331063621
Herato15 Herato1507 12362220.0 7925000.0 0.0261195444844 0.0219391937524 0.0257870061703 0.031517914452
Herato15 Herato1507 12412220.0 7975000.0 0.0422720821682 0.0293079414463 0.0401499512848 0.0690529915009
Herato15 Herato1507 12462220.0 8025000.0 0.0306013962488 0.024036299122 0.030135193877 0.0386186935406
Herato15 Herato1507 12512220.0 8075000.0 0.0341900912196 0.0191603348947 0.031039354516 0.066623547312
Herato15 Herato1507 12562220.0 8125000.0 0.0564171849355 0.0264095799156 0.0521833754506 0.111875172793
Herato15 Herato1507 12612220.0 8175000.0 0.0539449342395 0.0320579480336 0.0509473032759 0.095365930292
Herato15 Herato1507 12662220.0 8225000.0 0.0339182798672 0.0240136148007 0.032763435659 0.0489374279556
Herato15 Herato1507 12712220.0 8275000.0 0.0259579880641 0.016923597455 0.0226041079934 0.0535042770574
Herato15 Herato1507 12762220.0 8325000.0 0.0371423184406 0.0287262885917 0.0370021263354 0.050237685382
Herato15 Herato1507 12812220.0 8375000.0 0.0387510710992 0.0190135964231 0.0320515087505 0.0803602280272
Herato15 Herato1507 12862220.0 8425000.0 0.0584087228054 0.0319793376459 0.0532874894942 0.113690684569
Herato15 Herato1507 12912220.0 8475000.0 0.0488108401724 0.0282064387619 0.0474146587514 0.0833841136456
Herato15 Herato1507 12962220.0 8525000.0 0.0368029493289 0.0314513420299 0.0366473518927 0.0437305765118
Herato15 Herato1507 13012220.0 8575000.0 0.0295298198342 0.0178663319698 0.0286844004527 0.0453707899425
Herato15 Herato1507 13062220.0 8625000.0 0.030656123322 0.0225245658959 0.0300028514576 0.0426911091564
Herato15 Herato1507 13112220.0 8675000.0 0.0265758738354 0.0205035497769 0.0267237790153 0.0301681970798
Herato15 Herato1507 13162220.0 8725000.0 0.0634785214748 0.0379926072962 0.0592670699754 0.125790970515
Herato15 Herato1507 13212220.0 8775000.0 0.0953147790444 0.0486840130568 0.0895392315961 0.175164605181
Herato15 Herato1507 13262220.0 8825000.0 0.0292446633736 0.0129631074649 0.0283209483148 0.0557908795882
Herato15 Herato1507 13312220.0 8875000.0 0.0293140192092 0.0220995033368 0.0292746824764 0.0382606080742
Herato15 Herato1507 13362220.0 8925000.0 0.020548545598 0.0178873366802 0.020356570192 0.023852970522
Herato15 Herato1507 13412220.0 8975000.0 0.0146978143849 0.0124914957456 0.0144223179677 0.0175166405078
Herato15 Herato1507 13462220.0 9025000.0 0.027722057564 0.017548800917 0.0256731992948 0.0452401570022
Herato15 Herato1507 13512220.0 9075000.0 0.0154038893142 0.0120002725746 0.0148968284163 0.020654916943
Herato15 Herato1507 13562220.0 9125000.0 0.0266739289645 0.0212820407389 0.0262894593421 0.0345052033943
Herato15 Herato1507 13612220.0 9175000.0 0.0546480485589 0.0360941632268 0.051724660473 0.0901854135032
Herato15 Herato1507 13662220.0 9225000.0 0.0250325059838 0.0175289465249 0.0240858989046 0.0401755309298
Herato15 Herato1507 13712220.0 9275000.0 0.0574556406656 0.0193279989138 0.0538409551755 0.122112080781
Herato15 Herato1507 13762220.0 9325000.0 0.0245089036588 0.0199842510991 0.0240942376418 0.0307190338036
Herato15 Herato1507 13812220.0 9375000.0 0.280278919942 0.0179241296777 0.2961857071 0.635411944223
Herato15 Herato1507 13862220.0 9425000.0 0.0579669818903 0.0320931040075 0.0563475053247 0.092771488324
Herato15 Herato1507 13912220.0 9475000.0 0.0317367199599 0.0261772768415 0.0315821218988 0.0378209318976
Herato15 Herato1507 13962220.0 9525000.0 0.0283810751736 0.0191805142624 0.0274115243702 0.041336810565
Herato15 Herato1507 14012220.0 9575000.0 0.0340181659814 0.0302201518594 0.0339585224956 0.0387343199992
Herato15 Herato1507 14062220.0 9625000.0 0.0168470633934 0.0154163561285 0.0168221551112 0.0183886716592
Herato15 Herato1507 14112220.0 9675000.0 0.0381647192682 0.0204564816619 0.0355837401054 0.069011851232
Herato15 Herato1507 14162220.0 9725000.0 0.0198930331304 0.0157548906816 0.019062677078 0.026876471791
Herato15 Herato1507 14212220.0 9775000.0 0.0331853345003 0.0186752096447 0.032787470607 0.0535808753582
Herato15 Herato1507 14262220.0 9825000.0 0.018703120884 0.0152019365552 0.018832796054 0.022070261592
Herato15 Herato1507 14312220.0 9875000.0 0.0271988122596 0.0224719811556 0.0275078407063 0.0321605842234
Herato15 Herato1507 14362220.0 9925000.0 0.0441335550284 0.0318988368815 0.0426538535196 0.0668839379604
Herato15 Herato1507 14412220.0 9975000.0 0.045301609083 0.034801409393 0.043961326691 0.061473433505
Herato15 Herato1507 14462220.0 10025000.0 0.0132353937402 0.0118060387918 0.013251385513 0.0153983600889
Herato15 Herato1507 14512220.0 10075000.0 0.048906655324 0.0177573335155 0.0452651683994 0.101750931199
Herato15 Herato1507 14562220.0 10125000.0 0.0489054829918 0.0294592058104 0.0463904307 0.0811990528022
Herato15 Herato1507 14612220.0 10175000.0 0.0180879848746 0.0170114871583 0.0179784781914 0.019323021941
Herato15 Herato1507 14662220.0 10225000.0 0.0221529124224 0.017287292149 0.0219308264086 0.0283453659448
Herato15 Herato1507 14712220.0 10275000.0 0.0300416031032 0.0123452327705 0.0293484672402 0.0432393720988
Herato15 Herato1507 14762220.0 10325000.0 0.0290669929981 0.0238588509999 0.0286687711677 0.0359160686067
Herato15 Herato1507 14812220.0 10375000.0 0.0264011619466 0.0149110684967 0.0239833384392 0.0536524264243
Herato15 Herato1507 14862220.0 10425000.0 0.040791994052 0.0291372079247 0.0384757475996 0.0631243305079
Herato15 Herato1507 14912220.0 10475000.0 0.0335095236626 0.0267115842113 0.0331904149801 0.0430980144088
Herato15 Herato1507 14962220.0 10525000.0 0.041797719332 0.028042725902 0.041294409684 0.058543704254
Herato15 Herato1507 15012220.0 10575000.0 0.023459370062 0.00977756646538 0.023798069643 0.0332118471958
Herato15 Herato1507 15062220.0 10625000.0 0.0453966544712 0.0302691308425 0.0441138778603 0.0707475390936
Herato15 Herato1507 15112220.0 10675000.0 0.0218521969945 0.0144879819174 0.0209366124518 0.0347287251623
Herato15 Herato1507 15162220.0 10725000.0 0.0578441823532 0.0351144181175 0.0566940933843 0.0893028085681
Herato15 Herato1507 15212220.0 10775000.0 0.039322417058 0.0347558080353 0.0389954107238 0.0445962328348
Herato15 Herato1507 15238216.5 10825000.0 0.054492738585 0.047999022579 0.0543770376317 0.0594148499749
Herato15 Herato1508 15264214.0 25000.0 0.0181220083088 0.0155045483563 0.018041073458 0.0206861293752
Herato15 Herato1508 15298419.5 75000.0 0.0136449845201 0.0115360040193 0.0135622062897 0.0160022997121
Herato15 Herato1509 15332626.0 25000.0 0.05628201278 0.05046683692 0.05614427902 0.06400572614
Herato15 Herato1509 15358525.0 75000.0 0.0395869015573 0.0342916915462 0.0395908230256 0.0449339912125
Herato15 Herato1510 15384425.0 25000.0 0.05411522284 0.049048013464 0.054030693952 0.058880867646
Herato15 Herato1510 15424923.0 75000.0 0.039366889889 0.035453366886 0.0393462180604 0.0430579012131
Herato15 Herato1511 15464541.0 25000.0 0.0787229199621 0.0725572708909 0.0783115541911 0.084627464926
Herato15 Herato1512 15513661.0 25000.0 0.045661802346 0.0381525263411 0.0423973993198 0.056200451258
Herato15 Herato1512 15563661.0 75000.0 0.05305422436 0.0448127424 0.05319901518 0.05850426032
Herato15 Herato1512 15613661.0 125000.0 0.04395936398 0.03859303402 0.04119947774 0.06662555834
Herato15 Herato1512 15663661.0 175000.0 0.04804000688 0.04654326044 0.04775164556 0.04996481512
Herato15 Herato1512 15713661.0 225000.0 0.06834797382 0.05660513376 0.0656587918 0.09021390282
Herato15 Herato1512 15763661.0 275000.0 0.05003532352 0.04613236768 0.05025756288 0.05226853408
Herato15 Herato1512 15813661.0 325000.0 0.04625710978 0.04019182254 0.04591482126 0.05793613352
Herato15 Herato1512 15863661.0 375000.0 0.0644313970244 0.0570280859308 0.0643611543308 0.071891216902
Herato15 Herato1512 15913661.0 425000.0 0.0520409694 0.04962006678 0.05189605272 0.0540707955
Herato15 Herato1512 15939105.0 475000.0 0.0546145833333 0.0520739583333 0.0544625 0.0567447916667
Herato15 Herato1513 15964550.0 25000.0 0.0517181633444 0.0491769546139 0.0515889454062 0.053906260122
Herato15 Herato1513 16007307.5 75000.0 0.0934696501563 0.0808637837956 0.0916917442658 0.118753727974
Herato15 Herato1514 16050066.0 25000.0 0.055797278872 0.0461083831336 0.054564206676 0.071158525144
Herato15 Herato1514 16084722.5 75000.0 0.0840249064879 0.0657462985088 0.0831942777559 0.105664330834
Herato15 Herato1515 16106380.5 25000.0 0.0416447270947 0.0361251627432 0.0403009437523 0.051926207158
Herato15 Herato1516 16138060.5 25000.0 0.066058510481 0.0492038089361 0.0646360474579 0.0900698095891
Herato15 Herato1517 16167636.5 25000.0 0.057837193048 0.0365765146466 0.047680275749 0.093780217875
Herato15 Herato1518 16184551.5 25000.0 0.0310233343071 0.0282961630923 0.0307370517991 0.0341513010331
Herato15 Herato1519 16197072.0 25000.0 0.0345020737913 0.0314690966921 0.0341836895674 0.0379807888041
Herato15 Herato1520 16209735.5 25000.0 0.0392121721388 0.0359758067716 0.0391219433112 0.042679374175
Herato15 Herato1521 16240019.5 25000.0 0.0525621656395 0.0485782763542 0.0528740910369 0.0562669637799
Herato15 Herato1522 16271812.0 25000.0 0.0234503820129 0.021580461544 0.0235561855439 0.0252657954481
Herato15 Herato1523 16290963.0 25000.0 0.0551330154174 0.0473050459436 0.0548217182215 0.0643495951216
Herato15 Herato1524 16326445.0 25000.0 0.0480853372671 0.0384480637567 0.0480539854137 0.0590931549166
Herato15 Herato1524 16376445.0 75000.0 0.058868541246 0.0492275679 0.058781195394 0.070322225508
Herato15 Herato1524 16426445.0 125000.0 0.0485413648844 0.0430238977972 0.0482938077354 0.05493661101
Herato15 Herato1524 16476445.0 175000.0 0.04856178513 0.0415688719406 0.048003814864 0.05788733334
Herato15 Herato1524 16526445.0 225000.0 0.061443425668 0.0535512620562 0.0612751189804 0.069463168828
Herato15 Herato1524 16576445.0 275000.0 0.0465473292377 0.0420263296384 0.0463742258927 0.0507881328844
Herato15 Herato1524 16626445.0 325000.0 0.0714768790344 0.0615317831912 0.071152708812 0.0837148113712
Herato15 Herato1524 16676445.0 375000.0 0.0815434671153 0.0713803229076 0.0810955158776 0.0958082669408
Herato15 Herato1524 16726445.0 425000.0 0.0465241437604 0.018733128772 0.0399002084417 0.10813280406
Herato15 Herato1524 16776445.0 475000.0 0.0108060832696 0.00881423589647 0.010695102859 0.013312440192
Herato15 Herato1524 16826445.0 525000.0 0.0388253557908 0.0254909836447 0.0383371309922 0.0571810209612
Herato15 Herato1524 16876445.0 575000.0 0.0477779829458 0.0236828239438 0.0448991546112 0.0878816848094
Herato15 Herato1524 16926445.0 625000.0 0.0302358259209 0.022939014791 0.0296262730625 0.0397398453306
Herato15 Herato1524 16976445.0 675000.0 0.0276704941811 0.0213223966096 0.0273647080771 0.0369859617612
Herato15 Herato1524 17026445.0 725000.0 0.0187138489371 0.0148431158323 0.018402543219 0.023858080431
Herato15 Herato1524 17076445.0 775000.0 0.198896796796 0.0525336625179 0.164430167754 0.531538533385
