chrom scaffold Cposition position mean p0025 p0500 p0975
Herato13 Herato1301 25001.0 25000.0 0.0194261952188 0.0157485551198 0.0192460637154 0.024460660084
Herato13 Herato1301 75001.0 75000.0 0.03977752117 0.0323503814436 0.0383657634252 0.051014990612
Herato13 Herato1301 125001.0 125000.0 0.0229225529476 0.0196678297179 0.0228398490035 0.0260315233338
Herato13 Herato1301 175001.0 175000.0 0.0385477111993 0.026617207468 0.0322267326504 0.063407741358
Herato13 Herato1301 225001.0 225000.0 0.0263819004021 0.0211056620657 0.0260625950974 0.0325040833844
Herato13 Herato1301 275001.0 275000.0 0.062205104076 0.0585223071721 0.062136168528 0.06685298629
Herato13 Herato1301 325001.0 325000.0 0.075904093195 0.0504350319279 0.0711869000562 0.123936927589
Herato13 Herato1301 375001.0 375000.0 0.045282073 0.041208133298 0.044946298682 0.050067852786
Herato13 Herato1301 425001.0 425000.0 0.037606010846 0.03477022046 0.037827171164 0.039817719036
Herato13 Herato1301 475001.0 475000.0 0.05195748566 0.04626431656 0.05179509456 0.05906208638
Herato13 Herato1301 525001.0 525000.0 0.069500831156 0.06373485104 0.069565994546 0.075340379496
Herato13 Herato1301 575001.0 575000.0 0.0522845581053 0.0488190133465 0.051691433501 0.0560694149707
Herato13 Herato1301 625001.0 625000.0 0.0486656021 0.0476456766 0.04860568082 0.05026975866
Herato13 Herato1301 675001.0 675000.0 0.048757338056 0.045742941384 0.048684719504 0.052071186986
Herato13 Herato1301 725001.0 725000.0 0.05164727454 0.04447487068 0.05197521524 0.05794223522
Herato13 Herato1301 775001.0 775000.0 0.077657103748 0.0606801517201 0.0757261709926 0.102829432502
Herato13 Herato1301 825001.0 825000.0 0.038975203934 0.035700897644 0.038832627376 0.042997783322
Herato13 Herato1301 875001.0 875000.0 0.050689004184 0.03972456838 0.05116041703 0.06118931448
Herato13 Herato1301 925001.0 925000.0 0.053542014422 0.0356139588768 0.0558078223882 0.079864694924
Herato13 Herato1301 975001.0 975000.0 0.051488929506 0.041084219711 0.049279134828 0.068539719648
Herato13 Herato1301 1025001.0 1025000.0 0.0360318784198 0.0307805251836 0.0355697742882 0.04323995506
Herato13 Herato1301 1075001.0 1075000.0 0.049001990382 0.043500502798 0.04850663209 0.055577660726
Herato13 Herato1301 1125001.0 1125000.0 0.053837960934 0.0478870011524 0.0537108360246 0.0600474187656
Herato13 Herato1301 1175001.0 1175000.0 0.0487776789 0.0463220406 0.05002400286 0.05035008762
Herato13 Herato1301 1225001.0 1225000.0 0.06995877804 0.06660553424 0.07026828648 0.07234534918
Herato13 Herato1301 1275001.0 1275000.0 0.0534706232864 0.0366628919391 0.05110964767 0.0836980821942
Herato13 Herato1301 1325001.0 1325000.0 0.046128832766 0.0422217950885 0.0457910395448 0.0507967367288
Herato13 Herato1301 1375001.0 1375000.0 0.044267636064 0.038853064468 0.0444926914304 0.049645384274
Herato13 Herato1301 1425001.0 1425000.0 0.0749020159866 0.0619243947665 0.0737661925706 0.0943990374172
Herato13 Herato1301 1475001.0 1475000.0 0.066495814302 0.0621732602456 0.0665359175592 0.070200842608
Herato13 Herato1301 1525001.0 1525000.0 0.09379455998 0.08103925521 0.0936573606 0.10728320752
Herato13 Herato1301 1575001.0 1575000.0 0.07266875551 0.069057999808 0.072336058212 0.076495267776
Herato13 Herato1301 1625001.0 1625000.0 0.0652019295 0.05862856708 0.06493078594 0.0723827772
Herato13 Herato1301 1675001.0 1675000.0 0.0685636458716 0.0595393055681 0.0683697631484 0.079038915125
Herato13 Herato1301 1725001.0 1725000.0 0.05639151832 0.0511516647904 0.0560197649364 0.062411639694
Herato13 Herato1301 1775001.0 1775000.0 0.0287204094026 0.0238125841016 0.0283894080844 0.0354093381374
Herato13 Herato1301 1825001.0 1825000.0 0.0234398722111 0.0174445075441 0.0229914483505 0.0319447172611
Herato13 Herato1301 1875001.0 1875000.0 0.0308984578354 0.0291489870318 0.0309963422062 0.032809395246
Herato13 Herato1301 1925001.0 1925000.0 0.0461032509164 0.0404158708482 0.045993007834 0.0528320399636
Herato13 Herato1301 1975001.0 1975000.0 0.036587802166 0.034952189148 0.036606777148 0.038357573056
Herato13 Herato1301 2025001.0 2025000.0 0.0358671528524 0.0258105577407 0.0363447514366 0.0523486926504
Herato13 Herato1301 2075001.0 2075000.0 0.041395893246 0.04006201715 0.041361042728 0.042894333782
Herato13 Herato1301 2125001.0 2125000.0 0.05368469394 0.05163626842 0.0536950139 0.05593421972
Herato13 Herato1301 2175001.0 2175000.0 0.0491914842658 0.0450047351412 0.0491270283288 0.055250636816
Herato13 Herato1301 2225001.0 2225000.0 0.061406649398 0.048594345492 0.062250730452 0.07172636644
Herato13 Herato1301 2275001.0 2275000.0 0.054200652216 0.048590996442 0.054036752668 0.061594225096
Herato13 Herato1301 2325001.0 2325000.0 0.0661055832 0.06078696532 0.06583522106 0.07347621346
Herato13 Herato1301 2375001.0 2375000.0 0.062900601795 0.05733762957 0.0632587253462 0.068695227632
Herato13 Herato1301 2425001.0 2425000.0 0.071080441838 0.0652307069142 0.07089996324 0.07768394198
Herato13 Herato1301 2475001.0 2475000.0 0.07286438566 0.066917165304 0.07259468844 0.08050947788
Herato13 Herato1301 2525001.0 2525000.0 0.070447614178 0.06396158818 0.070662358132 0.07690622388
Herato13 Herato1301 2575001.0 2575000.0 0.095141699724 0.0889501486388 0.094943798582 0.10278238034
Herato13 Herato1301 2625001.0 2625000.0 0.104898386 0.09993500528 0.10460956516 0.10946269612
Herato13 Herato1301 2675001.0 2675000.0 0.0872592905 0.08425683104 0.08711831588 0.09154651866
Herato13 Herato1301 2725001.0 2725000.0 0.077872363176 0.0734965489523 0.0777792873752 0.0823401121148
Herato13 Herato1301 2775001.0 2775000.0 0.0300060183776 0.0262376905147 0.0300119551582 0.0340827588918
Herato13 Herato1301 2825001.0 2825000.0 0.0288975834792 0.0218750053554 0.0281721715592 0.040927113528
Herato13 Herato1301 2875001.0 2875000.0 0.07913907096 0.07440033696 0.0787048909 0.08425335474
Herato13 Herato1301 2925001.0 2925000.0 0.042546312168 0.038623586416 0.042790109578 0.045196254548
Herato13 Herato1301 2975001.0 2975000.0 0.058929852108 0.049510396768 0.05902349344 0.06692273908
Herato13 Herato1301 3025001.0 3025000.0 0.0359860415444 0.031623963064 0.0358398212816 0.0408606853738
Herato13 Herato1301 3075001.0 3075000.0 0.048280429804 0.046040754158 0.048115491136 0.051283985804
Herato13 Herato1301 3125001.0 3125000.0 0.0717424905196 0.0666689639999 0.0714192675812 0.0774428312296
Herato13 Herato1301 3175001.0 3175000.0 0.0616699263 0.05354467726 0.0620141218 0.06949693186
Herato13 Herato1301 3225001.0 3225000.0 0.03819797716 0.03620225486 0.03813288384 0.04039987346
Herato13 Herato1301 3275001.0 3275000.0 0.07454249934 0.0722972813 0.07433540984 0.07761934474
Herato13 Herato1301 3325001.0 3325000.0 0.0973100860946 0.0754806271851 0.095322431728 0.130212784812
Herato13 Herato1301 3375001.0 3375000.0 0.038947814615 0.0335700174175 0.0386653234596 0.04583883587
Herato13 Herato1301 3425001.0 3425000.0 0.077480829688 0.063214105234 0.07745857565 0.093730480926
Herato13 Herato1301 3475001.0 3475000.0 0.06750823568 0.06473432832 0.06753740128 0.07052900352
Herato13 Herato1301 3525001.0 3525000.0 0.0587319289988 0.0495830226414 0.056146191496 0.0757607985886
Herato13 Herato1301 3575001.0 3575000.0 0.0463876666344 0.0416845749202 0.0460153915433 0.0519673191076
Herato13 Herato1301 3625001.0 3625000.0 0.072463809818 0.061050631926 0.07213831155 0.087789749484
Herato13 Herato1301 3675001.0 3675000.0 0.047310866864 0.041553871028 0.046993155254 0.055036211448
Herato13 Herato1301 3725001.0 3725000.0 0.05795388064 0.053252707406 0.05791769391 0.062814155544
Herato13 Herato1301 3775001.0 3775000.0 0.0499692265436 0.0458675374783 0.0496848949176 0.0554096243416
Herato13 Herato1301 3825001.0 3825000.0 0.06341132838 0.056731805098 0.06349671728 0.07112506682
Herato13 Herato1301 3875001.0 3875000.0 0.06784846006 0.06317464404 0.06800280994 0.07273748142
Herato13 Herato1301 3925001.0 3925000.0 0.066077714 0.06120751754 0.06543166964 0.07448700586
Herato13 Herato1301 3975001.0 3975000.0 0.05925162804 0.0558350299 0.05906278584 0.06334982374
Herato13 Herato1301 4025001.0 4025000.0 0.0803540397 0.076979245072 0.08039291062 0.08412497674
Herato13 Herato1301 4075001.0 4075000.0 0.074090253352 0.064042207916 0.0692344453 0.107228518082
Herato13 Herato1301 4125001.0 4125000.0 0.0806275866 0.0777894276 0.0803346404 0.0848199712
Herato13 Herato1301 4175001.0 4175000.0 0.090127990172 0.079205078008 0.089246895956 0.110620818778
Herato13 Herato1301 4225001.0 4225000.0 0.0615315987 0.05727541264 0.06164474184 0.06710590372
Herato13 Herato1301 4275001.0 4275000.0 0.071401553054 0.065350794836 0.071394417106 0.077547733926
Herato13 Herato1301 4325001.0 4325000.0 0.051177968848 0.047123986044 0.0511580024862 0.055143766866
Herato13 Herato1301 4375001.0 4375000.0 0.130242776838 0.0922547667046 0.124328421876 0.191927009246
Herato13 Herato1301 4425001.0 4425000.0 0.125954486006 0.119516797194 0.125788832854 0.133265786848
Herato13 Herato1301 4475001.0 4475000.0 0.1434423738 0.1351602486 0.1443874892 0.1516250292
Herato13 Herato1301 4525001.0 4525000.0 0.106164484108 0.101746136133 0.10561670491 0.11203526594
Herato13 Herato1301 4575001.0 4575000.0 0.09821503726 0.09492927128 0.09724148056 0.10665306694
Herato13 Herato1301 4625001.0 4625000.0 0.06192659968 0.05760222534 0.06224018762 0.06498054854
Herato13 Herato1301 4675001.0 4675000.0 0.09453619752 0.06514943222 0.09636348704 0.11819077022
Herato13 Herato1301 4725001.0 4725000.0 0.11082390418 0.1022962479 0.11085674792 0.11963505374
Herato13 Herato1301 4775001.0 4775000.0 0.046813469922 0.042691760411 0.04663514293 0.051716565374
Herato13 Herato1301 4825001.0 4825000.0 0.067227327766 0.05178429152 0.065139528688 0.093282658716
Herato13 Herato1301 4875001.0 4875000.0 0.05831509044 0.05417055328 0.05807190876 0.06349680964
Herato13 Herato1301 4925001.0 4925000.0 0.074305707032 0.067939468562 0.074395746878 0.08106937498
Herato13 Herato1301 4975001.0 4975000.0 0.0677820005262 0.0548952387764 0.0677829573582 0.078806848551
Herato13 Herato1301 5025001.0 5025000.0 0.05119924068 0.04558694896 0.050941214808 0.05698156188
Herato13 Herato1301 5075001.0 5075000.0 0.05092325002 0.04980929902 0.05074857856 0.05262081222
Herato13 Herato1301 5125001.0 5125000.0 0.0466581533 0.0431379316343 0.0463466689362 0.05115381702
Herato13 Herato1301 5175001.0 5175000.0 0.065679625241 0.0618315165558 0.0650962729427 0.0716431958763
Herato13 Herato1301 5225001.0 5225000.0 0.046910056284 0.0431050913178 0.0466595008398 0.0513986444033
Herato13 Herato1301 5275001.0 5275000.0 0.0501091965336 0.045489167384 0.049721176481 0.05565643583
Herato13 Herato1301 5325001.0 5325000.0 0.038012729436 0.032087906286 0.03810526634 0.04700313836
Herato13 Herato1301 5375001.0 5375000.0 0.041491774114 0.037835926483 0.041444783096 0.046013449166
Herato13 Herato1301 5425001.0 5425000.0 0.056688464976 0.0410004977928 0.055318884264 0.080744718812
Herato13 Herato1301 5475001.0 5475000.0 0.06771864384 0.06440354733 0.067265214278 0.072145162938
Herato13 Herato1301 5525001.0 5525000.0 0.05242380526 0.05019858308 0.05222792398 0.05478526256
Herato13 Herato1301 5575001.0 5575000.0 0.0666801669312 0.0615622598021 0.0669293142022 0.0709435382636
Herato13 Herato1301 5625001.0 5625000.0 0.03344557674 0.0317023666 0.03362159624 0.03543699238
Herato13 Herato1301 5675001.0 5675000.0 0.057201644848 0.049860880374 0.05719071236 0.064609894444
Herato13 Herato1301 5725001.0 5725000.0 0.071898318518 0.068047557448 0.071410861454 0.077139016748
Herato13 Herato1301 5775001.0 5775000.0 0.07197366316 0.06684214768 0.07115073686 0.07833041762
Herato13 Herato1301 5825001.0 5825000.0 0.057112133199 0.0535024959845 0.056888514628 0.062553581758
Herato13 Herato1301 5875001.0 5875000.0 0.045108390102 0.039368995816 0.04495239033 0.052178800194
Herato13 Herato1301 5925001.0 5925000.0 0.049069917022 0.044072436756 0.04889392348 0.05517654878
Herato13 Herato1301 5975001.0 5975000.0 0.06829232046 0.066037062 0.06810404406 0.07108678512
Herato13 Herato1301 6025001.0 6025000.0 0.070054763544 0.0663529178896 0.069796461734 0.075709246172
Herato13 Herato1301 6075001.0 6075000.0 0.079906091804 0.0641614557859 0.0795011636328 0.099450343938
Herato13 Herato1301 6125001.0 6125000.0 0.07232986364 0.06908133132 0.07216033444 0.07561328548
Herato13 Herato1301 6175001.0 6175000.0 0.07123453858 0.063803214878 0.071074865758 0.077442939878
Herato13 Herato1301 6225001.0 6225000.0 0.0842715332 0.07922684522 0.08420053702 0.08891408926
Herato13 Herato1301 6275001.0 6275000.0 0.069059285676 0.063921439462 0.068597090348 0.07528217549
Herato13 Herato1301 6325001.0 6325000.0 0.0760703915 0.0732142994 0.0755559013 0.079969688
Herato13 Herato1301 6375001.0 6375000.0 0.07704210624 0.06142308372 0.07691334396 0.09449403328
Herato13 Herato1301 6425001.0 6425000.0 0.05503494305 0.0502056383466 0.0549560659154 0.060425622764
Herato13 Herato1301 6475001.0 6475000.0 0.035497283616 0.0305500263452 0.035623423328 0.041433684776
Herato13 Herato1301 6525001.0 6525000.0 0.0535416774831 0.0501574539256 0.0534802391617 0.057305299538
Herato13 Herato1301 6575001.0 6575000.0 0.06134353544 0.05708711576 0.06121508648 0.06627423928
Herato13 Herato1301 6625001.0 6625000.0 0.054082751868 0.041430214578 0.05329404384 0.072316588784
Herato13 Herato1301 6675001.0 6675000.0 0.033208080871 0.0303152041464 0.0330869672082 0.036660113454
Herato13 Herato1301 6725001.0 6725000.0 0.058599164628 0.054741524584 0.05828417529 0.062974575992
Herato13 Herato1301 6775001.0 6775000.0 0.055323799386 0.036895909902 0.05314253559 0.085738123252
Herato13 Herato1301 6825001.0 6825000.0 0.0275916567406 0.0249397870477 0.0275615020036 0.0305407897392
Herato13 Herato1301 6875001.0 6875000.0 0.04048250393 0.037788053226 0.040325899588 0.04335155956
Herato13 Herato1301 6925001.0 6925000.0 0.0480382165808 0.0389484735705 0.0463455386076 0.060385880086
Herato13 Herato1301 6975001.0 6975000.0 0.0248545572768 0.0217209093366 0.0246740759108 0.02939895698
Herato13 Herato1301 7025001.0 7025000.0 0.024530571409 0.0223486894622 0.0244831036932 0.02718094797
Herato13 Herato1301 7075001.0 7075000.0 0.031020081174 0.029391526282 0.031012995752 0.032681795572
Herato13 Herato1301 7125001.0 7125000.0 0.0453873813536 0.033992483338 0.0442505809458 0.0645317924012
Herato13 Herato1301 7175001.0 7175000.0 0.0284521886314 0.0260964899444 0.0285301262522 0.0308080330616
Herato13 Herato1301 7225001.0 7225000.0 0.052341524295 0.0348431798614 0.048602823867 0.0884733117852
Herato13 Herato1301 7275001.0 7275000.0 0.0414140061706 0.0340694982679 0.0413204875596 0.0519268223418
Herato13 Herato1301 7325001.0 7325000.0 0.043129202885 0.041279344723 0.042701058312 0.046296031296
Herato13 Herato1301 7375001.0 7375000.0 0.029432288462 0.0267346217698 0.0293829079284 0.0323005767932
Herato13 Herato1301 7425001.0 7425000.0 0.039757217562 0.0320126906868 0.039294462722 0.050223206794
Herato13 Herato1301 7475001.0 7475000.0 0.066297765304 0.0592966739604 0.0652067578286 0.0759569798108
Herato13 Herato1301 7525001.0 7525000.0 0.052273420248 0.0463627103969 0.052914219304 0.057689055284
Herato13 Herato1301 7575001.0 7575000.0 0.0601190392364 0.054625169887 0.0601045756748 0.0667587791432
Herato13 Herato1301 7625001.0 7625000.0 0.058577634268 0.053831059431 0.058446029404 0.063666314458
Herato13 Herato1301 7675001.0 7675000.0 0.0498812933092 0.0461966301847 0.0498559204112 0.0545692069922
Herato13 Herato1301 7725001.0 7725000.0 0.043985478426 0.04101776337 0.043849726672 0.047335324636
Herato13 Herato1301 7775001.0 7775000.0 0.0514199788576 0.0394246739828 0.0452167253584 0.0792371042364
Herato13 Herato1301 7825001.0 7825000.0 0.030988978868 0.0239112129185 0.0303549515548 0.041628430772
Herato13 Herato1301 7875001.0 7875000.0 0.044578015278 0.03138381163 0.0438308235 0.063312225878
Herato13 Herato1301 7925001.0 7925000.0 0.07434240696 0.06873639486 0.07467479454 0.07828357398
Herato13 Herato1301 7975001.0 7975000.0 0.064771020704 0.054662896952 0.06273415762 0.077795520288
Herato13 Herato1301 8025001.0 8025000.0 0.06922315816 0.06663096076 0.0691602262 0.07276432956
Herato13 Herato1301 8075001.0 8075000.0 0.0513941467988 0.049183940484 0.051324179979 0.054130779798
Herato13 Herato1301 8125001.0 8125000.0 0.053182492756 0.048678871486 0.053053127504 0.058592349076
Herato13 Herato1301 8175001.0 8175000.0 0.0402175200101 0.035366845752 0.0399704045222 0.0454139043898
Herato13 Herato1301 8225001.0 8225000.0 0.05179411684 0.0460669268 0.0528124147 0.05560692136
Herato13 Herato1301 8275001.0 8275000.0 0.072096048897 0.0538227878423 0.0701952872208 0.098482588046
Herato13 Herato1301 8325001.0 8325000.0 0.046135511056 0.0369809970804 0.0459651886692 0.056814571498
Herato13 Herato1301 8375001.0 8375000.0 0.071503321294 0.0639794819195 0.0713426272686 0.079176567696
Herato13 Herato1301 8425001.0 8425000.0 0.04889964178 0.045766583196 0.04870757464 0.05255254448
Herato13 Herato1301 8475001.0 8475000.0 0.0495885277164 0.0420352022485 0.0487763875936 0.0587753134776
Herato13 Herato1301 8525001.0 8525000.0 0.0345409760238 0.0315315277212 0.0344812947146 0.037680941454
Herato13 Herato1301 8575001.0 8575000.0 0.0194927133434 0.0135757168425 0.0162320544696 0.0405228568948
Herato13 Herato1301 8625001.0 8625000.0 0.031174429158 0.0273062309436 0.0310064974576 0.035560256446
Herato13 Herato1301 8675001.0 8675000.0 0.0590496226392 0.044419651609 0.0568177172176 0.0858350948672
Herato13 Herato1301 8725001.0 8725000.0 0.0485181654 0.044539168828 0.048219298024 0.053057955862
Herato13 Herato1301 8775001.0 8775000.0 0.0426522695338 0.0387406928901 0.042434711252 0.0478456584674
Herato13 Herato1301 8825001.0 8825000.0 0.05358988087 0.048847618146 0.052917916318 0.059243394176
Herato13 Herato1301 8875001.0 8875000.0 0.0211482808106 0.019064506763 0.0211279642474 0.0234252509152
Herato13 Herato1301 8925001.0 8925000.0 0.0166955316 0.014481828296 0.01666017811 0.019011074302
Herato13 Herato1301 8975001.0 8975000.0 0.0250332257675 0.0212248215073 0.0249049850587 0.0295462458644
Herato13 Herato1301 9025001.0 9025000.0 0.022595944454 0.0208112988312 0.0225287290591 0.024719866853
Herato13 Herato1301 9075001.0 9075000.0 0.019945833702 0.0176746390309 0.0198607822759 0.0222922866254
Herato13 Herato1301 9125001.0 9125000.0 0.0249744419 0.0202254853712 0.02481428137 0.031278111642
Herato13 Herato1301 9175001.0 9175000.0 0.0304817238108 0.0272500281498 0.0303431918212 0.0338510371856
Herato13 Herato1301 9225001.0 9225000.0 0.040026622196 0.0349069571372 0.040120023056 0.044894182306
Herato13 Herato1301 9275001.0 9275000.0 0.0150447207332 0.0133531866632 0.0150291078354 0.016826394606
Herato13 Herato1301 9325001.0 9325000.0 0.0189281039 0.017512965454 0.018984400994 0.0203920931
Herato13 Herato1301 9375001.0 9375000.0 0.015399938506 0.012880977852 0.015381851172 0.01954545459
Herato13 Herato1301 9425001.0 9425000.0 0.016049422786 0.011958987064 0.015792697154 0.021132070212
Herato13 Herato1301 9475001.0 9475000.0 0.01673313826 0.01548867948 0.01671993018 0.01813595328
Herato13 Herato1301 9525001.0 9525000.0 0.0211506598444 0.0187114400402 0.0211554035532 0.023798486596
Herato13 Herato1301 9575001.0 9575000.0 0.019477474024 0.01795490273 0.019442099638 0.021107682804
Herato13 Herato1301 9625001.0 9625000.0 0.01811969417 0.016740140862 0.018133855062 0.019249491716
Herato13 Herato1301 9675001.0 9675000.0 0.017446053278 0.016382569264 0.017541003204 0.018483758292
Herato13 Herato1301 9725001.0 9725000.0 0.0219002576013 0.0196644148979 0.0217307820823 0.0246072872
Herato13 Herato1301 9775001.0 9775000.0 0.022653034524 0.014561621366 0.021642460344 0.035657705072
Herato13 Herato1301 9825001.0 9825000.0 0.0190867905734 0.0148572188025 0.018552035453 0.0268146972196
Herato13 Herato1301 9875001.0 9875000.0 0.0103214825288 0.00777796225884 0.0101596769459 0.0139382549321
Herato13 Herato1301 9925001.0 9925000.0 0.00581558210474 0.00502318723294 0.00582262171594 0.0066646546402
Herato13 Herato1301 9975001.0 9975000.0 0.01208542182 0.008273178474 0.01100970311 0.022115171134
Herato13 Herato1301 10025001.0 10025000.0 0.0132790753746 0.0114678648285 0.0133635458044 0.0152454992712
Herato13 Herato1301 10075001.0 10075000.0 0.025258422835 0.0143584435624 0.023373276493 0.046485993505
Herato13 Herato1301 10125001.0 10125000.0 0.0151191667652 0.0126758807906 0.015219876115 0.0170088145038
Herato13 Herato1301 10175001.0 10175000.0 0.018502689276 0.0105291330931 0.0176542783152 0.0316878860924
Herato13 Herato1301 10225001.0 10225000.0 0.0122119148024 0.010228803882 0.0120111342674 0.0156956155072
Herato13 Herato1301 10275001.0 10275000.0 0.01879879582 0.0169968833 0.0188127077 0.02050263324
Herato13 Herato1301 10325001.0 10325000.0 0.0080161527148 0.0076746868478 0.007980927412 0.0083415289462
Herato13 Herato1301 10375001.0 10375000.0 0.0190183857026 0.0171555776528 0.0189676223524 0.0206788764882
Herato13 Herato1301 10425001.0 10425000.0 0.023099975858 0.020435046798 0.023054861582 0.02647592462
Herato13 Herato1301 10475001.0 10475000.0 0.023390008394 0.019913773446 0.023215840996 0.027525909998
Herato13 Herato1301 10525001.0 10525000.0 0.02980434838 0.0235437085582 0.0293007455876 0.039174090774
Herato13 Herato1301 10575001.0 10575000.0 0.0230177270648 0.0170536289028 0.0232352488646 0.02835651294
Herato13 Herato1301 10625001.0 10625000.0 0.025862840066 0.023382764392 0.02591919637 0.02885196937
Herato13 Herato1301 10675001.0 10675000.0 0.024666413922 0.022858990726 0.02461290094 0.026468860312
Herato13 Herato1301 10725001.0 10725000.0 0.020033642299 0.0149240645722 0.019690600097 0.0257424232754
Herato13 Herato1301 10775001.0 10775000.0 0.0111062407692 0.0103350248931 0.0112243391125 0.0117415803736
Herato13 Herato1301 10825001.0 10825000.0 0.0111054691492 0.0100965773563 0.0110806065524 0.0122127599714
Herato13 Herato1301 10875001.0 10875000.0 0.0242896900128 0.022999694191 0.0242597256428 0.0256429365258
Herato13 Herato1301 10925001.0 10925000.0 0.023707526508 0.021559457994 0.023680974734 0.025950364228
Herato13 Herato1301 10975001.0 10975000.0 0.026459033738 0.024694825404 0.026384010888 0.028502662558
Herato13 Herato1301 11025001.0 11025000.0 0.031942466142 0.027444580008 0.03179116831 0.036706536102
Herato13 Herato1301 11075001.0 11075000.0 0.02333067958 0.02127077834 0.02333292148 0.02562676244
Herato13 Herato1301 11125001.0 11125000.0 0.0271932075762 0.0194666167006 0.026615673114 0.0387846173468
Herato13 Herato1301 11175001.0 11175000.0 0.024787900408 0.022270752184 0.024410831738 0.02799872798
Herato13 Herato1301 11225001.0 11225000.0 0.0239639298374 0.0197021552361 0.0239716429395 0.0283384293504
Herato13 Herato1301 11275001.0 11275000.0 0.015624583886 0.0138866083 0.015593908044 0.017656578852
Herato13 Herato1301 11325001.0 11325000.0 0.0228087572855 0.0182166191155 0.0230236325272 0.0271230916466
Herato13 Herato1301 11375001.0 11375000.0 0.0234406481804 0.0217160751069 0.0234831163836 0.0251137067798
Herato13 Herato1301 11425001.0 11425000.0 0.0424655586496 0.0293226258465 0.0402932189038 0.070241623572
Herato13 Herato1301 11475001.0 11475000.0 0.023784020258 0.022607028676 0.02370675173 0.02529830328
Herato13 Herato1301 11525001.0 11525000.0 0.019987636248 0.017388758194 0.01994717125 0.022339562158
Herato13 Herato1301 11575001.0 11575000.0 0.0100249081624 0.00887522635834 0.0099867315278 0.0113284853936
Herato13 Herato1301 11625001.0 11625000.0 0.011578577338 0.010244800426 0.01157885121 0.013104418466
Herato13 Herato1301 11675001.0 11675000.0 0.0131088577588 0.0115428941952 0.0129892665042 0.0152410801194
Herato13 Herato1301 11725001.0 11725000.0 0.006182990782 0.0058034599284 0.006144990075 0.0066476752586
Herato13 Herato1301 11775001.0 11775000.0 0.0081442825734 0.00691945733423 0.00811687355394 0.0095266155892
Herato13 Herato1301 11825001.0 11825000.0 0.00722780553 0.006588992308 0.0072227384858 0.0079713358164
Herato13 Herato1301 11875001.0 11875000.0 0.018024423078 0.015277750944 0.017670060142 0.021548796238
Herato13 Herato1301 11925001.0 11925000.0 0.0366382326775 0.0225789554608 0.0340814370235 0.0625284645612
Herato13 Herato1301 11975001.0 11975000.0 0.017210556696 0.01533359939 0.017237325464 0.019287361742
Herato13 Herato1301 12025001.0 12025000.0 0.0153095746892 0.0133700758748 0.0152349547792 0.0175836442244
Herato13 Herato1301 12075001.0 12075000.0 0.0237319812032 0.0216200067874 0.0235688578208 0.0261625763342
Herato13 Herato1301 12125001.0 12125000.0 0.02976710088 0.02798012414 0.02976974894 0.03105270766
Herato13 Herato1301 12175001.0 12175000.0 0.0489876429 0.04022541304 0.04858413766 0.0586791816
Herato13 Herato1301 12225001.0 12225000.0 0.0658679425229 0.0420784854669 0.0641933142662 0.105889990013
Herato13 Herato1301 12275001.0 12275000.0 0.032358299454 0.02821557802 0.032029923554 0.037670496904
Herato13 Herato1301 12325001.0 12325000.0 0.0143284426 0.01346276062 0.01406665124 0.01515280426
Herato13 Herato1301 12375001.0 12375000.0 0.0268628028695 0.0209777152091 0.0258128381729 0.0372620471488
Herato13 Herato1301 12425001.0 12425000.0 0.0297423066584 0.0267653720234 0.029566539713 0.033701799008
Herato13 Herato1301 12475001.0 12475000.0 0.0222451045164 0.0201150235177 0.0222364614792 0.0246270646324
Herato13 Herato1301 12525001.0 12525000.0 0.021308300978 0.01949183693 0.021176712426 0.023419072428
Herato13 Herato1301 12575001.0 12575000.0 0.023293771672 0.021355366202 0.023296712148 0.02515064918
Herato13 Herato1301 12625001.0 12625000.0 0.0150648440756 0.0100444740616 0.0132004459067 0.0299449494968
Herato13 Herato1301 12675001.0 12675000.0 0.0099367879852 0.0090364573768 0.009939324706 0.010933341962
Herato13 Herato1301 12725001.0 12725000.0 0.0267575107948 0.024376008897 0.0265589824712 0.02968558431
Herato13 Herato1301 12775001.0 12775000.0 0.02177735349 0.019977226262 0.02175770008 0.023657954568
Herato13 Herato1301 12825001.0 12825000.0 0.02356823276 0.02045305589 0.023466662778 0.026939180136
Herato13 Herato1301 12875001.0 12875000.0 0.0297653069104 0.0268870528331 0.0297374362726 0.033287853474
Herato13 Herato1301 12925001.0 12925000.0 0.0205349295976 0.0183182652244 0.0206039580978 0.02283351039
Herato13 Herato1301 12975001.0 12975000.0 0.011451522462 0.007839771686 0.011497600666 0.015455475806
Herato13 Herato1301 13025001.0 13025000.0 0.0141918903401 0.0103250105381 0.0139039656513 0.0197921112143
Herato13 Herato1301 13075001.0 13075000.0 0.019284041038 0.0161707843506 0.019063416234 0.023744357156
Herato13 Herato1301 13125001.0 13125000.0 0.023682067083 0.015863493265 0.0230276781944 0.0341669841298
Herato13 Herato1301 13175001.0 13175000.0 0.0485593412108 0.0182647659539 0.0453618302547 0.0910317022446
Herato13 Herato1301 13225001.0 13225000.0 0.0213042065168 0.013668211301 0.0206262796562 0.0357664742588
Herato13 Herato1301 13275001.0 13275000.0 0.0445369692224 0.0167786672621 0.0441294339492 0.0870056916314
Herato13 Herato1301 13325001.0 13325000.0 0.017679904436 0.011976408246 0.01745057879 0.029738062792
Herato13 Herato1301 13375001.0 13375000.0 0.0270959008665 0.0214434474653 0.0268243568681 0.0341912255293
Herato13 Herato1301 13425001.0 13425000.0 0.009295082434 0.008668841572 0.009283573778 0.01002717989
Herato13 Herato1301 13475001.0 13475000.0 0.014680854945 0.0122497485042 0.014524682173 0.0185189100822
Herato13 Herato1301 13525001.0 13525000.0 0.013972741298 0.0125296288186 0.013908622154 0.01580758532
Herato13 Herato1301 13575001.0 13575000.0 0.0143928755878 0.0119739118739 0.0143499452862 0.01739533248
Herato13 Herato1301 13625001.0 13625000.0 0.022062111641 0.0213296231354 0.02200454114 0.02302524671
Herato13 Herato1301 13675001.0 13675000.0 0.020118529626 0.01443909103 0.018743935122 0.030479075836
Herato13 Herato1301 13725001.0 13725000.0 0.0282149912315 0.0249549038888 0.0279096257153 0.032917554374
Herato13 Herato1301 13775001.0 13775000.0 0.02270383254 0.020003016984 0.02267516466 0.02594260526
Herato13 Herato1301 13825001.0 13825000.0 0.0204234625132 0.0177719560438 0.0202314039859 0.025064838184
Herato13 Herato1301 13875001.0 13875000.0 0.0210001606292 0.0175971885238 0.0208960355428 0.024668532526
Herato13 Herato1301 13925001.0 13925000.0 0.031578758084 0.02565450274 0.031110241056 0.040518387084
Herato13 Herato1301 13975001.0 13975000.0 0.02416911742 0.02153790388 0.02412267022 0.02681986934
Herato13 Herato1301 14025001.0 14025000.0 0.025148878444 0.020878160212 0.025047372152 0.02893709536
Herato13 Herato1301 14075001.0 14075000.0 0.0247793627616 0.0215510294273 0.02462974309 0.02892358037
Herato13 Herato1301 14125001.0 14125000.0 0.025071691806 0.0219598594 0.024943345598 0.028501929574
Herato13 Herato1301 14175001.0 14175000.0 0.026972648638 0.024934318642 0.02679782482 0.02911541707
Herato13 Herato1301 14225001.0 14225000.0 0.0254691152429 0.0225343160873 0.0251929720064 0.0288472371354
Herato13 Herato1301 14275001.0 14275000.0 0.022756805362 0.018873097022 0.02250658476 0.027439643358
Herato13 Herato1301 14325001.0 14325000.0 0.015786914392 0.013754833038 0.015681969272 0.021387871396
Herato13 Herato1301 14375001.0 14375000.0 0.0210278747586 0.0190785160551 0.0209402879836 0.0231040781212
Herato13 Herato1301 14425001.0 14425000.0 0.0117503333428 0.0106484625504 0.0117265859682 0.0129940834618
Herato13 Herato1301 14475001.0 14475000.0 0.023213704392 0.020449700612 0.022819291274 0.026699526984
Herato13 Herato1301 14525001.0 14525000.0 0.007857507804 0.007173545548 0.007859098298 0.008612641298
Herato13 Herato1301 14575001.0 14575000.0 0.0125893707872 0.0111061750024 0.0126545430154 0.0135687735552
Herato13 Herato1301 14625001.0 14625000.0 0.02000696232 0.0193673974 0.02000206174 0.02052534332
Herato13 Herato1301 14675001.0 14675000.0 0.0177483973432 0.0159888813593 0.0176697322778 0.019666043816
Herato13 Herato1301 14725001.0 14725000.0 0.0116425625202 0.00805139014996 0.0111005411882 0.0198833050572
Herato13 Herato1301 14775001.0 14775000.0 0.0196561996876 0.0153000113538 0.0194414057232 0.025790456437
Herato13 Herato1301 14825001.0 14825000.0 0.0201069170978 0.0099096421186 0.0184835729158 0.0397053247314
Herato13 Herato1301 14875001.0 14875000.0 0.014852917335 0.0121162075878 0.0145766893848 0.0190382171872
Herato13 Herato1301 14925001.0 14925000.0 0.0274072293312 0.0135633118898 0.0273795469806 0.04548589976
Herato13 Herato1301 14975001.0 14975000.0 0.0235143997214 0.0166041983966 0.022679585309 0.036292438474
Herato13 Herato1301 15025001.0 15025000.0 0.018330220688 0.0162144213084 0.018408388423 0.020546652102
Herato13 Herato1301 15075001.0 15075000.0 0.023151708082 0.0183627754328 0.022177400578 0.032363650098
Herato13 Herato1301 15125001.0 15125000.0 0.0194098530144 0.016073240733 0.0189833418734 0.0247965249128
Herato13 Herato1301 15175001.0 15175000.0 0.0145638820339 0.0133383506651 0.0145071459722 0.016002658094
Herato13 Herato1301 15225001.0 15225000.0 0.0124085836838 0.00888508329974 0.0121754705672 0.0183694331834
Herato13 Herato1301 15275001.0 15275000.0 0.0105700275581 0.00899648442644 0.0105609987894 0.0123104454696
Herato13 Herato1301 15325001.0 15325000.0 0.0212119946836 0.0117736370472 0.0179456477788 0.0451418929968
Herato13 Herato1301 15375001.0 15375000.0 0.028215897774 0.020058548558 0.027156354684 0.043400338348
Herato13 Herato1301 15425001.0 15425000.0 0.016670603983 0.0121683322454 0.0162397991446 0.0235759505154
Herato13 Herato1301 15475001.0 15475000.0 0.0112678892628 0.0101535303078 0.0112318507712 0.0124684261544
Herato13 Herato1301 15525001.0 15525000.0 0.0195942391345 0.0182666399979 0.0195560619388 0.0209283710402
Herato13 Herato1301 15575001.0 15575000.0 0.0234888039308 0.02102259845 0.02352005148 0.02598336422
Herato13 Herato1301 15625001.0 15625000.0 0.0208539374466 0.018425815667 0.0209922227947 0.0233185742814
Herato13 Herato1301 15675001.0 15675000.0 0.022639678902 0.0202771219581 0.0224275248288 0.026799185774
Herato13 Herato1301 15725001.0 15725000.0 0.0208973521 0.01905420424 0.02075215182 0.0230268041
Herato13 Herato1301 15775001.0 15775000.0 0.0237180666915 0.0221782500111 0.0236079786989 0.0255905314042
Herato13 Herato1301 15825001.0 15825000.0 0.0179885054577 0.0152336612449 0.0177423107148 0.0217684094827
Herato13 Herato1301 15875001.0 15875000.0 0.0252954546522 0.0216118376212 0.0251328824942 0.0297328450692
Herato13 Herato1301 15925001.0 15925000.0 0.030680057532 0.0274800053 0.03049564185 0.03413056858
Herato13 Herato1301 15975001.0 15975000.0 0.023896614804 0.0223740689216 0.023714429966 0.025298649364
Herato13 Herato1301 16025001.0 16025000.0 0.025995341336 0.02321709706 0.025211911696 0.030138317394
Herato13 Herato1301 16075001.0 16075000.0 0.0302902220196 0.0250484561668 0.0300378920056 0.03649995499
Herato13 Herato1301 16125001.0 16125000.0 0.0213383466261 0.018238191605 0.0213577001836 0.0241338535877
Herato13 Herato1301 16175001.0 16175000.0 0.051148893144 0.03038709321 0.0491412273632 0.0818672064448
Herato13 Herato1301 16225001.0 16225000.0 0.0428059597062 0.0276562897796 0.0409712936448 0.067957098826
Herato13 Herato1301 16275001.0 16275000.0 0.018874747758 0.0167716741332 0.018894521684 0.020804577002
Herato13 Herato1301 16325001.0 16325000.0 0.0243298035036 0.0176195494952 0.0238461342282 0.0326158432104
Herato13 Herato1301 16375001.0 16375000.0 0.0097141956874 0.00878964161961 0.00974380083456 0.0105757075574
Herato13 Herato1301 16425001.0 16425000.0 0.0093040069972 0.00869746949256 0.0092689415686 0.0099604004466
Herato13 Herato1301 16475001.0 16475000.0 0.01163276735 0.0092617579186 0.0115172763732 0.0150580730888
Herato13 Herato1301 16525001.0 16525000.0 0.0196723059969 0.0173271978004 0.019634040767 0.0219873273376
Herato13 Herato1301 16575001.0 16575000.0 0.029023146293 0.0264128762392 0.0290683440863 0.0317372065055
Herato13 Herato1301 16625001.0 16625000.0 0.033024029558 0.025784632106 0.03285812714 0.042329339412
Herato13 Herato1301 16675001.0 16675000.0 0.0411782216974 0.0297305823956 0.0405888637764 0.0567319578928
Herato13 Herato1301 16725001.0 16725000.0 0.0215623502222 0.0195261953808 0.0215586543184 0.0237475858248
Herato13 Herato1301 16775001.0 16775000.0 0.029064237546 0.0269126967146 0.028922936842 0.03137674702
Herato13 Herato1301 16825001.0 16825000.0 0.025767004726 0.023526348526 0.025591208826 0.027613782792
Herato13 Herato1301 16875001.0 16875000.0 0.02870952387 0.024006217962 0.028447503088 0.03520436911
Herato13 Herato1301 16925001.0 16925000.0 0.015173860992 0.0138522981668 0.015163594558 0.016509028274
Herato13 Herato1301 16975001.0 16975000.0 0.0291440492662 0.0244921710684 0.0289479431176 0.034374398536
Herato13 Herato1301 17025001.0 17025000.0 0.02580882606 0.023232851284 0.025780043304 0.028696542488
Herato13 Herato1301 17075001.0 17075000.0 0.0186812377336 0.016110486174 0.0186752630828 0.0217587019498
Herato13 Herato1301 17125001.0 17125000.0 0.018974650184 0.017235756978 0.01881353951 0.021325538152
Herato13 Herato1301 17175001.0 17175000.0 0.022202587616 0.0183396527542 0.021056912616 0.03150615425
Herato13 Herato1301 17225001.0 17225000.0 0.014205581244 0.010506032944 0.014250594896 0.017932768714
Herato13 Herato1301 17275001.0 17275000.0 0.014025778804 0.0122498120834 0.013977426816 0.015864502332
Herato13 Herato1301 17325001.0 17325000.0 0.0154361043996 0.0131812366124 0.015357001764 0.0180060452096
Herato13 Herato1301 17375001.0 17375000.0 0.0209496041082 0.0153510218908 0.020661743544 0.0292516147606
Herato13 Herato1301 17425001.0 17425000.0 0.0213560445106 0.0193519713478 0.0212318623792 0.0245367648462
Herato13 Herato1301 17475001.0 17475000.0 0.028313810993 0.0204442447981 0.0281665916207 0.0398372487409
Herato13 Herato1301 17525001.0 17525000.0 0.025959289992 0.023202363928 0.026115233686 0.028747399162
Herato13 Herato1301 17575001.0 17575000.0 0.027354952842 0.026933872978 0.027221279212 0.028688616766
Herato13 Herato1301 17625001.0 17625000.0 0.02477982078 0.022306892976 0.024917429044 0.026529471092
Herato13 Herato1301 17675001.0 17675000.0 0.0263131803236 0.0211735681723 0.0264947438262 0.031697040853
Herato13 Herato1301 17725001.0 17725000.0 0.02578495672 0.02381227698 0.025821516 0.02784555242
Herato13 Herato1301 17775001.0 17775000.0 0.0258707680076 0.0244768274803 0.0259652473478 0.0269941953932
Herato13 Herato1301 17825001.0 17825000.0 0.0213589369218 0.0190791099416 0.021542967017 0.023732633769
Herato13 Herato1301 17875001.0 17875000.0 0.0244691052298 0.0189359288611 0.0240921728334 0.0333012742566
Herato13 Herato1301 17925001.0 17925000.0 0.024807098382 0.0221619728051 0.0246154203634 0.0283132050472
Herato13 Herato1301 17975001.0 17975000.0 0.0285807778064 0.0253648141234 0.0285227211904 0.0320827719272
Herato13 Herato1301 18025001.0 18025000.0 0.030376563348 0.0271268789664 0.0305189742972 0.03398832636
Herato13 Herato1301 18075001.0 18075000.0 0.027610768632 0.024976667512 0.027532855636 0.030544829588
Herato13 Herato1301 18125001.0 18125000.0 0.0190396428554 0.0166375141521 0.0189130616362 0.0223377247702
Herato13 Herato1301 18175001.0 18175000.0 0.022516818332 0.020359162204 0.022689277126 0.02497097132
Herato13 Herato1301 18225001.0 18225000.0 0.022283163488 0.020119181634 0.022551900934 0.025265718818
Herato13 Herato1301 18275001.0 18275000.0 0.01970562541 0.015097853982 0.019556615816 0.024381344652
Herato13 Herato1301 18325001.0 18325000.0 0.017129904136 0.015226382739 0.01723666684 0.018984508862
Herato13 Herato1301 18375001.0 18375000.0 0.017406047644 0.01487549032 0.017255204654 0.020932471658
Herato13 Herato1301 18425001.0 18425000.0 0.0349575697283 0.0291983107967 0.0346960222888 0.0428380871402
Herato13 Herato1301 18475001.0 18475000.0 0.0243917838317 0.0202659218701 0.0240641750496 0.0309927217428
Herato13 Herato1301 18525001.0 18525000.0 0.02788520552 0.024087936722 0.027925863952 0.030930645948
Herato13 Herato1301 18575001.0 18575000.0 0.024625231692 0.023344768465 0.024541188538 0.02588142078
Herato13 Herato1301 18625001.0 18625000.0 0.0275061889818 0.0253786480182 0.0275511634624 0.029706293912
Herato13 Herato1301 18675001.0 18675000.0 0.020448945334 0.019507497984 0.020450020704 0.021360288238
Herato13 Herato1301 18725001.0 18725000.0 0.020997593718 0.020840029499 0.020999371162 0.02119823175
Herato13 Herato1301 18775001.0 18775000.0 0.02541991288 0.020389881492 0.025066479322 0.031964761248
Herato13 Herato1301 18825001.0 18825000.0 0.0205273910744 0.0171850278132 0.0205495556562 0.023677944526
Herato13 Herato1301 18875001.0 18875000.0 0.013367407808 0.011376721682 0.012791971598 0.016667172806
Herato13 Herato1301 18925001.0 18925000.0 0.028803987428 0.023842298244 0.028569140368 0.033793318696
Herato13 Herato1301 18975001.0 18975000.0 0.02165107758 0.02079748416 0.0217282879 0.0223312412
Herato13 Herato1301 19025001.0 19025000.0 0.0185563564964 0.0170762651882 0.0184817318202 0.0202013660382
Herato13 Herato1301 19075001.0 19075000.0 0.029129780946 0.0255533625334 0.02916028953 0.033871082824
Herato13 Herato1301 19125001.0 19125000.0 0.025908405594 0.021302881086 0.025633416956 0.032757896242
Herato13 Herato1301 19175001.0 19175000.0 0.02702458878 0.0259335768 0.02712315118 0.02825078868
Herato13 Herato1301 19225001.0 19225000.0 0.0210247574436 0.0169305554174 0.020610871068 0.0268992556808
Herato13 Herato1301 19275001.0 19275000.0 0.026389494078 0.022363759262 0.02627282418 0.031834372986
Herato13 Herato1301 19325001.0 19325000.0 0.028737970796 0.02655032335 0.02877598582 0.03056340732
Herato13 Herato1301 19375001.0 19375000.0 0.03072364384 0.027037961542 0.030302194154 0.0359712674
Herato13 Herato1301 19425001.0 19425000.0 0.028829796936 0.027469607246 0.028422597722 0.033332967408
Herato13 Herato1301 19475001.0 19475000.0 0.022327485014 0.02051628326 0.02223294439 0.024260778266
Herato13 Herato1301 19525001.0 19525000.0 0.0297895827702 0.028228607508 0.0299944623468 0.0319613513472
Herato13 Herato1301 19575001.0 19575000.0 0.032125270638 0.029893041482 0.032118310024 0.03461868974
Herato13 Herato1301 19625001.0 19625000.0 0.028065249816 0.026183877196 0.02793132448 0.030253561996
Herato13 Herato1301 19675001.0 19675000.0 0.027141166012 0.0235852624446 0.0271252612222 0.03079788278
Herato13 Herato1301 19725001.0 19725000.0 0.0237332562002 0.0211044510687 0.0236984907896 0.026994690346
Herato13 Herato1301 19775001.0 19775000.0 0.024055393816 0.020955574988 0.024044871642 0.027853375454
Herato13 Herato1301 19825001.0 19825000.0 0.0328825106527 0.029703549381 0.032802761027 0.0370173554594
Herato13 Herato1301 19875001.0 19875000.0 0.02442304792 0.022170661666 0.024250993172 0.027029795426
Herato13 Herato1301 19925001.0 19925000.0 0.02959895418 0.02700337584 0.0294403256 0.03319987234
Herato13 Herato1301 19975001.0 19975000.0 0.022250186606 0.020107395318 0.022194402658 0.025065378806
Herato13 Herato1301 20025001.0 20025000.0 0.026548447506 0.024205865818 0.026489128234 0.02985484724
Herato13 Herato1301 20075001.0 20075000.0 0.0276042473904 0.0254071174344 0.0274143443236 0.030685756578
Herato13 Herato1301 20125001.0 20125000.0 0.0229595142146 0.0181833468599 0.022591596998 0.0295717305758
Herato13 Herato1301 20175001.0 20175000.0 0.0243887128944 0.0194797530697 0.0230344548484 0.0369749405222
Herato13 Herato1301 20225001.0 20225000.0 0.0195495618944 0.0177664413002 0.019576213489 0.021086247404
Herato13 Herato1301 20275001.0 20275000.0 0.031534295502 0.022744835828 0.030814597534 0.046220882614
Herato13 Herato1301 20325001.0 20325000.0 0.0202853132156 0.0188446340332 0.0202186819382 0.0220734757874
Herato13 Herato1301 20375001.0 20375000.0 0.03031441731 0.0229027263031 0.02781643559 0.0463813594676
Herato13 Herato1301 20425001.0 20425000.0 0.0178082774488 0.0142601792024 0.0178161978333 0.0221416759072
Herato13 Herato1301 20475001.0 20475000.0 0.0178520697104 0.0159328050388 0.0177996347902 0.0203840113806
Herato13 Herato1301 20525001.0 20525000.0 0.0178743564564 0.0161851350894 0.0177039103726 0.0199427503136
Herato13 Herato1301 20575001.0 20575000.0 0.016647086214 0.013904067936 0.01661741219 0.018988031426
Herato13 Herato1301 20625001.0 20625000.0 0.021363648676 0.01981064301 0.021129656988 0.024315551938
Herato13 Herato1301 20675001.0 20675000.0 0.027715273234 0.025554538102 0.028188752272 0.029166048788
Herato13 Herato1301 20725001.0 20725000.0 0.025525928178 0.0207735728723 0.02489668397 0.034938145278
Herato13 Herato1301 20775001.0 20775000.0 0.028233518224 0.024250211934 0.028200626644 0.034020052754
Herato13 Herato1301 20825001.0 20825000.0 0.030618647068 0.027671557132 0.030628674528 0.033240542416
Herato13 Herato1301 20875001.0 20875000.0 0.0168358956458 0.0125748181872 0.0168535041014 0.0224700353416
Herato13 Herato1301 20925001.0 20925000.0 0.021013443668 0.018934518546 0.020877288856 0.023256355386
Herato13 Herato1301 20975001.0 20975000.0 0.021647252152 0.0163544827668 0.020929012508 0.029101659504
Herato13 Herato1301 21025001.0 21025000.0 0.04035472843 0.029525775736 0.040456636712 0.05428911502
Herato13 Herato1301 21075001.0 21075000.0 0.0252888228396 0.0230398747158 0.0253351404104 0.0275814744558
Herato13 Herato1301 21125001.0 21125000.0 0.0148357513686 0.0127117312692 0.0148173806108 0.0173703302064
Herato13 Herato1301 21175001.0 21175000.0 0.0230246268122 0.0207476224708 0.02295225798 0.025552049248
Herato13 Herato1301 21225001.0 21225000.0 0.029822915124 0.025967424926 0.029696366908 0.035092288396
Herato13 Herato1301 21275001.0 21275000.0 0.029588511944 0.026272509326 0.029161483894 0.034930648866
Herato13 Herato1301 21325001.0 21325000.0 0.0171842637382 0.015422912883 0.0170817049428 0.0192280169818
Herato13 Herato1301 21375001.0 21375000.0 0.024542481394 0.021686890822 0.02431660331 0.028001602822
Herato13 Herato1301 21425001.0 21425000.0 0.0229141303884 0.0216853361312 0.0229246206198 0.02398477096
Herato13 Herato1301 21475001.0 21475000.0 0.025200367924 0.0212588394952 0.02491546686 0.033032588014
Herato13 Herato1301 21525001.0 21525000.0 0.019364611568 0.015603031694 0.018891779934 0.025640690432
Herato13 Herato1301 21575001.0 21575000.0 0.032721464804 0.027917209678 0.032304966072 0.03925081646
Herato13 Herato1301 21625001.0 21625000.0 0.023487109238 0.020574093336 0.0233422308 0.027281667384
Herato13 Herato1301 21675001.0 21675000.0 0.0236852957098 0.0187259342374 0.0227455542252 0.0310876858072
Herato13 Herato1301 21725001.0 21725000.0 0.045696199779 0.0292589010682 0.0455902209168 0.0563535737178
Herato13 Herato1301 21775001.0 21775000.0 0.021340159368 0.01956580046 0.02126144607 0.02368663851
Herato13 Herato1301 21825001.0 21825000.0 0.030488385362 0.027828602684 0.03038540375 0.034798807052
Herato13 Herato1301 21875001.0 21875000.0 0.0235052293132 0.0214009008714 0.0236166721958 0.0255948921812
Herato13 Herato1301 21925001.0 21925000.0 0.0308501568414 0.0281104428996 0.0306613029082 0.0340635048086
Herato13 Herato1301 21975001.0 21975000.0 0.036483938348 0.033030590414 0.03630528173 0.040679827466
Herato13 Herato1301 22025001.0 22025000.0 0.0291344491559 0.0205329182368 0.0279730152671 0.0431321400215
Herato13 Herato1301 22075001.0 22075000.0 0.026963843506 0.024531706288 0.026896532656 0.029377509818
Herato13 Herato1301 22125001.0 22125000.0 0.0243732168528 0.0200334372712 0.0241754287528 0.030714907026
Herato13 Herato1301 22175001.0 22175000.0 0.0214830103164 0.017836183941 0.0211585524722 0.0264744225718
Herato13 Herato1301 22225001.0 22225000.0 0.0194811690852 0.0162806346296 0.0193359735778 0.023874366999
Herato13 Herato1301 22275001.0 22275000.0 0.020566734562 0.01724088088 0.020510274546 0.024455351396
Herato13 Herato1301 22325001.0 22325000.0 0.02877308424 0.024393594334 0.028837418976 0.033068380698
Herato13 Herato1301 22375001.0 22375000.0 0.025241434954 0.022099755674 0.025148944834 0.028764442682
Herato13 Herato1301 22425001.0 22425000.0 0.017087341092 0.016038824214 0.017084335352 0.018257929044
Herato13 Herato1301 22475001.0 22475000.0 0.028145199386 0.0209087960908 0.027128797228 0.039350385544
Herato13 Herato1301 22525001.0 22525000.0 0.039988947414 0.0196434037064 0.040744821676 0.069400744346
Herato13 Herato1301 22575001.0 22575000.0 0.02611716246 0.023612773724 0.026009200266 0.0287114054
Herato13 Herato1301 22625001.0 22625000.0 0.0145410600496 0.0128233881424 0.0144051095376 0.016782327837
Herato13 Herato1301 22675001.0 22675000.0 0.018121005862 0.0144418706862 0.018209777723 0.022243105872
Herato13 Herato1301 22725001.0 22725000.0 0.02479452201 0.023793707114 0.024677359668 0.02657424873
Herato13 Herato1301 22775001.0 22775000.0 0.025855563964 0.024286028446 0.025776348192 0.027970075778
Herato13 Herato1301 22825001.0 22825000.0 0.0268859043864 0.0244174682096 0.026819831864 0.029419159154
Herato13 Herato1301 22875001.0 22875000.0 0.0263265337944 0.0181499381253 0.0238665521424 0.048264072499
Herato13 Herato1301 22925001.0 22925000.0 0.0145833744988 0.0124206334507 0.0145148317 0.0173470626768
Herato13 Herato1301 22975001.0 22975000.0 0.024763087427 0.0210238178075 0.024487828588 0.0297700496636
Herato13 Herato1301 23025001.0 23025000.0 0.015783258096 0.0136878537572 0.015778890806 0.017429965662
Herato13 Herato1301 23075001.0 23075000.0 0.031245446938 0.0277857008216 0.0312358181628 0.035198065944
Herato13 Herato1301 23125001.0 23125000.0 0.0325761430204 0.0248646681636 0.031944600562 0.043001552496
Herato13 Herato1301 23175001.0 23175000.0 0.022891994762 0.0180826742653 0.0212159832526 0.0311659425898
Herato13 Herato1301 23225001.0 23225000.0 0.019108879316 0.01739666498 0.019152010898 0.020676743038
Herato13 Herato1301 23275001.0 23275000.0 0.0227042277952 0.0198549218524 0.0227097160444 0.025770663734
Herato13 Herato1301 23325001.0 23325000.0 0.018269241286 0.014259869848 0.017964901276 0.024508518966
Herato13 Herato1301 23375001.0 23375000.0 0.010938438128 0.0099500659774 0.01096838292 0.012001291968
Herato13 Herato1301 23425001.0 23425000.0 0.022774058493 0.0201294676208 0.0227744959794 0.025947447423
Herato13 Herato1301 23475001.0 23475000.0 0.021755397278 0.017918049828 0.021408732552 0.028827287988
Herato13 Herato1301 23525001.0 23525000.0 0.024832877378 0.017436540226 0.022931198402 0.038079324694
Herato13 Herato1301 23575001.0 23575000.0 0.0190891813131 0.0167547836635 0.0191282138904 0.0216263999031
Herato13 Herato1301 23625001.0 23625000.0 0.0302326032386 0.0190465864916 0.029376084476 0.0477290641626
Herato13 Herato1301 23675001.0 23675000.0 0.0172426614028 0.0140049572206 0.0169326014004 0.0225483250296
Herato13 Herato1301 23725001.0 23725000.0 0.0064693007288 0.0055615397448 0.0064196114462 0.0077014943648
Herato13 Herato1301 23775001.0 23775000.0 0.0022072305988 0.001943927882 0.0022195195536 0.0024679863556
