chrom scaffold Cposition position mean p0025 p0500 p0975
Herato05 Herato0501 25001.0 25000.0 0.057300630214 0.0524004061106 0.057311918564 0.062818094512
Herato05 Herato0501 75001.0 75000.0 0.068237399546 0.0620454058612 0.068082280402 0.076771409298
Herato05 Herato0501 125001.0 125000.0 0.09050317396 0.07817112362 0.09037812812 0.10243801242
Herato05 Herato0501 175001.0 175000.0 0.088588811268 0.077329796606 0.0885798844 0.103799998534
Herato05 Herato0501 225001.0 225000.0 0.116162693304 0.107994332744 0.115965364546 0.125336795768
Herato05 Herato0501 275001.0 275000.0 0.114281478534 0.102607465619 0.113997291513 0.133864842736
Herato05 Herato0501 325001.0 325000.0 0.107008608054 0.0883514568382 0.106721476934 0.127451714932
Herato05 Herato0501 375001.0 375000.0 0.0898100113 0.07112369108 0.08920434332 0.1142956289
Herato05 Herato0501 425001.0 425000.0 0.08322635714 0.07879606698 0.08312418026 0.08717501966
Herato05 Herato0501 475001.0 475000.0 0.113923376626 0.106446754246 0.114023362248 0.121966392062
Herato05 Herato0501 525001.0 525000.0 0.10547583654 0.10135039614 0.10528859442 0.11263007458
Herato05 Herato0501 575001.0 575000.0 0.0807077565 0.06464221768 0.07981910316 0.10138749682
Herato05 Herato0501 625001.0 625000.0 0.114943913204 0.096545625016 0.116859609482 0.132233783878
Herato05 Herato0501 675001.0 675000.0 0.106759498426 0.0956733339883 0.106455155251 0.12171028148
Herato05 Herato0501 725001.0 725000.0 0.0699453823138 0.0607284616419 0.0695447130248 0.080678837156
Herato05 Herato0501 775001.0 775000.0 0.072717955492 0.06648046354 0.072508414864 0.07960627028
Herato05 Herato0501 825001.0 825000.0 0.090793585464 0.0855332404 0.09041699286 0.098148260376
Herato05 Herato0501 875001.0 875000.0 0.099983783442 0.0892667544576 0.0995556417464 0.113538514136
Herato05 Herato0501 925001.0 925000.0 0.10701761356 0.094412702692 0.10662721793 0.122066921532
Herato05 Herato0501 975001.0 975000.0 0.1119350454 0.1078001902 0.1115210153 0.117264552
Herato05 Herato0501 1025001.0 1025000.0 0.07874918046 0.071040989788 0.07849173838 0.08732916866
Herato05 Herato0501 1075001.0 1075000.0 0.063271216054 0.0519295957174 0.063876568706 0.0725293357
Herato05 Herato0501 1125001.0 1125000.0 0.064299616874 0.055086803894 0.063490503774 0.078134391064
Herato05 Herato0501 1175001.0 1175000.0 0.0841867595063 0.0742437548619 0.0835749982824 0.0971683547236
Herato05 Herato0501 1225001.0 1225000.0 0.102305226903 0.0903884298404 0.10152943759 0.118711898647
Herato05 Herato0501 1257436.5 1275000.0 0.14595799879 0.130100692959 0.145590825298 0.16265702172
Herato05 Herato0502 1289873.0 25000.0 0.068193561436 0.061007369488 0.0671777985956 0.0781767394628
Herato05 Herato0502 1339873.0 75000.0 0.10469927228 0.08659037966 0.1048377138 0.1206293382
Herato05 Herato0502 1389873.0 125000.0 0.0836970125304 0.0664835545925 0.0847622557226 0.0960067924562
Herato05 Herato0502 1439873.0 175000.0 0.12576222434 0.109648689404 0.124632763814 0.16301365848
Herato05 Herato0502 1481817.5 225000.0 0.0977672665762 0.0769373248252 0.0981222476615 0.109818147541
Herato05 Herato0503 1523763.0 25000.0 0.119598015453 0.106293266817 0.119285092 0.134425204936
Herato05 Herato0503 1573763.0 75000.0 0.0745700866531 0.0560111854314 0.075261921214 0.0945785589928
Herato05 Herato0503 1623763.0 125000.0 0.07637301054 0.06997508428 0.0755552467 0.08859457404
Herato05 Herato0503 1673763.0 175000.0 0.10220922558 0.09157970192 0.1014908685 0.1150109035
Herato05 Herato0503 1723763.0 225000.0 0.068217198894 0.0600197578916 0.06713309543 0.0828612513
Herato05 Herato0503 1773763.0 275000.0 0.0658286100408 0.0565279523915 0.0655618515885 0.0788072395434
Herato05 Herato0503 1823763.0 325000.0 0.1152138086 0.1075405582 0.1158697368 0.1211639053
Herato05 Herato0503 1873763.0 375000.0 0.14594218564 0.124638527412 0.14518341192 0.1703702336
Herato05 Herato0503 1923763.0 425000.0 0.10160706177 0.094877800236 0.101886521748 0.108413452594
Herato05 Herato0503 1973763.0 475000.0 0.06777744569 0.0638525820816 0.06766821342 0.072920626394
Herato05 Herato0503 2023763.0 525000.0 0.08723725658 0.07262380418 0.08754561606 0.10174126422
Herato05 Herato0503 2073763.0 575000.0 0.0673258640296 0.062905206031 0.0671161666882 0.0731892033832
Herato05 Herato0503 2123763.0 625000.0 0.0761172896712 0.0700374330228 0.0758467836142 0.0835603144004
Herato05 Herato0503 2173763.0 675000.0 0.111373063572 0.102931561652 0.111058504466 0.122328646728
Herato05 Herato0503 2223763.0 725000.0 0.14251080768 0.12954820728 0.14167646994 0.15721977086
Herato05 Herato0503 2273763.0 775000.0 0.1187931536 0.11189057848 0.11885216632 0.12535351982
Herato05 Herato0503 2323763.0 825000.0 0.065516984664 0.060771878884 0.06564777971 0.070471979708
Herato05 Herato0503 2373763.0 875000.0 0.096505997396 0.085565536335 0.095903133538 0.108896043086
Herato05 Herato0503 2423763.0 925000.0 0.098773742268 0.091648901052 0.0982950717 0.10642966874
Herato05 Herato0503 2473763.0 975000.0 0.14074145636 0.11947697234 0.13933588816 0.17386256686
Herato05 Herato0503 2523763.0 1025000.0 0.084157350234 0.07868381708 0.084072930876 0.089786370508
Herato05 Herato0503 2573763.0 1075000.0 0.07562265396 0.07268298728 0.07533844264 0.07902325808
Herato05 Herato0503 2623763.0 1125000.0 0.078090260528 0.07387827474 0.078110169378 0.082773720952
Herato05 Herato0503 2673763.0 1175000.0 0.088022416088 0.0799454797558 0.0892369975864 0.095449172066
Herato05 Herato0503 2723763.0 1225000.0 0.11939481318 0.10783000382 0.1200275412 0.1303743966
Herato05 Herato0503 2773763.0 1275000.0 0.103068104581 0.0963181091368 0.103062425155 0.110250765185
Herato05 Herato0503 2823763.0 1325000.0 0.08103394598 0.07910409118 0.0806970111 0.08437055126
Herato05 Herato0503 2873763.0 1375000.0 0.0476627658419 0.0434600528943 0.0474743276526 0.053169513445
Herato05 Herato0503 2923763.0 1425000.0 0.0976511033346 0.0875427507758 0.097437637765 0.108471205944
Herato05 Herato0503 2973763.0 1475000.0 0.102246528388 0.087550391864 0.10253264511 0.11743506405
Herato05 Herato0503 3023763.0 1525000.0 0.0786513375004 0.0688009795298 0.079279420934 0.0869088001604
Herato05 Herato0503 3073763.0 1575000.0 0.07619965717 0.064767703384 0.075645918072 0.08993660964
Herato05 Herato0503 3123763.0 1625000.0 0.0517931155881 0.0401128947574 0.0500963449386 0.0737086920614
Herato05 Herato0503 3173763.0 1675000.0 0.0604046531188 0.053841466923 0.059517365172 0.068858784272
Herato05 Herato0503 3223763.0 1725000.0 0.08764118316 0.08359829456 0.08718320326 0.093376698
Herato05 Herato0503 3273763.0 1775000.0 0.079505496494 0.071734935526 0.079456990496 0.087085680162
Herato05 Herato0503 3323763.0 1825000.0 0.054859954022 0.049676293636 0.05460660029 0.060694195626
Herato05 Herato0503 3373763.0 1875000.0 0.080277953279 0.0722190307552 0.0804264171328 0.0885287678936
Herato05 Herato0503 3423763.0 1925000.0 0.132299740359 0.118109828087 0.131995695967 0.148599327776
Herato05 Herato0503 3473763.0 1975000.0 0.104712278436 0.0931583997073 0.103560730407 0.120162640052
Herato05 Herato0503 3523763.0 2025000.0 0.17492414688 0.16685136358 0.17362651114 0.18861800254
Herato05 Herato0503 3573763.0 2075000.0 0.086929819018 0.081212942298 0.086526043414 0.09423830537
Herato05 Herato0503 3623763.0 2125000.0 0.110133757103 0.101735585206 0.109724837575 0.12026939341
Herato05 Herato0503 3673763.0 2175000.0 0.09668180106 0.08399039608 0.09721310694 0.10983759086
Herato05 Herato0503 3723763.0 2225000.0 0.09560616174 0.085579858324 0.094062137002 0.109624451144
Herato05 Herato0503 3773763.0 2275000.0 0.084073096464 0.078378014612 0.084204615832 0.09073772947
Herato05 Herato0503 3823763.0 2325000.0 0.1433174279 0.12631822468 0.14499832242 0.1602668721
Herato05 Herato0503 3873763.0 2375000.0 0.068609338094 0.063481278038 0.068347081844 0.07363222802
Herato05 Herato0503 3923763.0 2425000.0 0.0627158651258 0.0560579996778 0.0624249584911 0.070644983298
Herato05 Herato0503 3973763.0 2475000.0 0.071535161896 0.063957030598 0.071695436882 0.080280311796
Herato05 Herato0503 4023763.0 2525000.0 0.082402628322 0.0783169527482 0.082268422502 0.087833753482
Herato05 Herato0503 4073763.0 2575000.0 0.071491414866 0.066291803978 0.07126618894 0.07753794929
Herato05 Herato0503 4123763.0 2625000.0 0.0834134992008 0.0747446315346 0.082500180106 0.09453382415
Herato05 Herato0503 4173763.0 2675000.0 0.15649827029 0.127020747346 0.154428840482 0.198633497478
Herato05 Herato0503 4223763.0 2725000.0 0.13418795184 0.099475294666 0.131045964342 0.18545609748
Herato05 Herato0503 4273763.0 2775000.0 0.0744643626065 0.0689376127236 0.0743256262095 0.0797201709968
Herato05 Herato0503 4323763.0 2825000.0 0.062694407236 0.053342359358 0.06262113341 0.074289672106
Herato05 Herato0503 4373763.0 2875000.0 0.0812716075912 0.061947109797 0.0801911175814 0.105686920426
Herato05 Herato0503 4423763.0 2925000.0 0.06485962458 0.06116095382 0.06487657046 0.06939634684
Herato05 Herato0503 4473763.0 2975000.0 0.13478252754 0.12795374302 0.13426957228 0.1431439345
Herato05 Herato0503 4523763.0 3025000.0 0.0798091101632 0.0653679166566 0.0803839224638 0.09189462586
Herato05 Herato0503 4573763.0 3075000.0 0.108906430461 0.100306176746 0.109468419256 0.116339667605
Herato05 Herato0503 4623763.0 3125000.0 0.08617410728 0.08273958608 0.08631726062 0.08879905118
Herato05 Herato0503 4673763.0 3175000.0 0.07775043532 0.0732365942398 0.077993435126 0.0814709233144
Herato05 Herato0503 4723763.0 3225000.0 0.0500703396302 0.0455542319834 0.0499885331044 0.0549116635078
Herato05 Herato0503 4773763.0 3275000.0 0.089573431374 0.082364239816 0.089189123352 0.098163190772
Herato05 Herato0503 4823763.0 3325000.0 0.1017253694 0.09062175576 0.10207257786 0.11392838232
Herato05 Herato0503 4873763.0 3375000.0 0.07900973914 0.07043479914 0.07873942572 0.08841775942
Herato05 Herato0503 4923763.0 3425000.0 0.105750027819 0.0779674913731 0.103389025576 0.146178242451
Herato05 Herato0503 4973763.0 3475000.0 0.099769958614 0.086968386498 0.099173432394 0.114634587754
Herato05 Herato0503 5023763.0 3525000.0 0.10589165259 0.08838646449 0.104989123441 0.127202514768
Herato05 Herato0503 5073763.0 3575000.0 0.10334969117 0.090880459364 0.102656029569 0.118887248625
Herato05 Herato0503 5123763.0 3625000.0 0.055222788966 0.048593975112 0.05541363472 0.062999173032
Herato05 Herato0503 5173763.0 3675000.0 0.10624868038 0.09093136582 0.1059100433 0.12632566762
Herato05 Herato0503 5223763.0 3725000.0 0.09654203326 0.091650767776 0.096753713528 0.10167393488
Herato05 Herato0503 5273763.0 3775000.0 0.071196623622 0.063615843974 0.070945206962 0.08036513456
Herato05 Herato0503 5323763.0 3825000.0 0.124888938948 0.105500250854 0.122614802221 0.149566384636
Herato05 Herato0503 5373763.0 3875000.0 0.09838468938 0.09300063528 0.09892258194 0.1031505372
Herato05 Herato0503 5423763.0 3925000.0 0.11509162116 0.10486592072 0.11473862756 0.1294137662
Herato05 Herato0503 5473763.0 3975000.0 0.10143856086 0.095469158174 0.1016167828 0.10724687342
Herato05 Herato0503 5523763.0 4025000.0 0.102898911975 0.0970212581169 0.102766928254 0.108207557184
Herato05 Herato0503 5573763.0 4075000.0 0.108143927962 0.102581792106 0.10776541895 0.113741050316
Herato05 Herato0503 5623763.0 4125000.0 0.13982914478 0.11951958648 0.13740655242 0.16974198184
Herato05 Herato0503 5673763.0 4175000.0 0.10821140084 0.0993757051 0.1083261844 0.11904946234
Herato05 Herato0503 5723763.0 4225000.0 0.097763960648 0.092801682278 0.097237274344 0.10459225284
Herato05 Herato0503 5773763.0 4275000.0 0.10711268876 0.09448542476 0.10717495948 0.12349568694
Herato05 Herato0503 5823763.0 4325000.0 0.109793314354 0.101324341182 0.110809156468 0.118559876354
Herato05 Herato0503 5873763.0 4375000.0 0.0590860094708 0.0549291946944 0.0590357533466 0.0635835520186
Herato05 Herato0503 5923763.0 4425000.0 0.0798894508 0.0733480469 0.07996620802 0.08555298548
Herato05 Herato0503 5973763.0 4475000.0 0.100458833926 0.093803354088 0.100337563653 0.108055517143
Herato05 Herato0503 6023763.0 4525000.0 0.1095312038 0.1038692836 0.108851901 0.1164685412
Herato05 Herato0503 6073763.0 4575000.0 0.1141947908 0.10781737388 0.1139317356 0.1207552376
Herato05 Herato0503 6123763.0 4625000.0 0.074925793105 0.0665823946277 0.0746180063922 0.0840729812778
Herato05 Herato0503 6173763.0 4675000.0 0.0521599360041 0.0425059320882 0.0535792405654 0.0624678624277
Herato05 Herato0503 6223763.0 4725000.0 0.0717464718 0.06768790052 0.07129906386 0.07711091434
Herato05 Herato0503 6273763.0 4775000.0 0.0712785490186 0.0632446899254 0.071523579476 0.0790503688118
Herato05 Herato0503 6323763.0 4825000.0 0.0568295515774 0.0542327738991 0.0564795616574 0.060700575921
Herato05 Herato0503 6373763.0 4875000.0 0.144499570092 0.115136788219 0.142172648164 0.188470467922
Herato05 Herato0503 6423763.0 4925000.0 0.1016143902 0.1002751806 0.10147324 0.104684222
Herato05 Herato0503 6473763.0 4975000.0 0.0755090314072 0.0662853471771 0.0747547929482 0.0882516338288
Herato05 Herato0503 6523763.0 5025000.0 0.0920588955088 0.0807403805961 0.0916739707022 0.105671609572
Herato05 Herato0503 6573763.0 5075000.0 0.0365513513768 0.0340748133112 0.0365392780324 0.039672026616
Herato05 Herato0503 6623763.0 5125000.0 0.093719428552 0.085751900778 0.09399736293 0.101972066568
Herato05 Herato0503 6673763.0 5175000.0 0.082939025968 0.0780758982022 0.083267018766 0.08860471997
Herato05 Herato0503 6723763.0 5225000.0 0.13893415934 0.1320827506 0.13892780044 0.14856388492
Herato05 Herato0503 6773763.0 5275000.0 0.145902444 0.1385736042 0.1460319618 0.155335638
Herato05 Herato0503 6823763.0 5325000.0 0.116052543738 0.104591542987 0.115938237257 0.1274690596
Herato05 Herato0503 6873763.0 5375000.0 0.0966328514152 0.0831826482376 0.0957899445514 0.111777221456
Herato05 Herato0503 6923763.0 5425000.0 0.07864778996 0.0716814274 0.0781717782 0.0859298697
Herato05 Herato0503 6973763.0 5475000.0 0.08782466624 0.0842788588 0.08735772276 0.09119647864
Herato05 Herato0503 7023763.0 5525000.0 0.1368270369 0.12465150094 0.13697960182 0.1478414553
Herato05 Herato0503 7073763.0 5575000.0 0.06499230162 0.0604471581 0.06467402432 0.07074721942
Herato05 Herato0503 7123763.0 5625000.0 0.09548274856 0.09192188676 0.09535622122 0.10040120876
Herato05 Herato0503 7173763.0 5675000.0 0.067899433256 0.0583805185194 0.06792285311 0.078355498998
Herato05 Herato0503 7223763.0 5725000.0 0.064308466308 0.057232761722 0.063567028074 0.075019396074
Herato05 Herato0503 7273763.0 5775000.0 0.106455302867 0.0901354375427 0.104806484898 0.131320536098
Herato05 Herato0503 7323763.0 5825000.0 0.0482485016732 0.0409370564356 0.0477930292288 0.056394675226
Herato05 Herato0503 7373763.0 5875000.0 0.07394535574 0.06883184441 0.073700834908 0.079744765932
Herato05 Herato0503 7423763.0 5925000.0 0.074982792772 0.067752415552 0.075311639434 0.082049195838
Herato05 Herato0503 7473763.0 5975000.0 0.099642208888 0.0811540428 0.09646759986 0.123331966982
Herato05 Herato0503 7523763.0 6025000.0 0.07465130685 0.0661960117614 0.0745435662488 0.084235790266
Herato05 Herato0503 7573763.0 6075000.0 0.06839495058 0.0550460183354 0.068250296016 0.081708782796
Herato05 Herato0503 7623763.0 6125000.0 0.0190722385666 0.017981610975 0.0190346366598 0.02007942043
Herato05 Herato0503 7673763.0 6175000.0 0.027711569618 0.024322258768 0.027557374448 0.031814874404
Herato05 Herato0503 7723763.0 6225000.0 0.098153199454 0.085932901566 0.097695381484 0.113266631154
Herato05 Herato0503 7773763.0 6275000.0 0.117293422436 0.101596625066 0.116929816826 0.13642673244
Herato05 Herato0503 7823763.0 6325000.0 0.09953055722 0.086820405262 0.1003014572 0.1045467828
Herato05 Herato0503 7873763.0 6375000.0 0.11818910042 0.11140777792 0.1165921368 0.1374373994
Herato05 Herato0503 7923763.0 6425000.0 0.113718339912 0.106323230494 0.113294631124 0.12153364241
Herato05 Herato0503 7973763.0 6475000.0 0.111800605225 0.103643632414 0.111401909625 0.121229119864
Herato05 Herato0503 8023763.0 6525000.0 0.0939808313 0.08703237074 0.09359879304 0.10028747724
Herato05 Herato0503 8073763.0 6575000.0 0.1112799772 0.104433473182 0.11176308842 0.11829281896
Herato05 Herato0503 8123763.0 6625000.0 0.091874794282 0.088103219142 0.09195293268 0.0975670179
Herato05 Herato0503 8173763.0 6675000.0 0.106355431926 0.0971872406299 0.106145881184 0.11548030391
Herato05 Herato0503 8223763.0 6725000.0 0.0839399559442 0.0740832510495 0.0828271814181 0.101063436224
Herato05 Herato0503 8273763.0 6775000.0 0.086720329112 0.0764190411028 0.08610337916 0.098517180738
Herato05 Herato0503 8323763.0 6825000.0 0.115211778482 0.0988211076835 0.114633129211 0.134530034606
Herato05 Herato0503 8373763.0 6875000.0 0.117888735412 0.104516678911 0.116928567282 0.133769364435
Herato05 Herato0503 8423763.0 6925000.0 0.0812229309 0.07237042652 0.08111713016 0.0923742785
Herato05 Herato0503 8473763.0 6975000.0 0.086079487508 0.076177500566 0.086321919736 0.094842885126
Herato05 Herato0503 8523763.0 7025000.0 0.10287053668 0.0930368748622 0.102275934096 0.111762295364
Herato05 Herato0503 8573763.0 7075000.0 0.10246642142 0.09396018678 0.10222929764 0.11295662494
Herato05 Herato0503 8623763.0 7125000.0 0.131277129261 0.116701122021 0.130123472468 0.148901541933
Herato05 Herato0503 8673763.0 7175000.0 0.119321143149 0.102549210768 0.117952884206 0.141138077282
Herato05 Herato0503 8723763.0 7225000.0 0.116312456694 0.10712890148 0.115584832816 0.128353282542
Herato05 Herato0503 8773763.0 7275000.0 0.13377239588 0.117971906086 0.13312018658 0.15145521352
Herato05 Herato0503 8823763.0 7325000.0 0.0726579853992 0.059541308651 0.0727743903707 0.0885019847752
Herato05 Herato0503 8873763.0 7375000.0 0.10064708128 0.09383306018 0.10086037838 0.10717566822
Herato05 Herato0503 8923763.0 7425000.0 0.068584679776 0.05753910772 0.067941480684 0.08311847295
Herato05 Herato0503 8973763.0 7475000.0 0.0810209134324 0.0694856596744 0.080800634801 0.091648332638
Herato05 Herato0503 9023763.0 7525000.0 0.065625005169 0.0427029040343 0.063081013219 0.105354584845
Herato05 Herato0503 9073763.0 7575000.0 0.0177079360638 0.0161705654128 0.0175980744223 0.0196771159568
Herato05 Herato0503 9123763.0 7625000.0 0.039785268548 0.03582479837 0.039754140304 0.04409260838
Herato05 Herato0503 9173763.0 7675000.0 0.0902851836 0.0873965862 0.0901100261 0.0944729492
Herato05 Herato0503 9223763.0 7725000.0 0.08099273586 0.07908638952 0.08079002004 0.0845971545
Herato05 Herato0503 9273763.0 7775000.0 0.07393338278 0.06852226966 0.07308418624 0.08681713084
Herato05 Herato0503 9323763.0 7825000.0 0.0862061609124 0.077632780874 0.0861753447838 0.0948449698822
Herato05 Herato0503 9373763.0 7875000.0 0.06881921873 0.064031492504 0.068644293336 0.07437375362
Herato05 Herato0503 9423763.0 7925000.0 0.098614638678 0.092309165502 0.098502183368 0.106382701732
Herato05 Herato0503 9473763.0 7975000.0 0.108509274817 0.0978251228899 0.109007750529 0.119847170459
Herato05 Herato0503 9523763.0 8025000.0 0.0966839845646 0.0882516344744 0.0969868430806 0.10478648983
Herato05 Herato0503 9573763.0 8075000.0 0.0851045875936 0.0787446511654 0.0853308358218 0.0915802760048
Herato05 Herato0503 9623763.0 8125000.0 0.0668956960432 0.0595406350294 0.06614649776 0.0782897708512
Herato05 Herato0503 9673763.0 8175000.0 0.0670756270513 0.0566944242176 0.0665789307292 0.0791796149548
Herato05 Herato0503 9723763.0 8225000.0 0.057061641188 0.0488847400592 0.056843375114 0.066494042302
Herato05 Herato0503 9773763.0 8275000.0 0.0641439681068 0.0596190853492 0.0639691898568 0.069272120728
Herato05 Herato0503 9823763.0 8325000.0 0.0641430451 0.05959102066 0.06427567466 0.06945489648
Herato05 Herato0503 9873763.0 8375000.0 0.0572594951132 0.05270091324 0.0572405453772 0.061750034512
Herato05 Herato0503 9923763.0 8425000.0 0.06988014732 0.0641621454 0.06986916072 0.07633574958
Herato05 Herato0503 9973763.0 8475000.0 0.094378726564 0.0886526708972 0.094135796976 0.101312569856
Herato05 Herato0503 10023763.0 8525000.0 0.12744873394 0.11537945896 0.12754238908 0.13830471492
Herato05 Herato0503 10073763.0 8575000.0 0.102020918206 0.094770569684 0.102573750336 0.1079368437
Herato05 Herato0503 10123763.0 8625000.0 0.116696341562 0.109867038842 0.116343380948 0.123644598482
Herato05 Herato0503 10173763.0 8675000.0 0.12711615946 0.11827471438 0.12700661718 0.13617202954
Herato05 Herato0503 10223763.0 8725000.0 0.121596002186 0.111452285716 0.121065109948 0.13389783875
Herato05 Herato0503 10273763.0 8775000.0 0.0846183759872 0.0763059362158 0.0843318580469 0.093840134066
Herato05 Herato0503 10323763.0 8825000.0 0.091666443626 0.087388129688 0.091479586296 0.09738881624
Herato05 Herato0503 10373763.0 8875000.0 0.093378125528 0.0866595629732 0.092759826526 0.102102156598
Herato05 Herato0503 10423763.0 8925000.0 0.0633352844464 0.0547680757341 0.0632420804608 0.072871787192
Herato05 Herato0503 10467462.5 8975000.0 0.068086596548 0.0628702182604 0.0681287337143 0.0735394216343
Herato05 Herato0504 10505353.0 25000.0 0.119229096592 0.103306303202 0.11848971785 0.138558861628
Herato05 Herato0505 10549544.0 25000.0 0.0518620909221 0.0377870344925 0.0510995569596 0.0718674627339
Herato05 Herato0505 10577784.5 75000.0 0.0551625522296 0.0478413664558 0.0549852152446 0.0640143698503
Herato05 Herato0506 10598506.5 25000.0 0.0507848050513 0.0415443773336 0.0496354074975 0.0647583595887
Herato05 Herato0507 10640988.0 25000.0 0.0778040260512 0.0689475688011 0.0776063527624 0.0891695649264
Herato05 Herato0507 10690988.0 75000.0 0.06652289084 0.057323611248 0.067318147736 0.073963868634
Herato05 Herato0507 10740988.0 125000.0 0.0614847502604 0.0552823797034 0.0613964683568 0.0673452897878
Herato05 Herato0507 10790988.0 175000.0 0.0346449194396 0.021918550061 0.0338429477472 0.0559126749806
Herato05 Herato0507 10831239.0 225000.0 0.070445287372 0.0610764165511 0.070599600763 0.0810514408842
Herato05 Herato0508 10871491.0 25000.0 0.0809489006048 0.0514303036986 0.083347925866 0.112043805133
Herato05 Herato0508 10921491.0 75000.0 0.086504235852 0.066956786936 0.086551726764 0.10521049528
Herato05 Herato0508 10971491.0 125000.0 0.134372328671 0.101425528986 0.139187721734 0.173480689202
Herato05 Herato0508 11021491.0 175000.0 0.1129373409 0.1053214978 0.11334040286 0.12053120828
Herato05 Herato0508 11071491.0 225000.0 0.097460706716 0.0889852867771 0.096908583228 0.107455503104
Herato05 Herato0508 11121491.0 275000.0 0.0743128377484 0.0677260082963 0.0743185833704 0.0814811096414
Herato05 Herato0508 11171491.0 325000.0 0.08003741458 0.0713255486328 0.080219320124 0.08941403408
Herato05 Herato0508 11221491.0 375000.0 0.0658841594492 0.0595773868909 0.065903192923 0.0726817618708
Herato05 Herato0508 11271491.0 425000.0 0.120569469104 0.099510789148 0.11868667428 0.147658093056
Herato05 Herato0508 11321491.0 475000.0 0.07120482082 0.0627039568 0.0697583704 0.08399849596
Herato05 Herato0508 11371491.0 525000.0 0.100527763661 0.0925886264572 0.09968743842 0.113610859148
Herato05 Herato0508 11421491.0 575000.0 0.09619359341 0.086276288156 0.09650094442 0.10412270937
Herato05 Herato0508 11471491.0 625000.0 0.047759202654 0.0447068562836 0.047605737904 0.05200141568
Herato05 Herato0508 11521491.0 675000.0 0.065662035148 0.057647233524 0.06497700581 0.076786136102
Herato05 Herato0508 11571491.0 725000.0 0.0601722596657 0.0540259194935 0.0601857006671 0.0658712580502
Herato05 Herato0508 11621491.0 775000.0 0.08826871934 0.08483255162 0.08783060158 0.09359083596
Herato05 Herato0508 11671491.0 825000.0 0.1077570397 0.102589729132 0.107599757102 0.1147245636
Herato05 Herato0508 11721491.0 875000.0 0.073371160614 0.062538999094 0.073276131948 0.085784438772
Herato05 Herato0508 11771491.0 925000.0 0.0805701888203 0.0725811801669 0.0794066895697 0.0896708945108
Herato05 Herato0508 11821491.0 975000.0 0.074464964516 0.0628296303145 0.0741162980806 0.089185023249
Herato05 Herato0508 11871491.0 1025000.0 0.062997931986 0.055333298064 0.062767585052 0.072082220984
Herato05 Herato0508 11921491.0 1075000.0 0.099208184948 0.0919215927 0.098791509208 0.108083448342
Herato05 Herato0508 11971491.0 1125000.0 0.06297500537 0.0510935743625 0.0629571337946 0.0728508443
Herato05 Herato0508 12021491.0 1175000.0 0.077641978 0.0738230043129 0.07699571618 0.08560631968
Herato05 Herato0508 12071491.0 1225000.0 0.11362976432 0.11004173896 0.1132448439 0.11932686192
Herato05 Herato0508 12121491.0 1275000.0 0.104711454473 0.0985623093996 0.105412842647 0.111181041757
Herato05 Herato0508 12171491.0 1325000.0 0.125466926777 0.11148760677 0.125549628705 0.142742089206
Herato05 Herato0508 12221491.0 1375000.0 0.1130261528 0.1096359216 0.1124534048 0.1173944544
Herato05 Herato0508 12271491.0 1425000.0 0.114162563444 0.108640043576 0.11319155594 0.121055250256
Herato05 Herato0508 12321491.0 1475000.0 0.0966210684984 0.0878402283584 0.0962937601848 0.106504096847
Herato05 Herato0508 12371491.0 1525000.0 0.08327187186 0.077332665926 0.083140176422 0.090966176286
Herato05 Herato0508 12421491.0 1575000.0 0.107276347324 0.0980913401456 0.107015917184 0.119150769509
Herato05 Herato0508 12471491.0 1625000.0 0.100800353734 0.089024053568 0.0989319045344 0.118301515744
Herato05 Herato0508 12521491.0 1675000.0 0.112225847078 0.101426649748 0.111822291962 0.124473936418
Herato05 Herato0508 12571491.0 1725000.0 0.11707262844 0.109813850842 0.116865628996 0.125537875128
Herato05 Herato0508 12621491.0 1775000.0 0.12931944888 0.12202113576 0.128978456686 0.137712402366
Herato05 Herato0508 12671491.0 1825000.0 0.1156450018 0.1105067464 0.1153883502 0.1211538358
Herato05 Herato0508 12721491.0 1875000.0 0.093075963782 0.082006099058 0.0924936693 0.105066211092
Herato05 Herato0508 12771491.0 1925000.0 0.057118995941 0.0495335964924 0.0569388844152 0.0664463569188
Herato05 Herato0508 12821491.0 1975000.0 0.078396546826 0.0702501047798 0.077847595282 0.088494207966
Herato05 Herato0508 12871491.0 2025000.0 0.097971655398 0.087536226846 0.097594550982 0.11147393242
Herato05 Herato0508 12921491.0 2075000.0 0.0580260364238 0.055514994576 0.0576451741654 0.06195014391
Herato05 Herato0508 12971491.0 2125000.0 0.0754516207956 0.0595410177876 0.0732953121769 0.0990624494984
Herato05 Herato0508 13021491.0 2175000.0 0.085831905628 0.065177083862 0.08693966966 0.105607597364
Herato05 Herato0508 13071491.0 2225000.0 0.077958115332 0.0748271370554 0.0779538314916 0.080709042515
Herato05 Herato0508 13121491.0 2275000.0 0.09250163636 0.08126223502 0.09292163266 0.10278206134
Herato05 Herato0508 13171491.0 2325000.0 0.090982880532 0.087346803498 0.091127729572 0.093816780962
Herato05 Herato0508 13221491.0 2375000.0 0.07754822904 0.07573729217 0.077311230286 0.080416793624
Herato05 Herato0508 13271491.0 2425000.0 0.0870487365 0.08104295734 0.08745560582 0.09348200656
Herato05 Herato0508 13321491.0 2475000.0 0.05785240164 0.05537496338 0.05767956718 0.06118279948
Herato05 Herato0508 13371491.0 2525000.0 0.101298332842 0.093361509752 0.101128027912 0.108924639086
Herato05 Herato0508 13421491.0 2575000.0 0.113170173578 0.102537786414 0.113204929265 0.122804477551
Herato05 Herato0508 13471491.0 2625000.0 0.103446388887 0.09310906968 0.102667361235 0.114697569808
Herato05 Herato0508 13506525.0 2675000.0 0.0446423904425 0.0201488951944 0.0477786533247 0.0602183899113
Herato05 Herato0509 13541560.0 25000.0 0.0784205140074 0.0531106271893 0.0737105860954 0.134129699
Herato05 Herato0509 13591560.0 75000.0 0.0492894491303 0.0344859170747 0.04413820423 0.0967880695854
Herato05 Herato0509 13641560.0 125000.0 0.139770029921 0.121773599515 0.136521482926 0.172617181272
Herato05 Herato0509 13691560.0 175000.0 0.1276890348 0.1121126178 0.1264884386 0.1491985406
Herato05 Herato0509 13741560.0 225000.0 0.0893886617954 0.0784256644768 0.0886015782186 0.10171955651
Herato05 Herato0509 13791560.0 275000.0 0.087265921888 0.0788110501447 0.087641636432 0.09602184139
Herato05 Herato0509 13818972.0 325000.0 0.114108208955 0.109999170813 0.113009535655 0.123941334992
