chrom scaffold Cposition position mean p0025 p0500 p0975
Herato13 Herato1301 25001.0 25000.0 0.0267609858167 0.0229350906542 0.0265416793006 0.031897074943
Herato13 Herato1301 75001.0 75000.0 0.0701166176365 0.05923418662 0.0700591524266 0.084076063063
Herato13 Herato1301 125001.0 125000.0 0.0462555823 0.039808706854 0.04595302458 0.05493892546
Herato13 Herato1301 175001.0 175000.0 0.0464564887418 0.0408126380283 0.0460295641228 0.053234801822
Herato13 Herato1301 225001.0 225000.0 0.0807964619526 0.0560813028286 0.0808517706692 0.115117383248
Herato13 Herato1301 275001.0 275000.0 0.199819820057 0.148653939014 0.196110763486 0.275397959148
Herato13 Herato1301 325001.0 325000.0 0.1095037607 0.096948395108 0.108349980074 0.12388927964
Herato13 Herato1301 375001.0 375000.0 0.0621067721842 0.0575694555376 0.0623687791678 0.0669313069704
Herato13 Herato1301 425001.0 425000.0 0.06517405556 0.0613464743 0.06523740328 0.06875947606
Herato13 Herato1301 475001.0 475000.0 0.08810211908 0.08230548335 0.08791308548 0.09373973504
Herato13 Herato1301 525001.0 525000.0 0.1148218862 0.1101960822 0.113977888 0.1215232464
Herato13 Herato1301 575001.0 575000.0 0.119458720276 0.107844493431 0.118813344163 0.135223890248
Herato13 Herato1301 625001.0 625000.0 0.1073014155 0.100243754968 0.107277675256 0.11440390852
Herato13 Herato1301 675001.0 675000.0 0.08632917148 0.0823580238 0.08659966754 0.08913037676
Herato13 Herato1301 725001.0 725000.0 0.101633988142 0.091576990026 0.099789037844 0.126104790232
Herato13 Herato1301 775001.0 775000.0 0.11743142098 0.09864026824 0.11590518704 0.13863457492
Herato13 Herato1301 825001.0 825000.0 0.0931433564645 0.0873420751357 0.0926840190727 0.100160560979
Herato13 Herato1301 875001.0 875000.0 0.1102127055 0.0998085411062 0.110791152206 0.12120471388
Herato13 Herato1301 925001.0 925000.0 0.106814264984 0.09915393359 0.10680179235 0.115475904078
Herato13 Herato1301 975001.0 975000.0 0.14584429848 0.13637722694 0.1459367568 0.15619048296
Herato13 Herato1301 1025001.0 1025000.0 0.0646621243544 0.0603747817019 0.0646756626932 0.068785369788
Herato13 Herato1301 1075001.0 1075000.0 0.0784851861868 0.0709393260053 0.0785112302112 0.0865085996308
Herato13 Herato1301 1125001.0 1125000.0 0.09775663814 0.086355049968 0.09728044432 0.11228045832
Herato13 Herato1301 1175001.0 1175000.0 0.0991322388392 0.0891478550786 0.0976980112786 0.110451448696
Herato13 Herato1301 1225001.0 1225000.0 0.124685074176 0.111344061817 0.124777032626 0.140212587336
Herato13 Herato1301 1275001.0 1275000.0 0.086783904386 0.0780244172912 0.0868369284084 0.096933171798
Herato13 Herato1301 1325001.0 1325000.0 0.091302929 0.0804348394942 0.091082551028 0.10308359054
Herato13 Herato1301 1375001.0 1375000.0 0.08361160182 0.0801457352028 0.0837240691422 0.086706639698
Herato13 Herato1301 1425001.0 1425000.0 0.13053188962 0.114200154106 0.13006594123 0.14890599724
Herato13 Herato1301 1475001.0 1475000.0 0.130582767528 0.11204184404 0.131345387466 0.15185344022
Herato13 Herato1301 1525001.0 1525000.0 0.12607727792 0.113402786434 0.12126154674 0.14698376674
Herato13 Herato1301 1575001.0 1575000.0 0.14134086232 0.13254979914 0.14111635846 0.15251006766
Herato13 Herato1301 1625001.0 1625000.0 0.133613049175 0.123051540369 0.133760190498 0.146065604643
Herato13 Herato1301 1675001.0 1675000.0 0.08876428154 0.08297159496 0.08889342854 0.09448705306
Herato13 Herato1301 1725001.0 1725000.0 0.085367017154 0.0781230257524 0.084903131928 0.093554962316
Herato13 Herato1301 1775001.0 1775000.0 0.04007008409 0.030248143508 0.0394490111108 0.051185561372
Herato13 Herato1301 1825001.0 1825000.0 0.031773260434 0.020740091812 0.030912160614 0.047491547594
Herato13 Herato1301 1875001.0 1875000.0 0.049606935528 0.0457450154456 0.049257423 0.053514510482
Herato13 Herato1301 1925001.0 1925000.0 0.10131087672 0.0920614191358 0.101085806155 0.111633271204
Herato13 Herato1301 1975001.0 1975000.0 0.08304909284 0.0773165454 0.08191032984 0.09211175828
Herato13 Herato1301 2025001.0 2025000.0 0.065928827692 0.0610722133044 0.066046341638 0.071244532034
Herato13 Herato1301 2075001.0 2075000.0 0.100857123862 0.0917192003878 0.101062368786 0.111430687418
Herato13 Herato1301 2125001.0 2125000.0 0.053167970436 0.048692388304 0.053268288398 0.057980697302
Herato13 Herato1301 2175001.0 2175000.0 0.053674730496 0.050052931322 0.0536179580528 0.0580880266518
Herato13 Herato1301 2225001.0 2225000.0 0.107335156388 0.09733022214 0.10726432342 0.118491820016
Herato13 Herato1301 2275001.0 2275000.0 0.108013225684 0.096135309848 0.108914391548 0.11711068108
Herato13 Herato1301 2325001.0 2325000.0 0.13275292404 0.11970912634 0.1329214683 0.14498031466
Herato13 Herato1301 2375001.0 2375000.0 0.12463572355 0.10299682858 0.127832522316 0.148032904074
Herato13 Herato1301 2425001.0 2425000.0 0.144834914764 0.130728001492 0.145732134816 0.15467282824
Herato13 Herato1301 2475001.0 2475000.0 0.109583937913 0.0993183339304 0.109846194133 0.121644624032
Herato13 Herato1301 2525001.0 2525000.0 0.088948657682 0.081833019176 0.088543059878 0.097886476592
Herato13 Herato1301 2575001.0 2575000.0 0.1333034194 0.1265115262 0.1335654266 0.1406247052
Herato13 Herato1301 2625001.0 2625000.0 0.1979701998 0.1872487398 0.1996588974 0.206126454
Herato13 Herato1301 2675001.0 2675000.0 0.183559200496 0.173256365273 0.183513958218 0.195126139348
Herato13 Herato1301 2725001.0 2725000.0 0.133289557 0.12805825788 0.13309742768 0.13860880244
Herato13 Herato1301 2775001.0 2775000.0 0.031220459732 0.0274066317859 0.0311789853031 0.0348442756568
Herato13 Herato1301 2825001.0 2825000.0 0.027857677618 0.023030586824 0.02745495918 0.036306795612
Herato13 Herato1301 2875001.0 2875000.0 0.07725803194 0.07117901438 0.07696748544 0.0842138673
Herato13 Herato1301 2925001.0 2925000.0 0.110737801184 0.0866713621762 0.108654766824 0.146669336442
Herato13 Herato1301 2975001.0 2975000.0 0.10977467366 0.10103108562 0.10936270828 0.11928892508
Herato13 Herato1301 3025001.0 3025000.0 0.0513613308758 0.046069640946 0.0509114244768 0.0597972226016
Herato13 Herato1301 3075001.0 3075000.0 0.09005914751 0.076631031538 0.090060719924 0.10552497529
Herato13 Herato1301 3125001.0 3125000.0 0.1134221323 0.100656751382 0.113536628312 0.126673539882
Herato13 Herato1301 3175001.0 3175000.0 0.1159686344 0.110402476 0.11573692078 0.12313688924
Herato13 Herato1301 3225001.0 3225000.0 0.104119698194 0.096723695252 0.104003912338 0.110254508334
Herato13 Herato1301 3275001.0 3275000.0 0.185111978346 0.175893927494 0.185045119348 0.194650962572
Herato13 Herato1301 3325001.0 3325000.0 0.148337939408 0.138743014294 0.15005844848 0.155623956492
Herato13 Herato1301 3375001.0 3375000.0 0.089286568512 0.077704957015 0.089162084328 0.101585998066
Herato13 Herato1301 3425001.0 3425000.0 0.15436678226 0.13827709512 0.15415102792 0.17330024738
Herato13 Herato1301 3475001.0 3475000.0 0.1946656114 0.1838398074 0.1945888528 0.2049293932
Herato13 Herato1301 3525001.0 3525000.0 0.125176979212 0.113944389307 0.125505683947 0.136141091878
Herato13 Herato1301 3575001.0 3575000.0 0.160078220484 0.135506186326 0.157490447658 0.193474067456
Herato13 Herato1301 3625001.0 3625000.0 0.118948970764 0.0970063237712 0.11443325194 0.15599684988
Herato13 Herato1301 3675001.0 3675000.0 0.10293662484 0.0897859696 0.10172078666 0.11904359456
Herato13 Herato1301 3725001.0 3725000.0 0.14049533423 0.132772444004 0.139970986788 0.149524190646
Herato13 Herato1301 3775001.0 3775000.0 0.15325039588 0.14664275478 0.15320524804 0.15955882154
Herato13 Herato1301 3825001.0 3825000.0 0.13805406759 0.126495565196 0.137694643988 0.151045668426
Herato13 Herato1301 3875001.0 3875000.0 0.164654823679 0.151468020419 0.165138442902 0.179396427635
Herato13 Herato1301 3925001.0 3925000.0 0.16129545112 0.1490119885 0.1599448609 0.1811011548
Herato13 Herato1301 3975001.0 3975000.0 0.13271928059 0.123967753113 0.132862777352 0.142324126604
Herato13 Herato1301 4025001.0 4025000.0 0.142242852956 0.133249705298 0.141662626138 0.15339166819
Herato13 Herato1301 4075001.0 4075000.0 0.158909112116 0.153111551018 0.15836762605 0.164720097
Herato13 Herato1301 4125001.0 4125000.0 0.168542418566 0.164732065836 0.16790364762 0.174511612294
Herato13 Herato1301 4175001.0 4175000.0 0.17689542444 0.16527905818 0.1771524447 0.1896418821
Herato13 Herato1301 4225001.0 4225000.0 0.2529410962 0.2420947092 0.2515020358 0.2647980086
Herato13 Herato1301 4275001.0 4275000.0 0.206296030172 0.172397683239 0.203001736874 0.315080792878
Herato13 Herato1301 4325001.0 4325000.0 0.106613509591 0.0933365030041 0.106044249188 0.125700032424
Herato13 Herato1301 4375001.0 4375000.0 0.117406621685 0.0999378499916 0.114660129803 0.143290471514
Herato13 Herato1301 4425001.0 4425000.0 0.29450370822 0.26927241404 0.29309091804 0.3254581326
Herato13 Herato1301 4475001.0 4475000.0 0.2817000206 0.2719589368 0.276843424 0.3002401768
Herato13 Herato1301 4525001.0 4525000.0 0.17478289706 0.144785442413 0.173090612936 0.230636023823
Herato13 Herato1301 4575001.0 4575000.0 0.334365709406 0.316202434202 0.334808197992 0.34931406371
Herato13 Herato1301 4625001.0 4625000.0 0.1634926176 0.155191788 0.1641888864 0.167322096
Herato13 Herato1301 4675001.0 4675000.0 0.22653351584 0.2067103584 0.2244083239 0.24935416566
Herato13 Herato1301 4725001.0 4725000.0 0.204161497708 0.192211566811 0.204739711696 0.21605182384
Herato13 Herato1301 4775001.0 4775000.0 0.102750332154 0.092609111766 0.102572047156 0.11571014172
Herato13 Herato1301 4825001.0 4825000.0 0.177838045525 0.133985669403 0.174862542644 0.236289722786
Herato13 Herato1301 4875001.0 4875000.0 0.1285620335 0.12134536972 0.12820891026 0.13732772024
Herato13 Herato1301 4925001.0 4925000.0 0.156159539086 0.137576391423 0.156223259645 0.175897209312
Herato13 Herato1301 4975001.0 4975000.0 0.1020537975 0.0928216842554 0.1021715779 0.11103270386
Herato13 Herato1301 5025001.0 5025000.0 0.0593740255052 0.0551210210594 0.059138670254 0.0647285195526
Herato13 Herato1301 5075001.0 5075000.0 0.0813855270664 0.0752248015872 0.0811509266818 0.088906051908
Herato13 Herato1301 5125001.0 5125000.0 0.08708726141 0.075111949158 0.085923140628 0.100955369396
Herato13 Herato1301 5175001.0 5175000.0 0.109514009631 0.0974543327556 0.109784101857 0.119473597675
Herato13 Herato1301 5225001.0 5225000.0 0.0567984867088 0.0517240758902 0.0565944782706 0.0624939964556
Herato13 Herato1301 5275001.0 5275000.0 0.072511570382 0.066212362412 0.073727532134 0.076777751746
Herato13 Herato1301 5325001.0 5325000.0 0.0902071814 0.07681115992 0.08925483918 0.11154359044
Herato13 Herato1301 5375001.0 5375000.0 0.06428581364 0.06103028366 0.06394255448 0.06906355632
Herato13 Herato1301 5425001.0 5425000.0 0.086159516122 0.074544125484 0.084972596158 0.102683505616
Herato13 Herato1301 5475001.0 5475000.0 0.1053308005 0.09552855441 0.104824130538 0.11649061453
Herato13 Herato1301 5525001.0 5525000.0 0.078761822034 0.073144385714 0.078883750558 0.084832365472
Herato13 Herato1301 5575001.0 5575000.0 0.100223892236 0.0904381411866 0.099104489518 0.11509341302
Herato13 Herato1301 5625001.0 5625000.0 0.078624419684 0.072978358646 0.07863518724 0.085174201314
Herato13 Herato1301 5675001.0 5675000.0 0.0510921960976 0.0455668566249 0.0511862177278 0.056048189912
Herato13 Herato1301 5725001.0 5725000.0 0.13691086886 0.12089373472 0.13640917756 0.15356163546
Herato13 Herato1301 5775001.0 5775000.0 0.136032455084 0.123784592332 0.13472355319 0.151613511656
Herato13 Herato1301 5825001.0 5825000.0 0.11067774978 0.10757220586 0.11042592966 0.11562706718
Herato13 Herato1301 5875001.0 5875000.0 0.154683903674 0.141243243686 0.156058272016 0.168246048821
Herato13 Herato1301 5925001.0 5925000.0 0.099510332372 0.090888171792 0.099316516666 0.109191608574
Herato13 Herato1301 5975001.0 5975000.0 0.12410484368 0.11816290612 0.12322893806 0.13339475694
Herato13 Herato1301 6025001.0 6025000.0 0.12157760186 0.10703342898 0.12184564964 0.1351886663
Herato13 Herato1301 6075001.0 6075000.0 0.14719870756 0.109503877166 0.14277462187 0.2027297425
Herato13 Herato1301 6125001.0 6125000.0 0.17113483804 0.15293576096 0.17048805362 0.19350767576
Herato13 Herato1301 6175001.0 6175000.0 0.1962844776 0.183178743 0.1960544116 0.2141642546
Herato13 Herato1301 6225001.0 6225000.0 0.1891817631 0.18079531728 0.18924859598 0.1984655482
Herato13 Herato1301 6275001.0 6275000.0 0.13903297002 0.13341172048 0.13875472812 0.14638854244
Herato13 Herato1301 6325001.0 6325000.0 0.1546870036 0.1444562012 0.1535217744 0.1667409148
Herato13 Herato1301 6375001.0 6375000.0 0.1264932205 0.119114934366 0.124698951827 0.1386166875
Herato13 Herato1301 6425001.0 6425000.0 0.085132491188 0.079512130496 0.08544983935 0.090565343804
Herato13 Herato1301 6475001.0 6475000.0 0.044741854168 0.037166383924 0.044685351728 0.055140634648
Herato13 Herato1301 6525001.0 6525000.0 0.11395602248 0.1064771015 0.11379346694 0.12419289438
Herato13 Herato1301 6575001.0 6575000.0 0.12156228622 0.110909797094 0.12076299676 0.13357710638
Herato13 Herato1301 6625001.0 6625000.0 0.10109495504 0.09143907251 0.10105790702 0.112041130502
Herato13 Herato1301 6675001.0 6675000.0 0.05653082687 0.051175279006 0.056614243758 0.062615256978
Herato13 Herato1301 6725001.0 6725000.0 0.11256102902 0.10667685552 0.1122472853 0.11926483052
Herato13 Herato1301 6775001.0 6775000.0 0.102861843912 0.0971516183332 0.102723881926 0.108580768174
Herato13 Herato1301 6825001.0 6825000.0 0.12180665132 0.11085594554 0.12119933196 0.1390232246
Herato13 Herato1301 6875001.0 6875000.0 0.0564546189 0.0520657803 0.05623350584 0.06249980056
Herato13 Herato1301 6925001.0 6925000.0 0.052331531868 0.047433077736 0.05211965843 0.058154445998
Herato13 Herato1301 6975001.0 6975000.0 0.038447955156 0.032054648076 0.037979520752 0.046256956414
Herato13 Herato1301 7025001.0 7025000.0 0.061271984054 0.053836847242 0.060829944696 0.070573811952
Herato13 Herato1301 7075001.0 7075000.0 0.0379747286405 0.035676756308 0.0378516174025 0.0410005742596
Herato13 Herato1301 7125001.0 7125000.0 0.05966779794 0.0552397926 0.0595519618 0.06534915856
Herato13 Herato1301 7175001.0 7175000.0 0.05398478103 0.046688127022 0.053259114812 0.064361369456
Herato13 Herato1301 7225001.0 7225000.0 0.074095016504 0.065584743366 0.072729279056 0.086182318264
Herato13 Herato1301 7275001.0 7275000.0 0.0527612556244 0.0455804977922 0.0521698942952 0.06158384794
Herato13 Herato1301 7325001.0 7325000.0 0.0700379045486 0.0643758353607 0.0698044052232 0.076812483396
Herato13 Herato1301 7375001.0 7375000.0 0.0800407678752 0.068944249554 0.0795858031444 0.09378073501
Herato13 Herato1301 7425001.0 7425000.0 0.10748651688 0.10005439687 0.1073202851 0.1156552487
Herato13 Herato1301 7475001.0 7475000.0 0.152509356492 0.145053606304 0.151714501064 0.16152213746
Herato13 Herato1301 7525001.0 7525000.0 0.0624205747 0.058721155502 0.06188712536 0.06731098396
Herato13 Herato1301 7575001.0 7575000.0 0.0669317042606 0.0629903891789 0.0668829938954 0.0711990288938
Herato13 Herato1301 7625001.0 7625000.0 0.078603583436 0.0728500284422 0.078569368342 0.08487927622
Herato13 Herato1301 7675001.0 7675000.0 0.09555800795 0.0831193287328 0.095354600856 0.108285235708
Herato13 Herato1301 7725001.0 7725000.0 0.100857336764 0.092026316184 0.100880092456 0.112284963682
Herato13 Herato1301 7775001.0 7775000.0 0.085031962976 0.0751859187034 0.085362090506 0.094933516142
Herato13 Herato1301 7825001.0 7825000.0 0.057066220502 0.053169194462 0.05719680023 0.060139163814
Herato13 Herato1301 7875001.0 7875000.0 0.111014114254 0.105847952844 0.110358771466 0.119615061334
Herato13 Herato1301 7925001.0 7925000.0 0.17539167236 0.16303170586 0.1760558107 0.18953215472
Herato13 Herato1301 7975001.0 7975000.0 0.1734201818 0.1670816476 0.17322026 0.1795006958
Herato13 Herato1301 8025001.0 8025000.0 0.145046002423 0.132843694015 0.145637704551 0.158334326498
Herato13 Herato1301 8075001.0 8075000.0 0.12074390502 0.11001380982 0.12120735012 0.13056679232
Herato13 Herato1301 8125001.0 8125000.0 0.08406724178 0.07608452428 0.08400469918 0.09302334684
Herato13 Herato1301 8175001.0 8175000.0 0.075807081976 0.0581215107732 0.0731812349304 0.107530523224
Herato13 Herato1301 8225001.0 8225000.0 0.05507013542 0.05319698676 0.05447558382 0.0588051592
Herato13 Herato1301 8275001.0 8275000.0 0.055374378446 0.05150945915 0.05517086044 0.060182037252
Herato13 Herato1301 8325001.0 8325000.0 0.050914067 0.04389194268 0.05240078536 0.0580354386
Herato13 Herato1301 8375001.0 8375000.0 0.08093293798 0.0760297023292 0.0804819806512 0.08594407029
Herato13 Herato1301 8425001.0 8425000.0 0.066927238048 0.062354028618 0.06667805548 0.072325830166
Herato13 Herato1301 8475001.0 8475000.0 0.039598557648 0.035891798688 0.039507822418 0.043844501262
Herato13 Herato1301 8525001.0 8525000.0 0.033278837232 0.030681490974 0.0332354497056 0.036023272976
Herato13 Herato1301 8575001.0 8575000.0 0.012351993264 0.0100126521384 0.011693808138 0.01544601881
Herato13 Herato1301 8625001.0 8625000.0 0.0191295389372 0.0163848263728 0.0187581372362 0.0223486925192
Herato13 Herato1301 8675001.0 8675000.0 0.0462531516056 0.0404452738329 0.0461745469536 0.0529098681034
Herato13 Herato1301 8725001.0 8725000.0 0.0401444281716 0.0313363433088 0.0403811725492 0.0505803646272
Herato13 Herato1301 8775001.0 8775000.0 0.044277468506 0.037764825166 0.044024580858 0.051002052332
Herato13 Herato1301 8825001.0 8825000.0 0.0598471399085 0.0551222548988 0.059581720822 0.0659477193868
Herato13 Herato1301 8875001.0 8875000.0 0.08331614206 0.07416635728 0.08415835494 0.09110420986
Herato13 Herato1301 8925001.0 8925000.0 0.06354348452 0.05554361132 0.06333024066 0.07292716464
Herato13 Herato1301 8975001.0 8975000.0 0.12709674808 0.11912971752 0.1274967702 0.13411678126
Herato13 Herato1301 9025001.0 9025000.0 0.1411808865 0.119837491744 0.140123193878 0.169747871884
Herato13 Herato1301 9075001.0 9075000.0 0.0864909594769 0.0781243056307 0.0858939071803 0.0964769081476
Herato13 Herato1301 9125001.0 9125000.0 0.08203623302 0.073149528466 0.082085809528 0.09105655614
Herato13 Herato1301 9175001.0 9175000.0 0.066408194004 0.058164362104 0.066219931276 0.07819331578
Herato13 Herato1301 9225001.0 9225000.0 0.105084747088 0.0882591999605 0.103607046597 0.129378628928
Herato13 Herato1301 9275001.0 9275000.0 0.068205113922 0.061419375482 0.06831342011 0.074026499106
Herato13 Herato1301 9325001.0 9325000.0 0.079110881366 0.075202063472 0.078653737768 0.083845986594
Herato13 Herato1301 9375001.0 9375000.0 0.05063006502 0.047448080346 0.0505734 0.05352417914
Herato13 Herato1301 9425001.0 9425000.0 0.13113454452 0.119736076464 0.13096079908 0.14298978026
Herato13 Herato1301 9475001.0 9475000.0 0.117072723986 0.109096404868 0.116952326718 0.125228650548
Herato13 Herato1301 9525001.0 9525000.0 0.08510304266 0.07658595962 0.08492629694 0.09217698826
Herato13 Herato1301 9575001.0 9575000.0 0.10314539392 0.0929682112866 0.102937784522 0.114132271828
Herato13 Herato1301 9625001.0 9625000.0 0.06411598678 0.059234603322 0.06396627602 0.06999453902
Herato13 Herato1301 9675001.0 9675000.0 0.066756326134 0.06037257804 0.067339416492 0.074466138528
Herato13 Herato1301 9725001.0 9725000.0 0.0459148114838 0.0417947723539 0.045911679998 0.050626832731
Herato13 Herato1301 9775001.0 9775000.0 0.0495298944818 0.0404741667228 0.0491223217738 0.0597312479342
Herato13 Herato1301 9825001.0 9825000.0 0.033974222056 0.0302338707682 0.0337702881132 0.0386766938848
Herato13 Herato1301 9875001.0 9875000.0 0.0140030258952 0.0123425702784 0.0139767837415 0.0157432447862
Herato13 Herato1301 9925001.0 9925000.0 0.0152637730298 0.0106434796419 0.0147501196632 0.0261633435942
Herato13 Herato1301 9975001.0 9975000.0 0.024781218582 0.018474906253 0.023635647516 0.035464884068
Herato13 Herato1301 10025001.0 10025000.0 0.060082014382 0.050610701282 0.059510344914 0.073576553478
Herato13 Herato1301 10075001.0 10075000.0 0.0417938290168 0.0382152472523 0.0416001090002 0.045658339867
Herato13 Herato1301 10125001.0 10125000.0 0.037530140622 0.0332257038388 0.037326706456 0.043991780712
Herato13 Herato1301 10175001.0 10175000.0 0.0293756168036 0.0262013865562 0.0293829906812 0.0325534449916
Herato13 Herato1301 10225001.0 10225000.0 0.035212948736 0.031252009044 0.03514967621 0.039770048488
Herato13 Herato1301 10275001.0 10275000.0 0.088774565738 0.079840189084 0.088411015574 0.099245787796
Herato13 Herato1301 10325001.0 10325000.0 0.1420426206 0.10341773568 0.1481668508 0.164571852
Herato13 Herato1301 10375001.0 10375000.0 0.1238652844 0.08245972332 0.1314321476 0.145499328
Herato13 Herato1301 10425001.0 10425000.0 0.1281918628 0.11515793182 0.12686072368 0.1483046149
Herato13 Herato1301 10475001.0 10475000.0 0.107518119197 0.101721540974 0.10747754007 0.113593548115
Herato13 Herato1301 10525001.0 10525000.0 0.038726836764 0.033491418206 0.038637643198 0.04407098589
Herato13 Herato1301 10575001.0 10575000.0 0.12315959756 0.10710956638 0.1230736421 0.1404589861
Herato13 Herato1301 10625001.0 10625000.0 0.107084891274 0.102749604004 0.107415107856 0.11100257266
Herato13 Herato1301 10675001.0 10675000.0 0.1118073238 0.1096322518 0.1115261662 0.1154905722
Herato13 Herato1301 10725001.0 10725000.0 0.112636606858 0.098139306342 0.112427800366 0.132373429494
Herato13 Herato1301 10775001.0 10775000.0 0.140561537022 0.129149318283 0.139917681238 0.160543468802
Herato13 Herato1301 10825001.0 10825000.0 0.122540463424 0.116179317862 0.122200478296 0.130539228432
Herato13 Herato1301 10875001.0 10875000.0 0.135835401504 0.124704049556 0.13579317431 0.147770530672
Herato13 Herato1301 10925001.0 10925000.0 0.160058718714 0.141332358444 0.158757268318 0.18199447606
Herato13 Herato1301 10975001.0 10975000.0 0.1711424286 0.16071203906 0.17034019652 0.18238131574
Herato13 Herato1301 11025001.0 11025000.0 0.131531814892 0.121832065024 0.130949726818 0.14357537113
Herato13 Herato1301 11075001.0 11075000.0 0.07226464984 0.0658070529 0.072186902 0.07991710034
Herato13 Herato1301 11125001.0 11125000.0 0.053871340026 0.0439325518722 0.053111854964 0.069837637738
Herato13 Herato1301 11175001.0 11175000.0 0.06959903152 0.06363822704 0.06947135996 0.0752968305
Herato13 Herato1301 11225001.0 11225000.0 0.0651316099606 0.0579688677296 0.0645354773343 0.0735285222062
Herato13 Herato1301 11275001.0 11275000.0 0.051352707078 0.04164131504 0.051781398254 0.059077221942
Herato13 Herato1301 11325001.0 11325000.0 0.105484338634 0.098249243364 0.105279638054 0.11354010507
Herato13 Herato1301 11375001.0 11375000.0 0.101331432378 0.091152954612 0.101390649384 0.111202161896
Herato13 Herato1301 11425001.0 11425000.0 0.100125895364 0.08416766233 0.099747287986 0.12037760723
Herato13 Herato1301 11475001.0 11475000.0 0.1178470435 0.11093631918 0.11701827016 0.12562489746
Herato13 Herato1301 11525001.0 11525000.0 0.1150730902 0.1114212627 0.1145821602 0.120149842
Herato13 Herato1301 11575001.0 11575000.0 0.10122417704 0.09118142398 0.10170426814 0.10892932516
Herato13 Herato1301 11625001.0 11625000.0 0.12810825482 0.117414514502 0.12829697432 0.14577797686
Herato13 Herato1301 11675001.0 11675000.0 0.06037246882 0.05564470506 0.06044823734 0.06550969996
Herato13 Herato1301 11725001.0 11725000.0 0.04482303674 0.0394900811118 0.044899830832 0.05053747261
Herato13 Herato1301 11775001.0 11775000.0 0.06171020049 0.054260708398 0.061234585096 0.069426029928
Herato13 Herato1301 11825001.0 11825000.0 0.081763888632 0.073338890204 0.081227341538 0.093214042746
Herato13 Herato1301 11875001.0 11875000.0 0.1105654923 0.1020807187 0.10850896388 0.1220270412
Herato13 Herato1301 11925001.0 11925000.0 0.0511827231968 0.0436546710418 0.0516851860686 0.0591045112784
Herato13 Herato1301 11975001.0 11975000.0 0.074625715866 0.061996001278 0.073895335846 0.086066206972
Herato13 Herato1301 12025001.0 12025000.0 0.080921600842 0.05668244205 0.080112826714 0.104270933004
Herato13 Herato1301 12075001.0 12075000.0 0.10218057236 0.0958821306 0.10196882712 0.11138796674
Herato13 Herato1301 12125001.0 12125000.0 0.12208578952 0.1169887581 0.12230860198 0.12812115618
Herato13 Herato1301 12175001.0 12175000.0 0.1299611874 0.11643732296 0.12991822952 0.14438450876
Herato13 Herato1301 12225001.0 12225000.0 0.069213677094 0.0634767658611 0.0689694903492 0.0762921509286
Herato13 Herato1301 12275001.0 12275000.0 0.0317271868701 0.0289148439234 0.0317676474696 0.0344078132283
Herato13 Herato1301 12325001.0 12325000.0 0.0494209830602 0.0435783063337 0.0490632017056 0.0571596508337
Herato13 Herato1301 12375001.0 12375000.0 0.05654860448 0.0511955713 0.05633475562 0.06247104256
Herato13 Herato1301 12425001.0 12425000.0 0.0654710767512 0.0589432493972 0.0654760233156 0.0726046714452
Herato13 Herato1301 12475001.0 12475000.0 0.0429998404046 0.0387173081728 0.0429006470491 0.0485136252094
Herato13 Herato1301 12525001.0 12525000.0 0.03950057246 0.03427109426 0.0389604717 0.0487713798
Herato13 Herato1301 12575001.0 12575000.0 0.054149041126 0.050339720846 0.053993954566 0.058395069146
Herato13 Herato1301 12625001.0 12625000.0 0.0761219302748 0.0401086041442 0.0701666824424 0.1516187797
Herato13 Herato1301 12675001.0 12675000.0 0.020690078564 0.0163518632705 0.0205739277962 0.0263739645272
Herato13 Herato1301 12725001.0 12725000.0 0.06000844625 0.0529373451464 0.059146953938 0.070315557204
Herato13 Herato1301 12775001.0 12775000.0 0.025788517394 0.02366918034 0.025620793496 0.02849398592
Herato13 Herato1301 12825001.0 12825000.0 0.029379901036 0.024975741694 0.029228594942 0.034632778522
Herato13 Herato1301 12875001.0 12875000.0 0.0711042255648 0.0609973674493 0.0708142950044 0.082410775548
Herato13 Herato1301 12925001.0 12925000.0 0.03019395078 0.028081000356 0.030119605112 0.03239256824
Herato13 Herato1301 12975001.0 12975000.0 0.029538520388 0.022228161695 0.0295086383615 0.0379416284996
Herato13 Herato1301 13025001.0 13025000.0 0.0153494784751 0.0135433041815 0.0153207543468 0.0175813962755
Herato13 Herato1301 13075001.0 13075000.0 0.052666843092 0.03579903194 0.050466841472 0.07837634809
Herato13 Herato1301 13125001.0 13125000.0 0.0223438844048 0.0155530100368 0.0218086857236 0.0298259700044
Herato13 Herato1301 13175001.0 13175000.0 0.025439644688 0.0226012611972 0.025444820456 0.028615718102
Herato13 Herato1301 13225001.0 13225000.0 0.0367129893239 0.0291857904568 0.0364345783703 0.0466467730912
Herato13 Herato1301 13275001.0 13275000.0 0.035652560854 0.031841948672 0.035439228902 0.040560605432
Herato13 Herato1301 13325001.0 13325000.0 0.045632772258 0.042929903293 0.0456051073576 0.048568176788
Herato13 Herato1301 13375001.0 13375000.0 0.097389957768 0.072865361747 0.095375814231 0.130134151997
Herato13 Herato1301 13425001.0 13425000.0 0.061216417744 0.05519196717 0.06103857332 0.0679320285
Herato13 Herato1301 13475001.0 13475000.0 0.05939941008 0.053969845892 0.059150557146 0.063991189376
Herato13 Herato1301 13525001.0 13525000.0 0.067845970414 0.062258399098 0.06763695067 0.07461236648
Herato13 Herato1301 13575001.0 13575000.0 0.11186843188 0.0956233003618 0.110444211625 0.136098724495
Herato13 Herato1301 13625001.0 13625000.0 0.06534185478 0.053239391064 0.0665215397 0.0773296725
Herato13 Herato1301 13675001.0 13675000.0 0.06736483987 0.057654261516 0.06616017347 0.08207955118
Herato13 Herato1301 13725001.0 13725000.0 0.07906238657 0.070008776264 0.077632682692 0.09151812318
Herato13 Herato1301 13775001.0 13775000.0 0.10363460717 0.0871491603308 0.102454646251 0.128938938858
Herato13 Herato1301 13825001.0 13825000.0 0.080694791412 0.076102711416 0.080622671064 0.086622559136
Herato13 Herato1301 13875001.0 13875000.0 0.1065771301 0.10021634004 0.10774752658 0.11125296142
Herato13 Herato1301 13925001.0 13925000.0 0.07319080706 0.06652585712 0.0729943457 0.08013954926
Herato13 Herato1301 13975001.0 13975000.0 0.08989549418 0.08213149182 0.0897656931 0.09886983982
Herato13 Herato1301 14025001.0 14025000.0 0.07371038518 0.06679457763 0.073576744876 0.08198100664
Herato13 Herato1301 14075001.0 14075000.0 0.0986284813514 0.0877748627666 0.098461118819 0.111938457514
Herato13 Herato1301 14125001.0 14125000.0 0.085895522014 0.07844918542 0.084777965462 0.096546952126
Herato13 Herato1301 14175001.0 14175000.0 0.08727105928 0.0816940638 0.0870068055 0.09364025284
Herato13 Herato1301 14225001.0 14225000.0 0.076836790604 0.067739892742 0.076456499402 0.085054890208
Herato13 Herato1301 14275001.0 14275000.0 0.059207080221 0.0424454169912 0.0572048835625 0.086470009797
Herato13 Herato1301 14325001.0 14325000.0 0.0401321667202 0.0123286368414 0.0365675741796 0.08858791574
Herato13 Herato1301 14375001.0 14375000.0 0.0189206127248 0.00972603881089 0.0174102260756 0.0352129324035
Herato13 Herato1301 14425001.0 14425000.0 0.0877725684646 0.0302848961764 0.0693006957582 0.236243089864
Herato13 Herato1301 14475001.0 14475000.0 0.041108334216 0.0246530077844 0.0403378077004 0.065072451188
Herato13 Herato1301 14525001.0 14525000.0 0.0246136131898 0.0119803490474 0.0233015410456 0.0436523013392
Herato13 Herato1301 14575001.0 14575000.0 0.031253779596 0.026528450572 0.031048627668 0.039991513544
Herato13 Herato1301 14625001.0 14625000.0 0.0570702799368 0.0492904552962 0.0564190952466 0.065687169964
Herato13 Herato1301 14675001.0 14675000.0 0.03892172305 0.03370157801 0.038889198556 0.04642826964
Herato13 Herato1301 14725001.0 14725000.0 0.0334844693422 0.0266604818415 0.0327907119933 0.0439894355098
Herato13 Herato1301 14775001.0 14775000.0 0.033823546412 0.029789722629 0.033651921712 0.038534375888
Herato13 Herato1301 14825001.0 14825000.0 0.061648717501 0.0344868708822 0.0593178095122 0.101133638869
Herato13 Herato1301 14875001.0 14875000.0 0.0719059194322 0.040698878939 0.067689758717 0.122109528792
Herato13 Herato1301 14925001.0 14925000.0 0.05202443921 0.0369569468936 0.05063748373 0.0743035764832
Herato13 Herato1301 14975001.0 14975000.0 0.029717683047 0.0267749371765 0.0294855894034 0.033312593892
Herato13 Herato1301 15025001.0 15025000.0 0.018440188958 0.0170247055316 0.018436766562 0.019932071904
Herato13 Herato1301 15075001.0 15075000.0 0.026644623942 0.024918238362 0.02662971777 0.02849332712
Herato13 Herato1301 15125001.0 15125000.0 0.024748078544 0.022313860002 0.024676983356 0.027799994736
Herato13 Herato1301 15175001.0 15175000.0 0.03597905215 0.030703664982 0.0358277392 0.041576446854
Herato13 Herato1301 15225001.0 15225000.0 0.024429682388 0.019025692026 0.024038443694 0.031587704668
Herato13 Herato1301 15275001.0 15275000.0 0.0269011512546 0.0225352150096 0.0270106151058 0.0310151055524
Herato13 Herato1301 15325001.0 15325000.0 0.082823666492 0.072091808518 0.082484034314 0.095441798612
Herato13 Herato1301 15375001.0 15375000.0 0.0475724196353 0.0445013429895 0.0475771883369 0.050908417954
Herato13 Herato1301 15425001.0 15425000.0 0.066861471404 0.060752697516 0.0670745275 0.07265939622
Herato13 Herato1301 15475001.0 15475000.0 0.029657898764 0.025260090474 0.029481877748 0.034699379712
Herato13 Herato1301 15525001.0 15525000.0 0.0862440628494 0.070899106337 0.0833309857348 0.11245946277
Herato13 Herato1301 15575001.0 15575000.0 0.103672013528 0.0927515482807 0.103089795827 0.115411062717
Herato13 Herato1301 15625001.0 15625000.0 0.127329379636 0.112765232106 0.12745449391 0.140447772444
Herato13 Herato1301 15675001.0 15675000.0 0.125472147056 0.113123165585 0.125399789441 0.138865220258
Herato13 Herato1301 15725001.0 15725000.0 0.0500045596886 0.046317960092 0.0500712381228 0.053342237368
Herato13 Herato1301 15775001.0 15775000.0 0.08793990062 0.0810679195 0.08747987994 0.09720193414
Herato13 Herato1301 15825001.0 15825000.0 0.033317568406 0.028036145622 0.033414253552 0.039109952984
Herato13 Herato1301 15875001.0 15875000.0 0.102568983884 0.0930524525287 0.102578235759 0.11292299691
Herato13 Herato1301 15925001.0 15925000.0 0.0885151061 0.08012506568 0.08822319718 0.0990486013
Herato13 Herato1301 15975001.0 15975000.0 0.06117795164 0.057428404162 0.0613341595 0.06469246134
Herato13 Herato1301 16025001.0 16025000.0 0.062591815928 0.058861184932 0.062318697062 0.06767775432
Herato13 Herato1301 16075001.0 16075000.0 0.06788382976 0.062245242418 0.06781408298 0.07404881022
Herato13 Herato1301 16125001.0 16125000.0 0.100131559506 0.087595236884 0.09966550728 0.117108400528
Herato13 Herato1301 16175001.0 16175000.0 0.09649565426 0.087857730188 0.0971098888 0.10379137124
Herato13 Herato1301 16225001.0 16225000.0 0.0838737725638 0.0760779959339 0.0840398372964 0.0922010624854
Herato13 Herato1301 16275001.0 16275000.0 0.07560653086 0.06715615748 0.07513953594 0.0858913056
Herato13 Herato1301 16325001.0 16325000.0 0.03039431365 0.026947050774 0.030308975222 0.03427779774
Herato13 Herato1301 16375001.0 16375000.0 0.0613186784898 0.0583344337982 0.0610252532138 0.065084305319
Herato13 Herato1301 16425001.0 16425000.0 0.089928540646 0.082688330774 0.090821888682 0.0967306826
Herato13 Herato1301 16475001.0 16475000.0 0.068304757848 0.063214960624 0.068402941356 0.07438326268
Herato13 Herato1301 16525001.0 16525000.0 0.13177558501 0.119961830301 0.131457795722 0.144542312836
Herato13 Herato1301 16575001.0 16575000.0 0.0759692288918 0.068827899229 0.0757259349369 0.0844327497612
Herato13 Herato1301 16625001.0 16625000.0 0.100730426256 0.0925276914 0.100882216634 0.10840183492
Herato13 Herato1301 16675001.0 16675000.0 0.121932764333 0.112695392811 0.121478529101 0.133536027323
Herato13 Herato1301 16725001.0 16725000.0 0.0967882985244 0.0844363107224 0.0965460148199 0.10975593797
Herato13 Herato1301 16775001.0 16775000.0 0.09975878168 0.08887092384 0.09951984926 0.11111736674
Herato13 Herato1301 16825001.0 16825000.0 0.086611438922 0.079114864802 0.086439637018 0.0932768675
Herato13 Herato1301 16875001.0 16875000.0 0.08991162536 0.08314201002 0.08847596958 0.10100988588
Herato13 Herato1301 16925001.0 16925000.0 0.030577606972 0.027462893206 0.030678771842 0.033611010508
Herato13 Herato1301 16975001.0 16975000.0 0.14106873552 0.108091647742 0.14166274336 0.1852264899
Herato13 Herato1301 17025001.0 17025000.0 0.085054276094 0.079568099207 0.08504272724 0.091608087692
Herato13 Herato1301 17075001.0 17075000.0 0.065656298344 0.061209071934 0.065600476738 0.07016941716
Herato13 Herato1301 17125001.0 17125000.0 0.088259230784 0.074210553586 0.08850389868 0.099796272528
Herato13 Herato1301 17175001.0 17175000.0 0.09389015908 0.07768536986 0.0931892217 0.11645129142
Herato13 Herato1301 17225001.0 17225000.0 0.0717734987 0.066831538488 0.07132253888 0.0787102563
Herato13 Herato1301 17275001.0 17275000.0 0.09275075044 0.08137435174 0.09147702474 0.1049141417
Herato13 Herato1301 17325001.0 17325000.0 0.090207896504 0.080681313008 0.089550871404 0.10238976874
Herato13 Herato1301 17375001.0 17375000.0 0.057656550384 0.051817032928 0.057617668968 0.064154016304
Herato13 Herato1301 17425001.0 17425000.0 0.089325308782 0.0822602102028 0.088716429904 0.098771621838
Herato13 Herato1301 17475001.0 17475000.0 0.08961805952 0.082922582452 0.08987958088 0.09664539146
Herato13 Herato1301 17525001.0 17525000.0 0.087707634784 0.073384324732 0.087323811174 0.10153751266
Herato13 Herato1301 17575001.0 17575000.0 0.13026980014 0.11633632216 0.12931683636 0.14732933452
Herato13 Herato1301 17625001.0 17625000.0 0.14944847556 0.14186145417 0.149460372696 0.15846479794
Herato13 Herato1301 17675001.0 17675000.0 0.106727238908 0.09717425492 0.107095314708 0.117196291998
Herato13 Herato1301 17725001.0 17725000.0 0.135000468288 0.111973919272 0.133085032558 0.165562629276
Herato13 Herato1301 17775001.0 17775000.0 0.09225223646 0.08642085382 0.0931399078 0.09849744
Herato13 Herato1301 17825001.0 17825000.0 0.0951815613379 0.0872124858561 0.0947548210506 0.104058443715
Herato13 Herato1301 17875001.0 17875000.0 0.0829432606872 0.0713935638641 0.0823056807714 0.0982346607208
Herato13 Herato1301 17925001.0 17925000.0 0.0908349100802 0.0733170858759 0.0925984753322 0.104376908911
Herato13 Herato1301 17975001.0 17975000.0 0.104156171124 0.095080267616 0.103476075072 0.11636767834
Herato13 Herato1301 18025001.0 18025000.0 0.112834965277 0.097534654864 0.112379361496 0.13230212634
Herato13 Herato1301 18075001.0 18075000.0 0.10157603466 0.086831291088 0.1009729967 0.11985340802
Herato13 Herato1301 18125001.0 18125000.0 0.105159949678 0.071920463806 0.095298815908 0.17354489169
Herato13 Herato1301 18175001.0 18175000.0 0.10617584886 0.0881667674 0.10467965174 0.13712094396
Herato13 Herato1301 18225001.0 18225000.0 0.06784316238 0.06164121186 0.06743175518 0.07464131544
Herato13 Herato1301 18275001.0 18275000.0 0.061951252866 0.05924178583 0.061777523424 0.065880127318
Herato13 Herato1301 18325001.0 18325000.0 0.04482841499 0.036098174364 0.04424330188 0.058159481078
Herato13 Herato1301 18375001.0 18375000.0 0.049617103292 0.0442116979666 0.0494404508186 0.055360823266
Herato13 Herato1301 18425001.0 18425000.0 0.117649147115 0.0912982662053 0.116419089616 0.154701146446
Herato13 Herato1301 18475001.0 18475000.0 0.072748539566 0.0676177489888 0.0727731133326 0.078574580973
Herato13 Herato1301 18525001.0 18525000.0 0.09042886842 0.08839892492 0.09060656784 0.09309129236
Herato13 Herato1301 18575001.0 18575000.0 0.09608549976 0.08702021448 0.09587501486 0.104988121
Herato13 Herato1301 18625001.0 18625000.0 0.128755142122 0.11149794515 0.12912500973 0.142793410138
Herato13 Herato1301 18675001.0 18675000.0 0.12156504314 0.11500190946 0.12130119112 0.13015076734
Herato13 Herato1301 18725001.0 18725000.0 0.093767167408 0.080562499652 0.093112893116 0.111718642198
Herato13 Herato1301 18775001.0 18775000.0 0.0574403095014 0.0471393958926 0.0568913694956 0.072487060824
Herato13 Herato1301 18825001.0 18825000.0 0.075099813778 0.0659266981092 0.07474143758 0.08632005703
Herato13 Herato1301 18875001.0 18875000.0 0.037304179578 0.032871522304 0.0373371225 0.041615695744
Herato13 Herato1301 18925001.0 18925000.0 0.09854865886 0.09418276594 0.0984360982 0.10404703136
Herato13 Herato1301 18975001.0 18975000.0 0.12143520046 0.11556520626 0.12089400942 0.12833230504
Herato13 Herato1301 19025001.0 19025000.0 0.0784646322 0.069584495654 0.07878802732 0.08836302936
Herato13 Herato1301 19075001.0 19075000.0 0.10682863686 0.10130937574 0.10697818574 0.11242291608
Herato13 Herato1301 19125001.0 19125000.0 0.1365047104 0.1326174542 0.1370467578 0.1402549622
Herato13 Herato1301 19175001.0 19175000.0 0.10892496502 0.09816323538 0.10932367594 0.12040563782
Herato13 Herato1301 19225001.0 19225000.0 0.074117272992 0.070397498652 0.073262691252 0.079685645226
Herato13 Herato1301 19275001.0 19275000.0 0.172355029996 0.161891373407 0.17152459038 0.185536272896
Herato13 Herato1301 19325001.0 19325000.0 0.2219367344 0.2139895426 0.221091408 0.2310368452
Herato13 Herato1301 19375001.0 19375000.0 0.156287282 0.1505323122 0.156442442 0.1627187076
Herato13 Herato1301 19425001.0 19425000.0 0.1834298831 0.17028484656 0.18490557258 0.19413557406
Herato13 Herato1301 19475001.0 19475000.0 0.2060225317 0.18977408094 0.20768450278 0.22017078382
Herato13 Herato1301 19525001.0 19525000.0 0.17770582086 0.165175794794 0.178373900618 0.1879430982
Herato13 Herato1301 19575001.0 19575000.0 0.162857516452 0.152714699874 0.161706982424 0.173361904128
Herato13 Herato1301 19625001.0 19625000.0 0.25021319056 0.231529121017 0.247679386574 0.27574694952
Herato13 Herato1301 19675001.0 19675000.0 0.115920678732 0.107937867283 0.115918440938 0.123347663848
Herato13 Herato1301 19725001.0 19725000.0 0.13440878306 0.124690360102 0.13447036368 0.14372976074
Herato13 Herato1301 19775001.0 19775000.0 0.20848404215 0.19487788124 0.20787049994 0.222920223676
Herato13 Herato1301 19825001.0 19825000.0 0.244470385 0.2279524986 0.2435517974 0.2610595842
Herato13 Herato1301 19875001.0 19875000.0 0.180363494 0.15579047978 0.17670256504 0.21125946452
Herato13 Herato1301 19925001.0 19925000.0 0.2027782788 0.2001180624 0.202290148 0.208008212
Herato13 Herato1301 19975001.0 19975000.0 0.14522192008 0.14241984206 0.14484204732 0.15015580958
Herato13 Herato1301 20025001.0 20025000.0 0.152170885256 0.142893383815 0.152517733287 0.161455976422
Herato13 Herato1301 20075001.0 20075000.0 0.146721748466 0.134861525169 0.147182206034 0.158388731208
Herato13 Herato1301 20125001.0 20125000.0 0.1013824629 0.0896519794842 0.10133402599 0.113167587419
Herato13 Herato1301 20175001.0 20175000.0 0.111477138156 0.106592969177 0.111337042818 0.116292744968
Herato13 Herato1301 20225001.0 20225000.0 0.05874219524 0.054901380218 0.058471334914 0.062940242436
Herato13 Herato1301 20275001.0 20275000.0 0.06111296081 0.0580232594902 0.061010827884 0.064873330318
Herato13 Herato1301 20325001.0 20325000.0 0.066138412428 0.061592026406 0.066186301384 0.071119671674
Herato13 Herato1301 20375001.0 20375000.0 0.057295251912 0.0512978444322 0.057132044732 0.063343427124
Herato13 Herato1301 20425001.0 20425000.0 0.082918617016 0.0700406618947 0.0829441759468 0.095128100362
Herato13 Herato1301 20475001.0 20475000.0 0.0603127662662 0.0540443029582 0.0602275077506 0.0674346655328
Herato13 Herato1301 20525001.0 20525000.0 0.0549654586212 0.0501705732246 0.054250652981 0.063596875782
Herato13 Herato1301 20575001.0 20575000.0 0.059820792632 0.056492354169 0.059329849534 0.064986078902
Herato13 Herato1301 20625001.0 20625000.0 0.124282856778 0.116932947046 0.123833882372 0.131959933916
Herato13 Herato1301 20675001.0 20675000.0 0.137474497216 0.118830735025 0.137853212202 0.154241207376
Herato13 Herato1301 20725001.0 20725000.0 0.16002336536 0.139343042575 0.160618912832 0.18190367298
Herato13 Herato1301 20775001.0 20775000.0 0.15226209063 0.135720796078 0.151927495928 0.170473117724
Herato13 Herato1301 20825001.0 20825000.0 0.153497775732 0.137199738872 0.153391508446 0.16988959989
Herato13 Herato1301 20875001.0 20875000.0 0.107452450708 0.085537774306 0.106641324638 0.133983803542
Herato13 Herato1301 20925001.0 20925000.0 0.0971029068932 0.0931350411862 0.096863819921 0.103031996608
Herato13 Herato1301 20975001.0 20975000.0 0.103095150932 0.0898630749754 0.10304512632 0.117958526348
Herato13 Herato1301 21025001.0 21025000.0 0.15554208802 0.14674811108 0.15592331584 0.16381053096
Herato13 Herato1301 21075001.0 21075000.0 0.158811194472 0.148511155258 0.157923005932 0.1704285397
Herato13 Herato1301 21125001.0 21125000.0 0.11596284504 0.106393598782 0.1145836804 0.13144438666
Herato13 Herato1301 21175001.0 21175000.0 0.14719938274 0.13877963314 0.14673731132 0.15650204226
Herato13 Herato1301 21225001.0 21225000.0 0.182365244552 0.166355249934 0.181983114418 0.200803969516
Herato13 Herato1301 21275001.0 21275000.0 0.2154610112 0.1991752108 0.215937762 0.2315971268
Herato13 Herato1301 21325001.0 21325000.0 0.20238110244 0.17897236508 0.20252772002 0.2258488319
Herato13 Herato1301 21375001.0 21375000.0 0.13815652748 0.125452146784 0.1389741186 0.1459815312
Herato13 Herato1301 21425001.0 21425000.0 0.17108106152 0.159391394758 0.171686271736 0.183087179114
Herato13 Herato1301 21475001.0 21475000.0 0.2206487583 0.20298530986 0.2206701935 0.2357485695
Herato13 Herato1301 21525001.0 21525000.0 0.096281609112 0.086629344912 0.096430377178 0.10543573406
Herato13 Herato1301 21575001.0 21575000.0 0.133128600772 0.121405765892 0.133200482418 0.1453898689
Herato13 Herato1301 21625001.0 21625000.0 0.078082894282 0.067519353408 0.0781937494 0.0877727438
Herato13 Herato1301 21675001.0 21675000.0 0.06833702854 0.06319061298 0.06847805476 0.0733973426
Herato13 Herato1301 21725001.0 21725000.0 0.0996386209 0.086172732734 0.098707917856 0.116643051126
Herato13 Herato1301 21775001.0 21775000.0 0.102743791874 0.09161386527 0.102625947464 0.11554236174
Herato13 Herato1301 21825001.0 21825000.0 0.101360000117 0.0926787373052 0.101218495853 0.1103659008
Herato13 Herato1301 21875001.0 21875000.0 0.07920652196 0.07176605254 0.07859457992 0.08988010828
Herato13 Herato1301 21925001.0 21925000.0 0.144148593676 0.140590971728 0.144126353822 0.148457395816
Herato13 Herato1301 21975001.0 21975000.0 0.10196799102 0.0954780675 0.101753979 0.1100475478
Herato13 Herato1301 22025001.0 22025000.0 0.118135000665 0.0867572756252 0.112424633292 0.178997233992
Herato13 Herato1301 22075001.0 22075000.0 0.112363673646 0.103065478138 0.111770864828 0.123793058
Herato13 Herato1301 22125001.0 22125000.0 0.051422046244 0.046007350718 0.05101465527 0.057748495482
Herato13 Herato1301 22175001.0 22175000.0 0.076574403088 0.0568094544114 0.074744576364 0.10485991058
Herato13 Herato1301 22225001.0 22225000.0 0.056754273988 0.0517495533156 0.056637283244 0.062716396622
Herato13 Herato1301 22275001.0 22275000.0 0.055013910458 0.046676712812 0.054821222544 0.064962057108
Herato13 Herato1301 22325001.0 22325000.0 0.111911143249 0.101850401731 0.110171665662 0.135034770406
Herato13 Herato1301 22375001.0 22375000.0 0.11921344006 0.111364513932 0.11878707824 0.1292183057
Herato13 Herato1301 22425001.0 22425000.0 0.10652572972 0.091919648328 0.10629485132 0.12173054588
Herato13 Herato1301 22475001.0 22475000.0 0.0799129801542 0.0652427465019 0.0799885041546 0.093647085086
Herato13 Herato1301 22525001.0 22525000.0 0.048905806894 0.038337518138 0.048882246786 0.0582000017
Herato13 Herato1301 22575001.0 22575000.0 0.06243179538 0.05902081542 0.06241903986 0.06648728186
Herato13 Herato1301 22625001.0 22625000.0 0.04692735226 0.041008252134 0.04670402406 0.05442501276
Herato13 Herato1301 22675001.0 22675000.0 0.04573730966 0.04287308694 0.04580350974 0.04855141852
Herato13 Herato1301 22725001.0 22725000.0 0.0694299502808 0.0623293758314 0.0692615807974 0.0803593981856
Herato13 Herato1301 22775001.0 22775000.0 0.07879099164 0.07089409768 0.0788060549 0.08779964952
Herato13 Herato1301 22825001.0 22825000.0 0.10770576482 0.091410582406 0.10615307538 0.13213184474
Herato13 Herato1301 22875001.0 22875000.0 0.10585438626 0.1020753462 0.10594127498 0.11046374304
Herato13 Herato1301 22925001.0 22925000.0 0.0773003678788 0.0724453555311 0.076942550996 0.083598158722
Herato13 Herato1301 22975001.0 22975000.0 0.1191624656 0.1105717727 0.11983743072 0.12683654932
Herato13 Herato1301 23025001.0 23025000.0 0.0961072109382 0.0894986810638 0.0956787625328 0.105047113544
Herato13 Herato1301 23075001.0 23075000.0 0.078747294436 0.074574089706 0.078559465056 0.083693259594
Herato13 Herato1301 23125001.0 23125000.0 0.06244516011 0.05420311784 0.062043686026 0.071896522676
Herato13 Herato1301 23175001.0 23175000.0 0.079688711544 0.0682589376582 0.080124860524 0.091471541536
Herato13 Herato1301 23225001.0 23225000.0 0.09380177698 0.087083006588 0.09380927382 0.10133399544
Herato13 Herato1301 23275001.0 23275000.0 0.079225126246 0.073805080447 0.07913744204 0.084281405278
Herato13 Herato1301 23325001.0 23325000.0 0.072414145688 0.064279851424 0.071938227344 0.08149812525
Herato13 Herato1301 23375001.0 23375000.0 0.049404283908 0.0463191873316 0.04958075312 0.052570975364
Herato13 Herato1301 23425001.0 23425000.0 0.077293757401 0.0682188797715 0.07654041638 0.0909258023194
Herato13 Herato1301 23475001.0 23475000.0 0.06361856402 0.05438518958 0.06315708704 0.07429313508
Herato13 Herato1301 23525001.0 23525000.0 0.048089128174 0.041503807078 0.04828155319 0.055768945762
Herato13 Herato1301 23575001.0 23575000.0 0.064266376565 0.0522304483166 0.0637039192688 0.0797445121776
Herato13 Herato1301 23625001.0 23625000.0 0.0516966322128 0.0397484182367 0.0511427904544 0.0821430665572
Herato13 Herato1301 23675001.0 23675000.0 0.049615694059 0.0357950865347 0.0488035186982 0.070666579004
Herato13 Herato1301 23725001.0 23725000.0 0.0310315183302 0.0255751234696 0.0307710251696 0.0370401243144
Herato13 Herato1301 23775001.0 23775000.0 0.0267544813767 0.0230744171665 0.0263309227093 0.0330009656134
