chrom scaffold Cposition position mean p0025 p0500 p0975
Herato01 Herato0101 25001.0 25000.0 0.0239025216121 0.00628824806114 0.0196498047077 0.0665919406447
Herato01 Herato0101 75001.0 75000.0 0.0477188991918 0.0102864308587 0.0409951314924 0.100294486807
Herato01 Herato0101 125001.0 125000.0 0.04887779466 0.020721781957 0.0410227391516 0.119416187796
Herato01 Herato0101 175001.0 175000.0 0.149437315608 0.0761863061319 0.139369907446 0.270712470555
Herato01 Herato0101 225001.0 225000.0 0.0020789147988 0.0018111721608 0.0020706869418 0.0023582701168
Herato01 Herato0101 275001.0 275000.0 0.0043172021816 0.00391003919764 0.00427732486534 0.0048139190216
Herato01 Herato0101 325001.0 325000.0 0.0803337591758 0.0310322866124 0.0731397814252 0.191610193323
Herato01 Herato0101 375001.0 375000.0 0.0236650950506 0.00546745016925 0.0227444121374 0.0541407580902
Herato01 Herato0101 425001.0 425000.0 0.00543439875168 0.00409812120815 0.00540306181764 0.0069865709524
Herato01 Herato0101 475001.0 475000.0 0.00406917212334 0.0034735666952 0.00405133197518 0.004771644067
Herato01 Herato0101 525001.0 525000.0 0.044136627568 0.0236895481311 0.0420575536753 0.0751869714541
Herato01 Herato0101 575001.0 575000.0 0.0073639055624 0.00126279065428 0.00311706052404 0.0247007718865
Herato01 Herato0101 625001.0 625000.0 0.0033699856322 0.00300490244648 0.00340014697338 0.00385310432914
Herato01 Herato0101 675001.0 675000.0 0.0100162175328 0.0087391553514 0.0099464078536 0.0116170754558
Herato01 Herato0101 725001.0 725000.0 0.00973610982 0.0082976363704 0.0097035403 0.011514217498
Herato01 Herato0101 775001.0 775000.0 0.00885859583348 0.00829353173718 0.00883577310168 0.00949086170328
Herato01 Herato0101 825001.0 825000.0 0.0449548605595 0.0226333174449 0.0400108694853 0.0843324789606
Herato01 Herato0101 875001.0 875000.0 0.0086690423624 0.0077343755964 0.0086168944242 0.0095728458208
Herato01 Herato0101 925001.0 925000.0 0.0266543904166 0.0204836213726 0.0256835623751 0.039003007282
Herato01 Herato0101 975001.0 975000.0 0.00889530168016 0.00722696301818 0.00887130039638 0.0108863923286
Herato01 Herato0101 1025001.0 1025000.0 0.0247809537894 0.0182834557073 0.023808971743 0.037664633937
Herato01 Herato0101 1075001.0 1075000.0 0.030009916101 0.0212621561135 0.0278748683568 0.044262349281
Herato01 Herato0101 1125001.0 1125000.0 0.0440021096304 0.0295302450347 0.0426807920922 0.06630919949
Herato01 Herato0101 1175001.0 1175000.0 0.043741163601 0.0240437267671 0.0416567762622 0.0773529087598
Herato01 Herato0101 1225001.0 1225000.0 0.0137839900357 0.0105384728839 0.0136123600303 0.01746879402
Herato01 Herato0101 1275001.0 1275000.0 0.024541737612 0.0207586210492 0.024099399986 0.036151521206
Herato01 Herato0101 1325001.0 1325000.0 0.00691242521 0.0061331546122 0.0069474566954 0.0077569330096
Herato01 Herato0101 1375001.0 1375000.0 0.0295506773047 0.0117892246328 0.0282431134105 0.0500586438156
Herato01 Herato0101 1425001.0 1425000.0 0.0424262306014 0.029431275367 0.0379807469428 0.076402081529
Herato01 Herato0101 1475001.0 1475000.0 0.024949662072 0.0148502333332 0.024121573934 0.04015393233
Herato01 Herato0101 1525001.0 1525000.0 0.0119805033354 0.0103652847269 0.0118995113098 0.013965675858
Herato01 Herato0101 1575001.0 1575000.0 0.0219252597734 0.0160123893346 0.0178047871163 0.0477149076568
Herato01 Herato0101 1625001.0 1625000.0 0.0505206645416 0.0293331493958 0.0491206291192 0.0819008079272
Herato01 Herato0101 1675001.0 1675000.0 0.01608464429 0.0146138722874 0.0160518448 0.0176862186144
Herato01 Herato0101 1725001.0 1725000.0 0.031618519073 0.0135933617013 0.0316924572378 0.0618239277536
Herato01 Herato0101 1775001.0 1775000.0 0.0295866843748 0.0229903051954 0.029153426523 0.039047830452
Herato01 Herato0101 1825001.0 1825000.0 0.0304404537528 0.0171060313319 0.0292953041422 0.0520293225069
Herato01 Herato0101 1875001.0 1875000.0 0.0422986724546 0.020946768404 0.034435379029 0.0987137862768
Herato01 Herato0101 1925001.0 1925000.0 0.0612780312916 0.02998097161 0.0572899719812 0.124243327757
Herato01 Herato0101 1975001.0 1975000.0 0.0212680062246 0.0167390148873 0.0210737526745 0.0278386864072
Herato01 Herato0101 2025001.0 2025000.0 0.016344407988 0.0153427585926 0.0163482068404 0.017148278644
Herato01 Herato0101 2075001.0 2075000.0 0.0261475194704 0.0155533601244 0.0255604329902 0.0430647274592
Herato01 Herato0101 2125001.0 2125000.0 0.026893057202 0.0149740412588 0.0249786394176 0.0479237097544
Herato01 Herato0101 2175001.0 2175000.0 0.006789848403 0.0062133120218 0.0067437616478 0.0074511236298
Herato01 Herato0101 2225001.0 2225000.0 0.0144533287244 0.00996676815254 0.0144191670628 0.0198709481226
Herato01 Herato0101 2275001.0 2275000.0 0.133238317262 0.0225728018971 0.119339425156 0.325091350413
Herato01 Herato0101 2325001.0 2325000.0 0.0302183116262 0.0227529308577 0.0291647885542 0.0411431544076
Herato01 Herato0101 2375001.0 2375000.0 0.047961817504 0.0362877085475 0.04595813988 0.06740496354
Herato01 Herato0101 2425001.0 2425000.0 0.0737042760452 0.0612760205814 0.0728756301546 0.09160743778
Herato01 Herato0101 2475001.0 2475000.0 0.0342637661689 0.0247944507543 0.0316389818933 0.0692110122682
Herato01 Herato0101 2525001.0 2525000.0 0.034308449346 0.030586366346 0.034055214364 0.03848143581
Herato01 Herato0101 2575001.0 2575000.0 0.0373960978048 0.0331135685234 0.037584200824 0.0415513530292
Herato01 Herato0101 2625001.0 2625000.0 0.0184965662398 0.0163765718981 0.0184038045922 0.02118312823
Herato01 Herato0101 2675001.0 2675000.0 0.0379450179214 0.0278135855431 0.0372048993166 0.052828860763
Herato01 Herato0101 2725001.0 2725000.0 0.0274269681743 0.0212625868519 0.026883418164 0.0372918551792
Herato01 Herato0101 2775001.0 2775000.0 0.0349455119038 0.0243775351246 0.0337802677318 0.0527742970187
Herato01 Herato0101 2825001.0 2825000.0 0.022830923218 0.0201063822979 0.0231090821725 0.025140504336
Herato01 Herato0101 2875001.0 2875000.0 0.0359744202696 0.0257259881454 0.0341302072954 0.0522348833052
Herato01 Herato0101 2925001.0 2925000.0 0.034851218296 0.0325270181384 0.03480223262 0.037183699898
Herato01 Herato0101 2975001.0 2975000.0 0.0305508048832 0.0252605480944 0.0304791331976 0.0369580719702
Herato01 Herato0101 3025001.0 3025000.0 0.0288468347262 0.026928534252 0.0286562211094 0.0314001838392
Herato01 Herato0101 3075001.0 3075000.0 0.041183515322 0.0233344188834 0.0390737208004 0.0704066752874
Herato01 Herato0101 3125001.0 3125000.0 0.0293626598089 0.0247942009291 0.0292560791667 0.0354545306131
Herato01 Herato0101 3175001.0 3175000.0 0.030152396864 0.0262518098326 0.0302354305682 0.033985162955
Herato01 Herato0101 3225001.0 3225000.0 0.02527649257 0.0225573839582 0.024958397418 0.028492364474
Herato01 Herato0101 3275001.0 3275000.0 0.040229300112 0.03750221843 0.04028032941 0.043336648032
Herato01 Herato0101 3325001.0 3325000.0 0.039786751842 0.0339574784 0.039036494776 0.050361324136
Herato01 Herato0101 3375001.0 3375000.0 0.0375554479 0.03529377452 0.03756568596 0.04024723256
Herato01 Herato0101 3425001.0 3425000.0 0.0336352195854 0.0281994256079 0.0334162644258 0.0405311160122
Herato01 Herato0101 3475001.0 3475000.0 0.04129896133 0.03496585114 0.041066548278 0.047154524582
Herato01 Herato0101 3525001.0 3525000.0 0.03564775518 0.031406253408 0.035486318666 0.040233220114
Herato01 Herato0101 3575001.0 3575000.0 0.0583803702 0.0515341032124 0.05792613571 0.06701668742
Herato01 Herato0101 3625001.0 3625000.0 0.0582058286836 0.0491643977146 0.0580030877134 0.0694907526786
Herato01 Herato0101 3675001.0 3675000.0 0.050074140364 0.045383557924 0.05009052478 0.055150133614
Herato01 Herato0101 3725001.0 3725000.0 0.039246543972 0.0255040424494 0.0382934495141 0.0567392117272
Herato01 Herato0101 3775001.0 3775000.0 0.0433015462716 0.0383063324083 0.0431814873624 0.0491315334656
Herato01 Herato0101 3825001.0 3825000.0 0.03149034209 0.029841295476 0.03155922502 0.032984681938
Herato01 Herato0101 3875001.0 3875000.0 0.039031244896 0.0347130360624 0.039195533782 0.044094223672
Herato01 Herato0101 3925001.0 3925000.0 0.0314861183476 0.0218254754249 0.0306577935848 0.044278708631
Herato01 Herato0101 3975001.0 3975000.0 0.048358798752 0.031675089716 0.044189670592 0.085248030386
Herato01 Herato0101 4025001.0 4025000.0 0.050910231702 0.043781744664 0.050787585058 0.059428308636
Herato01 Herato0101 4075001.0 4075000.0 0.0489266625612 0.0437211057262 0.0490170014902 0.053920208803
Herato01 Herato0101 4125001.0 4125000.0 0.0556510264444 0.0454071248369 0.0549945526336 0.069132996824
Herato01 Herato0101 4175001.0 4175000.0 0.0197302706847 0.0171758881839 0.0196791995582 0.022861963003
Herato01 Herato0101 4225001.0 4225000.0 0.0579082156608 0.0267039639286 0.0497521471964 0.169045163448
Herato01 Herato0101 4275001.0 4275000.0 0.0431802554535 0.0351056971365 0.0418772603041 0.060153325167
Herato01 Herato0101 4325001.0 4325000.0 0.0459209188032 0.0209999012545 0.0406796101911 0.098491324094
Herato01 Herato0101 4375001.0 4375000.0 0.0786304604749 0.0402169646281 0.0711879014567 0.166792927899
Herato01 Herato0101 4425001.0 4425000.0 0.0518346851192 0.0237390434588 0.0452591004501 0.127168776352
Herato01 Herato0101 4475001.0 4475000.0 0.0629414032334 0.0472361117151 0.0611424782257 0.089052009606
Herato01 Herato0101 4525001.0 4525000.0 0.036880272114 0.033127410282 0.036717010116 0.042289741652
Herato01 Herato0101 4575001.0 4575000.0 0.0354378943818 0.0326312985509 0.0352954502278 0.0392758781182
Herato01 Herato0101 4625001.0 4625000.0 0.03745961984 0.03585059668 0.0374583916 0.03932998316
Herato01 Herato0101 4675001.0 4675000.0 0.0558945524118 0.0468675446241 0.0556887742651 0.0662608975129
Herato01 Herato0101 4725001.0 4725000.0 0.0370003117956 0.0277911162012 0.0354150210478 0.055683335808
Herato01 Herato0101 4775001.0 4775000.0 0.0407944024704 0.0254044863266 0.039152566488 0.0697768568104
Herato01 Herato0101 4825001.0 4825000.0 0.031275348472 0.02960310799 0.031218499076 0.033387379236
Herato01 Herato0101 4875001.0 4875000.0 0.046416271626 0.0396647191186 0.0462819528912 0.053302394174
Herato01 Herato0101 4925001.0 4925000.0 0.0471446812404 0.0389284370472 0.046841425722 0.0567887540966
Herato01 Herato0101 4975001.0 4975000.0 0.009934394504 0.008645540136 0.009644366898 0.011818376906
Herato01 Herato0101 5025001.0 5025000.0 0.0258392091 0.023413542046 0.025812194122 0.028214375522
Herato01 Herato0101 5075001.0 5075000.0 0.0313071511 0.0288799686 0.0310689369 0.0342357845
Herato01 Herato0101 5125001.0 5125000.0 0.0386142346662 0.0321893606273 0.038357678831 0.0477695596778
Herato01 Herato0101 5175001.0 5175000.0 0.03179442288 0.02944438866 0.032012864 0.03529990098
Herato01 Herato0101 5225001.0 5225000.0 0.028346560336 0.024380558472 0.028524936178 0.032899869894
Herato01 Herato0101 5275001.0 5275000.0 0.032528950646 0.029328657124 0.0324616342 0.03608948272
Herato01 Herato0101 5325001.0 5325000.0 0.0161587833096 0.0143578883644 0.0160756990723 0.0179894559372
Herato01 Herato0101 5375001.0 5375000.0 0.0437953341605 0.0303627070999 0.0428739163296 0.0621643418968
Herato01 Herato0101 5425001.0 5425000.0 0.023654268392 0.02025193989 0.023469791002 0.027749968144
Herato01 Herato0101 5475001.0 5475000.0 0.06370183778 0.0388770738914 0.0605834797188 0.113135729906
Herato01 Herato0101 5525001.0 5525000.0 0.0774552578965 0.0443576843124 0.0757222407743 0.123478411624
Herato01 Herato0101 5575001.0 5575000.0 0.0190677595118 0.0159193293824 0.0188827331028 0.0228609996044
Herato01 Herato0101 5625001.0 5625000.0 0.0233785660618 0.0160213468441 0.022304833338 0.0357191218972
Herato01 Herato0101 5675001.0 5675000.0 0.015452143662 0.01431120757 0.015495441642 0.016617080146
Herato01 Herato0101 5725001.0 5725000.0 0.0114767962931 0.00592336720593 0.0109609129346 0.0193721662074
Herato01 Herato0101 5775001.0 5775000.0 0.0214938958798 0.0177752876316 0.0212953418871 0.0274621564036
Herato01 Herato0101 5825001.0 5825000.0 0.0162371977584 0.0140059658874 0.016213326363 0.0187495171184
Herato01 Herato0101 5875001.0 5875000.0 0.0341340991094 0.0296215582088 0.033794414391 0.0394902701004
Herato01 Herato0101 5925001.0 5925000.0 0.0167916413633 0.0143237266927 0.0166709885891 0.0196067439449
Herato01 Herato0101 5975001.0 5975000.0 0.0268901202874 0.021694292041 0.0272935816791 0.03206392827
Herato01 Herato0101 6025001.0 6025000.0 0.0226746924306 0.0212461238669 0.0227124829908 0.0240397949404
Herato01 Herato0101 6075001.0 6075000.0 0.0399213046947 0.0245745757848 0.0354084265763 0.088176197151
Herato01 Herato0101 6125001.0 6125000.0 0.0177852609539 0.015090503983 0.0178266948674 0.020838940371
Herato01 Herato0101 6175001.0 6175000.0 0.032333174341 0.0277050007628 0.0322649243596 0.0380344841925
Herato01 Herato0101 6225001.0 6225000.0 0.045632342886 0.0403843837644 0.0454425204678 0.0513326643308
Herato01 Herato0101 6275001.0 6275000.0 0.03666455874 0.03562093008 0.03654095802 0.0382962876
Herato01 Herato0101 6325001.0 6325000.0 0.03699339876 0.03594040992 0.03686868948 0.0386397624
Herato01 Herato0101 6375001.0 6375000.0 0.0342495308676 0.0264466922368 0.0340319314077 0.043671052108
Herato01 Herato0101 6425001.0 6425000.0 0.032738225256 0.0224505039237 0.031187667102 0.053247564491
Herato01 Herato0101 6475001.0 6475000.0 0.044157107577 0.0358197024443 0.0438032430528 0.0551009233536
Herato01 Herato0101 6525001.0 6525000.0 0.033307338585 0.0273905047464 0.0331183562808 0.0456899528212
Herato01 Herato0101 6575001.0 6575000.0 0.054909011248 0.0380495412221 0.0525284429146 0.0862741409228
Herato01 Herato0101 6625001.0 6625000.0 0.0270689954138 0.0218101473236 0.0268869326644 0.0328881141004
Herato01 Herato0101 6675001.0 6675000.0 0.041919193369 0.0306945335464 0.040863879694 0.058730967164
Herato01 Herato0101 6725001.0 6725000.0 0.0648091060906 0.0364510004819 0.0616573483942 0.119404244367
Herato01 Herato0101 6775001.0 6775000.0 0.0562736415224 0.0243834982953 0.0501714679865 0.120430524278
Herato01 Herato0101 6825001.0 6825000.0 0.050723915125 0.0178904653367 0.0456350716954 0.108828241515
Herato01 Herato0101 6875001.0 6875000.0 0.024120714325 0.0124297035246 0.0221047352996 0.0489295206524
Herato01 Herato0101 6925001.0 6925000.0 0.0312395319284 0.026249815129 0.0309621234208 0.037463821732
Herato01 Herato0101 6975001.0 6975000.0 0.0275801183503 0.0192288044589 0.0260168824347 0.0452107624042
Herato01 Herato0101 7025001.0 7025000.0 0.0212059699972 0.00869726133982 0.0108411772586 0.083167654351
Herato01 Herato0101 7075001.0 7075000.0 0.032334321013 0.0226281293866 0.031038855868 0.05021349543
Herato01 Herato0101 7125001.0 7125000.0 0.17628731837 0.0326866645405 0.173374009001 0.383906357672
Herato01 Herato0101 7175001.0 7175000.0 0.056348062376 0.036930092256 0.054596918268 0.087563251178
Herato01 Herato0101 7225001.0 7225000.0 0.0232057694456 0.016018977458 0.022827575067 0.0325110893336
Herato01 Herato0101 7275001.0 7275000.0 0.0300214095117 0.0143700792605 0.025743866426 0.0631205988304
Herato01 Herato0101 7325001.0 7325000.0 0.0405729744502 0.0302447243164 0.0393394291414 0.0580621863686
Herato01 Herato0101 7375001.0 7375000.0 0.133758698194 0.0538815530532 0.118028425661 0.296754266546
Herato01 Herato0101 7425001.0 7425000.0 0.0271266524361 0.0183397118907 0.026820492807 0.0412256153494
Herato01 Herato0101 7475001.0 7475000.0 0.0290370661988 0.0207493975425 0.0276802123866 0.0441327565224
Herato01 Herato0101 7525001.0 7525000.0 0.035462732196 0.0286986055737 0.034980150796 0.044558400834
Herato01 Herato0101 7575001.0 7575000.0 0.036896556064 0.0329293354804 0.0368793914316 0.041286337684
Herato01 Herato0101 7625001.0 7625000.0 0.0586796912998 0.0470864614391 0.0583309645769 0.0741194601244
Herato01 Herato0101 7675001.0 7675000.0 0.0255846869471 0.0210375126691 0.0230432054603 0.0322724360726
Herato01 Herato0101 7725001.0 7725000.0 0.048057312371 0.0345425731012 0.0425827371224 0.0675293682484
Herato01 Herato0101 7775001.0 7775000.0 0.0341061896292 0.0267059951289 0.0338747468574 0.0433600176964
Herato01 Herato0101 7825001.0 7825000.0 0.02381983138 0.02025901038 0.0238987487 0.02608817318
Herato01 Herato0101 7875001.0 7875000.0 0.0325909978 0.02954702756 0.03265414474 0.035699406
Herato01 Herato0101 7925001.0 7925000.0 0.040408209372 0.034169982968 0.040067402204 0.04844014614
Herato01 Herato0101 7975001.0 7975000.0 0.0498501680618 0.0378371769487 0.0474210734362 0.070855490842
Herato01 Herato0101 8025001.0 8025000.0 0.0452823424421 0.0240881387147 0.0425635583401 0.0953884102306
Herato01 Herato0101 8075001.0 8075000.0 0.0498782415034 0.0392772841913 0.0488459244854 0.067471148975
Herato01 Herato0101 8125001.0 8125000.0 0.0277696156256 0.0257925253339 0.027770204098 0.030170851408
Herato01 Herato0101 8175001.0 8175000.0 0.0319807549614 0.0186046831405 0.0302924852704 0.050955698465
Herato01 Herato0101 8225001.0 8225000.0 0.0384864984348 0.0270296753659 0.0364879166168 0.0606109637968
Herato01 Herato0101 8275001.0 8275000.0 0.0278379729584 0.0123307109243 0.0239445829252 0.0699559949342
Herato01 Herato0101 8325001.0 8325000.0 0.01120960024 0.01039169868 0.0111760668 0.01249435016
Herato01 Herato0101 8375001.0 8375000.0 0.015225530866 0.0138887959966 0.0151420497144 0.016734084278
Herato01 Herato0101 8425001.0 8425000.0 0.028844568874 0.0219816123168 0.029970128496 0.03770124835
Herato01 Herato0101 8475001.0 8475000.0 0.01888178702 0.01742056724 0.0188771105 0.02075353566
Herato01 Herato0101 8525001.0 8525000.0 0.0167357646024 0.0128708541827 0.0164216067708 0.0219946476688
Herato01 Herato0101 8575001.0 8575000.0 0.0131362943106 0.0120824053241 0.0131311911152 0.0142022730558
Herato01 Herato0101 8625001.0 8625000.0 0.0313705953126 0.0222410641401 0.0290475153278 0.0502730906846
Herato01 Herato0101 8675001.0 8675000.0 0.052424410076 0.0460849915932 0.05222706498 0.05943989256
Herato01 Herato0101 8725001.0 8725000.0 0.041304099613 0.0371642867707 0.0413274589006 0.045461317765
Herato01 Herato0101 8775001.0 8775000.0 0.04977801716 0.0424622526385 0.0498813842846 0.057984826986
Herato01 Herato0101 8825001.0 8825000.0 0.0543402289114 0.0323723318958 0.0416402224456 0.0990513397236
Herato01 Herato0101 8875001.0 8875000.0 0.0531537669372 0.0218831685606 0.0506594437879 0.0953962154994
Herato01 Herato0101 8925001.0 8925000.0 0.0286045893978 0.0201883610446 0.0278576744256 0.0429593182138
Herato01 Herato0101 8975001.0 8975000.0 0.0160980715314 0.0138056164934 0.016100351128 0.0186122054998
Herato01 Herato0101 9025001.0 9025000.0 0.0203159359546 0.013032674567 0.0192480086762 0.0330112774648
Herato01 Herato0101 9075001.0 9075000.0 0.0127337300968 0.0098431932336 0.0123202155726 0.0183280732284
Herato01 Herato0101 9125001.0 9125000.0 0.0464932480678 0.0295978843209 0.0451067109014 0.071509783445
Herato01 Herato0101 9175001.0 9175000.0 0.0317771529005 0.0295949724906 0.0318041657076 0.034177753464
Herato01 Herato0101 9225001.0 9225000.0 0.04829847264 0.04644599148 0.04856539788 0.05002398936
Herato01 Herato0101 9275001.0 9275000.0 0.0397833761416 0.0379404031518 0.0396639530266 0.0418600057282
Herato01 Herato0101 9325001.0 9325000.0 0.017708507692 0.0151037886956 0.0176731015754 0.0206887573488
Herato01 Herato0101 9375001.0 9375000.0 0.049985355528 0.03492356302 0.049744231262 0.06735940404
Herato01 Herato0101 9425001.0 9425000.0 0.05847306881 0.0291645398215 0.0560580186092 0.114401553615
Herato01 Herato0101 9475001.0 9475000.0 0.0412949606802 0.0314541968697 0.0404839216339 0.0550889330262
Herato01 Herato0101 9525001.0 9525000.0 0.0539899517154 0.0476675150022 0.0537498760852 0.061400166769
Herato01 Herato0101 9575001.0 9575000.0 0.082598163254 0.037441922428 0.079339258896 0.16276832531
Herato01 Herato0101 9625001.0 9625000.0 0.0566989455418 0.0380942048148 0.053639350656 0.09386192192
Herato01 Herato0101 9675001.0 9675000.0 0.041117716308 0.033774382838 0.040275312436 0.053917798332
Herato01 Herato0101 9725001.0 9725000.0 0.056878237802 0.0388687671555 0.0539254110816 0.097435190594
Herato01 Herato0101 9775001.0 9775000.0 0.029730716678 0.028037956014 0.029593585986 0.031901715708
Herato01 Herato0101 9825001.0 9825000.0 0.045889747432 0.038499639924 0.045265600008 0.056913741488
Herato01 Herato0101 9875001.0 9875000.0 0.055578267856 0.051301297632 0.055482223556 0.060182639976
Herato01 Herato0101 9925001.0 9925000.0 0.04736947631 0.04185742171 0.04649812736 0.05978214932
Herato01 Herato0101 9975001.0 9975000.0 0.0491634890932 0.0295328457251 0.0491293542572 0.0745859054284
Herato01 Herato0101 10025001.0 10025000.0 0.0687685091352 0.0415907465329 0.0575166740032 0.15061167684
Herato01 Herato0101 10075001.0 10075000.0 0.0340706580552 0.0188977949576 0.0314989204072 0.0644540939726
Herato01 Herato0101 10125001.0 10125000.0 0.0274789855152 0.0257608982695 0.0275323586178 0.0295218931742
Herato01 Herato0101 10175001.0 10175000.0 0.0327288893122 0.0237452242716 0.0315908467264 0.0466853133268
Herato01 Herato0101 10225001.0 10225000.0 0.044903309328 0.0369495104084 0.0446764650162 0.055471183668
Herato01 Herato0101 10275001.0 10275000.0 0.034951210693 0.0279756835444 0.0342508447996 0.0447687178322
Herato01 Herato0101 10325001.0 10325000.0 0.0574173209032 0.0344244932231 0.0557117616884 0.09792974438
Herato01 Herato0101 10375001.0 10375000.0 0.028337728078 0.023690732505 0.028129891804 0.034629807808
Herato01 Herato0101 10425001.0 10425000.0 0.0816532920304 0.0457923459196 0.0735230749012 0.165240331863
Herato01 Herato0101 10475001.0 10475000.0 0.0656164941121 0.0300105938539 0.0596984968247 0.138231455447
Herato01 Herato0101 10525001.0 10525000.0 0.0258976183306 0.0244365474995 0.0258933393267 0.02757780543
Herato01 Herato0101 10575001.0 10575000.0 0.0313722015628 0.0275212683309 0.03125268377 0.0355327108228
Herato01 Herato0101 10625001.0 10625000.0 0.0320346231344 0.0264933846819 0.03178605214 0.038828724176
Herato01 Herato0101 10675001.0 10675000.0 0.040623797484 0.03387857283 0.040955759036 0.0477457910968
Herato01 Herato0101 10725001.0 10725000.0 0.0375438335224 0.0268796867779 0.0385186149024 0.049833562401
Herato01 Herato0101 10775001.0 10775000.0 0.0773651334238 0.0325057182598 0.0727705553328 0.1597024573
Herato01 Herato0101 10825001.0 10825000.0 0.0336505792026 0.025632767732 0.0341451082198 0.0452254605112
Herato01 Herato0101 10875001.0 10875000.0 0.0155962046174 0.0129815319044 0.0154684742918 0.01872148023
Herato01 Herato0101 10925001.0 10925000.0 0.0474599808698 0.0217795182487 0.043247907915 0.096380053366
Herato01 Herato0101 10975001.0 10975000.0 0.0275001174345 0.0243226892473 0.0273978032814 0.0311746730062
Herato01 Herato0101 11025001.0 11025000.0 0.0174492411883 0.0159714328133 0.0173245048304 0.0190768191934
Herato01 Herato0101 11075001.0 11075000.0 0.0428005715712 0.0372320921153 0.0429396617809 0.0470471321752
Herato01 Herato0101 11125001.0 11125000.0 0.03791593649 0.0309263205096 0.037547595668 0.0475442724668
Herato01 Herato0101 11175001.0 11175000.0 0.0498458837973 0.0160637243718 0.046843701607 0.101285432703
Herato01 Herato0101 11225001.0 11225000.0 0.0386279036636 0.0258022776647 0.0378894308254 0.0547941049646
Herato01 Herato0101 11275001.0 11275000.0 0.0513528726988 0.0199288535516 0.0421469017036 0.13413629518
Herato01 Herato0101 11325001.0 11325000.0 0.017860240026 0.01542230933 0.017779056514 0.02093460354
Herato01 Herato0101 11375001.0 11375000.0 0.0537628767131 0.0325921426329 0.0509862102621 0.0896316123062
Herato01 Herato0101 11425001.0 11425000.0 0.0565043028285 0.0255689844475 0.0496403871074 0.128349966473
Herato01 Herato0101 11475001.0 11475000.0 0.0160939201753 0.012487336539 0.015787378337 0.0219991939677
Herato01 Herato0101 11525001.0 11525000.0 0.0298514647916 0.00885439860138 0.0266666849677 0.0746397908385
Herato01 Herato0101 11575001.0 11575000.0 0.0129227436645 0.0106458638012 0.0128797387021 0.0153288247228
Herato01 Herato0101 11625001.0 11625000.0 0.049697867008 0.0285882155991 0.0474646689206 0.082745714616
Herato01 Herato0101 11675001.0 11675000.0 0.0258178477372 0.0166110172794 0.0231125480253 0.0448173246972
Herato01 Herato0101 11725001.0 11725000.0 0.0716228612831 0.0286805198647 0.0655356230819 0.150036685116
Herato01 Herato0101 11775001.0 11775000.0 0.0482258508721 0.0264568446266 0.0465198163362 0.0809249140006
Herato01 Herato0101 11825001.0 11825000.0 0.0206529257448 0.0184125369792 0.0205065795517 0.0237747710024
Herato01 Herato0101 11875001.0 11875000.0 0.0167654863641 0.0140275224481 0.0167850104536 0.0197170450402
Herato01 Herato0101 11925001.0 11925000.0 0.0279926887698 0.0217082411815 0.0272753564964 0.0354916341086
Herato01 Herato0101 11975001.0 11975000.0 0.02745458571 0.020232842972 0.026730900246 0.037693163476
Herato01 Herato0101 12025001.0 12025000.0 0.0226147659686 0.0206214317192 0.0223507246982 0.0255676645718
Herato01 Herato0101 12075001.0 12075000.0 0.0508788449176 0.0281184800191 0.047239420861 0.0957885703258
Herato01 Herato0101 12125001.0 12125000.0 0.0301679010008 0.0225590318844 0.0302054669402 0.0420708440916
Herato01 Herato0101 12175001.0 12175000.0 0.0414849773901 0.0322419947719 0.0406268934113 0.0546259748274
Herato01 Herato0101 12225001.0 12225000.0 0.0277834006958 0.023749291439 0.027704635353 0.0325453526162
Herato01 Herato0101 12275001.0 12275000.0 0.135500681025 0.0712716879034 0.125815380126 0.259257814731
Herato01 Herato0101 12325001.0 12325000.0 0.0144410735088 0.0119272619488 0.014447504666 0.016943697154
Herato01 Herato0101 12375001.0 12375000.0 0.00585234073354 0.00522776970621 0.00587386838634 0.00646857431352
Herato01 Herato0101 12425001.0 12425000.0 0.0119702702752 0.0104831321799 0.011872166915 0.0139623887596
Herato01 Herato0101 12475001.0 12475000.0 0.0260172741324 0.018555629661 0.024890581118 0.0403458374632
Herato01 Herato0101 12525001.0 12525000.0 0.0481822281542 0.0259355900134 0.045093777733 0.0888424932288
Herato01 Herato0101 12575001.0 12575000.0 0.0226394294511 0.0132781220165 0.0210759847841 0.0380431319028
Herato01 Herato0101 12625001.0 12625000.0 0.0356418913545 0.0166301095888 0.0334991584912 0.072649712736
Herato01 Herato0101 12675001.0 12675000.0 0.0264279388862 0.0197800411259 0.0261341711858 0.0351086493509
Herato01 Herato0101 12725001.0 12725000.0 0.0150616069806 0.0121463448162 0.0149077693522 0.0190101016366
Herato01 Herato0101 12775001.0 12775000.0 0.063058967393 0.0444801346673 0.0601337409922 0.0917897082892
Herato01 Herato0101 12825001.0 12825000.0 0.045232274638 0.03929039847 0.045125702662 0.051590031046
Herato01 Herato0101 12875001.0 12875000.0 0.0552122406884 0.0415877583409 0.0541131493156 0.073246590314
Herato01 Herato0101 12925001.0 12925000.0 0.0405735276692 0.0342176920806 0.0403330336828 0.0492935210754
Herato01 Herato0101 12975001.0 12975000.0 0.0194820672748 0.0128622252911 0.0186792036722 0.0326458779375
Herato01 Herato0101 13025001.0 13025000.0 0.0241066211728 0.0177917787496 0.0228231399991 0.0375959817166
Herato01 Herato0101 13075001.0 13075000.0 0.0089239381466 0.00799893626754 0.00884336353476 0.0101706035581
Herato01 Herato0101 13125001.0 13125000.0 0.0222797045636 0.0200278860552 0.022216732759 0.0249600392698
Herato01 Herato0101 13175001.0 13175000.0 0.029873877486 0.02411873538 0.029765582554 0.036104605334
Herato01 Herato0101 13225001.0 13225000.0 0.053110031331 0.037125114974 0.0525084870239 0.0767061547732
Herato01 Herato0101 13275001.0 13275000.0 0.0292902271536 0.0231493894995 0.0288290674402 0.0373866351716
Herato01 Herato0101 13325001.0 13325000.0 0.0578500118029 0.0257146297844 0.0521497057354 0.125607661641
Herato01 Herato0101 13375001.0 13375000.0 0.0644345712314 0.0446669087127 0.0618181180482 0.102925453423
Herato01 Herato0101 13425001.0 13425000.0 0.0228758573936 0.0198928149212 0.0227755874663 0.0266773796272
Herato01 Herato0101 13475001.0 13475000.0 0.0319483942478 0.0180576255072 0.030054572337 0.063506606627
Herato01 Herato0101 13525001.0 13525000.0 0.0329214558333 0.0184956001884 0.0322725916717 0.0519364087901
Herato01 Herato0101 13575001.0 13575000.0 0.0208314300674 0.0129287170738 0.0199750758013 0.0336848617788
Herato01 Herato0101 13625001.0 13625000.0 0.0159579626856 0.0133201544128 0.0159016363118 0.01893301548
Herato01 Herato0101 13675001.0 13675000.0 0.020874915101 0.0162169135933 0.020616973201 0.0270373129646
Herato01 Herato0101 13725001.0 13725000.0 0.020676481468 0.0162206854827 0.020550396172 0.027209728832
Herato01 Herato0101 13775001.0 13775000.0 0.0279521990666 0.0221766721505 0.0279152737566 0.032165785738
Herato01 Herato0101 13825001.0 13825000.0 0.028826380878 0.02401000402 0.028484953746 0.034706320362
Herato01 Herato0101 13875001.0 13875000.0 0.03634660075 0.0144152978576 0.037183027886 0.056367075838
Herato01 Herato0101 13925001.0 13925000.0 0.0126642857364 0.010963708991 0.0126081864872 0.0145542180334
Herato01 Herato0101 13975001.0 13975000.0 0.0265148434166 0.0232480491309 0.0264281945189 0.0304875679538
Herato01 Herato0101 14025001.0 14025000.0 0.025428617256 0.0233086820256 0.02536051092 0.027935462524
Herato01 Herato0101 14075001.0 14075000.0 0.014735679448 0.0106331413157 0.0138585994912 0.021957322386
Herato01 Herato0101 14125001.0 14125000.0 0.00969692035 0.008430923654 0.009734947652 0.01121791568
Herato01 Herato0101 14175001.0 14175000.0 0.0476493947738 0.0226059365529 0.0449384977388 0.0923534722487
Herato01 Herato0101 14225001.0 14225000.0 0.00509700229388 0.00298867940353 0.0051817434004 0.0069899197067
Herato01 Herato0101 14275001.0 14275000.0 0.0155740392636 0.0132182819674 0.0154257770889 0.018527144907
Herato01 Herato0101 14325001.0 14325000.0 0.0429096654648 0.0265598034206 0.0406890246139 0.072186376414
Herato01 Herato0101 14375001.0 14375000.0 0.0283307225315 0.0209237838363 0.0277546638661 0.0398370544987
Herato01 Herato0101 14425001.0 14425000.0 0.0629748687563 0.0429479424054 0.0613014920363 0.0921950653096
Herato01 Herato0101 14475001.0 14475000.0 0.031247091076 0.0261004846282 0.0308036868836 0.0384049525272
Herato01 Herato0101 14525001.0 14525000.0 0.0272975681558 0.0216200315508 0.0268667457442 0.0343001617675
Herato01 Herato0101 14575001.0 14575000.0 0.0326548017876 0.0295526197078 0.0323744538896 0.0360381294544
Herato01 Herato0101 14625001.0 14625000.0 0.0234919334322 0.0205079919424 0.0234318352368 0.0268513898185
Herato01 Herato0101 14675001.0 14675000.0 0.01630320985 0.01437130758 0.016236500606 0.018579818406
Herato01 Herato0101 14725001.0 14725000.0 0.0129647300883 0.0122770926457 0.0128162220409 0.0138832335884
Herato01 Herato0101 14775001.0 14775000.0 0.032442611474 0.0177341679556 0.0307419583638 0.0589561919515
Herato01 Herato0101 14825001.0 14825000.0 0.027527807049 0.0203580311872 0.026827878146 0.03769527665
Herato01 Herato0101 14875001.0 14875000.0 0.025144955364 0.0207694854852 0.0249447427876 0.0300638466076
Herato01 Herato0101 14925001.0 14925000.0 0.0430335701059 0.029980220482 0.0418588570891 0.0615421049458
Herato01 Herato0101 14975001.0 14975000.0 0.0295964482718 0.0240693767979 0.0293007757677 0.0368638613111
Herato01 Herato0101 15025001.0 15025000.0 0.0227964012768 0.0201598637526 0.0226752313472 0.0260282942564
Herato01 Herato0101 15075001.0 15075000.0 0.0224314347328 0.0169353410587 0.0220592799609 0.0292863611669
Herato01 Herato0101 15125001.0 15125000.0 0.023432991875 0.0204868791284 0.0235108494052 0.0264926392301
Herato01 Herato0101 15175001.0 15175000.0 0.028962960998 0.026848704218 0.028959032762 0.031387157186
Herato01 Herato0101 15225001.0 15225000.0 0.0231136663482 0.0183874997608 0.022400153062 0.0292662831204
Herato01 Herato0101 15275001.0 15275000.0 0.0263994647758 0.008065184173 0.0204859756378 0.0737003844628
Herato01 Herato0101 15325001.0 15325000.0 0.0376454063605 0.0191872081296 0.0338270764996 0.0807396456997
Herato01 Herato0101 15375001.0 15375000.0 0.0493715131768 0.0142439342152 0.0234296026878 0.187064574908
Herato01 Herato0101 15425001.0 15425000.0 0.052472827166 0.0209351263415 0.049340912377 0.103804187728
Herato01 Herato0101 15475001.0 15475000.0 0.0219280069788 0.0187175208599 0.0205503439224 0.0411609677808
Herato01 Herato0101 15525001.0 15525000.0 0.03577505384 0.0338112503 0.03599340528 0.03757580602
Herato01 Herato0101 15575001.0 15575000.0 0.0291086971837 0.0209151085305 0.0289400455253 0.039468496266
Herato01 Herato0101 15625001.0 15625000.0 0.001602109632 0.001056644608 0.001597701504 0.002212880256
Herato01 Herato0101 15675001.0 15675000.0 0.0175588410275 0.0124245959604 0.0170119815487 0.0261781344178
Herato01 Herato0101 15725001.0 15725000.0 0.0130022285112 0.00957752764025 0.0122400918301 0.0215521144394
Herato01 Herato0101 15775001.0 15775000.0 0.0697458446204 0.0328715788104 0.0656058492715 0.133187835432
Herato01 Herato0101 15825001.0 15825000.0 0.009378505118 0.008426767674 0.009365146358 0.010393840802
Herato01 Herato0101 15875001.0 15875000.0 0.025387952124 0.0162913918314 0.0249120200224 0.043504862144
Herato01 Herato0101 15925001.0 15925000.0 0.0290518046316 0.0244130478234 0.0288469035912 0.0343752296416
Herato01 Herato0101 15975001.0 15975000.0 0.0484689352607 0.0323168477016 0.0480198315462 0.0629229939028
Herato01 Herato0101 16025001.0 16025000.0 0.0424712038182 0.0255643487232 0.041075037514 0.0759718160884
Herato01 Herato0101 16075001.0 16075000.0 0.0523423917012 0.039754342771 0.0511050193336 0.0690251989658
Herato01 Herato0101 16125001.0 16125000.0 0.020414659518 0.018101574446 0.020350427274 0.022814967488
Herato01 Herato0101 16175001.0 16175000.0 0.0466118320748 0.0361279179689 0.0457955233964 0.0623006879228
Herato01 Herato0101 16225001.0 16225000.0 0.0292593027472 0.0258978413458 0.0291358249236 0.033185120616
Herato01 Herato0101 16275001.0 16275000.0 0.0166062305076 0.0135983509954 0.0165487388842 0.020082031596
Herato01 Herato0101 16325001.0 16325000.0 0.0231690570672 0.0149474781764 0.0220016239605 0.0385811095847
Herato01 Herato0101 16375001.0 16375000.0 0.007739368626 0.007264420348 0.007820908242 0.008031752102
Herato01 Herato0101 16425001.0 16425000.0 0.0328163102096 0.0228771684588 0.0301826023998 0.063120418287
Herato01 Herato0101 16475001.0 16475000.0 0.0289759758006 0.0158482437925 0.0248706651498 0.0577698144356
Herato01 Herato0101 16525001.0 16525000.0 0.03141301808 0.03007678518 0.03145052042 0.03309018508
Herato01 Herato0101 16575001.0 16575000.0 0.025997635536 0.0214162158592 0.024339149568 0.03286624648
Herato01 Herato0101 16625001.0 16625000.0 0.054236061174 0.034979969324 0.0502405127 0.101620345842
Herato01 Herato0101 16675001.0 16675000.0 0.033374586792 0.0244329085388 0.03135414329 0.057992390374
Herato01 Herato0101 16725001.0 16725000.0 0.026525234808 0.023564696252 0.026243076378 0.031127081068
Herato01 Herato0101 16775001.0 16775000.0 0.028405615096 0.023037766898 0.025007828462 0.07131779286
Herato01 Herato0101 16825001.0 16825000.0 0.00810075781 0.0067522915968 0.00809355907 0.009365288174
Herato01 Herato0101 16875001.0 16875000.0 0.0201598832852 0.0109727367039 0.0205085536705 0.0294362604778
Herato01 Herato0101 16925001.0 16925000.0 0.0169407011625 0.0142891166071 0.0168729284181 0.0197203142724
Herato01 Herato0101 16975001.0 16975000.0 0.0659034911112 0.0285790568233 0.0598109704304 0.138134205526
Herato01 Herato0101 17025001.0 17025000.0 0.011821771162 0.010397671362 0.011765521484 0.014533489688
Herato01 Herato0101 17075001.0 17075000.0 0.085046743242 0.0475611505059 0.0785485814862 0.157612979772
Herato01 Herato0101 17125001.0 17125000.0 0.025906895366 0.018584035192 0.02529795085 0.036168672276
Herato01 Herato0101 17175001.0 17175000.0 0.0174376278084 0.0148699064696 0.0173559989824 0.0207585603992
Herato01 Herato0101 17225001.0 17225000.0 0.0637391331408 0.031566896554 0.0614740848789 0.112334691395
Herato01 Herato0101 17275001.0 17275000.0 0.0353288984293 0.0227654419602 0.032687690097 0.0637233018558
Herato01 Herato0101 17325001.0 17325000.0 0.043977043382 0.0149132132258 0.0409200767426 0.0921594224692
Herato01 Herato0101 17375001.0 17375000.0 0.019337267468 0.0174022436128 0.019377046952 0.02139382508
Herato01 Herato0101 17425001.0 17425000.0 0.0124796842942 0.0114588017804 0.012411082593 0.0138112147322
Herato01 Herato0101 17475001.0 17475000.0 0.0440242171975 0.0254610189954 0.0408506929583 0.0813673210993
Herato01 Herato0101 17525001.0 17525000.0 0.0247434433408 0.0142750159805 0.0240097561025 0.0384893510436
Herato01 Herato0101 17575001.0 17575000.0 0.008146021599 0.00726906027055 0.0081211756517 0.009070025526
Herato01 Herato0101 17625001.0 17625000.0 0.021071443776 0.0163313672762 0.020971536148 0.026462040554
Herato01 Herato0101 17675001.0 17675000.0 0.0493667589138 0.0188932055664 0.0479148269755 0.0880622065468
Herato01 Herato0101 17725001.0 17725000.0 0.0145782144904 0.0113249203024 0.014212256994 0.019002217822
Herato01 Herato0101 17775001.0 17775000.0 0.030005058162 0.023471409292 0.030336155694 0.03602639791
Herato01 Herato0101 17825001.0 17825000.0 0.0307549775588 0.0270914782514 0.0307745358621 0.0343650991413
Herato01 Herato0101 17875001.0 17875000.0 0.0253777005855 0.0203773815332 0.0249828988966 0.0319831322185
Herato01 Herato0101 17925001.0 17925000.0 0.0302919616193 0.0233644449843 0.0298853719553 0.0393218320926
Herato01 Herato0101 17975001.0 17975000.0 0.0533465870248 0.0376208194594 0.0531117427264 0.072411091228
Herato01 Herato0101 18025001.0 18025000.0 0.0442070658732 0.033416390703 0.0431993501457 0.062253412854
Herato01 Herato0101 18075001.0 18075000.0 0.0362561507296 0.0302948352665 0.0357499075144 0.0434993686652
Herato01 Herato0101 18125001.0 18125000.0 0.034807197744 0.029165437528 0.034709968268 0.040672438738
Herato01 Herato0101 18175001.0 18175000.0 0.0336036109646 0.0262198846458 0.0328909537666 0.0460708268366
Herato01 Herato0101 18225001.0 18225000.0 0.0200706398031 0.0168784052057 0.0197874505873 0.024044385554
Herato01 Herato0101 18275001.0 18275000.0 0.0435512253984 0.0387481706194 0.0433996508674 0.0492576016062
Herato01 Herato0101 18325001.0 18325000.0 0.02515449976 0.02394433056 0.02515770652 0.02665502424
Herato01 Herato0101 18375001.0 18375000.0 0.054442305961 0.0402471965622 0.0536103860062 0.07648138655
Herato01 Herato0101 18425001.0 18425000.0 0.046790109696 0.0365931153356 0.0463080455212 0.0622940585792
Herato01 Herato0101 18475001.0 18475000.0 0.034021695965 0.0275207973799 0.0341034639172 0.0418975129496
Herato01 Herato0101 18525001.0 18525000.0 0.069143270714 0.0459433312491 0.0660034178364 0.107334504834
Herato01 Herato0101 18575001.0 18575000.0 0.031691976722 0.0267549682083 0.031446549406 0.03752743499
Herato01 Herato0101 18625001.0 18625000.0 0.02924345302 0.02554817988 0.02892664424 0.03411560058
Herato01 Herato0101 18675001.0 18675000.0 0.0255693194205 0.0231168929472 0.0255462326865 0.0286520758719
Herato01 Herato0101 18725001.0 18725000.0 0.0455160102285 0.0396542284749 0.045296937062 0.0534393636228
Herato01 Herato0101 18775001.0 18775000.0 0.0381398795867 0.0338384046733 0.0380309049015 0.043368416416
Herato01 Herato0101 18825001.0 18825000.0 0.030536767556 0.02630168788 0.02938741877 0.041180929272
Herato01 Herato0101 18875001.0 18875000.0 0.040996903438 0.029963530952 0.03977598566 0.059597426948
Herato01 Herato0101 18925001.0 18925000.0 0.0359087511201 0.029620767376 0.0352329540722 0.046665460428
Herato01 Herato0101 18975001.0 18975000.0 0.0322755752068 0.0231448031995 0.0307128624356 0.0492319418152
Herato01 Herato0101 19025001.0 19025000.0 0.0492866310593 0.0315539715245 0.0466115055127 0.081954878848
Herato01 Herato0101 19075001.0 19075000.0 0.0447165279 0.0418108185 0.0449575038 0.0461793816
Herato01 Herato0101 19125001.0 19125000.0 0.042040180642 0.0386847529315 0.0420316890358 0.045357514242
Herato01 Herato0101 19175001.0 19175000.0 0.0456849233856 0.0366958885248 0.0453843597006 0.0575369103286
Herato01 Herato0101 19225001.0 19225000.0 0.0588891204482 0.0415450463549 0.0576347330074 0.0826585671738
Herato01 Herato0101 19275001.0 19275000.0 0.0336466854468 0.0279785286345 0.033333118454 0.0420361584854
Herato01 Herato0101 19325001.0 19325000.0 0.045690354598 0.037985074406 0.045814731864 0.053926747846
Herato01 Herato0101 19375001.0 19375000.0 0.03889062504 0.03116858336 0.03943271972 0.04547210522
Herato01 Herato0101 19425001.0 19425000.0 0.0335669964604 0.0279477328907 0.0327868379574 0.0438593870636
Herato01 Herato0101 19475001.0 19475000.0 0.0326100538125 0.0248017321079 0.0325785461982 0.0421329070637
Herato01 Herato0101 19525001.0 19525000.0 0.042577858599 0.0364434811159 0.0420514723914 0.052297138996
Herato01 Herato0101 19575001.0 19575000.0 0.0303077578814 0.0226220927472 0.0293669429414 0.0426109714824
Herato01 Herato0101 19625001.0 19625000.0 0.024064921198 0.0218147711888 0.023983304548 0.026705434124
Herato01 Herato0101 19675001.0 19675000.0 0.025879062695 0.0227837408669 0.025832418528 0.0292442094704
Herato01 Herato0101 19725001.0 19725000.0 0.0482919718316 0.0363164757656 0.0471951824728 0.067352801216
Herato01 Herato0101 19775001.0 19775000.0 0.0578387215624 0.0375830673951 0.0555798978552 0.0914409686382
Herato01 Herato0101 19825001.0 19825000.0 0.0493799095654 0.0351083550916 0.049332458079 0.0705493333362
Herato01 Herato0101 19875001.0 19875000.0 0.0286082689914 0.0264918163466 0.0286365597641 0.0304144813548
Herato01 Herato0101 19925001.0 19925000.0 0.0303225841 0.0276642377796 0.030331661306 0.03299101382
Herato01 Herato0101 19975001.0 19975000.0 0.034086817376 0.02862499181 0.033595852128 0.043182717866
Herato01 Herato0101 20025001.0 20025000.0 0.066155096786 0.037483019318 0.061875302224 0.121734067228
Herato01 Herato0101 20075001.0 20075000.0 0.020245687122 0.01855597957 0.020171580754 0.022227361896
Herato01 Herato0101 20125001.0 20125000.0 0.030967998122 0.0235131392233 0.029645648399 0.044732925024
Herato01 Herato0101 20175001.0 20175000.0 0.024315032506 0.021356179371 0.0239196885958 0.0293119721678
Herato01 Herato0101 20225001.0 20225000.0 0.0519086597624 0.0365551914939 0.0481747908394 0.0867921826481
Herato01 Herato0101 20275001.0 20275000.0 0.039455148505 0.0297027387503 0.038879079327 0.0525018138772
Herato01 Herato0101 20325001.0 20325000.0 0.0969005955244 0.02696226251 0.0646622079163 0.247347917733
Herato01 Herato0101 20375001.0 20375000.0 0.0602318583256 0.0306917042834 0.0551657356014 0.1115126062
Herato01 Herato0101 20425001.0 20425000.0 0.0365577369042 0.021245479412 0.0358385460944 0.0603530630298
Herato01 Herato0101 20475001.0 20475000.0 0.0375526455896 0.0259237152709 0.0363562844034 0.0564913515136
Herato01 Herato0101 20525001.0 20525000.0 0.019296286696 0.0174699346638 0.0191110057748 0.0217679541916
Herato01 Herato0101 20575001.0 20575000.0 0.026555351156 0.0221169856224 0.0260006600046 0.0325213162966
Herato01 Herato0101 20625001.0 20625000.0 0.03103905334 0.0279404960509 0.0310182998494 0.0347839133102
Herato01 Herato0101 20675001.0 20675000.0 0.032498512406 0.0296026583002 0.032600397782 0.035528193824
Herato01 Herato0101 20725001.0 20725000.0 0.0338630355876 0.0272349937347 0.0336048167731 0.041855170825
Herato01 Herato0101 20775001.0 20775000.0 0.036496622934 0.0316609661462 0.036396170236 0.0415639329888
Herato01 Herato0101 20825001.0 20825000.0 0.0379954914756 0.0211897904291 0.0361684273104 0.0707877632196
Herato01 Herato0101 20875001.0 20875000.0 0.0564712266397 0.0281075655355 0.0499053678759 0.128197717221
Herato01 Herato0101 20925001.0 20925000.0 0.00901197807 0.00678304930955 0.00900727622904 0.012742941652
Herato01 Herato0101 20975001.0 20975000.0 0.01325603189 0.01226452878 0.013197159706 0.014350690912
Herato01 Herato0101 21025001.0 21025000.0 0.0192159964308 0.0165457717438 0.0190991872272 0.0225320467344
Herato01 Herato0101 21075001.0 21075000.0 0.0156594605992 0.0118265043131 0.0154465691377 0.0203303661329
Herato01 Herato0101 21125001.0 21125000.0 0.0248819711443 0.0171764704847 0.0221084963668 0.0466844994406
Herato01 Herato0101 21175001.0 21175000.0 0.0265683743519 0.0184924482507 0.0240017399176 0.0510384424878
Herato01 Herato0101 21225001.0 21225000.0 0.020246881472 0.0136433045478 0.019548537671 0.028919832472
Herato01 Herato0101 21275001.0 21275000.0 0.01934832623 0.0169366333158 0.019477451206 0.021491779538
Herato01 Herato0101 21325001.0 21325000.0 0.04621150027 0.0281510322202 0.0446998571599 0.0779264413538
Herato01 Herato0101 21375001.0 21375000.0 0.0312530896085 0.0218910569353 0.0306881609714 0.0447381053829
Herato01 Herato0101 21425001.0 21425000.0 0.0407455431158 0.0256613806969 0.0352254046018 0.0790075096968
Herato01 Herato0101 21475001.0 21475000.0 0.0665303450516 0.0396101380848 0.06362913218 0.115758157972
Herato01 Herato0101 21525001.0 21525000.0 0.055462265555 0.0275984097107 0.0496198089518 0.120599275359
Herato01 Herato0101 21575001.0 21575000.0 0.03684004953 0.0267610131084 0.0354082833658 0.0537595534108
Herato01 Herato0101 21625001.0 21625000.0 0.0181065122432 0.0170226956503 0.0180792182152 0.0198620927976
Herato01 Herato0101 21675001.0 21675000.0 0.0611459444395 0.0274659620591 0.0508270387466 0.141770102378
Herato01 Herato0101 21725001.0 21725000.0 0.0497067081258 0.0374818715195 0.0481144148844 0.0694103832534
Herato01 Herato0101 21775001.0 21775000.0 0.024423227657 0.0198021680002 0.0241581906226 0.0304554935982
Herato01 Herato0101 21825001.0 21825000.0 0.0257774496242 0.0169372202803 0.0248665188474 0.0440223528582
Herato01 Herato0101 21875001.0 21875000.0 0.0120278706876 0.0105619064489 0.0119784009502 0.0137311690112
Herato01 Herato0101 21925001.0 21925000.0 0.0109128606874 0.00890238785216 0.0108604043166 0.0133105506844
Herato01 Herato0101 21975001.0 21975000.0 0.0087899427992 0.0060985053324 0.008758397444 0.011500174669
Herato01 Herato0101 22025001.0 22025000.0 0.0866718483637 0.0438578489884 0.078973013282 0.175539677397
Herato01 Herato0101 22075001.0 22075000.0 0.0126022731804 0.0108255833224 0.0125329948062 0.0151112642554
Herato01 Herato0101 22125001.0 22125000.0 0.010084069542 0.009343188374 0.010109642982 0.010860311108
Herato01 Herato0101 22175001.0 22175000.0 0.0135803178462 0.008387106961 0.013039773757 0.020926212382
