chrom scaffold Cposition position mean p0025 p0500 p0975
Herato18 Herato1801 25001.0 25000.0 0.0202711942432 0.0145088359999 0.0197458130872 0.0282017996072
Herato18 Herato1801 75001.0 75000.0 0.003660166332 0.003121006168 0.003710819204 0.004150736984
Herato18 Herato1801 125001.0 125000.0 0.02218379334 0.01896309612 0.02220987186 0.02508954228
Herato18 Herato1801 175001.0 175000.0 0.0234298469794 0.0169223855068 0.022354711244 0.034598816136
Herato18 Herato1801 225001.0 225000.0 0.013532044724 0.011507034952 0.013416636838 0.015331237172
Herato18 Herato1801 275001.0 275000.0 0.0472129463002 0.00785177461057 0.0272888846016 0.20110590754
Herato18 Herato1801 325001.0 325000.0 0.126666404105 0.0111115247186 0.122432115728 0.265781799153
Herato18 Herato1801 375001.0 375000.0 0.0377133273892 0.0143147684699 0.0430014517361 0.0798208761372
Herato18 Herato1801 425001.0 425000.0 0.0058203027506 0.0042412671677 0.00536861229364 0.0078776925996
Herato18 Herato1801 475001.0 475000.0 0.026846602812 0.021978613862 0.026957877596 0.031618772678
Herato18 Herato1801 525001.0 525000.0 0.013723001708 0.011760687928 0.01374763406 0.01568972816
Herato18 Herato1801 575001.0 575000.0 0.007839726876 0.0071785059 0.007827405376 0.008540968084
Herato18 Herato1801 625001.0 625000.0 0.0870217185236 0.0318563026391 0.0823948008975 0.170752881446
Herato18 Herato1801 675001.0 675000.0 0.0324430460728 0.0201925060257 0.0317866631172 0.0500363529697
Herato18 Herato1801 725001.0 725000.0 0.0248153203828 0.00696420654 0.0240120612812 0.0462778443828
Herato18 Herato1801 775001.0 775000.0 0.001931591508 0.001850928552 0.001941938064 0.002028226332
Herato18 Herato1801 825001.0 825000.0 0.002378976668 0.002246046732 0.002386786572 0.002530494162
Herato18 Herato1801 875001.0 875000.0 0.005045086263 0.0026513066818 0.005035374456 0.0081799612008
Herato18 Herato1801 925001.0 925000.0 0.006758772475 0.0061387805604 0.0067636052214 0.0074536264292
Herato18 Herato1801 975001.0 975000.0 0.00572549211666 0.00492059848617 0.00566766761574 0.00665451370842
Herato18 Herato1801 1025001.0 1025000.0 0.00322835184156 0.00296853433954 0.00320418938006 0.0036072508434
Herato18 Herato1801 1075001.0 1075000.0 0.00872094199682 0.00609909957642 0.0087656586975 0.0123129947139
Herato18 Herato1801 1125001.0 1125000.0 0.00180693623948 0.00140473370012 0.00177794049936 0.002276765626
Herato18 Herato1801 1175001.0 1175000.0 0.00859146508588 0.00681457075105 0.00850722393708 0.0107642862364
Herato18 Herato1801 1225001.0 1225000.0 0.0222490713223 0.0102865193745 0.0211619496177 0.039712559206
Herato18 Herato1801 1275001.0 1275000.0 0.0459733042517 0.0261823317097 0.0432651139108 0.0801007520291
Herato18 Herato1801 1325001.0 1325000.0 0.0694449287973 0.0467940193487 0.0683562354398 0.103141771684
Herato18 Herato1801 1375001.0 1375000.0 0.0215792209291 0.0138041296778 0.0214077205061 0.0310134443794
Herato18 Herato1801 1425001.0 1425000.0 0.0252791830319 0.0178424035581 0.0249829634482 0.0350497257542
Herato18 Herato1801 1475001.0 1475000.0 0.00729020940548 0.00512180734284 0.0073440051579 0.0089678678268
Herato18 Herato1801 1525001.0 1525000.0 0.00601894481248 0.00519842624021 0.00605815619674 0.00687381362056
Herato18 Herato1801 1575001.0 1575000.0 0.0102672493082 0.00909436809456 0.0102210555704 0.0116372200946
Herato18 Herato1801 1625001.0 1625000.0 0.0232303523734 0.0179396037082 0.0231234991852 0.0304677773501
Herato18 Herato1801 1675001.0 1675000.0 0.0369758799606 0.0197829615943 0.0360873891662 0.0615002595914
Herato18 Herato1801 1725001.0 1725000.0 0.0150670252082 0.0116019067243 0.0147416226976 0.0196199809376
Herato18 Herato1801 1775001.0 1775000.0 0.0222277317786 0.0143324302405 0.0219423674675 0.0334993165893
Herato18 Herato1801 1825001.0 1825000.0 0.0331695045354 0.0166468251823 0.033355845816 0.0555868524828
Herato18 Herato1801 1875001.0 1875000.0 0.015866471906 0.00789613146892 0.0157321170562 0.0269021064563
Herato18 Herato1801 1925001.0 1925000.0 0.0399586639502 0.0159794811539 0.0345880430524 0.0914198366641
Herato18 Herato1801 1975001.0 1975000.0 0.0645405486065 0.0453438730654 0.0638835054229 0.0896811189801
Herato18 Herato1801 2025001.0 2025000.0 0.105574740488 0.0677762547827 0.101711888615 0.171691089865
Herato18 Herato1801 2075001.0 2075000.0 0.0145282871461 0.011952801225 0.0145000965858 0.0174816820963
Herato18 Herato1801 2125001.0 2125000.0 0.0787262099021 0.0268952482749 0.0658736494154 0.176149450156
Herato18 Herato1801 2175001.0 2175000.0 0.0486908537753 0.0277914062746 0.0463984417633 0.0832378590991
Herato18 Herato1801 2225001.0 2225000.0 0.0121331860179 0.00963317724129 0.0121235486564 0.0151158984415
Herato18 Herato1801 2275001.0 2275000.0 0.0434582844563 0.0203500710227 0.0388363804605 0.0886490573388
Herato18 Herato1801 2325001.0 2325000.0 0.0233817087843 0.0171253092502 0.0229625510335 0.0307564034908
Herato18 Herato1801 2375001.0 2375000.0 0.0104387265766 0.0089717334442 0.0103828018274 0.0121780051778
Herato18 Herato1801 2425001.0 2425000.0 0.0298045892818 0.0200689049086 0.0295837266248 0.0425222358979
Herato18 Herato1801 2475001.0 2475000.0 0.104365051806 0.0450109470641 0.089565334851 0.231796970891
Herato18 Herato1801 2525001.0 2525000.0 0.193509962347 0.0878915801331 0.175194699262 0.398404973154
Herato18 Herato1801 2575001.0 2575000.0 0.0194257439699 0.013380288973 0.0187681688642 0.0294679431551
Herato18 Herato1801 2625001.0 2625000.0 0.0174541002386 0.0133714811573 0.0172281380345 0.0223879551466
Herato18 Herato1801 2675001.0 2675000.0 0.0222130076098 0.00915779527995 0.0215202105615 0.0351511130866
Herato18 Herato1801 2725001.0 2725000.0 0.0213947230684 0.00817271175296 0.0201477258568 0.0418724469058
Herato18 Herato1801 2775001.0 2775000.0 0.143475740277 0.0423978538834 0.126538001795 0.347146869066
Herato18 Herato1801 2825001.0 2825000.0 0.139322090035 0.0417983546733 0.123795597216 0.332056636964
Herato18 Herato1801 2875001.0 2875000.0 0.00669441391484 0.00563316885479 0.00661979990574 0.00825219828048
Herato18 Herato1801 2925001.0 2925000.0 0.0313242984299 0.0138015479647 0.0295838135289 0.0588144232886
Herato18 Herato1801 2975001.0 2975000.0 0.0457452983384 0.0214826202664 0.0428563680541 0.0892305747686
Herato18 Herato1801 3025001.0 3025000.0 0.0721801528479 0.00979344399685 0.0651703738652 0.180482361934
Herato18 Herato1801 3075001.0 3075000.0 0.0578810486922 0.0384977314929 0.056874498721 0.0844046202325
Herato18 Herato1801 3125001.0 3125000.0 0.0897226059744 0.0279222649493 0.0817468498236 0.206667540743
Herato18 Herato1801 3175001.0 3175000.0 0.18110971886 0.0972253214899 0.176740148305 0.304794226814
Herato18 Herato1801 3225001.0 3225000.0 0.017059707198 0.014077902832 0.0167886000722 0.0224452083396
Herato18 Herato1801 3275001.0 3275000.0 0.0504306671882 0.0352053895438 0.0490961478878 0.0748383781279
Herato18 Herato1801 3325001.0 3325000.0 0.121838844692 0.0377149963371 0.102370408457 0.339529540536
Herato18 Herato1801 3375001.0 3375000.0 0.0293723140897 0.0105694778858 0.0271046766053 0.0642378154958
Herato18 Herato1801 3425001.0 3425000.0 0.0500354665361 0.0300386212771 0.0451804626447 0.0971350687362
Herato18 Herato1801 3475001.0 3475000.0 0.0058939193176 0.0036903831772 0.0056332334164 0.0090364641166
Herato18 Herato1801 3525001.0 3525000.0 0.00771018653218 0.00592412757992 0.00766771255938 0.0099592952092
Herato18 Herato1801 3575001.0 3575000.0 0.00877068273542 0.00367021878428 0.00875731668156 0.0184756652699
Herato18 Herato1801 3625001.0 3625000.0 0.0540585181478 0.0181002943082 0.0304037523082 0.237480823629
Herato18 Herato1801 3675001.0 3675000.0 0.00380036982954 0.00333026874963 0.0037774122986 0.0042743597763
Herato18 Herato1801 3725001.0 3725000.0 0.00551854605238 0.00463355838174 0.00550808843538 0.00641330705116
Herato18 Herato1801 3775001.0 3775000.0 0.0078657146576 0.00641050794736 0.00780923621172 0.0095779945717
Herato18 Herato1801 3825001.0 3825000.0 0.010356800843 0.00573091351447 0.00766729229648 0.0181901407523
Herato18 Herato1801 3875001.0 3875000.0 0.0133297425072 0.0105260865866 0.0130352509488 0.019931172609
Herato18 Herato1801 3925001.0 3925000.0 0.0511184495509 0.0337156370771 0.0490309210042 0.0795873718122
Herato18 Herato1801 3975001.0 3975000.0 0.0125594746474 0.00559911509528 0.0121188007155 0.0242507273128
Herato18 Herato1801 4025001.0 4025000.0 0.0363894513034 0.0168966306532 0.0319802938458 0.0797725800518
Herato18 Herato1801 4075001.0 4075000.0 0.0639853129814 0.0313633050045 0.060467855735 0.119033414592
Herato18 Herato1801 4125001.0 4125000.0 0.024166295211 0.0169690901053 0.0234953670443 0.0353538681671
Herato18 Herato1801 4175001.0 4175000.0 0.0653748619466 0.0222003852832 0.0629445878383 0.129345397224
Herato18 Herato1801 4225001.0 4225000.0 0.0210019423617 0.0102876595659 0.0192725581731 0.0444051463654
Herato18 Herato1801 4275001.0 4275000.0 0.0359230469558 0.0123665711832 0.0295779610041 0.0938980529781
Herato18 Herato1801 4325001.0 4325000.0 0.141993796022 0.0518912539152 0.125639476268 0.320904276996
Herato18 Herato1801 4375001.0 4375000.0 0.0482632199823 0.0286509472766 0.0463620646776 0.0771929583486
Herato18 Herato1801 4425001.0 4425000.0 0.0648736555706 0.0346776082999 0.0600176226228 0.118334914193
Herato18 Herato1801 4475001.0 4475000.0 0.124998067927 0.066621599283 0.115460702142 0.234206304023
Herato18 Herato1801 4525001.0 4525000.0 0.00415941728276 0.00259208571732 0.00407907496166 0.00699178363408
Herato18 Herato1801 4575001.0 4575000.0 0.0121638210822 0.00642008705719 0.0114101739136 0.022100429561
Herato18 Herato1801 4625001.0 4625000.0 0.0239622083059 0.0126492295084 0.0227572922622 0.0443683379282
Herato18 Herato1801 4675001.0 4675000.0 0.0109999054204 0.00646682018196 0.0101933731792 0.0191712147718
Herato18 Herato1801 4725001.0 4725000.0 0.0404625118856 0.00832474204962 0.0381612352345 0.110705942906
Herato18 Herato1801 4775001.0 4775000.0 0.0381682221112 0.0139958827376 0.0317370211422 0.089987398191
Herato18 Herato1801 4825001.0 4825000.0 0.0143699619075 0.00357113208397 0.00587154635386 0.0545752030226
Herato18 Herato1801 4875001.0 4875000.0 0.0440797541266 0.0282169383463 0.0417514305756 0.0741640304095
Herato18 Herato1801 4925001.0 4925000.0 0.0192309024189 0.00539132033113 0.0173203754549 0.0546994364609
Herato18 Herato1801 4975001.0 4975000.0 0.0383397934099 0.0202024815306 0.0371152991423 0.0655661866638
Herato18 Herato1801 5025001.0 5025000.0 0.0771271368029 0.0189915065712 0.0684128926274 0.195427448728
Herato18 Herato1801 5075001.0 5075000.0 0.0372367322257 0.0232885627541 0.0361608568162 0.0550123990958
Herato18 Herato1801 5125001.0 5125000.0 0.01146565096 0.01094910544 0.01131836288 0.01230374088
Herato18 Herato1801 5159323.5 5175000.0 0.106429375185 0.0141983901314 0.0955273544769 0.223232834931
Herato18 Herato1802 5178572.5 25000.0 0.0055102469397 0.00499283738854 0.00549468437358 0.00618413656743
Herato18 Herato1803 5213499.0 25000.0 0.0180038587406 0.00573382222802 0.0185619874842 0.0306571067978
Herato18 Herato1803 5263499.0 75000.0 0.004036229498 0.00369153207467 0.00401731321594 0.004529876546
Herato18 Herato1803 5313499.0 125000.0 0.0339244347026 0.014208393407 0.027769183014 0.081405430137
Herato18 Herato1803 5363499.0 175000.0 0.0137133802342 0.010916860456 0.013635316785 0.0171899502006
Herato18 Herato1803 5413499.0 225000.0 0.0391721101534 0.023783398884 0.0373926370958 0.0678209182392
Herato18 Herato1803 5463499.0 275000.0 0.030160687758 0.0183698446274 0.0291557330209 0.0478308544906
Herato18 Herato1803 5513499.0 325000.0 0.0227817109813 0.00235928881113 0.0207298240623 0.0554122120863
Herato18 Herato1803 5563499.0 375000.0 0.0355956924974 0.0215848769599 0.0345446846466 0.0539787376961
Herato18 Herato1803 5613499.0 425000.0 0.0194070170292 0.016883680674 0.0193112954414 0.0222288743508
Herato18 Herato1803 5663499.0 475000.0 0.132136560308 0.041288236826 0.112366186088 0.332721409038
Herato18 Herato1803 5690776.5 525000.0 0.257499064054 0.147339520274 0.238252142015 0.481976100462
Herato18 Herato1804 5718055.0 25000.0 0.0793893399962 0.0511376281951 0.0698472824831 0.136051374937
Herato18 Herato1804 5768055.0 75000.0 0.0242397577 0.0169241289974 0.0233741857638 0.0374252050972
Herato18 Herato1804 5818055.0 125000.0 0.00493455957064 0.00424236958638 0.00492197759414 0.00575859834448
Herato18 Herato1804 5868055.0 175000.0 0.00692649595148 0.00574442198941 0.00698471862596 0.0086195643362
Herato18 Herato1804 5918055.0 225000.0 0.0046219723055 0.0036199713829 0.00457656342346 0.0058463289304
Herato18 Herato1804 5968055.0 275000.0 0.0085664521554 0.00655408328104 0.0082624571532 0.0115924211884
Herato18 Herato1804 6018055.0 325000.0 0.00489864662622 0.00280379032197 0.00502158225668 0.00826569929622
Herato18 Herato1804 6050781.5 375000.0 0.104096138906 0.0441693511416 0.0972886627624 0.19942982385
Herato18 Herato1805 6083509.0 25000.0 0.0614496398057 0.019064082521 0.0515051897466 0.158227690602
Herato18 Herato1805 6133509.0 75000.0 0.0212696570655 0.0146746728156 0.0208206852123 0.0286709525503
Herato18 Herato1805 6183509.0 125000.0 0.00481921504002 0.00336464093192 0.00477071689028 0.00649812280344
Herato18 Herato1805 6233509.0 175000.0 0.0513330888244 0.0334525112749 0.0503155908492 0.0781154525624
Herato18 Herato1805 6283509.0 225000.0 0.0488064447627 0.0219342924483 0.0460993469487 0.0903700849921
Herato18 Herato1805 6333509.0 275000.0 0.0245379094454 0.011759634497 0.0243272269628 0.0405749422274
Herato18 Herato1805 6383509.0 325000.0 0.0590762295194 0.0345409646068 0.0575960229582 0.0914435023904
Herato18 Herato1805 6433509.0 375000.0 0.0110246828423 0.00128735914686 0.00220132716284 0.0474304593846
Herato18 Herato1805 6483509.0 425000.0 0.0289652083657 0.014480602341 0.0268541805309 0.0559977434631
Herato18 Herato1805 6533509.0 475000.0 0.0483388026021 0.0207990113598 0.0441484668799 0.0976483879339
Herato18 Herato1805 6583509.0 525000.0 0.0682043204883 0.0137645338859 0.0625203771231 0.152575122086
Herato18 Herato1805 6633509.0 575000.0 0.0006475610053 0.000553267892926 0.0006433332337 0.00077629364786
Herato18 Herato1805 6683509.0 625000.0 0.00800072422598 0.00492456659814 0.00785132844838 0.0123560337324
Herato18 Herato1805 6733509.0 675000.0 0.00239783730886 0.00160315872936 0.00230253620312 0.00385149482626
Herato18 Herato1805 6783509.0 725000.0 0.0218092664751 0.00548957172269 0.0198100138689 0.049905379966
Herato18 Herato1805 6833509.0 775000.0 0.0178132284268 0.0111444997301 0.0168115934779 0.0310069048129
Herato18 Herato1805 6883509.0 825000.0 0.0359911315312 0.0112876501097 0.0316370244675 0.0817968962963
Herato18 Herato1805 6933509.0 875000.0 0.0137116819772 0.00743600756036 0.0120267439078 0.0268765984165
Herato18 Herato1805 6983509.0 925000.0 0.0406181897295 0.0129668637302 0.039787585053 0.0738999087806
Herato18 Herato1805 7033509.0 975000.0 0.012832855963 0.00907477224806 0.012517375827 0.0182875763206
Herato18 Herato1805 7083509.0 1025000.0 0.0660179121042 0.0313773436438 0.061075072144 0.122184581868
Herato18 Herato1805 7133509.0 1075000.0 0.105812098099 0.0492472695161 0.100739385892 0.197591832535
Herato18 Herato1805 7183509.0 1125000.0 0.030260916191 0.0167605284547 0.0285146032566 0.0549725822609
Herato18 Herato1805 7233509.0 1175000.0 0.0306828006027 0.0184301945636 0.0295419993703 0.0486419042398
Herato18 Herato1805 7283509.0 1225000.0 0.0085690397824 0.00680642399486 0.00855193435756 0.0105496337576
Herato18 Herato1805 7333509.0 1275000.0 0.0686101266098 0.0285033238788 0.0636188323376 0.140087026849
Herato18 Herato1805 7383509.0 1325000.0 0.0043131986768 0.00267484746179 0.0042755827579 0.0062096800539
Herato18 Herato1805 7433509.0 1375000.0 0.0148877647086 0.00751560288812 0.0138239736085 0.0283112233364
Herato18 Herato1805 7483509.0 1425000.0 0.0157577268692 0.00830215923211 0.0140243981647 0.0342961124586
Herato18 Herato1805 7533509.0 1475000.0 0.0148809661296 0.0076302420986 0.0147079698692 0.0225990020144
Herato18 Herato1805 7583509.0 1525000.0 0.0169432474075 0.0107669246124 0.01610525348 0.0285260375062
Herato18 Herato1805 7633509.0 1575000.0 0.0120772415265 0.00379119814396 0.00745793237122 0.0327639710644
Herato18 Herato1805 7683509.0 1625000.0 0.015864934863 0.0121032584392 0.0157638332318 0.0210064251934
Herato18 Herato1805 7733509.0 1675000.0 0.00178862791864 0.00128332089295 0.00179916296912 0.00237181328584
Herato18 Herato1805 7783509.0 1725000.0 0.0231835572366 0.018897431555 0.0222907500568 0.0291880982332
Herato18 Herato1805 7833509.0 1775000.0 0.127181820594 0.0685158847217 0.117010471993 0.245841337786
Herato18 Herato1805 7883509.0 1825000.0 0.0122719917413 0.00545504387889 0.0110627406749 0.0265659997342
Herato18 Herato1805 7933509.0 1875000.0 0.00354501214634 0.000790662728431 0.00150562152728 0.0127577501742
Herato18 Herato1805 7983509.0 1925000.0 0.0106025182729 0.00766707400768 0.0109102341804 0.0143835397622
Herato18 Herato1805 8033509.0 1975000.0 0.0139471253242 0.00767154036933 0.0128895006446 0.0283484050838
Herato18 Herato1805 8083509.0 2025000.0 0.0306749649087 0.016150073996 0.0293507921544 0.0533621844271
Herato18 Herato1805 8133509.0 2075000.0 0.025850584794 0.017527309055 0.025337433934 0.0366322432427
Herato18 Herato1805 8183509.0 2125000.0 0.0484179725184 0.0248105200606 0.0445018932553 0.0947471594904
Herato18 Herato1805 8233509.0 2175000.0 0.035925831782 0.0178873600708 0.0314970022288 0.0659689477488
Herato18 Herato1805 8283509.0 2225000.0 0.0187249206478 0.0125434025919 0.0180673647473 0.029284789469
Herato18 Herato1805 8333509.0 2275000.0 0.085219800565 0.0368287027024 0.0795000803327 0.164556592175
Herato18 Herato1805 8383509.0 2325000.0 0.0475038750165 0.023575225119 0.0448981161049 0.0863546880773
Herato18 Herato1805 8433509.0 2375000.0 0.011858697758 0.00926473105449 0.0116445282509 0.0160252315773
Herato18 Herato1805 8483509.0 2425000.0 0.0187327720835 0.00825181988545 0.0180612471872 0.0303449341296
Herato18 Herato1805 8533509.0 2475000.0 0.020971736 0.00939139964896 0.0190415653912 0.039901993087
Herato18 Herato1805 8583509.0 2525000.0 0.0139890011154 0.00953444474866 0.0131149324378 0.0254310994829
Herato18 Herato1805 8633509.0 2575000.0 0.0429547657489 0.0194244727815 0.0390628293627 0.0906236294882
Herato18 Herato1805 8683509.0 2625000.0 0.00876234943948 0.00733296551685 0.00869765347852 0.0107023385532
Herato18 Herato1805 8733509.0 2675000.0 0.0318495027049 0.0157235878782 0.0281932873049 0.0660316217476
Herato18 Herato1805 8783509.0 2725000.0 0.0297087089934 0.014656517397 0.0275976805078 0.056033892072
Herato18 Herato1805 8833509.0 2775000.0 0.010151420958 0.008065509122 0.010080618462 0.012589226818
Herato18 Herato1805 8883509.0 2825000.0 0.0181691494497 0.012596352416 0.0177524430837 0.0256433126992
Herato18 Herato1805 8933509.0 2875000.0 0.0606735628133 0.0300515295966 0.056923914124 0.109228276586
Herato18 Herato1805 8983509.0 2925000.0 0.0400341501402 0.0280858941896 0.0380817883876 0.061462349026
Herato18 Herato1805 9033509.0 2975000.0 0.0210578442116 0.0184353974686 0.0208735609714 0.0246413548292
Herato18 Herato1805 9083509.0 3025000.0 0.0126027240592 0.0112350733008 0.0125991304056 0.014035529894
Herato18 Herato1805 9133509.0 3075000.0 0.0655419580516 0.0158433957503 0.0573110649 0.17270760872
Herato18 Herato1805 9183509.0 3125000.0 0.031128234811 0.0246120121575 0.0305209761703 0.0407813688522
Herato18 Herato1805 9233509.0 3175000.0 0.0315093704794 0.0130678087855 0.0281563876205 0.0644393084764
Herato18 Herato1805 9283509.0 3225000.0 0.0891103322858 0.0370233439041 0.081835285842 0.184317839402
Herato18 Herato1805 9333509.0 3275000.0 0.0289421443256 0.0140864420985 0.0255961157892 0.0670292001614
Herato18 Herato1805 9383509.0 3325000.0 0.0515937527768 0.0277587036887 0.051208586223 0.0848409350174
Herato18 Herato1805 9433509.0 3375000.0 0.024213034008 0.0203959383046 0.024129537188 0.028446235052
Herato18 Herato1805 9483509.0 3425000.0 0.0464996138092 0.0244597782125 0.0427257726024 0.0865785804186
Herato18 Herato1805 9533509.0 3475000.0 0.100685096822 0.0200651875658 0.100205875229 0.204531643725
Herato18 Herato1805 9583509.0 3525000.0 0.0607395217832 0.0228823267192 0.0530849624864 0.13537636824
Herato18 Herato1805 9633509.0 3575000.0 0.0783645017544 0.0267896858652 0.0702964794812 0.16671375426
Herato18 Herato1805 9683509.0 3625000.0 0.0277691563116 0.0171687980244 0.0250478982668 0.050395973492
Herato18 Herato1805 9733509.0 3675000.0 0.0358490239044 0.0216577489383 0.0347041253209 0.0577941173258
Herato18 Herato1805 9783509.0 3725000.0 0.0138120266434 0.011968414144 0.0137814219689 0.0160013838778
Herato18 Herato1805 9833509.0 3775000.0 0.145815618105 0.0262809743464 0.120573622923 0.407224248089
Herato18 Herato1805 9883509.0 3825000.0 0.0220477961937 0.0148925311439 0.0212100389699 0.0354090920139
Herato18 Herato1805 9933509.0 3875000.0 0.00494225605046 0.00416114582264 0.00491901108616 0.00586660010186
Herato18 Herato1805 9983509.0 3925000.0 0.0158872115186 0.0111705208196 0.0154838562646 0.0223685096642
Herato18 Herato1805 10033509.0 3975000.0 0.0142775158552 0.0118335828927 0.0141698613915 0.0172759099173
Herato18 Herato1805 10083509.0 4025000.0 0.0732208707621 0.0318563852782 0.0650207905308 0.156195268578
Herato18 Herato1805 10133509.0 4075000.0 0.0866258439076 0.0312958095804 0.0802896570993 0.182766519103
Herato18 Herato1805 10183509.0 4125000.0 0.0691127920805 0.0245485861052 0.0593368046355 0.161296146432
Herato18 Herato1805 10233509.0 4175000.0 0.0532785773808 0.0193064194718 0.045931819064 0.120892021095
Herato18 Herato1805 10283509.0 4225000.0 0.0138324117393 0.0090290039224 0.0134402878829 0.0206875788341
Herato18 Herato1805 10333509.0 4275000.0 0.0667876844476 0.0299587517141 0.0615944116284 0.129367648189
Herato18 Herato1805 10383509.0 4325000.0 0.0444185898773 0.0219828639158 0.0409601029616 0.0892676668211
Herato18 Herato1805 10433509.0 4375000.0 0.0224804363537 0.0103340171352 0.0208159263666 0.045863254307
Herato18 Herato1805 10483509.0 4425000.0 0.0467828395822 0.0170722280219 0.0391500292008 0.110121968186
Herato18 Herato1805 10533509.0 4475000.0 0.200164246177 0.0301993723974 0.198026275288 0.411170056449
Herato18 Herato1805 10583509.0 4525000.0 0.0629138957301 0.0258744846641 0.0564076938068 0.136542816416
Herato18 Herato1805 10633509.0 4575000.0 0.061147217037 0.031745410402 0.0571959613573 0.117792348743
Herato18 Herato1805 10683509.0 4625000.0 0.0229520859904 0.016071254387 0.022415580074 0.0319062906823
Herato18 Herato1805 10733509.0 4675000.0 0.00769934089074 0.0060906801706 0.0075572731626 0.0100439668227
Herato18 Herato1805 10783509.0 4725000.0 0.0738431610531 0.0322732180683 0.0646248438739 0.171034176467
Herato18 Herato1805 10833509.0 4775000.0 0.0647834931471 0.0135523625228 0.054669982033 0.179617562033
Herato18 Herato1805 10883509.0 4825000.0 0.00910278039328 0.00642391353408 0.00893787857624 0.0127940572098
Herato18 Herato1805 10933509.0 4875000.0 0.0437828021292 0.0125818500933 0.040630205172 0.101182167098
Herato18 Herato1805 10983509.0 4925000.0 0.0770688882492 0.0302300006035 0.0674294421304 0.1808789357
Herato18 Herato1805 11033509.0 4975000.0 0.0743610193459 0.0311798954712 0.0641651017086 0.157598572966
Herato18 Herato1805 11083509.0 5025000.0 0.0100509784312 0.00834290130233 0.0100329408956 0.012057466849
Herato18 Herato1805 11133509.0 5075000.0 0.10633463444 0.0450701081831 0.0983078274803 0.207215919453
Herato18 Herato1805 11183509.0 5125000.0 0.0327771675474 0.0197353496559 0.029853032903 0.063096342294
Herato18 Herato1805 11233509.0 5175000.0 0.0697576211733 0.0245522315605 0.0643158224247 0.145481856994
Herato18 Herato1805 11283509.0 5225000.0 0.0235659689465 0.0153462115154 0.022087578815 0.0410245512131
Herato18 Herato1805 11333509.0 5275000.0 0.0153599292982 0.0139851381983 0.0153123962245 0.0170884399716
Herato18 Herato1805 11383509.0 5325000.0 0.0102354908567 0.00918670366671 0.0102419744304 0.0113770467784
Herato18 Herato1805 11433509.0 5375000.0 0.00444936957686 0.00391738519447 0.00444727653329 0.00513050109728
Herato18 Herato1805 11483509.0 5425000.0 0.0303029470652 0.017963402122 0.0285132718176 0.0521863886555
Herato18 Herato1805 11533509.0 5475000.0 0.00453711430792 0.00264638065547 0.00428705364296 0.0077633213052
Herato18 Herato1805 11583509.0 5525000.0 0.00979724691436 0.00675204625847 0.0093964937589 0.0152027572462
Herato18 Herato1805 11633509.0 5575000.0 0.00650988252192 0.0052242480494 0.00644991628408 0.0084865994768
Herato18 Herato1805 11683509.0 5625000.0 0.010986625764 0.00964951512628 0.010916379636 0.0127522207096
Herato18 Herato1805 11733509.0 5675000.0 0.0202529001509 0.0136221282759 0.0195975640867 0.0296722386934
Herato18 Herato1805 11783509.0 5725000.0 0.0931104836017 0.0241611965466 0.0790112445479 0.24594914135
Herato18 Herato1805 11833509.0 5775000.0 0.0317497162678 0.0114501114122 0.0316173142678 0.0651468326114
Herato18 Herato1805 11883509.0 5825000.0 0.0153360294279 0.00868034954805 0.0133552050368 0.0271108418694
Herato18 Herato1805 11933509.0 5875000.0 0.0059480283079 0.00456825324436 0.00585500114342 0.00785799547386
Herato18 Herato1805 11983509.0 5925000.0 0.0291273331574 0.00340558813941 0.00473013587734 0.179123126272
Herato18 Herato1805 12033509.0 5975000.0 0.00568361057406 0.00428173238894 0.00562629842456 0.00732063887174
Herato18 Herato1805 12083509.0 6025000.0 0.00086762083305 0.000461403577736 0.00072572702643 0.00162784363988
Herato18 Herato1805 12133509.0 6075000.0 0.00353869053237 0.00297267324549 0.00349125947561 0.0042859124869
Herato18 Herato1805 12183509.0 6125000.0 0.00891277496649 0.003851690787 0.00879029261764 0.0143106443133
Herato18 Herato1805 12233509.0 6175000.0 0.0111397985947 0.00639131066267 0.0108767161693 0.0177850826585
Herato18 Herato1805 12283509.0 6225000.0 0.113441370444 0.0476924342998 0.105811749525 0.225476700387
Herato18 Herato1805 12333509.0 6275000.0 0.0051424935391 0.00415452777178 0.00511230874474 0.00634616892744
Herato18 Herato1805 12383509.0 6325000.0 0.0213837423653 0.0131370632283 0.0205882325116 0.0340115470688
Herato18 Herato1805 12433509.0 6375000.0 0.034500048673 0.00981001556195 0.029143260568 0.0878956881418
Herato18 Herato1805 12483509.0 6425000.0 0.00645204630954 0.00493862552845 0.00636976377872 0.00838708638314
Herato18 Herato1805 12533509.0 6475000.0 0.0173297744465 0.00802402387696 0.0149484700214 0.0411003089555
Herato18 Herato1805 12583509.0 6525000.0 0.0164060196606 0.0133919695879 0.016005289488 0.0216027927878
Herato18 Herato1805 12633509.0 6575000.0 0.083462524704 0.0393439641337 0.0675795429193 0.234978175177
Herato18 Herato1805 12683509.0 6625000.0 0.0215002652214 0.0132463028882 0.0207635883493 0.0377254714431
Herato18 Herato1805 12733509.0 6675000.0 0.072697618554 0.008004747136 0.069797141274 0.165153117148
Herato18 Herato1805 12783509.0 6725000.0 0.030920887612 0.0160849359874 0.0284440747974 0.0579966917404
Herato18 Herato1805 12833509.0 6775000.0 0.0179244892923 0.0144789469961 0.017795394248 0.0219238471503
Herato18 Herato1805 12883509.0 6825000.0 0.0904957364227 0.031221367341 0.0815432423633 0.191217260328
Herato18 Herato1805 12933509.0 6875000.0 0.0439295244924 0.0231384377398 0.0423181379526 0.0733295273224
Herato18 Herato1805 12983509.0 6925000.0 0.0660407874762 0.0299453410127 0.0513835662398 0.16949051444
Herato18 Herato1805 13033509.0 6975000.0 0.0096901418856 0.00751789407017 0.00950094585204 0.0127741369288
Herato18 Herato1805 13083509.0 7025000.0 0.0676393845534 0.035287391147 0.0618230692165 0.12554234776
Herato18 Herato1805 13133509.0 7075000.0 0.0080102738166 0.00642850538237 0.00795992653332 0.0098599031368
Herato18 Herato1805 13183509.0 7125000.0 0.0800812356358 0.0360696823512 0.0694180355506 0.185390355329
Herato18 Herato1805 13233509.0 7175000.0 0.0181208136793 0.0141072791404 0.0172014045024 0.0272150770178
Herato18 Herato1805 13283509.0 7225000.0 0.0152375120522 0.0106341418662 0.0147130475046 0.0222782259164
Herato18 Herato1805 13333509.0 7275000.0 0.0482055215662 0.0230389069765 0.0478168668302 0.0822892954636
Herato18 Herato1805 13383509.0 7325000.0 0.142392719847 0.0426814576824 0.124187649366 0.394608834727
Herato18 Herato1805 13433509.0 7375000.0 0.0269553341318 0.0150494553255 0.0253387374564 0.0480994188499
Herato18 Herato1805 13483509.0 7425000.0 0.0427044004752 0.0241144876641 0.0402248409189 0.0757711465039
Herato18 Herato1805 13533509.0 7475000.0 0.0181692553136 0.0128849208949 0.0182802254536 0.0250147137108
Herato18 Herato1805 13583509.0 7525000.0 0.0128939155623 0.0110983332462 0.0128788506677 0.01488230499
Herato18 Herato1805 13633509.0 7575000.0 0.0455380325553 0.0199547693672 0.0441897655442 0.0844988407104
Herato18 Herato1805 13683509.0 7625000.0 0.144541796285 0.0361547144199 0.114088886584 0.390122355725
Herato18 Herato1805 13733509.0 7675000.0 0.0318578956196 0.0204707583018 0.0314235422769 0.0471482345561
Herato18 Herato1805 13783509.0 7725000.0 0.0115927148638 0.00934435346512 0.0115464388946 0.0141973439596
Herato18 Herato1805 13833509.0 7775000.0 0.0237202800368 0.00763898847512 0.0215375028184 0.0534147661936
Herato18 Herato1805 13883509.0 7825000.0 0.588906982802 0.315080733171 0.571383045449 1.01909784152
Herato18 Herato1805 13933509.0 7875000.0 0.0523146041803 0.0359810959711 0.0506614553266 0.0770111366788
Herato18 Herato1805 13983509.0 7925000.0 0.0055426670896 0.0024204936374 0.0050797126078 0.0118961314474
Herato18 Herato1805 14033509.0 7975000.0 0.0104846763438 0.0089627306835 0.0105147562723 0.0120282427056
Herato18 Herato1805 14083509.0 8025000.0 0.0224518233018 0.0107189509243 0.0206054388107 0.049640467398
Herato18 Herato1805 14133509.0 8075000.0 0.0568311708614 0.0314105725192 0.0523719636077 0.103240799058
Herato18 Herato1805 14183509.0 8125000.0 0.121944838136 0.0381332907715 0.110267000729 0.270687879301
Herato18 Herato1805 14233509.0 8175000.0 0.0821920003572 0.043829661766 0.0767897946572 0.159625609317
Herato18 Herato1805 14283509.0 8225000.0 0.053791455279 0.022750377189 0.0501650957282 0.109638241154
Herato18 Herato1805 14333509.0 8275000.0 0.0119205703811 0.0078207804933 0.0112710515968 0.018781689403
Herato18 Herato1805 14383509.0 8325000.0 0.0233836439712 0.013828817694 0.0183072133084 0.0469522719527
Herato18 Herato1805 14433509.0 8375000.0 0.437602701612 0.110354093059 0.359612955176 1.18970922012
Herato18 Herato1805 14483509.0 8425000.0 0.0708545398484 0.0297169806225 0.064812847232 0.158158672944
Herato18 Herato1805 14533509.0 8475000.0 0.072531510824 0.0507991749574 0.0710532470175 0.101755090906
Herato18 Herato1805 14583509.0 8525000.0 0.0305381412392 0.0233761387947 0.0303047597859 0.038746152387
Herato18 Herato1805 14633509.0 8575000.0 0.0068057404297 0.00607261530389 0.00678840959766 0.00765123069022
Herato18 Herato1805 14683509.0 8625000.0 0.017480468073 0.0124516756898 0.0174137136822 0.022824059308
Herato18 Herato1805 14733509.0 8675000.0 0.023889929416 0.012668794346 0.02390571257 0.034401193128
Herato18 Herato1805 14783509.0 8725000.0 0.0142917113398 0.0121756127204 0.0141214882776 0.0166893322124
Herato18 Herato1805 14833509.0 8775000.0 0.0523514804094 0.028124423812 0.0493032694868 0.0932834892426
Herato18 Herato1805 14883509.0 8825000.0 0.010560712422 0.0083082574222 0.0104115568412 0.0135988777124
Herato18 Herato1805 14933509.0 8875000.0 0.0357275185018 0.0152865245312 0.0315126281877 0.0829680334474
Herato18 Herato1805 14983509.0 8925000.0 0.0127968085542 0.0096767666276 0.0128170069108 0.0160602107262
Herato18 Herato1805 15033509.0 8975000.0 0.0104906246262 0.00830683805638 0.0104066988044 0.012819892547
Herato18 Herato1805 15083509.0 9025000.0 0.0126787855638 0.0050274093978 0.0114635985102 0.0266718783744
Herato18 Herato1805 15133509.0 9075000.0 0.0325763445447 0.018960985043 0.0316848226427 0.0523455699877
Herato18 Herato1805 15183509.0 9125000.0 0.0424432166052 0.0311805370358 0.041853899642 0.058605039022
Herato18 Herato1805 15233509.0 9175000.0 0.0229736819578 0.0147242842712 0.0245039296256 0.0324569001883
Herato18 Herato1805 15283509.0 9225000.0 0.0673296412947 0.0351807171531 0.0626821624327 0.120888796666
Herato18 Herato1805 15333509.0 9275000.0 0.044385216659 0.0149523758384 0.0345686792863 0.159749575957
Herato18 Herato1805 15383509.0 9325000.0 0.0498835276364 0.0257329966371 0.0428055485671 0.113839264121
Herato18 Herato1805 15433509.0 9375000.0 0.0768529125088 0.0395036336952 0.0722426069317 0.138569383312
Herato18 Herato1805 15483509.0 9425000.0 0.0137227316779 0.0119441223682 0.0135712355254 0.0158411664137
Herato18 Herato1805 15533509.0 9475000.0 0.0136781794237 0.00955857759797 0.0138572768461 0.0165542991513
Herato18 Herato1805 15583509.0 9525000.0 0.150802561835 0.0888949958382 0.139491057824 0.264560056515
Herato18 Herato1805 15633509.0 9575000.0 0.0203046182916 0.0147407859541 0.0198293755007 0.0276412028106
Herato18 Herato1805 15683509.0 9625000.0 0.129656212821 0.0473629232676 0.119057548306 0.301464082256
Herato18 Herato1805 15733509.0 9675000.0 0.0507863273598 0.0338224248869 0.0491336121469 0.0788931225018
Herato18 Herato1805 15783509.0 9725000.0 0.102469744241 0.0289196562025 0.0888965922999 0.258340025149
Herato18 Herato1805 15833509.0 9775000.0 0.0008180292096 0.0007395073248 0.0008336778408 0.000880932327
Herato18 Herato1805 15883509.0 9825000.0 0.00182885193194 0.00152281257033 0.00182438910606 0.00216853226758
Herato18 Herato1805 15933509.0 9875000.0 0.0344667087657 0.0202335575405 0.0335641363225 0.0514666012773
Herato18 Herato1805 15983509.0 9925000.0 0.0225063266209 0.00890787118661 0.018314239886 0.0779892589988
Herato18 Herato1805 16033509.0 9975000.0 0.0406349375888 0.0191197771066 0.0400009935384 0.0700621553248
Herato18 Herato1805 16083509.0 10025000.0 0.00887888455532 0.00678877243478 0.00874811335978 0.0115075504866
Herato18 Herato1805 16133509.0 10075000.0 0.049782666579 0.0246914922041 0.0435537843827 0.108129241229
Herato18 Herato1805 16183509.0 10125000.0 0.0698805639311 0.0374139867178 0.0620043938722 0.127816268806
Herato18 Herato1805 16233509.0 10175000.0 0.0794626704558 0.0416983678279 0.0762316110424 0.139335194384
Herato18 Herato1805 16283509.0 10225000.0 0.00587436887192 0.00542188362501 0.00583733462914 0.00647670762608
Herato18 Herato1805 16333509.0 10275000.0 0.0603039046777 0.0177425982964 0.0626014614392 0.0836589073576
Herato18 Herato1805 16368907.0 10325000.0 0.0798174947203 0.0299322748368 0.0427383860563 0.282942259489
Herato18 Herato1806 16390417.0 25000.0 0.0163038048105 0.0125262542075 0.0164729631626 0.0201094750473
Herato18 Herato1807 16426529.0 25000.0 0.0333128785629 0.0148163862889 0.0321283952092 0.0605447237623
Herato18 Herato1807 16476529.0 75000.0 0.00801272592983 0.00523813948504 0.00783489729818 0.0118747440376
Herato18 Herato1807 16526529.0 125000.0 0.0437482223102 0.0163345405929 0.0344745554104 0.144799444592
Herato18 Herato1807 16576529.0 175000.0 0.003403742574 0.002889842986 0.003355439964 0.00378682681
Herato18 Herato1807 16626529.0 225000.0 0.0183704779395 0.0106169045683 0.0170200980196 0.0352620822135
Herato18 Herato1807 16676529.0 275000.0 0.0142979235071 0.00985853284713 0.013822741642 0.0209065963322
Herato18 Herato1807 16726529.0 325000.0 0.0596333800239 0.0264891397958 0.0537462876349 0.126872029983
Herato18 Herato1807 16776529.0 375000.0 0.0266863128565 0.0132044872224 0.0249436899595 0.0504350876886
Herato18 Herato1807 16826529.0 425000.0 0.119571416386 0.0451230436845 0.104422328272 0.286774605053
Herato18 Herato1807 16876529.0 475000.0 0.0129778719325 0.00588599021794 0.0118410060004 0.0276425295723
Herato18 Herato1807 16926529.0 525000.0 0.00183868568858 0.00144515927889 0.00180727863324 0.00243309762776
Herato18 Herato1807 16976529.0 575000.0 0.0283480387972 0.0108077182011 0.0279083414737 0.0489873821849
Herato18 Herato1807 17026529.0 625000.0 0.0255820923535 0.0114662417909 0.0250720121746 0.0494415554559
Herato18 Herato1807 17076529.0 675000.0 0.064359332108 0.0109968130751 0.0567267155162 0.161126848709
Herato18 Herato1807 17126529.0 725000.0 0.0544043925278 0.0291229814879 0.0499872922301 0.104982304523
Herato18 Herato1807 17176529.0 775000.0 0.00850241805208 0.0063335578807 0.00836266760904 0.0113022777876
Herato18 Herato1807 17226529.0 825000.0 0.0540801579494 0.023900530301 0.0535222783302 0.0934891363218
Herato18 Herato1807 17276529.0 875000.0 0.0582191163438 0.0280777463333 0.0555966460946 0.104913260252
Herato18 Herato1807 17326529.0 925000.0 0.0353496698815 0.0151511001653 0.0324470424428 0.0789674743014
Herato18 Herato1807 17376529.0 975000.0 0.0401550449678 0.0163340273359 0.038094728886 0.0869622550714
Herato18 Herato1807 17426529.0 1025000.0 0.0716727245837 0.018800970796 0.0663732970959 0.156168516837
Herato18 Herato1807 17476529.0 1075000.0 0.042855649405 0.0255171512601 0.0423264827096 0.0695814894954
Herato18 Herato1807 17526529.0 1125000.0 0.107695902568 0.0324892904418 0.0923142002125 0.263377898681
Herato18 Herato1807 17576529.0 1175000.0 0.0902765118608 0.0388434350143 0.0819849678931 0.188124608455
Herato18 Herato1807 17626529.0 1225000.0 0.039746429601 0.0216621216832 0.0359197605846 0.0789269308153
Herato18 Herato1807 17676529.0 1275000.0 0.0615149755678 0.0219132123384 0.0567000050742 0.139422939763
Herato18 Herato1807 17726529.0 1325000.0 0.132799383638 0.0327594608694 0.114364998906 0.336835663336
Herato18 Herato1807 17776529.0 1375000.0 0.0732550001588 0.0356165324852 0.0695716179642 0.134269610261
Herato18 Herato1807 17826529.0 1425000.0 0.11726836286 0.0480129046764 0.112094314788 0.215506735734
Herato18 Herato1807 17876529.0 1475000.0 0.0550609768048 0.0146586055132 0.047868597147 0.148576896804
Herato18 Herato1807 17926529.0 1525000.0 0.00600395808856 0.00497991708163 0.00580460482962 0.00755741526104
Herato18 Herato1807 17976529.0 1575000.0 0.0417418505436 0.026434913723 0.0373970873388 0.0768343047298
Herato18 Herato1807 18026529.0 1625000.0 0.0513946286455 0.0170423244239 0.0481676491518 0.1051812596
Herato18 Herato1807 18076529.0 1675000.0 0.012880249237 0.011238290261 0.0128615565694 0.014632767903
Herato18 Herato1807 18126529.0 1725000.0 0.0374285469288 0.0164039629868 0.034428846211 0.0730929335444
Herato18 Herato1807 18176529.0 1775000.0 0.0861914690359 0.0367564540005 0.0801329246978 0.174785431737
Herato18 Herato1807 18226529.0 1825000.0 0.0208499659507 0.00669713822351 0.0174647913209 0.0602459217112
Herato18 Herato1807 18276529.0 1875000.0 0.0055855103756 0.0041722229092 0.0054598703218 0.0077851062894
Herato18 Herato1807 18326529.0 1925000.0 0.04738277451 0.0201858319362 0.0410072463067 0.0979424184747
Herato18 Herato1807 18376529.0 1975000.0 0.0214362591138 0.015994688547 0.0212245423204 0.0288411668391
Herato18 Herato1807 18426529.0 2025000.0 0.00554785240846 0.00438484588788 0.00536208293764 0.0073641452064
Herato18 Herato1807 18476529.0 2075000.0 0.0470191379465 0.0264098337227 0.0440800573599 0.0863496536196
Herato18 Herato1807 18526529.0 2125000.0 0.0546396253458 0.017302448197 0.0461930842832 0.152783131952
Herato18 Herato1807 18576529.0 2175000.0 0.173113000978 0.0360530829171 0.155579173831 0.427266458998
Herato18 Herato1807 18626529.0 2225000.0 0.00656874759088 0.00591862172925 0.00656487501462 0.00724650327924
Herato18 Herato1807 18676529.0 2275000.0 0.0430490436224 0.0258765973722 0.0414189830038 0.0781279813992
Herato18 Herato1807 18726529.0 2325000.0 0.0701600930395 0.0327831850766 0.0615836008762 0.152756414035
Herato18 Herato1807 18776529.0 2375000.0 0.0894249096837 0.0326931999626 0.0780494496715 0.226098853815
Herato18 Herato1807 18826529.0 2425000.0 0.0178244291962 0.0117795633068 0.0170625909194 0.027446458318
Herato18 Herato1807 18876529.0 2475000.0 0.0744408560869 0.0366330623563 0.0667001821602 0.169658776107
Herato18 Herato1807 18926529.0 2525000.0 0.103697278838 0.0272566024083 0.0951453761824 0.254774922299
Herato18 Herato1807 18976529.0 2575000.0 0.0265984508922 0.0171277505861 0.0259056664958 0.0424477967667
Herato18 Herato1807 19026529.0 2625000.0 0.0128459622841 0.00678056547815 0.0117430400916 0.0230580757704
Herato18 Herato1807 19076529.0 2675000.0 0.003278295672 0.002919242352 0.003271055094 0.003579920298
Herato18 Herato1807 19126529.0 2725000.0 0.0366485426675 0.0149646702966 0.0350835338032 0.0759780566602
Herato18 Herato1807 19176529.0 2775000.0 0.0292257660304 0.016674635045 0.0257681201804 0.0716706771368
Herato18 Herato1807 19226529.0 2825000.0 0.0144424338931 0.00917219571089 0.0145959938623 0.0213890026163
Herato18 Herato1807 19276529.0 2875000.0 0.0179049737797 0.00851656285262 0.0164535110636 0.0334405901536
Herato18 Herato1807 19326529.0 2925000.0 0.0896516378954 0.03017869153 0.0821253194217 0.192323271152
Herato18 Herato1807 19376529.0 2975000.0 0.021463023186 0.0195056611736 0.0214490943672 0.0240880660292
Herato18 Herato1807 19426529.0 3025000.0 0.017140364988 0.0130494635104 0.0168985548716 0.023096231142
Herato18 Herato1807 19476529.0 3075000.0 0.139386458459 0.0399453485573 0.123210356521 0.328680539129
Herato18 Herato1807 19526529.0 3125000.0 0.05282208536 0.017576544966 0.042408611862 0.153128900518
Herato18 Herato1807 19576529.0 3175000.0 0.0045127167712 0.00379170753576 0.00445115692016 0.0053410304876
Herato18 Herato1807 19626529.0 3225000.0 0.0384687708441 0.0211060453916 0.0368331173984 0.0655198140714
Herato18 Herato1807 19676529.0 3275000.0 0.00534136572646 0.00467314075128 0.0053303001606 0.00607463822416
Herato18 Herato1807 19726529.0 3325000.0 0.00705826655586 0.00659095347031 0.00699905254646 0.00775808589152
Herato18 Herato1807 19776529.0 3375000.0 0.0266309536693 0.0117946592445 0.022341397098 0.0717074405457
Herato18 Herato1807 19826529.0 3425000.0 0.0131828524982 0.00736492842942 0.0130848911345 0.020590359614
Herato18 Herato1807 19876529.0 3475000.0 0.0435935341402 0.0177483672427 0.0370215211127 0.10494980451
Herato18 Herato1807 19926529.0 3525000.0 0.0115842717914 0.00711172394099 0.0108994870697 0.0191093892645
Herato18 Herato1807 19976529.0 3575000.0 0.0475700677653 0.0245978709517 0.0421637419027 0.113212650021
Herato18 Herato1807 20026529.0 3625000.0 0.0170806643169 0.0102826557475 0.0156711479868 0.032121741813
Herato18 Herato1807 20076529.0 3675000.0 0.0228649385724 0.0127128724234 0.0214653254904 0.0398285085532
Herato18 Herato1807 20126529.0 3725000.0 0.068448225382 0.0214164462131 0.0560123407151 0.194588102607
Herato18 Herato1807 20176529.0 3775000.0 0.0251731409991 0.0140940239971 0.0234791425907 0.0446973872169
Herato18 Herato1807 20226529.0 3825000.0 0.0310422011948 0.0105374554466 0.0292428073622 0.0613023832735
Herato18 Herato1807 20276529.0 3875000.0 0.0528296114211 0.0205075262533 0.0507680358638 0.0948447455902
Herato18 Herato1807 20326529.0 3925000.0 0.021456971813 0.00770598529331 0.0216424520342 0.0323912866027
Herato18 Herato1807 20376529.0 3975000.0 0.0566259297515 0.0273042130633 0.0536448321335 0.106240802416
Herato18 Herato1807 20426529.0 4025000.0 0.190573999295 0.070017416571 0.173000080056 0.405277596387
Herato18 Herato1807 20476529.0 4075000.0 0.0447168928032 0.0164097277735 0.0381164286991 0.107438666889
Herato18 Herato1807 20526529.0 4125000.0 0.173613231678 0.0872612143826 0.162934723232 0.329987032125
Herato18 Herato1807 20576529.0 4175000.0 0.0358154906415 0.0215905132319 0.0333279325866 0.0644113097609
Herato18 Herato1807 20626529.0 4225000.0 0.168803603683 0.0463136546871 0.135811008677 0.483293789583
Herato18 Herato1807 20676529.0 4275000.0 0.029391736092 0.0197247223617 0.0285952483846 0.0436153149871
Herato18 Herato1807 20726529.0 4325000.0 0.0142686965386 0.00921030926534 0.0112756237222 0.040981312356
Herato18 Herato1807 20776529.0 4375000.0 0.0212544117881 0.0122587615545 0.01966962044 0.0365415835105
Herato18 Herato1807 20826529.0 4425000.0 0.0317826359801 0.00933073987132 0.0272079810629 0.0866345777268
Herato18 Herato1807 20876529.0 4475000.0 0.0259996921448 0.0140728631013 0.0241614848355 0.0511284741223
Herato18 Herato1807 20926529.0 4525000.0 0.0141070762633 0.00807943240477 0.013222442558 0.0244342705886
Herato18 Herato1807 20976529.0 4575000.0 0.00266588536818 0.00148304882379 0.00247213178107 0.00537172117576
Herato18 Herato1807 21026529.0 4625000.0 0.019990804199 0.0124241951205 0.0196882487143 0.0291590776007
Herato18 Herato1807 21076529.0 4675000.0 0.0036248017182 0.00285527341495 0.00355039550618 0.0046180387275
Herato18 Herato1807 21126529.0 4725000.0 0.0187744783441 0.0118889393817 0.018222681883 0.0310043540531
Herato18 Herato1807 21176529.0 4775000.0 0.0156715257492 0.0144185201185 0.0156090701456 0.0174814950482
Herato18 Herato1807 21226529.0 4825000.0 0.0337469652206 0.0219230934725 0.032707577219 0.052150803997
Herato18 Herato1807 21276529.0 4875000.0 0.00386775507104 0.00339652765639 0.00384476120256 0.00452868843508
Herato18 Herato1807 21326529.0 4925000.0 0.0279343106254 0.0137929876555 0.0254149919406 0.0546259964414
Herato18 Herato1807 21376529.0 4975000.0 0.020315372509 0.00912063780043 0.0162688360557 0.0572427961871
Herato18 Herato1807 21426529.0 5025000.0 0.35047478458 0.139283684036 0.330605222162 0.64653710687
Herato18 Herato1807 21476529.0 5075000.0 0.138571651008 0.0558657210634 0.126105838635 0.30230520376
Herato18 Herato1807 21526529.0 5125000.0 0.131066960922 0.0570546894977 0.122983118679 0.254066790933
Herato18 Herato1807 21576529.0 5175000.0 0.0614096554295 0.0384129523418 0.0587093974506 0.099443539428
Herato18 Herato1807 21626529.0 5225000.0 0.0475005749613 0.0350981949081 0.0461800068662 0.070177315462
Herato18 Herato1807 21676529.0 5275000.0 0.03395461248 0.030400544 0.0342148352 0.03895821056
