chrom scaffold Cposition position mean p0025 p0500 p0975
Herato03 Herato0301 25001.0 25000.0 0.046987996729 0.040263580948 0.0468808768692 0.055444818392
Herato03 Herato0301 75001.0 75000.0 0.027440387866 0.02490529477 0.027390402496 0.030439313866
Herato03 Herato0301 125001.0 125000.0 0.0393385279876 0.0337266064319 0.0390372989376 0.046888378916
Herato03 Herato0301 175001.0 175000.0 0.049993488956 0.044826348032 0.04992258806 0.05561370004
Herato03 Herato0301 225001.0 225000.0 0.031260740258 0.028214331656 0.03124240693 0.034709959188
Herato03 Herato0301 275001.0 275000.0 0.062045351648 0.055137270298 0.061373313486 0.071401367992
Herato03 Herato0301 325001.0 325000.0 0.06224041113 0.047875981652 0.059953900162 0.088758348068
Herato03 Herato0301 375001.0 375000.0 0.053798233104 0.04793949938 0.053907086092 0.060072511738
Herato03 Herato0301 425001.0 425000.0 0.0656648564244 0.0601235347124 0.0657298218744 0.071618141204
Herato03 Herato0301 475001.0 475000.0 0.056361182354 0.052691565192 0.05621032832 0.060832308724
Herato03 Herato0301 525001.0 525000.0 0.062881512245 0.0501923490683 0.0619540227842 0.07891242842
Herato03 Herato0301 575001.0 575000.0 0.05358636739 0.047958617716 0.053367780698 0.060187488382
Herato03 Herato0301 625001.0 625000.0 0.0599344497372 0.055804512594 0.0596106018682 0.0647173482904
Herato03 Herato0301 675001.0 675000.0 0.050145203654 0.0452110188654 0.049958063326 0.05572551801
Herato03 Herato0301 725001.0 725000.0 0.055795853126 0.049394623464 0.055696812994 0.063550471566
Herato03 Herato0301 775001.0 775000.0 0.06636641496 0.062016263736 0.06606706568 0.07200397564
Herato03 Herato0301 825001.0 825000.0 0.0340113878182 0.0313443883004 0.0339990022236 0.037048295734
Herato03 Herato0301 875001.0 875000.0 0.040700590966 0.0349489815036 0.040487350538 0.048264979398
Herato03 Herato0301 925001.0 925000.0 0.0854604919928 0.0756099923431 0.0852316048192 0.0975753071134
Herato03 Herato0301 975001.0 975000.0 0.155962386152 0.133242033655 0.155771945218 0.18398296221
Herato03 Herato0301 1025001.0 1025000.0 0.1665528448 0.1582211776 0.168092392 0.1715739824
Herato03 Herato0301 1075001.0 1075000.0 0.1587527727 0.15066888008 0.15898214994 0.16337187606
Herato03 Herato0301 1125001.0 1125000.0 0.174177239125 0.135815428762 0.17352357097 0.2197282353
Herato03 Herato0301 1175001.0 1175000.0 0.110214467872 0.100976311163 0.109502531209 0.121970091848
Herato03 Herato0301 1225001.0 1225000.0 0.0435395016688 0.0315052793332 0.0401521105294 0.0674100640918
Herato03 Herato0301 1275001.0 1275000.0 0.0597254204868 0.0452978008933 0.0578972291048 0.08920751654
Herato03 Herato0301 1325001.0 1325000.0 0.0580975927 0.055214602098 0.057848932524 0.06176532991
Herato03 Herato0301 1375001.0 1375000.0 0.04726056238 0.04388472726 0.0471336289 0.0512436116
Herato03 Herato0301 1425001.0 1425000.0 0.08188771584 0.07949245164 0.082166658 0.08317630734
Herato03 Herato0301 1475001.0 1475000.0 0.07768806864 0.07501694724 0.07787230884 0.07953822744
Herato03 Herato0301 1525001.0 1525000.0 0.0780694646128 0.0739403560598 0.0778587776306 0.0829004989104
Herato03 Herato0301 1575001.0 1575000.0 0.042334227992 0.035543719472 0.041598568648 0.052441216956
Herato03 Herato0301 1625001.0 1625000.0 0.072512253374 0.065957034098 0.072579686494 0.078516469172
Herato03 Herato0301 1675001.0 1675000.0 0.094189319852 0.088116550654 0.094508686856 0.1001689443
Herato03 Herato0301 1725001.0 1725000.0 0.05852855208 0.0543528571 0.05857504654 0.06214840898
Herato03 Herato0301 1775001.0 1775000.0 0.060986832155 0.0527419665784 0.060423543545 0.0701761407994
Herato03 Herato0301 1825001.0 1825000.0 0.0699591611808 0.0614860179081 0.0685121990884 0.08194912841
Herato03 Herato0301 1875001.0 1875000.0 0.062642766132 0.0596951573955 0.0627710302702 0.06608037158
Herato03 Herato0301 1925001.0 1925000.0 0.07360169694 0.068338797084 0.073586939638 0.079348203628
Herato03 Herato0301 1975001.0 1975000.0 0.0686248655131 0.0603601230156 0.0681246492162 0.078890043494
Herato03 Herato0301 2025001.0 2025000.0 0.0508501349504 0.0378531336335 0.0464811138918 0.0739699843682
Herato03 Herato0301 2075001.0 2075000.0 0.065492536118 0.055775289806 0.0661708544598 0.07815803141
Herato03 Herato0301 2125001.0 2125000.0 0.0743026944528 0.0656669947588 0.0741600436404 0.0819696503344
Herato03 Herato0301 2175001.0 2175000.0 0.065391957188 0.053493699512 0.06545294388 0.078690499976
Herato03 Herato0301 2225001.0 2225000.0 0.0616614937234 0.04663426915 0.0620266126333 0.0794633991996
Herato03 Herato0301 2275001.0 2275000.0 0.0894355247428 0.0761597915707 0.088543596472 0.106400322454
Herato03 Herato0301 2325001.0 2325000.0 0.07017611088 0.0566906455244 0.06897484203 0.089451598542
Herato03 Herato0301 2375001.0 2375000.0 0.115260976251 0.0958486247738 0.114470325131 0.138850586083
Herato03 Herato0301 2425001.0 2425000.0 0.0453031856314 0.0335920007637 0.0437612273733 0.0627090877229
Herato03 Herato0301 2475001.0 2475000.0 0.05329609826 0.04749650054 0.05285286082 0.06011609386
Herato03 Herato0301 2525001.0 2525000.0 0.037454924558 0.0325983624578 0.037081705632 0.042945242404
Herato03 Herato0301 2575001.0 2575000.0 0.05567943454 0.048289122878 0.056010192328 0.06270078094
Herato03 Herato0301 2625001.0 2625000.0 0.07119069919 0.065878727534 0.070956318722 0.077080315152
Herato03 Herato0301 2675001.0 2675000.0 0.08362601212 0.07986672556 0.08399934068 0.08581251226
Herato03 Herato0301 2725001.0 2725000.0 0.067147924742 0.063755636894 0.067288142502 0.07073652227
Herato03 Herato0301 2775001.0 2775000.0 0.05135379069 0.046353811701 0.0514356512928 0.057559235636
Herato03 Herato0301 2825001.0 2825000.0 0.0338540686638 0.0291843434816 0.0330424667175 0.0400203820578
Herato03 Herato0301 2875001.0 2875000.0 0.0291332346012 0.0218289741667 0.028014386848 0.038754234986
Herato03 Herato0301 2925001.0 2925000.0 0.0257597887028 0.0236735467841 0.0257591083524 0.0276441518442
Herato03 Herato0301 2975001.0 2975000.0 0.043845384509 0.0401556216396 0.0437162427954 0.048004859772
Herato03 Herato0301 3025001.0 3025000.0 0.029729029564 0.023314561062 0.028112475366 0.042821886854
Herato03 Herato0301 3075001.0 3075000.0 0.040331872378 0.039650260442 0.040249773262 0.041606106528
Herato03 Herato0301 3125001.0 3125000.0 0.074740964474 0.066688568755 0.07408651195 0.09057249294
Herato03 Herato0301 3175001.0 3175000.0 0.07520537868 0.07278670464 0.07435863444 0.08014035528
Herato03 Herato0301 3225001.0 3225000.0 0.0695360464958 0.063683161168 0.0695164361398 0.0762288783976
Herato03 Herato0301 3275001.0 3275000.0 0.07284155828 0.067098978706 0.072700532188 0.0782465228
Herato03 Herato0301 3325001.0 3325000.0 0.10383417635 0.0906039911161 0.103021565608 0.120882137356
Herato03 Herato0301 3375001.0 3375000.0 0.08647272812 0.08097793874 0.08635320916 0.09229791764
Herato03 Herato0301 3425001.0 3425000.0 0.02549310955 0.0223510920412 0.0249763421706 0.03005438314
Herato03 Herato0301 3475001.0 3475000.0 0.0835023835412 0.0615439209372 0.0848300882372 0.095501525176
Herato03 Herato0301 3525001.0 3525000.0 0.0773807651187 0.0631842854879 0.0759261071999 0.0987856276084
Herato03 Herato0301 3575001.0 3575000.0 0.079010910028 0.0704159907753 0.078454340954 0.091674528456
Herato03 Herato0301 3625001.0 3625000.0 0.088198554464 0.077997380632 0.08773429814 0.099795403776
Herato03 Herato0301 3675001.0 3675000.0 0.06723498084 0.0580496932178 0.066136972842 0.083168402664
Herato03 Herato0301 3725001.0 3725000.0 0.052572483734 0.0495141811066 0.052534744299 0.0560412577
Herato03 Herato0301 3775001.0 3775000.0 0.0865116553484 0.0771863579314 0.086541109428 0.094211423352
Herato03 Herato0301 3825001.0 3825000.0 0.11171273698 0.10659116702 0.1112552645 0.11803386758
Herato03 Herato0301 3875001.0 3875000.0 0.086079064326 0.0805810975467 0.085851382871 0.092278594872
Herato03 Herato0301 3925001.0 3925000.0 0.08289703154 0.0781552555 0.08297866512 0.08692365008
Herato03 Herato0301 3975001.0 3975000.0 0.0672935741112 0.0613287931745 0.067452458664 0.0736006185138
Herato03 Herato0301 4025001.0 4025000.0 0.08015431022 0.070567901708 0.080066973972 0.08942505782
Herato03 Herato0301 4075001.0 4075000.0 0.09712116506 0.08305555324 0.09607217742 0.11686547834
Herato03 Herato0301 4125001.0 4125000.0 0.062554144476 0.058544762688 0.063117509626 0.066913677702
Herato03 Herato0301 4175001.0 4175000.0 0.075084804188 0.066330744468 0.075149338074 0.083805734158
Herato03 Herato0301 4225001.0 4225000.0 0.0981829889 0.0935687985 0.0985139829 0.1024697826
Herato03 Herato0301 4275001.0 4275000.0 0.09240701788 0.08846314524 0.0927880494 0.09594334392
Herato03 Herato0301 4325001.0 4325000.0 0.08336994116 0.07961058882 0.0835105202 0.08718565222
Herato03 Herato0301 4375001.0 4375000.0 0.08419730244 0.07924598196 0.08483243958 0.0866701833
Herato03 Herato0301 4425001.0 4425000.0 0.079165054 0.07229325178 0.07928749444 0.08815604498
Herato03 Herato0301 4475001.0 4475000.0 0.0458354591215 0.0398212437461 0.0457115760978 0.0516259469968
Herato03 Herato0301 4525001.0 4525000.0 0.063721493192 0.050725408078 0.064152475084 0.07383871746
Herato03 Herato0301 4575001.0 4575000.0 0.0550261433608 0.0537291484912 0.0549497914628 0.057304168938
Herato03 Herato0301 4625001.0 4625000.0 0.071966103066 0.067500947938 0.072640871842 0.074727317874
Herato03 Herato0301 4675001.0 4675000.0 0.04437363006 0.04140569242 0.0441308106 0.04821930878
Herato03 Herato0301 4725001.0 4725000.0 0.0335417537694 0.0298521581517 0.0334190513094 0.0377894031358
Herato03 Herato0301 4775001.0 4775000.0 0.042129539058 0.034795831454 0.042442347922 0.04991898672
Herato03 Herato0301 4825001.0 4825000.0 0.041277874368 0.034138240056 0.041318639998 0.047718894322
Herato03 Herato0301 4875001.0 4875000.0 0.04095073936 0.03419994218 0.04062178768 0.05046388862
Herato03 Herato0301 4925001.0 4925000.0 0.0456534866107 0.0351708933214 0.044515521023 0.0607706381763
Herato03 Herato0301 4975001.0 4975000.0 0.0803716306524 0.0697183739713 0.0803798111614 0.0884357999098
Herato03 Herato0301 5004950.0 5025000.0 0.124782558093 0.116577591433 0.124017599515 0.134894681754
Herato03 Herato0302 5034900.0 25000.0 0.10853369492 0.09580898192 0.10800739682 0.11863890508
Herato03 Herato0302 5073145.0 75000.0 0.0920142177425 0.0778337762552 0.0923363485466 0.105474009098
Herato03 Herato0303 5111391.0 25000.0 0.054000196088 0.04887554933 0.054084798978 0.058621511916
Herato03 Herato0303 5161391.0 75000.0 0.0669109026 0.0665973108 0.0667650924 0.0681572802
Herato03 Herato0303 5211391.0 125000.0 0.116984987911 0.103747057524 0.117477502916 0.130043726383
Herato03 Herato0303 5258023.0 175000.0 0.0672647475499 0.0617745114645 0.0668969819249 0.0733360257489
Herato03 Herato0304 5304656.0 25000.0 0.101500048882 0.088341080781 0.100740461028 0.119213446154
Herato03 Herato0304 5354656.0 75000.0 0.11741288496 0.1047800486 0.117100278 0.12698250752
Herato03 Herato0304 5383432.0 125000.0 0.0986478204449 0.0975168511653 0.0981700834216 0.102040728284
Herato03 Herato0305 5412209.0 25000.0 0.07962016496 0.07154530448 0.0789610139 0.08779995398
Herato03 Herato0305 5443238.0 75000.0 0.0305822478023 0.0135318373694 0.0330759650854 0.0374480923868
Herato03 Herato0306 5461528.0 25000.0 0.105385450106 0.0643576420396 0.103265384729 0.156452796211
Herato03 Herato0307 5498789.0 25000.0 0.130240902651 0.120726814252 0.130045495868 0.141496015038
Herato03 Herato0307 5548789.0 75000.0 0.1201751328 0.1162594032 0.118167576 0.126913368
Herato03 Herato0307 5598789.0 125000.0 0.1149116975 0.110762401238 0.112652635888 0.1260487674
Herato03 Herato0307 5626970.0 175000.0 0.0341486374826 0.0284621261483 0.0336815199208 0.0432093465388
Herato03 Herato0308 5655152.0 25000.0 0.02903666296 0.02642385584 0.02885761832 0.03210613888
Herato03 Herato0308 5705152.0 75000.0 0.0454153945378 0.0319200902101 0.0402319474208 0.0668713252872
Herato03 Herato0308 5751256.5 125000.0 0.0591904844464 0.0490357999476 0.0593943750243 0.0697055691037
Herato03 Herato0309 5797362.0 25000.0 0.05813878984 0.05238234788 0.05808239628 0.06547790672
Herato03 Herato0309 5847362.0 75000.0 0.0826740719 0.07784377164 0.08191896818 0.08790471628
Herato03 Herato0309 5897362.0 125000.0 0.080620644976 0.0562053795934 0.081329457038 0.10104842555
Herato03 Herato0309 5937708.0 175000.0 0.115728244747 0.086075267008 0.106127096875 0.172408334846
Herato03 Herato0310 5978055.0 25000.0 0.054393930662 0.047765083166 0.052946939678 0.0668962501
Herato03 Herato0310 6028055.0 75000.0 0.0703107898 0.0659906482 0.07005527154 0.07574615454
Herato03 Herato0310 6078055.0 125000.0 0.07828325512 0.074084803044 0.07818824414 0.08321236996
Herato03 Herato0310 6128055.0 175000.0 0.0671846248 0.06666866608 0.06683265296 0.07011739016
Herato03 Herato0310 6178055.0 225000.0 0.05795778072 0.05585936478 0.05782347214 0.0617823606
Herato03 Herato0310 6228055.0 275000.0 0.063894613594 0.0536563658444 0.0645814923418 0.074649888086
Herato03 Herato0310 6278055.0 325000.0 0.12986541786 0.118380565812 0.12949969993 0.14396584581
Herato03 Herato0310 6328055.0 375000.0 0.08178716046 0.07439500386 0.08231624246 0.08611754212
Herato03 Herato0310 6378055.0 425000.0 0.0671627366 0.064699492818 0.0672219635 0.06964311266
Herato03 Herato0310 6428055.0 475000.0 0.069431505718 0.0651114945416 0.0689576042876 0.074596387956
Herato03 Herato0310 6478055.0 525000.0 0.082053251124 0.070483831382 0.081645409798 0.097088349804
Herato03 Herato0310 6528055.0 575000.0 0.07718261228 0.0670033861 0.07733117388 0.08521018782
Herato03 Herato0310 6578055.0 625000.0 0.0857558473586 0.0802892873401 0.0855795816719 0.0915997552514
Herato03 Herato0310 6628055.0 675000.0 0.091908373902 0.08564199122 0.091928703074 0.098171308196
Herato03 Herato0310 6678055.0 725000.0 0.08291081736 0.075793475756 0.083083338976 0.089368743416
Herato03 Herato0310 6728055.0 775000.0 0.0869677476248 0.0764650169277 0.0867072202152 0.100266905156
Herato03 Herato0310 6778055.0 825000.0 0.0679532799 0.056683219608 0.06622856523 0.089250032956
Herato03 Herato0310 6828055.0 875000.0 0.06931589428 0.06555995172 0.06916678064 0.073443669
Herato03 Herato0310 6878055.0 925000.0 0.134193522516 0.12378017165 0.133820710656 0.14522004942
Herato03 Herato0310 6928055.0 975000.0 0.04954326891 0.046120103408 0.049655978842 0.053385715974
Herato03 Herato0310 6978055.0 1025000.0 0.0454802151914 0.0413627035959 0.0449907363628 0.05162833257
Herato03 Herato0310 7028055.0 1075000.0 0.068564488344 0.0609782110198 0.0682333694856 0.0793515606872
Herato03 Herato0310 7078055.0 1125000.0 0.047966942718 0.0430992596611 0.047821610864 0.054398389092
Herato03 Herato0310 7128055.0 1175000.0 0.128378937881 0.121331520919 0.128699688316 0.13467779998
Herato03 Herato0310 7178055.0 1225000.0 0.076719212238 0.070672996094 0.076911593024 0.081060200888
Herato03 Herato0310 7228055.0 1275000.0 0.0442515393804 0.0416342292528 0.0441147994734 0.0475144849148
Herato03 Herato0310 7278055.0 1325000.0 0.06832086578 0.06458465546 0.06878195152 0.0713764014
Herato03 Herato0310 7328055.0 1375000.0 0.0543648883782 0.0523365439444 0.0545750756322 0.056923880227
Herato03 Herato0310 7378055.0 1425000.0 0.064049089976 0.058366418566 0.06401408612 0.070169691348
Herato03 Herato0310 7428055.0 1475000.0 0.0611237855624 0.0567439396351 0.0607066321654 0.0659851528128
Herato03 Herato0310 7478055.0 1525000.0 0.075771466328 0.068740727824 0.075554338654 0.08438611486
Herato03 Herato0310 7528055.0 1575000.0 0.0932166192342 0.0843662373224 0.092089878178 0.10499776139
Herato03 Herato0310 7578055.0 1625000.0 0.09024919374 0.08543372114 0.09057263394 0.09493614392
Herato03 Herato0310 7628055.0 1675000.0 0.09574524379 0.0802912047168 0.098221782383 0.111951466994
Herato03 Herato0310 7678055.0 1725000.0 0.05666382006 0.05143542408 0.0562389104 0.0637262563
Herato03 Herato0310 7728055.0 1775000.0 0.085400122742 0.078727261086 0.085207070572 0.09225774962
Herato03 Herato0310 7778055.0 1825000.0 0.08871745116 0.08552057904 0.08856045744 0.09287528484
Herato03 Herato0310 7828055.0 1875000.0 0.09659561508 0.0812098353095 0.0962585721726 0.1163379444
Herato03 Herato0310 7878055.0 1925000.0 0.077545731168 0.067519305818 0.076802231276 0.089116447834
Herato03 Herato0310 7928055.0 1975000.0 0.0907859263472 0.0813383014267 0.0906898168164 0.100599758502
Herato03 Herato0310 7978055.0 2025000.0 0.10187078026 0.0977208338 0.1015340545 0.10742798976
Herato03 Herato0310 8028055.0 2075000.0 0.131041579696 0.122186685461 0.131201499346 0.13958183804
Herato03 Herato0310 8078055.0 2125000.0 0.06806851804 0.061156389946 0.0680564955926 0.075556281844
Herato03 Herato0310 8128055.0 2175000.0 0.0885041678758 0.0600696371101 0.085643134514 0.137949445697
Herato03 Herato0310 8178055.0 2225000.0 0.133769878476 0.118001767548 0.134356152727 0.150456282992
Herato03 Herato0310 8228055.0 2275000.0 0.094158448588 0.086457850236 0.095024846462 0.10154564342
Herato03 Herato0310 8278055.0 2325000.0 0.06148549128 0.05405676898 0.06099190694 0.06999721052
Herato03 Herato0310 8328055.0 2375000.0 0.080891585618 0.073073614138 0.080074077252 0.089891341326
Herato03 Herato0310 8378055.0 2425000.0 0.04179692105 0.03633842418 0.041684528528 0.047363270282
Herato03 Herato0310 8428055.0 2475000.0 0.070873632744 0.0666777417101 0.0707311924354 0.07582836598
Herato03 Herato0310 8478055.0 2525000.0 0.0552039909131 0.0521972083344 0.0548271766557 0.059224124934
Herato03 Herato0310 8528055.0 2575000.0 0.0537343122542 0.0483621032276 0.0535700615892 0.0596695293652
Herato03 Herato0310 8578055.0 2625000.0 0.085521027888 0.0793662719932 0.08573626485 0.090366543252
Herato03 Herato0310 8628055.0 2675000.0 0.0398201109486 0.0359991818663 0.0396291758922 0.0442060054399
Herato03 Herato0310 8678055.0 2725000.0 0.07677205691 0.072978696032 0.076419486408 0.081947234548
Herato03 Herato0310 8728055.0 2775000.0 0.0679849550458 0.0594943720639 0.0677905073466 0.078430626087
Herato03 Herato0310 8778055.0 2825000.0 0.06246740974 0.058225374586 0.06209532954 0.06669212566
Herato03 Herato0310 8828055.0 2875000.0 0.0824693280131 0.0737297495616 0.0817277526193 0.0941423803034
Herato03 Herato0310 8878055.0 2925000.0 0.0754246338094 0.0697571988072 0.07508566631 0.0820045584642
Herato03 Herato0310 8928055.0 2975000.0 0.077791200926 0.066505209464 0.079262557156 0.08848217794
Herato03 Herato0310 8978055.0 3025000.0 0.045944090952 0.042189336738 0.045508646666 0.050282845486
Herato03 Herato0310 9028055.0 3075000.0 0.0776146984458 0.0678174929409 0.0774814383004 0.0878437061522
Herato03 Herato0310 9078055.0 3125000.0 0.0723915931912 0.0618874549604 0.072089407665 0.082688883298
Herato03 Herato0310 9128055.0 3175000.0 0.07852961325 0.0657967305589 0.077602334712 0.096469776726
Herato03 Herato0310 9178055.0 3225000.0 0.0737369702301 0.0605727387551 0.0729667943012 0.0908619984437
Herato03 Herato0310 9228055.0 3275000.0 0.065363172772 0.044137410474 0.06361932514 0.101021988042
Herato03 Herato0310 9278055.0 3325000.0 0.06681451596 0.06397841346 0.06652339748 0.0712083402
Herato03 Herato0310 9328055.0 3375000.0 0.067773921326 0.0564098657624 0.066920939726 0.084833969888
Herato03 Herato0310 9378055.0 3425000.0 0.066320234246 0.059752543532 0.06591428208 0.0751786937
Herato03 Herato0310 9428055.0 3475000.0 0.0797893547216 0.0717842487518 0.0797314461462 0.0886660549836
Herato03 Herato0310 9478055.0 3525000.0 0.1012612344 0.099991971 0.101291217 0.10294026
Herato03 Herato0310 9528055.0 3575000.0 0.044286147926 0.041628404476 0.044265762388 0.04723715252
Herato03 Herato0310 9578055.0 3625000.0 0.037529046894 0.033050456548 0.037420694398 0.04298561561
Herato03 Herato0310 9628055.0 3675000.0 0.037137524508 0.0338849155452 0.03684600729 0.040623660164
Herato03 Herato0310 9678055.0 3725000.0 0.06972300012 0.064722539966 0.0697197307 0.07550747624
Herato03 Herato0310 9728055.0 3775000.0 0.066826293416 0.060927046894 0.066384611572 0.073806947224
Herato03 Herato0310 9778055.0 3825000.0 0.04124911896 0.037913494792 0.04128623398 0.04521131812
Herato03 Herato0310 9828055.0 3875000.0 0.0396107903968 0.0358895780082 0.0398935854014 0.0428837774192
Herato03 Herato0310 9878055.0 3925000.0 0.058564497911 0.0483652703846 0.0582046112098 0.070764881166
Herato03 Herato0310 9928055.0 3975000.0 0.0635633865392 0.0519126541157 0.0628427692503 0.0809220411562
Herato03 Herato0310 9978055.0 4025000.0 0.0337754981245 0.0303155840196 0.0338164720586 0.0369274056524
Herato03 Herato0310 10028055.0 4075000.0 0.0463621542079 0.0401498399999 0.0452287695283 0.055206517698
Herato03 Herato0310 10078055.0 4125000.0 0.059922327169 0.0499910946882 0.0590793171775 0.071271117983
Herato03 Herato0310 10128055.0 4175000.0 0.03852323891 0.0341482976214 0.0386919455286 0.042905058834
Herato03 Herato0310 10178055.0 4225000.0 0.0394485638383 0.0334527676052 0.0393248703255 0.0466521735148
Herato03 Herato0310 10228055.0 4275000.0 0.0253059350857 0.0223171969741 0.0251420027923 0.0292866109992
Herato03 Herato0310 10278055.0 4325000.0 0.01787402553 0.015246857778 0.017889425726 0.020818955396
Herato03 Herato0310 10328055.0 4375000.0 0.0563879637068 0.052604924171 0.0569460031586 0.059340253954
Herato03 Herato0310 10378055.0 4425000.0 0.0598719761806 0.0557203439976 0.059950960086 0.064071429346
Herato03 Herato0310 10428055.0 4475000.0 0.0635348979 0.05891399365 0.0633335040126 0.068787954076
Herato03 Herato0310 10478055.0 4525000.0 0.077961012508 0.0523514431283 0.075037190411 0.121025472048
Herato03 Herato0310 10528055.0 4575000.0 0.095353872328 0.09036047387 0.094968019896 0.10435391231
Herato03 Herato0310 10578055.0 4625000.0 0.04875894462 0.0406781157146 0.0480607792585 0.06064794598
Herato03 Herato0310 10628055.0 4675000.0 0.05492907538 0.052027462758 0.054925244288 0.058104878842
Herato03 Herato0310 10678055.0 4725000.0 0.036106836572 0.0324044773552 0.0362880248448 0.0398885429156
Herato03 Herato0310 10728055.0 4775000.0 0.05854860232 0.05218223018 0.05913925138 0.06506199764
Herato03 Herato0310 10778055.0 4825000.0 0.0561452759184 0.0522809043541 0.0562645951124 0.0599235810072
Herato03 Herato0310 10828055.0 4875000.0 0.06365988254 0.0529578373 0.06318570272 0.07742504502
Herato03 Herato0310 10878055.0 4925000.0 0.07648108956 0.06860833988 0.07603897188 0.08653520856
Herato03 Herato0310 10928055.0 4975000.0 0.05848216416 0.05368549884 0.05835326764 0.0642384824
Herato03 Herato0310 10978055.0 5025000.0 0.0580975982268 0.0533807030602 0.0574198165868 0.065564971097
Herato03 Herato0310 11028055.0 5075000.0 0.044850779666 0.0394157737 0.045106486782 0.048600037566
Herato03 Herato0310 11078055.0 5125000.0 0.07549721776 0.07222956474 0.07503722184 0.08299839454
Herato03 Herato0310 11128055.0 5175000.0 0.05658353814 0.0538910896 0.05643239744 0.05931128646
Herato03 Herato0310 11178055.0 5225000.0 0.07196809864 0.06605240788 0.07175880022 0.07949148018
Herato03 Herato0310 11228055.0 5275000.0 0.056938751988 0.052578352266 0.056913340866 0.0626043041
Herato03 Herato0310 11278055.0 5325000.0 0.06091678776 0.0567728203 0.06105402214 0.06583044606
Herato03 Herato0310 11328055.0 5375000.0 0.102638089324 0.095637718506 0.102403942212 0.11123177486
Herato03 Herato0310 11378055.0 5425000.0 0.0617243334 0.05939062882 0.06133395258 0.06576987156
Herato03 Herato0310 11428055.0 5475000.0 0.044411151348 0.041147458248 0.044405560616 0.047692704524
Herato03 Herato0310 11478055.0 5525000.0 0.080675512642 0.0717245176248 0.080750174228 0.089203631294
Herato03 Herato0310 11528055.0 5575000.0 0.08962023708 0.085471401 0.08899781208 0.09506869656
Herato03 Herato0310 11578055.0 5625000.0 0.06772686264 0.06740137056 0.06764622384 0.068491337
Herato03 Herato0310 11628055.0 5675000.0 0.08024838456 0.075619569856 0.079860705032 0.087183711812
Herato03 Herato0310 11678055.0 5725000.0 0.06646825248 0.0586944626 0.06497192694 0.081051988
Herato03 Herato0310 11728055.0 5775000.0 0.096719759196 0.0717600899808 0.0985741793228 0.118712844758
Herato03 Herato0310 11778055.0 5825000.0 0.055761099558 0.052495786828 0.055669077942 0.059873696308
Herato03 Herato0310 11828055.0 5875000.0 0.09645676342 0.0943563388 0.09596259692 0.10074169544
Herato03 Herato0310 11878055.0 5925000.0 0.075460937448 0.066671681186 0.074832620888 0.087405470512
Herato03 Herato0310 11928055.0 5975000.0 0.045133622272 0.044460427604 0.044902895148 0.046685560858
Herato03 Herato0310 11978055.0 6025000.0 0.077586873415 0.0681276520448 0.0774239689346 0.0879259090498
Herato03 Herato0310 12028055.0 6075000.0 0.053480912932 0.0488798895806 0.0532707954848 0.0590055151318
Herato03 Herato0310 12078055.0 6125000.0 0.06731045468 0.0615111532 0.06707377674 0.07467152662
Herato03 Herato0310 12128055.0 6175000.0 0.0570222278316 0.0514512216386 0.0566307312644 0.0633941039562
Herato03 Herato0310 12178055.0 6225000.0 0.0804371546442 0.0724509778406 0.0800484916016 0.0898416835416
Herato03 Herato0310 12228055.0 6275000.0 0.055708688264 0.0472483415218 0.055379227732 0.065429637424
Herato03 Herato0310 12278055.0 6325000.0 0.0992639757 0.08108751194 0.0985248706 0.11994979674
Herato03 Herato0310 12328055.0 6375000.0 0.069882001956 0.0611722830772 0.070684050472 0.079711758368
Herato03 Herato0310 12378055.0 6425000.0 0.079676545698 0.073851648078 0.079467540936 0.086133128888
Herato03 Herato0310 12428055.0 6475000.0 0.068196239522 0.0567984212352 0.0677346148702 0.0819972208562
Herato03 Herato0310 12478055.0 6525000.0 0.0427271021514 0.0388877483773 0.042538083006 0.0475482750818
Herato03 Herato0310 12528055.0 6575000.0 0.05719076968 0.047620320408 0.056498434608 0.069360187098
Herato03 Herato0310 12578055.0 6625000.0 0.0611073454683 0.053744171058 0.0607014908108 0.0707764874106
Herato03 Herato0310 12628055.0 6675000.0 0.05866076324 0.05273724304 0.05868777036 0.06470778192
Herato03 Herato0310 12678055.0 6725000.0 0.152320948242 0.137139542261 0.151774933916 0.170236472706
Herato03 Herato0310 12728055.0 6775000.0 0.097347129012 0.089045260654 0.096273867474 0.106999782044
Herato03 Herato0310 12778055.0 6825000.0 0.107434625506 0.0969884932765 0.106764724383 0.119892471139
Herato03 Herato0310 12828055.0 6875000.0 0.13796659281 0.124322186262 0.136826868856 0.156944614693
Herato03 Herato0310 12878055.0 6925000.0 0.100054271741 0.0843022053839 0.0957749851104 0.136585071904
Herato03 Herato0310 12928055.0 6975000.0 0.049275108912 0.0304094125914 0.048982101737 0.064947590433
Herato03 Herato0310 12978055.0 7025000.0 0.10416054611 0.0820135657147 0.101028807465 0.140693019363
Herato03 Herato0310 13028055.0 7075000.0 0.0597139512828 0.0465440698551 0.0582363211116 0.091173306112
Herato03 Herato0310 13078055.0 7125000.0 0.0589256486799 0.0377292534431 0.0548205072009 0.0988404398574
Herato03 Herato0310 13128055.0 7175000.0 0.0487364371776 0.0369128436412 0.0476255449712 0.067709417315
Herato03 Herato0310 13178055.0 7225000.0 0.026856462944 0.0199143516763 0.0261677731334 0.0387033825758
Herato03 Herato0310 13228055.0 7275000.0 0.046588070812 0.039981499664 0.046547367216 0.052827153218
Herato03 Herato0310 13278055.0 7325000.0 0.0540393953152 0.0477815557091 0.0540441904278 0.0611110288408
Herato03 Herato0310 13328055.0 7375000.0 0.0373524780488 0.035325951181 0.0372717798196 0.0396564535276
Herato03 Herato0310 13378055.0 7425000.0 0.0624581264 0.05753074334 0.0625960004 0.06743531886
Herato03 Herato0310 13428055.0 7475000.0 0.081392782068 0.073414147268 0.081194427332 0.0910253979
Herato03 Herato0310 13478055.0 7525000.0 0.088536806852 0.076644902696 0.087810094334 0.100327872224
Herato03 Herato0310 13528055.0 7575000.0 0.0848151241684 0.0772300655582 0.0848568817556 0.0919403769656
Herato03 Herato0310 13578055.0 7625000.0 0.063687939084 0.057119631778 0.063597194566 0.070159322248
Herato03 Herato0310 13628055.0 7675000.0 0.070565939172 0.0614928719798 0.069013504646 0.090744649168
Herato03 Herato0310 13678055.0 7725000.0 0.065684131702 0.0570919491418 0.0652124400614 0.0769532035796
Herato03 Herato0310 13728055.0 7775000.0 0.056430390338 0.052682222326 0.056313588538 0.061130488744
Herato03 Herato0310 13778055.0 7825000.0 0.052654682234 0.047717084008 0.05217109525 0.06151565026
Herato03 Herato0310 13828055.0 7875000.0 0.076240527164 0.061575907206 0.075882877338 0.09228889978
Herato03 Herato0310 13878055.0 7925000.0 0.09961963178 0.08973923136 0.09852724776 0.11640543652
Herato03 Herato0310 13928055.0 7975000.0 0.040250687946 0.03139240856 0.039328201124 0.054156889234
Herato03 Herato0310 13978055.0 8025000.0 0.06261560243 0.05662011783 0.06231801951 0.069105926142
Herato03 Herato0310 14028055.0 8075000.0 0.0529565926328 0.0493139571964 0.0528602987532 0.056903692704
Herato03 Herato0310 14078055.0 8125000.0 0.05468452674 0.05102862708 0.0547839253 0.05805069396
Herato03 Herato0310 14128055.0 8175000.0 0.06934938934 0.062204754216 0.0684432171 0.07710156996
Herato03 Herato0310 14178055.0 8225000.0 0.063138184772 0.057768912078 0.063015310148 0.068436923964
Herato03 Herato0310 14228055.0 8275000.0 0.104376222834 0.09429639179 0.105102469478 0.115744846772
Herato03 Herato0310 14278055.0 8325000.0 0.09101882458 0.08651108928 0.09083513116 0.09590479822
Herato03 Herato0310 14328055.0 8375000.0 0.059689946734 0.055649989426 0.05978739183 0.063804557548
Herato03 Herato0310 14378055.0 8425000.0 0.0711440689726 0.0628795244329 0.0709091549422 0.0835414741374
Herato03 Herato0310 14428055.0 8475000.0 0.0465437287408 0.0430476950112 0.0466636078287 0.0502699835734
Herato03 Herato0310 14478055.0 8525000.0 0.10168399988 0.0906760674208 0.101178510953 0.12781455346
Herato03 Herato0310 14528055.0 8575000.0 0.0653184043728 0.0595636059403 0.0650929359976 0.07294476597
Herato03 Herato0310 14578055.0 8625000.0 0.055290653608 0.0486348039002 0.054965098442 0.06471742352
Herato03 Herato0310 14628055.0 8675000.0 0.04663431556 0.0439744779 0.04640889482 0.04954538134
Herato03 Herato0310 14678055.0 8725000.0 0.047019987216 0.041977011932 0.046928750898 0.053278080134
Herato03 Herato0310 14728055.0 8775000.0 0.045503399556 0.040196871014 0.045205308922 0.051740302796
Herato03 Herato0310 14778055.0 8825000.0 0.0420799511646 0.0382034809984 0.0424551448396 0.045419982386
Herato03 Herato0310 14828055.0 8875000.0 0.05289291783 0.049016370522 0.052442698416 0.05825681019
Herato03 Herato0310 14878055.0 8925000.0 0.0570075458464 0.0523846584054 0.0567690119076 0.0629792438828
Herato03 Herato0310 14928055.0 8975000.0 0.087532053615 0.0485282299767 0.0812013617684 0.155591587666
Herato03 Herato0310 14978055.0 9025000.0 0.030341862248 0.027666410454 0.030312027832 0.0331484351
Herato03 Herato0310 15028055.0 9075000.0 0.0532124277788 0.0492983497342 0.0534034434998 0.05618298725
Herato03 Herato0310 15078055.0 9125000.0 0.048255381058 0.044861120988 0.048265333434 0.051167028304
Herato03 Herato0310 15128055.0 9175000.0 0.042836941966 0.0315864124314 0.0426449708214 0.05777135557
Herato03 Herato0310 15178055.0 9225000.0 0.052541336086 0.042339446504 0.052241294526 0.06480661744
Herato03 Herato0310 15228055.0 9275000.0 0.0395178118576 0.0342414312042 0.0378352835404 0.0485922327984
Herato03 Herato0310 15278055.0 9325000.0 0.046984226254 0.041224241374 0.046887568876 0.054485829672
Herato03 Herato0310 15328055.0 9375000.0 0.05181480173 0.049610174586 0.05148613575 0.05509860767
Herato03 Herato0310 15378055.0 9425000.0 0.070421225751 0.0631414231208 0.0698202119612 0.080976958903
Herato03 Herato0310 15428055.0 9475000.0 0.079350391642 0.0559490471243 0.0768574041097 0.114286756954
Herato03 Herato0310 15478055.0 9525000.0 0.042642141532 0.0378190142628 0.04260028538 0.04797988921
Herato03 Herato0310 15528055.0 9575000.0 0.054453407368 0.048005496954 0.053100967034 0.069153548932
Herato03 Herato0310 15578055.0 9625000.0 0.060503988556 0.057420938928 0.060526030328 0.063998986442
Herato03 Herato0310 15628055.0 9675000.0 0.064053608878 0.0589054985742 0.0639323015534 0.069555478998
Herato03 Herato0310 15678055.0 9725000.0 0.0462587074134 0.0423242926212 0.045533895342 0.05153980449
Herato03 Herato0310 15728055.0 9775000.0 0.066779049674 0.06220625409 0.066401197706 0.071995952748
Herato03 Herato0310 15778055.0 9825000.0 0.0616211547912 0.0574817585579 0.0611385678808 0.0666115126624
Herato03 Herato0310 15828055.0 9875000.0 0.0767067669712 0.0552293061749 0.0759099471542 0.100357122435
Herato03 Herato0310 15878055.0 9925000.0 0.065915678564 0.058669935748 0.06585514965 0.074287997348
Herato03 Herato0310 15928055.0 9975000.0 0.0651122125552 0.0599487521093 0.065397196684 0.070310141959
Herato03 Herato0310 15978055.0 10025000.0 0.048151546844 0.0415275414176 0.048133965718 0.054978373866
Herato03 Herato0310 16028055.0 10075000.0 0.06295085658 0.05831444916 0.06310668122 0.06789881954
Herato03 Herato0310 16078055.0 10125000.0 0.0585935121227 0.0479687874745 0.0588802473344 0.071105504974
Herato03 Herato0310 16128055.0 10175000.0 0.059130717895 0.0497499674589 0.0589558893272 0.0699414611738
Herato03 Herato0310 16178055.0 10225000.0 0.0568579802756 0.0531879122858 0.0566697941816 0.0615969513212
Herato03 Herato0310 16228055.0 10275000.0 0.048028922944 0.042231011936 0.047797414366 0.055222616304
Herato03 Herato0310 16278055.0 10325000.0 0.044014759206 0.0385782798472 0.0440861789864 0.049387851892
Herato03 Herato0310 16328055.0 10375000.0 0.0406869509066 0.0354724252585 0.0406134816556 0.047812367196
Herato03 Herato0310 16378055.0 10425000.0 0.0495778587702 0.0439039684645 0.0492874679375 0.0567797129888
Herato03 Herato0310 16428055.0 10475000.0 0.065688808442 0.0584760087532 0.0656979509728 0.073846808626
Herato03 Herato0310 16478055.0 10525000.0 0.035302546928 0.031230385252 0.035236105134 0.039590613452
Herato03 Herato0310 16528055.0 10575000.0 0.0312880216042 0.0233194684813 0.0308519341524 0.04252233992
