chrom scaffold Cposition position mean p0025 p0500 p0975
Herato11 Herato1101 25001.0 25000.0 0.090546419132 0.07104187903 0.090010668176 0.116442523872
Herato11 Herato1101 58818.0 75000.0 0.124213979245 0.0973611009357 0.121429946274 0.172805995463
Herato11 Herato1102 92636.0 25000.0 0.091175567764 0.066363077252 0.088748352048 0.128116245316
Herato11 Herato1102 142636.0 75000.0 0.132631179994 0.115397076555 0.132634455418 0.154041348202
Herato11 Herato1102 192636.0 125000.0 0.13825572592 0.11665835928 0.13681873552 0.169371029
Herato11 Herato1102 242636.0 175000.0 0.177125468674 0.140714897994 0.1729170235 0.2349484994
Herato11 Herato1102 292636.0 225000.0 0.23326593254 0.199394324578 0.23195563036 0.27190360756
Herato11 Herato1102 342636.0 275000.0 0.265525873052 0.233289564673 0.262678428208 0.305152587312
Herato11 Herato1102 392636.0 325000.0 0.2164847218 0.2101641214 0.2157454054 0.2286265326
Herato11 Herato1102 442636.0 375000.0 0.122775109638 0.11108202216 0.122402581716 0.133044258494
Herato11 Herato1102 492636.0 425000.0 0.12607086502 0.11768639964 0.1261924725 0.13384717178
Herato11 Herato1102 542636.0 475000.0 0.1596251544 0.151117897 0.1598960256 0.1666262738
Herato11 Herato1102 592636.0 525000.0 0.21085598072 0.19944539824 0.2099798377 0.2242269884
Herato11 Herato1102 642636.0 575000.0 0.167490895888 0.15479291909 0.166552371052 0.18614357122
Herato11 Herato1102 692636.0 625000.0 0.24997390555 0.228896072554 0.251035550532 0.26678668342
Herato11 Herato1102 742636.0 675000.0 0.212410071681 0.2043935872 0.212444947316 0.222291658044
Herato11 Herato1102 792636.0 725000.0 0.24491449602 0.2328519803 0.24466072126 0.25814626926
Herato11 Herato1102 842636.0 775000.0 0.19740908846 0.18672082616 0.196857063874 0.210111035248
Herato11 Herato1102 892636.0 825000.0 0.2123668146 0.2084137932 0.212266335 0.21870732
Herato11 Herato1102 942636.0 875000.0 0.175939318666 0.152503257757 0.174774521778 0.210244776859
Herato11 Herato1102 992636.0 925000.0 0.22573426136 0.20814060978 0.22489392662 0.24334671346
Herato11 Herato1102 1042636.0 975000.0 0.177191189324 0.159878078014 0.176925584298 0.19560640252
Herato11 Herato1102 1092636.0 1025000.0 0.210754740891 0.167393372634 0.202944392439 0.273646589693
Herato11 Herato1102 1142636.0 1075000.0 0.341034779316 0.30119952698 0.33915820338 0.38578236648
Herato11 Herato1102 1192636.0 1125000.0 0.103706677815 0.0815117366673 0.100247300677 0.148412435073
Herato11 Herato1102 1226704.0 1175000.0 0.0975796250551 0.0931420732245 0.0960911380679 0.10656636524
Herato11 Herato1103 1260773.0 25000.0 0.296335436786 0.253127106492 0.29468564445 0.34911576869
Herato11 Herato1103 1310773.0 75000.0 0.313912658052 0.294971829494 0.312873637276 0.33743517434
Herato11 Herato1103 1342560.5 125000.0 0.21800546814 0.199847416575 0.218549714917 0.234679210313
Herato11 Herato1104 1365110.0 25000.0 0.213235882602 0.19300352489 0.211613161075 0.239721315014
Herato11 Herato1105 1405872.0 25000.0 0.23104403404 0.201661869582 0.22913011683 0.265605830026
Herato11 Herato1105 1440229.5 75000.0 0.20293121229 0.170332708047 0.202939992717 0.237686357008
Herato11 Herato1106 1474588.0 25000.0 0.250412007208 0.233704866496 0.25080684183 0.27190169439
Herato11 Herato1106 1524588.0 75000.0 0.32464211246 0.28132946144 0.32565776052 0.36275791712
Herato11 Herato1106 1574588.0 125000.0 0.374932556006 0.311308215515 0.368795379925 0.485255550912
Herato11 Herato1106 1624588.0 175000.0 0.214726113918 0.19160269914 0.214446255274 0.245256607532
Herato11 Herato1106 1662012.5 225000.0 0.280859525937 0.251307809167 0.284006114532 0.307728746428
Herato11 Herato1107 1699438.0 25000.0 0.13001836491 0.118253661138 0.129710019951 0.140681500508
Herato11 Herato1107 1730167.5 75000.0 0.330409128109 0.294950941007 0.330457523082 0.377507942054
Herato11 Herato1108 1760898.0 25000.0 0.14759800616 0.13508983876 0.14656095748 0.17286989996
Herato11 Herato1108 1810898.0 75000.0 0.188214520579 0.172253470749 0.188023091889 0.202285636103
Herato11 Herato1108 1860898.0 125000.0 0.214190565824 0.194937024525 0.214102063299 0.231228373631
Herato11 Herato1108 1910898.0 175000.0 0.195464893244 0.179596728723 0.194483684523 0.212096272566
Herato11 Herato1108 1960898.0 225000.0 0.218694897333 0.202023318153 0.217572022583 0.23540758482
Herato11 Herato1108 2010898.0 275000.0 0.22779365168 0.2130850236 0.22746810022 0.24534153334
Herato11 Herato1108 2060898.0 325000.0 0.258484311888 0.21546500782 0.255641875066 0.308489292766
Herato11 Herato1108 2110898.0 375000.0 0.235954436886 0.215648864092 0.235640295524 0.256094933908
Herato11 Herato1108 2160898.0 425000.0 0.255150947647 0.229160262574 0.25325092751 0.29044946438
Herato11 Herato1108 2210898.0 475000.0 0.20600955992 0.18517711926 0.20567855878 0.22408238978
Herato11 Herato1108 2260898.0 525000.0 0.293792016 0.2883151228 0.2935892224 0.3005176682
Herato11 Herato1108 2310898.0 575000.0 0.26171809993 0.246123851469 0.262318692469 0.277023568206
Herato11 Herato1108 2360898.0 625000.0 0.2259974755 0.212343149396 0.223845307288 0.2434813044
Herato11 Herato1108 2410898.0 675000.0 0.17974240376 0.1671557346 0.17898221596 0.1922152919
Herato11 Herato1108 2460898.0 725000.0 0.237178954306 0.215989778176 0.2376682212 0.25854990945
Herato11 Herato1108 2510898.0 775000.0 0.244498608642 0.227428879872 0.244242265464 0.263710133034
Herato11 Herato1108 2560898.0 825000.0 0.248894827681 0.234277041649 0.248331718444 0.261963563882
Herato11 Herato1108 2610898.0 875000.0 0.142855310827 0.134522730381 0.14183237311 0.152740322193
Herato11 Herato1108 2660898.0 925000.0 0.15773448656 0.1408025196 0.15731744232 0.17375771138
Herato11 Herato1108 2710898.0 975000.0 0.1993766838 0.1895388228 0.199256469 0.2069368018
Herato11 Herato1108 2760898.0 1025000.0 0.254710273 0.2282947076 0.2544390042 0.2851550396
Herato11 Herato1108 2810898.0 1075000.0 0.183367606509 0.171794356776 0.18202318326 0.201866028382
Herato11 Herato1108 2860898.0 1125000.0 0.187485614145 0.179776644718 0.187119384951 0.19529614248
Herato11 Herato1108 2910898.0 1175000.0 0.241181886 0.2315795982 0.2406055056 0.2528374126
Herato11 Herato1108 2960898.0 1225000.0 0.172145767366 0.157747810121 0.171806512056 0.188416434098
Herato11 Herato1108 3010898.0 1275000.0 0.168578710878 0.149588633486 0.168916915396 0.193756520954
Herato11 Herato1108 3060898.0 1325000.0 0.14053457419 0.128593108743 0.140848263653 0.151365441628
Herato11 Herato1108 3110898.0 1375000.0 0.12248810742 0.112407084774 0.122511319736 0.133185347216
Herato11 Herato1108 3160898.0 1425000.0 0.125091292224 0.116609832244 0.125121226748 0.13394183294
Herato11 Herato1108 3210898.0 1475000.0 0.16896712218 0.15613576114 0.16892223152 0.18340398376
Herato11 Herato1108 3260898.0 1525000.0 0.173045010069 0.153460670164 0.1726605389 0.194952224701
Herato11 Herato1108 3310898.0 1575000.0 0.208186579914 0.186874493508 0.208061422048 0.23137715302
Herato11 Herato1108 3360898.0 1625000.0 0.150455994065 0.140411154493 0.148564471597 0.16265979406
Herato11 Herato1108 3410898.0 1675000.0 0.126149724292 0.116020328762 0.125689889612 0.138408708516
Herato11 Herato1108 3460898.0 1725000.0 0.14174976756 0.128885926618 0.141568341762 0.1557409499
Herato11 Herato1108 3510898.0 1775000.0 0.245087982532 0.227248808414 0.243366086498 0.26900246614
Herato11 Herato1108 3560898.0 1825000.0 0.15643671564 0.13727672292 0.15620081586 0.17453974416
Herato11 Herato1108 3610898.0 1875000.0 0.19548835858 0.18365737078 0.1946609287 0.21108754424
Herato11 Herato1108 3660898.0 1925000.0 0.157963634508 0.148526017973 0.15775230834 0.168695067674
Herato11 Herato1108 3710898.0 1975000.0 0.202012915046 0.188085165536 0.201322147618 0.218660396678
Herato11 Herato1108 3760898.0 2025000.0 0.212674567426 0.197142046672 0.211946006952 0.23051371624
Herato11 Herato1108 3810898.0 2075000.0 0.22071539768 0.21047090846 0.21992459562 0.23220975286
Herato11 Herato1108 3860898.0 2125000.0 0.201796424 0.1902667568 0.2010864248 0.2115765544
Herato11 Herato1108 3910898.0 2175000.0 0.215916974976 0.19900430891 0.215244484358 0.23400877878
Herato11 Herato1108 3960898.0 2225000.0 0.116839901984 0.100554770252 0.116925116582 0.133361974972
Herato11 Herato1108 4010898.0 2275000.0 0.227348964941 0.19924536092 0.22669659804 0.258184265128
Herato11 Herato1108 4060898.0 2325000.0 0.181373884162 0.159639962608 0.180022158832 0.209171604716
Herato11 Herato1108 4110898.0 2375000.0 0.206051531776 0.177248118188 0.203874434414 0.245835593477
Herato11 Herato1108 4160898.0 2425000.0 0.118755702606 0.105248012817 0.118719215228 0.131263508362
Herato11 Herato1108 4210898.0 2475000.0 0.2012183422 0.176767479129 0.198311128246 0.235950326476
Herato11 Herato1108 4260898.0 2525000.0 0.18475326988 0.17154877142 0.1846248644 0.19851956398
Herato11 Herato1108 4310898.0 2575000.0 0.1977716635 0.175608746098 0.196386927002 0.228630667888
Herato11 Herato1108 4360898.0 2625000.0 0.15861444885 0.147221641784 0.159770139556 0.167526556854
Herato11 Herato1108 4410898.0 2675000.0 0.1841847295 0.17190076246 0.18492597796 0.19476067028
Herato11 Herato1108 4460898.0 2725000.0 0.170767072597 0.155207474183 0.170834948471 0.185510809291
Herato11 Herato1108 4510898.0 2775000.0 0.179086160677 0.150662465254 0.179970793523 0.198192485269
Herato11 Herato1108 4560898.0 2825000.0 0.105904708796 0.090473940282 0.105487275096 0.123330973164
Herato11 Herato1108 4610898.0 2875000.0 0.21466885706 0.1923764208 0.2130972542 0.24902420214
Herato11 Herato1108 4660898.0 2925000.0 0.2373451489 0.218351138474 0.23607241176 0.258379184
Herato11 Herato1108 4710898.0 2975000.0 0.20615167666 0.183285073 0.2052977489 0.23872071646
Herato11 Herato1108 4760898.0 3025000.0 0.176855933382 0.158012124089 0.176020016989 0.2009353147
Herato11 Herato1108 4810898.0 3075000.0 0.20179756874 0.17818909314 0.19905597962 0.24565152964
Herato11 Herato1108 4860898.0 3125000.0 0.1750297373 0.145098692866 0.17570639786 0.20314507926
Herato11 Herato1108 4910898.0 3175000.0 0.12180014116 0.11043322826 0.12188766252 0.13383788398
Herato11 Herato1108 4960898.0 3225000.0 0.15930350924 0.14662431362 0.15658561426 0.17851297576
Herato11 Herato1108 5010898.0 3275000.0 0.069013986226 0.059592854852 0.068653879544 0.08012814642
Herato11 Herato1108 5060898.0 3325000.0 0.20047553226 0.18784403772 0.19979899408 0.21285859064
Herato11 Herato1108 5110898.0 3375000.0 0.225627204 0.21731043802 0.22542830688 0.2347663927
Herato11 Herato1108 5160898.0 3425000.0 0.159936244914 0.142222624952 0.159333396934 0.179613184784
Herato11 Herato1108 5210898.0 3475000.0 0.114315297318 0.106521700696 0.114385871906 0.122072313516
Herato11 Herato1108 5260898.0 3525000.0 0.0933090446228 0.0786325595579 0.093388248745 0.107753686903
Herato11 Herato1108 5310898.0 3575000.0 0.096109045666 0.0751917004498 0.09343034481 0.132339083652
Herato11 Herato1108 5360898.0 3625000.0 0.09333014068 0.081794284934 0.09276947116 0.10447253644
Herato11 Herato1108 5410898.0 3675000.0 0.063581978788 0.0571378484492 0.0620891049314 0.071855757129
Herato11 Herato1108 5460898.0 3725000.0 0.127941449764 0.121761997998 0.127930539456 0.134053706924
Herato11 Herato1108 5510898.0 3775000.0 0.15418342432 0.14564385656 0.15443108872 0.16319331918
Herato11 Herato1108 5560898.0 3825000.0 0.21628018088 0.199420692522 0.216137068654 0.23440063366
Herato11 Herato1108 5610898.0 3875000.0 0.154018422 0.150944571 0.153440631 0.158400554
Herato11 Herato1108 5660898.0 3925000.0 0.13282842576 0.12810528122 0.13245009848 0.13866568662
Herato11 Herato1108 5710898.0 3975000.0 0.1846475943 0.17519148092 0.18463555448 0.20055630354
Herato11 Herato1108 5760898.0 4025000.0 0.133264379462 0.122471767874 0.133135674436 0.145148151764
Herato11 Herato1108 5810898.0 4075000.0 0.1649826294 0.1558865288 0.1661015752 0.1724511796
Herato11 Herato1108 5860898.0 4125000.0 0.144856956406 0.13600284219 0.14484411019 0.153022532138
Herato11 Herato1108 5910898.0 4175000.0 0.149195425096 0.121532352256 0.149337835704 0.177203936497
Herato11 Herato1108 5960898.0 4225000.0 0.146036668962 0.129715636926 0.145371416006 0.16549992005
Herato11 Herato1108 6010898.0 4275000.0 0.127911478704 0.103228458405 0.127799291922 0.157998216996
Herato11 Herato1108 6060898.0 4325000.0 0.0930746097767 0.0859550351808 0.0925810299007 0.0997399617229
Herato11 Herato1108 6110898.0 4375000.0 0.093989250072 0.080924163358 0.093312759932 0.10661916946
Herato11 Herato1108 6160898.0 4425000.0 0.07936218197 0.071978385052 0.079219828912 0.087423027722
Herato11 Herato1108 6210898.0 4475000.0 0.13219271812 0.11811331386 0.13100089316 0.15039128526
Herato11 Herato1108 6260898.0 4525000.0 0.10492125418 0.0944976886363 0.105981893402 0.11489273412
Herato11 Herato1108 6310898.0 4575000.0 0.149068829392 0.117767291954 0.149396762842 0.185450728168
Herato11 Herato1108 6360898.0 4625000.0 0.161027333957 0.14144219885 0.161554888663 0.177231308834
Herato11 Herato1108 6410898.0 4675000.0 0.14867328482 0.13121127406 0.14776091206 0.17211517014
Herato11 Herato1108 6460898.0 4725000.0 0.188342497131 0.180131755965 0.18817918482 0.197816986556
Herato11 Herato1108 6510898.0 4775000.0 0.18106897008 0.16696232226 0.18101634904 0.19681718396
Herato11 Herato1108 6560898.0 4825000.0 0.103919197228 0.093366931084 0.10357054723 0.114581115252
Herato11 Herato1108 6610898.0 4875000.0 0.061752748416 0.05797211826 0.061494163676 0.06569968765
Herato11 Herato1108 6660898.0 4925000.0 0.0522799066814 0.0471970793167 0.052407911633 0.0581463056986
Herato11 Herato1108 6710898.0 4975000.0 0.0611592669 0.058351959636 0.06098247404 0.06442707104
Herato11 Herato1108 6760898.0 5025000.0 0.0609613859764 0.0504629030113 0.0588239484156 0.083430425946
Herato11 Herato1108 6810898.0 5075000.0 0.0626824292 0.0579061429425 0.062575713122 0.067063790088
Herato11 Herato1108 6860898.0 5125000.0 0.08601967698 0.078656807002 0.085521862568 0.0973457837
Herato11 Herato1108 6910898.0 5175000.0 0.0684437043198 0.0583810900974 0.0680582293426 0.081279466683
Herato11 Herato1108 6960898.0 5225000.0 0.05790815493 0.0506140663428 0.05760115215 0.067052201806
Herato11 Herato1108 7010898.0 5275000.0 0.110502370268 0.0939529540788 0.11102991442 0.13037380336
Herato11 Herato1108 7060898.0 5325000.0 0.10752536046 0.09996551884 0.10725225186 0.1162211722
Herato11 Herato1108 7110898.0 5375000.0 0.17791908956 0.17459934108 0.17711099964 0.18861134268
Herato11 Herato1108 7160898.0 5425000.0 0.15797994151 0.135220117146 0.158177009998 0.17876206384
Herato11 Herato1108 7210898.0 5475000.0 0.174662652113 0.162401941573 0.174110152434 0.188030624039
Herato11 Herato1108 7260898.0 5525000.0 0.117757173538 0.111955763426 0.117791263784 0.12578922021
Herato11 Herato1108 7310898.0 5575000.0 0.138608592778 0.116831888804 0.137497444829 0.167392974516
Herato11 Herato1108 7360898.0 5625000.0 0.1640177362 0.15086646533 0.16425630002 0.1780341597
Herato11 Herato1108 7410898.0 5675000.0 0.11657620158 0.11181875114 0.1165388702 0.1225619188
Herato11 Herato1108 7460898.0 5725000.0 0.077281148866 0.0750994709244 0.0763641377988 0.081454126568
Herato11 Herato1108 7510898.0 5775000.0 0.079555069657 0.0622050464495 0.079228962142 0.0989438772193
Herato11 Herato1108 7560898.0 5825000.0 0.16072953619 0.143222894482 0.160049560276 0.182379295896
Herato11 Herato1108 7610898.0 5875000.0 0.132708611603 0.119129833713 0.131996167017 0.148418638135
Herato11 Herato1108 7660898.0 5925000.0 0.18341164402 0.17541654332 0.18199571064 0.19480495602
Herato11 Herato1108 7710898.0 5975000.0 0.15225785178 0.14495493772 0.15197284364 0.16114387586
Herato11 Herato1108 7760898.0 6025000.0 0.151955208064 0.144134302018 0.151518797812 0.160615214988
Herato11 Herato1108 7810898.0 6075000.0 0.07654332324 0.06396948579 0.076072272588 0.09120253682
Herato11 Herato1108 7860898.0 6125000.0 0.147237869525 0.124162848102 0.148313028174 0.168353043936
Herato11 Herato1108 7910898.0 6175000.0 0.138853321986 0.125189931484 0.13837087317 0.156023432006
Herato11 Herato1108 7960898.0 6225000.0 0.1324616781 0.120527992794 0.13227424116 0.14858124044
Herato11 Herato1108 8010898.0 6275000.0 0.1291594946 0.11837520578 0.1283034114 0.1421261378
Herato11 Herato1108 8060898.0 6325000.0 0.132729281658 0.115939137436 0.13701248287 0.151801387882
Herato11 Herato1108 8110898.0 6375000.0 0.13595075639 0.126518253018 0.134531424192 0.146604654013
Herato11 Herato1108 8160898.0 6425000.0 0.06432861246 0.057742170772 0.06399639156 0.07274047114
Herato11 Herato1108 8210898.0 6475000.0 0.05389594833 0.051135871192 0.053687053208 0.05794381491
Herato11 Herato1108 8260898.0 6525000.0 0.1026295272 0.09221404456 0.10206428558 0.11465795436
Herato11 Herato1108 8310898.0 6575000.0 0.111456839004 0.086252218268 0.109483915366 0.14890472958
Herato11 Herato1108 8360898.0 6625000.0 0.12956900982 0.11998357428 0.12882621044 0.14273819492
Herato11 Herato1108 8410898.0 6675000.0 0.155598850928 0.129402301406 0.149978820582 0.192616653742
Herato11 Herato1108 8460898.0 6725000.0 0.112125814368 0.104767288826 0.112058385503 0.120215143018
Herato11 Herato1108 8510898.0 6775000.0 0.130540379044 0.111935556218 0.127378513676 0.164873273776
Herato11 Herato1108 8560898.0 6825000.0 0.113112294234 0.102400693956 0.113308281552 0.12448186779
Herato11 Herato1108 8610898.0 6875000.0 0.141579436946 0.13400264638 0.141020816742 0.150627617168
Herato11 Herato1108 8660898.0 6925000.0 0.1571623798 0.14981207878 0.15651353978 0.165679263
Herato11 Herato1108 8710898.0 6975000.0 0.0843363706734 0.0724747335499 0.0833752300219 0.102481699117
Herato11 Herato1108 8760898.0 7025000.0 0.105118737386 0.0951702652 0.10534404752 0.115677611318
Herato11 Herato1108 8810898.0 7075000.0 0.181530956 0.174571016 0.1805854992 0.1904167144
Herato11 Herato1108 8860898.0 7125000.0 0.138072123182 0.13027784465 0.13835531886 0.145507034886
Herato11 Herato1108 8910898.0 7175000.0 0.125012209563 0.117453935535 0.125463608303 0.13141994366
Herato11 Herato1108 8960898.0 7225000.0 0.11706103196 0.0996284556 0.11776780666 0.13758437172
Herato11 Herato1108 9010898.0 7275000.0 0.085413145212 0.0794847249 0.08422951286 0.093009524976
Herato11 Herato1108 9060898.0 7325000.0 0.12479064662 0.110949729 0.12397492424 0.14421496578
Herato11 Herato1108 9110898.0 7375000.0 0.10348610586 0.09340053697 0.1030964564 0.11409987472
Herato11 Herato1108 9160898.0 7425000.0 0.146069327526 0.134795715626 0.14533372045 0.158673926544
Herato11 Herato1108 9210898.0 7475000.0 0.192829323244 0.178888653536 0.193337929354 0.207341144008
Herato11 Herato1108 9260898.0 7525000.0 0.244678833081 0.2188275318 0.24398789827 0.277224875831
Herato11 Herato1108 9310898.0 7575000.0 0.154630668946 0.135487264996 0.154780111058 0.17959614448
Herato11 Herato1108 9360898.0 7625000.0 0.15858123518 0.15151941464 0.15768812524 0.1678465151
Herato11 Herato1108 9410898.0 7675000.0 0.190036605 0.1802018062 0.189361701 0.2009640158
Herato11 Herato1108 9460898.0 7725000.0 0.126600895128 0.116725448192 0.126666284272 0.137054310318
Herato11 Herato1108 9510898.0 7775000.0 0.14122805096 0.11935632764 0.14071980276 0.16707170166
Herato11 Herato1108 9560898.0 7825000.0 0.14221715533 0.131125434164 0.14234504078 0.15508751494
Herato11 Herato1108 9610898.0 7875000.0 0.12812561516 0.116747903542 0.1277742016 0.14359741008
Herato11 Herato1108 9660898.0 7925000.0 0.123508181857 0.104068933338 0.123777850303 0.14934830503
Herato11 Herato1108 9710898.0 7975000.0 0.0794356176219 0.0677260500601 0.0794489013483 0.0933733515642
Herato11 Herato1108 9760898.0 8025000.0 0.17306038976 0.16044951372 0.17562540916 0.1814525656
Herato11 Herato1108 9810898.0 8075000.0 0.14689855684 0.13904036678 0.14583030324 0.15761148078
Herato11 Herato1108 9860898.0 8125000.0 0.148171255858 0.139845202872 0.148025429309 0.159395744822
Herato11 Herato1108 9910898.0 8175000.0 0.159500785173 0.153480478606 0.159401476961 0.167158601752
Herato11 Herato1108 9960898.0 8225000.0 0.168323395425 0.155456066414 0.169229010549 0.181638070698
Herato11 Herato1108 10010898.0 8275000.0 0.1577087118 0.146011717 0.15800818 0.1674502562
Herato11 Herato1108 10060898.0 8325000.0 0.16740827588 0.1537160097 0.16724591114 0.18068669162
Herato11 Herato1108 10110898.0 8375000.0 0.2629795345 0.23380818362 0.2612525627 0.29006747098
Herato11 Herato1108 10160898.0 8425000.0 0.216189853418 0.183229671666 0.215377926022 0.257481016754
Herato11 Herato1108 10210898.0 8475000.0 0.262865471165 0.245040614759 0.262147531771 0.283513915528
Herato11 Herato1108 10260898.0 8525000.0 0.179897362722 0.166631862069 0.180201052406 0.196512245884
Herato11 Herato1108 10310898.0 8575000.0 0.18836307797 0.171882185795 0.188533876578 0.204687651836
Herato11 Herato1108 10360898.0 8625000.0 0.21992026611 0.19182804204 0.220736727622 0.24506221638
Herato11 Herato1108 10410898.0 8675000.0 0.109017434536 0.098599357501 0.109019428788 0.12052309195
Herato11 Herato1108 10460898.0 8725000.0 0.093469894094 0.085378924228 0.093135920838 0.103674608572
Herato11 Herato1108 10510898.0 8775000.0 0.202938693 0.19118083302 0.20346858072 0.21726988542
Herato11 Herato1108 10560898.0 8825000.0 0.12013906854 0.08723101722 0.10601767782 0.18105032
Herato11 Herato1108 10610898.0 8875000.0 0.22301865744 0.1948739888 0.22394537698 0.25233147996
Herato11 Herato1108 10660898.0 8925000.0 0.19097438712 0.17932323308 0.19076179362 0.2042919377
Herato11 Herato1108 10710898.0 8975000.0 0.23220752684 0.2144936933 0.23359442374 0.24416331234
Herato11 Herato1108 10760898.0 9025000.0 0.21170451052 0.20048248718 0.2114001021 0.22473303804
Herato11 Herato1108 10810898.0 9075000.0 0.193166412764 0.179546371174 0.194879779226 0.204756949764
Herato11 Herato1108 10860898.0 9125000.0 0.157218551878 0.137895707418 0.155997607525 0.184475817294
Herato11 Herato1108 10910898.0 9175000.0 0.341881261 0.3250411272 0.341247245 0.3640564968
Herato11 Herato1108 10960898.0 9225000.0 0.26043767776 0.2249680269 0.2604501235 0.30481304542
Herato11 Herato1108 11010898.0 9275000.0 0.20371915612 0.1876067744 0.20249888234 0.2233642793
Herato11 Herato1108 11060898.0 9325000.0 0.2056787501 0.190347594008 0.20562999568 0.2224533465
Herato11 Herato1108 11110898.0 9375000.0 0.205820022284 0.187099085052 0.205112690956 0.228502812364
Herato11 Herato1108 11160898.0 9425000.0 0.21742296798 0.20424475894 0.21742968756 0.23067388356
Herato11 Herato1108 11210898.0 9475000.0 0.12859169796 0.11773296516 0.12893408826 0.1392917795
Herato11 Herato1108 11260898.0 9525000.0 0.1614577169 0.14922744518 0.1610083405 0.17534780996
Herato11 Herato1108 11310898.0 9575000.0 0.2741781996 0.2419390836 0.2739715528 0.3131284824
Herato11 Herato1108 11360898.0 9625000.0 0.192783426484 0.183643962806 0.192207822841 0.206721079909
Herato11 Herato1108 11410898.0 9675000.0 0.237636453354 0.220729151755 0.237064979598 0.25486854959
Herato11 Herato1108 11460898.0 9725000.0 0.149003961198 0.128594595542 0.148784400946 0.171423165644
Herato11 Herato1108 11510898.0 9775000.0 0.222348304952 0.192074881214 0.221346969742 0.257302743796
Herato11 Herato1108 11560898.0 9825000.0 0.16329269878 0.15182655644 0.1626387248 0.1770707787
Herato11 Herato1108 11610898.0 9875000.0 0.08040391953 0.067847525862 0.078146898302 0.108932679556
Herato11 Herato1108 11660898.0 9925000.0 0.1773962171 0.16846560586 0.17672126942 0.18761920926
Herato11 Herato1108 11710898.0 9975000.0 0.25685803086 0.244208318082 0.25809216762 0.26633539844
Herato11 Herato1108 11760898.0 10025000.0 0.3383196072 0.2904938874 0.3406184906 0.4016620872
Herato11 Herato1108 11810898.0 10075000.0 0.293945777204 0.267325955315 0.293622267228 0.32806679568
Herato11 Herato1108 11860898.0 10125000.0 0.22176248252 0.2086885158 0.22179479876 0.2354681581
Herato11 Herato1108 11910898.0 10175000.0 0.3222658296 0.296105187 0.3239636922 0.3453103416
Herato11 Herato1108 11960898.0 10225000.0 0.253801013722 0.221402551122 0.254082431753 0.280363152704
Herato11 Herato1108 12010898.0 10275000.0 0.1070960688 0.1004364144 0.1060028424 0.1170755208
Herato11 Herato1108 12060898.0 10325000.0 0.1342836512 0.1277761764 0.1332756888 0.1422617688
Herato11 Herato1108 12110898.0 10375000.0 0.167389789089 0.148956516555 0.165601872122 0.191236432897
Herato11 Herato1108 12160898.0 10425000.0 0.142658367535 0.125678193911 0.142531025855 0.1610450051
Herato11 Herato1108 12210898.0 10475000.0 0.2528674904 0.2391259304 0.2522863672 0.2622408536
Herato11 Herato1108 12260898.0 10525000.0 0.167086312506 0.15206521921 0.166383503856 0.183296124878
Herato11 Herato1108 12310898.0 10575000.0 0.104888208486 0.096000899844 0.105037688958 0.114560038472
Herato11 Herato1108 12360898.0 10625000.0 0.13092436844 0.12141314662 0.13076070226 0.1419126425
Herato11 Herato1108 12410898.0 10675000.0 0.2014090375 0.17051403034 0.19992884282 0.23849412
Herato11 Herato1108 12460898.0 10725000.0 0.142973670264 0.128978898361 0.142442590498 0.159198978576
Herato11 Herato1108 12510898.0 10775000.0 0.250324696 0.2176769167 0.2510262572 0.2864471178
Herato11 Herato1108 12560898.0 10825000.0 0.201574304778 0.184219874052 0.202020766392 0.21653216322
Herato11 Herato1108 12610898.0 10875000.0 0.204351624 0.2002882914 0.204245277 0.2101907844
Herato11 Herato1108 12660898.0 10925000.0 0.21801614724 0.19990063306 0.21792483292 0.23791406524
Herato11 Herato1108 12710898.0 10975000.0 0.175058520934 0.165185924404 0.174974735616 0.185936522639
Herato11 Herato1108 12760898.0 11025000.0 0.1730038143 0.16484033043 0.17237250756 0.18594540288
Herato11 Herato1108 12810898.0 11075000.0 0.19257748796 0.1799640412 0.19257478814 0.20832772298
Herato11 Herato1108 12860898.0 11125000.0 0.17004585 0.1623066308 0.1692816916 0.1917872214
Herato11 Herato1108 12910898.0 11175000.0 0.240853591098 0.210191122598 0.242261034168 0.25678930467
Herato11 Herato1108 12960898.0 11225000.0 0.1678203852 0.1611321936 0.1680382406 0.1753885756
Herato11 Herato1108 13010898.0 11275000.0 0.167671971688 0.151719709726 0.16802671321 0.185197448036
Herato11 Herato1108 13060898.0 11325000.0 0.158542961376 0.149293164444 0.158434944501 0.169961012554
Herato11 Herato1108 13110898.0 11375000.0 0.17503543643 0.162942264061 0.173583862072 0.189436829991
Herato11 Herato1108 13160898.0 11425000.0 0.2173036984 0.193072556 0.2154671602 0.2386128316
Herato11 Herato1108 13210898.0 11475000.0 0.23021338758 0.20057201364 0.2309723968 0.25499433186
Herato11 Herato1108 13260898.0 11525000.0 0.18101627624 0.164937071517 0.181313445612 0.19694978199
Herato11 Herato1108 13310898.0 11575000.0 0.1692445884 0.14166075846 0.16629727746 0.21039868506
Herato11 Herato1108 13360898.0 11625000.0 0.164971874666 0.151996308711 0.16525883143 0.178164837362
Herato11 Herato1108 13410898.0 11675000.0 0.220444748734 0.206557064051 0.218975230316 0.23442984219
Herato11 Herato1108 13460898.0 11725000.0 0.23310088508 0.21545647974 0.23064473334 0.25881787258
Herato11 Herato1108 13510898.0 11775000.0 0.23709461502 0.22963604454 0.23645172862 0.24860814318
Herato11 Herato1108 13560898.0 11825000.0 0.2206054903 0.198068811152 0.22213460286 0.24190465592
Herato11 Herato1108 13610898.0 11875000.0 0.2284592508 0.21346146726 0.2299197848 0.2398975876
Herato11 Herato1108 13660898.0 11925000.0 0.21979914656 0.19642658884 0.21824251926 0.25495901
Herato11 Herato1108 13710898.0 11975000.0 0.331891027 0.3099090358 0.3287752246 0.3629891728
Herato11 Herato1108 13760898.0 12025000.0 0.210703466896 0.192196106873 0.211107720998 0.231518200262
Herato11 Herato1108 13810898.0 12075000.0 0.237085369485 0.223513105361 0.237140040289 0.249719358272
Herato11 Herato1108 13860898.0 12125000.0 0.18568535494 0.16943202666 0.18479064426 0.20488235072
Herato11 Herato1108 13910898.0 12175000.0 0.199687017825 0.183699185947 0.200005656155 0.217250740504
Herato11 Herato1108 13960898.0 12225000.0 0.2054861264 0.1941399226 0.2045930078 0.2194351932
Herato11 Herato1108 14010898.0 12275000.0 0.226480111705 0.194884744129 0.225818274523 0.261774143006
Herato11 Herato1108 14060898.0 12325000.0 0.1836950861 0.17344613726 0.18371346702 0.19001486044
Herato11 Herato1108 14110898.0 12375000.0 0.26947679244 0.2521834567 0.26932685896 0.28629930276
Herato11 Herato1108 14160898.0 12425000.0 0.16352179334 0.15197226784 0.163584151654 0.174995191
Herato11 Herato1108 14210898.0 12475000.0 0.13006359418 0.119556823368 0.129750859477 0.140219033517
Herato11 Herato1108 14260898.0 12525000.0 0.2451465862 0.2339190632 0.243777284 0.257474997
Herato11 Herato1108 14310898.0 12575000.0 0.2611649456 0.2521524724 0.2613582542 0.2698996108
Herato11 Herato1108 14360898.0 12625000.0 0.207017171574 0.193096811562 0.207264511173 0.219182796416
Herato11 Herato1108 14410898.0 12675000.0 0.2373043548 0.227167128 0.2375299336 0.2494518104
Herato11 Herato1108 14460898.0 12725000.0 0.252372462592 0.242603928084 0.251492758638 0.263003562708
Herato11 Herato1108 14510898.0 12775000.0 0.248412104938 0.234876344208 0.246937951522 0.264983414168
Herato11 Herato1108 14560898.0 12825000.0 0.245954963 0.2297280124 0.2459102314 0.2649205418
Herato11 Herato1108 14610898.0 12875000.0 0.19093975672 0.174428038046 0.19067774602 0.2082619513
Herato11 Herato1108 14660898.0 12925000.0 0.14738337258 0.13712786552 0.1463353628 0.15918426138
Herato11 Herato1108 14710898.0 12975000.0 0.13109663768 0.12293940942 0.13080792878 0.14023908422
Herato11 Herato1108 14760898.0 13025000.0 0.10217180362 0.08746268814 0.1016939585 0.11924071976
Herato11 Herato1108 14810898.0 13075000.0 0.08654929494 0.08198829852 0.08652193656 0.09129628032
Herato11 Herato1108 14860898.0 13125000.0 0.080748363042 0.072789291936 0.081088539394 0.089068784558
Herato11 Herato1108 14910898.0 13175000.0 0.055634903045 0.0521817094037 0.0553281958698 0.0601497168984
Herato11 Herato1108 14960898.0 13225000.0 0.075136932288 0.067403671484 0.074823878524 0.082377039302
Herato11 Herato1108 15010898.0 13275000.0 0.145593193673 0.132465724847 0.145330455428 0.159680522133
Herato11 Herato1108 15060898.0 13325000.0 0.18744858724 0.16805404984 0.18613410636 0.21212739336
Herato11 Herato1108 15110898.0 13375000.0 0.16537817506 0.15308850008 0.16595577402 0.17696755652
Herato11 Herato1108 15160898.0 13425000.0 0.18084605346 0.151894334236 0.17946152584 0.21161846808
Herato11 Herato1108 15210898.0 13475000.0 0.21626442754 0.20154941548 0.21604642248 0.23145136778
Herato11 Herato1108 15260898.0 13525000.0 0.150253990629 0.137193746636 0.150044721161 0.161452052284
Herato11 Herato1108 15310898.0 13575000.0 0.131874472338 0.117156185344 0.132405762188 0.147725375692
Herato11 Herato1108 15360898.0 13625000.0 0.135686908934 0.131167858217 0.135451100461 0.14341182625
Herato11 Herato1108 15410898.0 13675000.0 0.112506152046 0.10010059482 0.11177138894 0.128095945024
Herato11 Herato1108 15460898.0 13725000.0 0.0770818406506 0.0662283799281 0.0778359853416 0.0897987222138
Herato11 Herato1108 15510898.0 13775000.0 0.18543313316 0.17342657106 0.18477707584 0.19960263986
Herato11 Herato1108 15560898.0 13825000.0 0.14989214366 0.131502723418 0.1516483378 0.16872479108
Herato11 Herato1108 15610898.0 13875000.0 0.16229813718 0.15252218582 0.16237746466 0.170697967
Herato11 Herato1108 15660898.0 13925000.0 0.216545026088 0.198745800574 0.216876074845 0.232897086086
Herato11 Herato1108 15710898.0 13975000.0 0.19421915134 0.18683372906 0.19411249146 0.20301811652
Herato11 Herato1108 15760898.0 14025000.0 0.1991856316 0.1902177668 0.199112723 0.2048235482
Herato11 Herato1108 15810898.0 14075000.0 0.1325491927 0.12090756968 0.13398027326 0.14178418118
Herato11 Herato1108 15860898.0 14125000.0 0.22757622542 0.21374383022 0.22730707382 0.24340671708
Herato11 Herato1108 15910898.0 14175000.0 0.180212498087 0.168677788562 0.180462101224 0.192347639708
Herato11 Herato1108 15960898.0 14225000.0 0.166199718012 0.151116064976 0.166883094146 0.181913907792
Herato11 Herato1108 16010898.0 14275000.0 0.137164842032 0.119417246608 0.137376686492 0.155983558124
Herato11 Herato1108 16060898.0 14325000.0 0.197202776168 0.170356613961 0.194721039342 0.232311941302
Herato11 Herato1108 16110898.0 14375000.0 0.19372161072 0.18340517122 0.1931849609 0.20410663082
Herato11 Herato1108 16160898.0 14425000.0 0.1769068108 0.1627144332 0.1767015814 0.189491659
Herato11 Herato1108 16204715.0 14475000.0 0.119310098714 0.115713490461 0.119378150874 0.122892222857
Herato11 Herato1109 16248533.0 25000.0 0.057877198216 0.0496028782154 0.058394619886 0.065915629232
Herato11 Herato1109 16298533.0 75000.0 0.114402365171 0.105484105282 0.112456372343 0.132173469585
Herato11 Herato1109 16348533.0 125000.0 0.17972640512 0.14435672446 0.17824538446 0.22990270964
Herato11 Herato1109 16398533.0 175000.0 0.0661117188699 0.057811426311 0.0662347404803 0.0754355185484
Herato11 Herato1109 16448533.0 225000.0 0.1182222201 0.08851575626 0.12003389376 0.14906233704
Herato11 Herato1109 16498533.0 275000.0 0.0835998133135 0.0701075416344 0.0845635581896 0.0969079358668
Herato11 Herato1109 16536354.0 325000.0 0.0773644837922 0.0679017976523 0.0775839240348 0.0878669760705
Herato11 Herato1110 16563051.5 25000.0 0.076005921419 0.0615240333574 0.0760507223523 0.088951400991
Herato11 Herato1111 16586691.5 25000.0 0.0963539192912 0.0815813603216 0.0957470588416 0.113797179649
Herato11 Herato1112 16621456.0 25000.0 0.073879150976 0.0384823685682 0.0655014831758 0.14417500095
Herato11 Herato1112 16670265.5 75000.0 0.181949182154 0.0601898654109 0.19845717031 0.283925403494
Herato11 Herato1113 16714170.0 25000.0 0.105346363915 0.0900986961033 0.102889440654 0.137420596895
Herato11 Herato1114 16759265.0 25000.0 0.107112986112 0.094880929858 0.106155755818 0.124658691522
Herato11 Herato1114 16795669.0 75000.0 0.0586779127938 0.0520478002455 0.0579036589355 0.0655101655559
Herato11 Herato1115 16832074.0 25000.0 0.14943427893 0.111577335083 0.147969963896 0.202742470724
Herato11 Herato1115 16882074.0 75000.0 0.0662702107597 0.0526078705189 0.0646395838755 0.0889179988778
Herato11 Herato1115 16917301.0 125000.0 0.0194697108942 0.0130878228954 0.0169618529505 0.04430718447
Herato11 Herato1116 16952529.0 25000.0 0.14935487776 0.120054806338 0.14665921676 0.198197487
Herato11 Herato1116 17002529.0 75000.0 0.166412884534 0.136551914051 0.165702088124 0.195356727748
