chrom scaffold Cposition position mean p0025 p0500 p0975
Herato12 Herato1201 25001.0 25000.0 0.028137218582 0.020764175892 0.027523493324 0.043339780648
Herato12 Herato1201 75001.0 75000.0 0.0318111016663 0.016887301455 0.0307325883729 0.0542672472508
Herato12 Herato1201 125001.0 125000.0 0.0163121083325 0.00985498061328 0.0154579804273 0.0280138333352
Herato12 Herato1201 175001.0 175000.0 0.0160789474757 0.0127588061887 0.0159059996948 0.0206742662743
Herato12 Herato1201 225001.0 225000.0 0.0188732966327 0.0157413187542 0.0188009981164 0.0225746720826
Herato12 Herato1201 275001.0 275000.0 0.0235449892088 0.0192273594828 0.0232365534057 0.0290110525174
Herato12 Herato1201 325001.0 325000.0 0.0401294805356 0.0146916312809 0.0335190018854 0.0941862727584
Herato12 Herato1201 375001.0 375000.0 0.0359242008175 0.0122200745873 0.030299175687 0.09389483316
Herato12 Herato1201 425001.0 425000.0 0.0172562597795 0.0145237790439 0.0172850018412 0.0204615392032
Herato12 Herato1201 475001.0 475000.0 0.0346533304057 0.028526326564 0.0344085330459 0.0427618531934
Herato12 Herato1201 525001.0 525000.0 0.0298495641226 0.0168836286156 0.0286847266483 0.0507452778078
Herato12 Herato1201 575001.0 575000.0 0.0208392725504 0.00224868133633 0.0166661951864 0.0648777220614
Herato12 Herato1201 625001.0 625000.0 0.0683045205264 0.0240918211437 0.0576231510587 0.174547295371
Herato12 Herato1201 650865.0 675000.0 0.0300540520833 0.0270612835648 0.0296837094907 0.0338963564815
Herato12 Herato1202 676730.0 25000.0 0.01155377547 0.010064556766 0.011430649724 0.013716839472
Herato12 Herato1202 726730.0 75000.0 0.00484499620192 0.00415969889269 0.0048121078432 0.00560679993152
Herato12 Herato1202 776730.0 125000.0 0.105119782969 0.0263024427199 0.0883965317057 0.279460906656
Herato12 Herato1202 826730.0 175000.0 0.254708916729 0.0134408644412 0.258654416241 0.456221754656
Herato12 Herato1202 876730.0 225000.0 0.0146907688588 0.0130277121522 0.0146386611164 0.0164969300104
Herato12 Herato1202 926730.0 275000.0 0.0144152747716 0.0126335519755 0.0143892053423 0.0164944677376
Herato12 Herato1202 976730.0 325000.0 0.0483524243572 0.0260260173042 0.045523322809 0.0853336386775
Herato12 Herato1202 1026730.0 375000.0 0.117201487239 0.0404678927818 0.114687598831 0.208239219834
Herato12 Herato1202 1076730.0 425000.0 0.0543635815505 0.03666756983 0.0521487599076 0.085263352634
Herato12 Herato1202 1126730.0 475000.0 0.0308543486648 0.0278086321814 0.030782359422 0.0345480195236
Herato12 Herato1202 1176730.0 525000.0 0.0254696835434 0.0213058256299 0.0254291953721 0.0303047566024
Herato12 Herato1202 1226730.0 575000.0 0.0195095021438 0.0173176611824 0.0194700651504 0.0219689044292
Herato12 Herato1202 1276730.0 625000.0 0.056898502094 0.0509234229837 0.0566634824974 0.0638333665532
Herato12 Herato1202 1326730.0 675000.0 0.0554260983626 0.0460728547866 0.054418747243 0.066486169968
Herato12 Herato1202 1376730.0 725000.0 0.06360457636 0.06102409508 0.06289310664 0.06780194148
Herato12 Herato1202 1426730.0 775000.0 0.050519194104 0.047149570548 0.04943759659 0.057154964564
Herato12 Herato1202 1476730.0 825000.0 0.0414265283148 0.032475510798 0.041660025401 0.052128075638
Herato12 Herato1202 1526730.0 875000.0 0.078601701508 0.0292128017302 0.071913227184 0.15931514739
Herato12 Herato1202 1576730.0 925000.0 0.0888526156744 0.046221335047 0.0840167849042 0.161747196434
Herato12 Herato1202 1626730.0 975000.0 0.130433702187 0.0676967036242 0.121766466487 0.243728783309
Herato12 Herato1202 1676730.0 1025000.0 0.0351582628692 0.0300238230493 0.0351236948119 0.0411641154252
Herato12 Herato1202 1726730.0 1075000.0 0.0255735091067 0.019744328601 0.0246926655025 0.0347392476762
Herato12 Herato1202 1776730.0 1125000.0 0.0472880683324 0.0317240738519 0.0465096366882 0.0663654129604
Herato12 Herato1202 1826730.0 1175000.0 0.0385119412668 0.03524810374 0.0386745786103 0.0413631721012
Herato12 Herato1202 1876730.0 1225000.0 0.050097959628 0.037609142966 0.050425492698 0.066832953848
Herato12 Herato1202 1926730.0 1275000.0 0.0446807286876 0.0389642670042 0.044525117757 0.0510954211848
Herato12 Herato1202 1976730.0 1325000.0 0.0438904427015 0.0386929372834 0.0438496057658 0.0503738254357
Herato12 Herato1202 2026730.0 1375000.0 0.0505387493983 0.030009208539 0.0487142273217 0.0805433165624
Herato12 Herato1202 2076730.0 1425000.0 0.0266677016374 0.0239152880505 0.026257989439 0.0307839693082
Herato12 Herato1202 2126730.0 1475000.0 0.026711109364 0.0192376128271 0.0225496103106 0.0560936000506
Herato12 Herato1202 2176730.0 1525000.0 0.0349508532772 0.0276985966983 0.0341230007834 0.047353748632
Herato12 Herato1202 2226730.0 1575000.0 0.031696904427 0.0270789712476 0.0312092649316 0.0371599861698
Herato12 Herato1202 2276730.0 1625000.0 0.026998221928 0.018430698994 0.026289047746 0.042617250812
Herato12 Herato1202 2326730.0 1675000.0 0.023872905404 0.0181108713235 0.0237617408826 0.031374110736
Herato12 Herato1202 2376730.0 1725000.0 0.059150544966 0.043058477996 0.05869670617 0.074851941804
Herato12 Herato1202 2426730.0 1775000.0 0.060659862464 0.04267570802 0.058930912406 0.08699623559
Herato12 Herato1202 2476730.0 1825000.0 0.037380901528 0.0328092292966 0.0374283172006 0.0420524743824
Herato12 Herato1202 2526730.0 1875000.0 0.0885222738574 0.0446968573065 0.0830618416821 0.16124923222
Herato12 Herato1202 2576730.0 1925000.0 0.0774874617781 0.0409798577039 0.0727446604537 0.139378026871
Herato12 Herato1202 2626730.0 1975000.0 0.037459036088 0.02875273383 0.036739079934 0.052848404942
Herato12 Herato1202 2676730.0 2025000.0 0.038308441784 0.0330803445162 0.0382509612866 0.0448580565792
Herato12 Herato1202 2726730.0 2075000.0 0.046898866266 0.0341908192066 0.04598095891 0.064558293998
Herato12 Herato1202 2776730.0 2125000.0 0.0457460884779 0.0327354460719 0.0447983845092 0.0648157570438
Herato12 Herato1202 2826730.0 2175000.0 0.02885905702 0.020757835392 0.028308102734 0.041578598664
Herato12 Herato1202 2876730.0 2225000.0 0.0225789932891 0.0200372982503 0.0225053077943 0.0258530416086
Herato12 Herato1202 2926730.0 2275000.0 0.0317672972634 0.0229748575059 0.0319954751287 0.0424893549013
Herato12 Herato1202 2976730.0 2325000.0 0.0445036361384 0.0235195907336 0.0398916767692 0.083771446082
Herato12 Herato1202 3026730.0 2375000.0 0.026098087056 0.0232132302555 0.026105111169 0.0293614027362
Herato12 Herato1202 3076730.0 2425000.0 0.0261030302144 0.0179250440614 0.0236462170331 0.0407558544278
Herato12 Herato1202 3126730.0 2475000.0 0.0272744454302 0.0218670378077 0.0273966394454 0.033402332846
Herato12 Herato1202 3176730.0 2525000.0 0.020266354176 0.01743324888 0.020135303002 0.023548460716
Herato12 Herato1202 3226730.0 2575000.0 0.0305752682994 0.0242401040073 0.0310267023096 0.0379571345028
Herato12 Herato1202 3276730.0 2625000.0 0.0234098064808 0.0209257782953 0.0234035629207 0.0262721308772
Herato12 Herato1202 3326730.0 2675000.0 0.0460508240886 0.0316865596252 0.043730774675 0.073251293774
Herato12 Herato1202 3376730.0 2725000.0 0.0459348750062 0.0312704571183 0.042838674733 0.0812421177362
Herato12 Herato1202 3426730.0 2775000.0 0.0675535954454 0.0392212147577 0.0636734272558 0.11834668581
Herato12 Herato1202 3476730.0 2825000.0 0.026240646216 0.02256069326 0.026291174148 0.030272544444
Herato12 Herato1202 3526730.0 2875000.0 0.0461300582066 0.0429412515604 0.0461195197494 0.050260061322
Herato12 Herato1202 3576730.0 2925000.0 0.044836613654 0.0366608740324 0.045363771054 0.055177704038
Herato12 Herato1202 3626730.0 2975000.0 0.0541371280247 0.0335684616014 0.0519119436573 0.087353495076
Herato12 Herato1202 3676730.0 3025000.0 0.042874664931 0.0381911966312 0.0426152098339 0.0483511946692
Herato12 Herato1202 3726730.0 3075000.0 0.0386595869256 0.0338532245351 0.0393874717448 0.0434064208938
Herato12 Herato1202 3776730.0 3125000.0 0.03924364763 0.033415791346 0.038497916356 0.046436016092
Herato12 Herato1202 3826730.0 3175000.0 0.035863033542 0.0271013338828 0.0354279388566 0.047435334185
Herato12 Herato1202 3876730.0 3225000.0 0.0474092215102 0.0318046605771 0.0455483211922 0.075189176005
Herato12 Herato1202 3926730.0 3275000.0 0.030521770786 0.028939676366 0.030612830316 0.031845484678
Herato12 Herato1202 3976730.0 3325000.0 0.024408200732 0.017518727008 0.023808297954 0.034151390276
Herato12 Herato1202 4026730.0 3375000.0 0.032123929798 0.029783241534 0.0320827924352 0.034772200202
Herato12 Herato1202 4076730.0 3425000.0 0.0343252493 0.030897430494 0.03429980111 0.03828125387
Herato12 Herato1202 4126730.0 3475000.0 0.0311702535522 0.020813155172 0.0306640585828 0.04552406613
Herato12 Herato1202 4176730.0 3525000.0 0.0969395796664 0.0543792259105 0.0906659606004 0.183508540681
Herato12 Herato1202 4226730.0 3575000.0 0.0564212398221 0.025023129137 0.0528193086685 0.111413493831
Herato12 Herato1202 4276730.0 3625000.0 0.039119807428 0.0265644546314 0.037902417456 0.060324816844
Herato12 Herato1202 4326730.0 3675000.0 0.0358562896686 0.0269558514577 0.0351986093964 0.0511188689396
Herato12 Herato1202 4376730.0 3725000.0 0.0646516062243 0.0403516908196 0.0623015118557 0.102104404262
Herato12 Herato1202 4426730.0 3775000.0 0.0277834278762 0.0136636206315 0.0260239430322 0.051595999606
Herato12 Herato1202 4476730.0 3825000.0 0.0336594039038 0.0200706954982 0.0321961645189 0.0585234866124
Herato12 Herato1202 4526730.0 3875000.0 0.153044703047 0.0637034508098 0.141271999584 0.309110948481
Herato12 Herato1202 4576730.0 3925000.0 0.0825590034338 0.0276302230569 0.0718530423848 0.189365647129
Herato12 Herato1202 4626730.0 3975000.0 0.0641474739545 0.0348808427775 0.0625204787848 0.104606682724
Herato12 Herato1202 4676730.0 4025000.0 0.057790361924 0.0385270775804 0.0563915342283 0.0849558701222
Herato12 Herato1202 4726730.0 4075000.0 0.0658841171406 0.0381843964824 0.060675379774 0.122103903944
Herato12 Herato1202 4776730.0 4125000.0 0.0638044977448 0.0340306820061 0.0606405190114 0.117244510083
Herato12 Herato1202 4826730.0 4175000.0 0.0361601328807 0.0242697399159 0.0353578109563 0.050822472976
Herato12 Herato1202 4876730.0 4225000.0 0.0806919339988 0.042959519057 0.0747317591734 0.148470507662
Herato12 Herato1202 4926730.0 4275000.0 0.0477495065639 0.0193409625432 0.0451238025581 0.0942643916028
Herato12 Herato1202 4976730.0 4325000.0 0.016570746387 0.0142263384228 0.016518563188 0.0192385746734
Herato12 Herato1202 5026730.0 4375000.0 0.043641520584 0.032329273411 0.042946031006 0.059690162284
Herato12 Herato1202 5076730.0 4425000.0 0.043069841263 0.025235421007 0.0419445498282 0.0668464681656
Herato12 Herato1202 5126730.0 4475000.0 0.045806387077 0.0263735494171 0.0421898787326 0.089317321599
Herato12 Herato1202 5176730.0 4525000.0 0.0328713326721 0.0251863519752 0.0321080241946 0.0472848103677
Herato12 Herato1202 5226730.0 4575000.0 0.043827837645 0.0359174359616 0.043197822775 0.056005844002
Herato12 Herato1202 5276730.0 4625000.0 0.0289253169254 0.0248430406458 0.0288866182828 0.0330121611312
Herato12 Herato1202 5326730.0 4675000.0 0.05650411586 0.033173262252 0.054256223524 0.09535749954
Herato12 Herato1202 5376730.0 4725000.0 0.0218648955237 0.016500093858 0.0193544102799 0.0310907597308
Herato12 Herato1202 5426730.0 4775000.0 0.0366496814982 0.0146630285338 0.0354668551658 0.0739134703592
Herato12 Herato1202 5476730.0 4825000.0 0.0115161340743 0.0101768822689 0.0115041461442 0.0132546868646
Herato12 Herato1202 5526730.0 4875000.0 0.0251181458496 0.0147373356406 0.0248170450082 0.0385110170186
Herato12 Herato1202 5576730.0 4925000.0 0.0166501472054 0.0132321624205 0.0164244335738 0.0219544514548
Herato12 Herato1202 5626730.0 4975000.0 0.021208520814 0.0159029391422 0.017013281862 0.062239137474
Herato12 Herato1202 5676730.0 5025000.0 0.00859786868408 0.00667891277424 0.00846986990598 0.0109190245904
Herato12 Herato1202 5726730.0 5075000.0 0.0126102079588 0.0106714009794 0.012574558181 0.0148608407762
Herato12 Herato1202 5776730.0 5125000.0 0.0183864408988 0.00720317856397 0.016808276864 0.0398592835611
Herato12 Herato1202 5826730.0 5175000.0 0.0202084143929 0.0136610246985 0.0196411802688 0.0324327752162
Herato12 Herato1202 5876730.0 5225000.0 0.0503136893821 0.0195098105491 0.0470080331757 0.10632686268
Herato12 Herato1202 5926730.0 5275000.0 0.0360265454273 0.0229170679304 0.0345399143518 0.0561113887019
Herato12 Herato1202 5976730.0 5325000.0 0.0212810797692 0.0159289088448 0.0210236867174 0.0291030590394
Herato12 Herato1202 6026730.0 5375000.0 0.0326884159616 0.0270819165387 0.0324461752783 0.039619617506
Herato12 Herato1202 6076730.0 5425000.0 0.032011777814 0.0263437028277 0.0320896844768 0.03894553998
Herato12 Herato1202 6126730.0 5475000.0 0.0169749554867 0.0140377853725 0.0168504180747 0.0208608100801
Herato12 Herato1202 6176730.0 5525000.0 0.0560800320268 0.0392329751819 0.0545196713726 0.0829914927732
Herato12 Herato1202 6226730.0 5575000.0 0.044401610664 0.0279448094508 0.0427275944868 0.0757817499562
Herato12 Herato1202 6276730.0 5625000.0 0.0503766641761 0.0248017319177 0.0463188751331 0.102638138496
Herato12 Herato1202 6326730.0 5675000.0 0.025361097387 0.0165426617209 0.0255484631206 0.0358406806899
Herato12 Herato1202 6376730.0 5725000.0 0.0351704996798 0.0179672222125 0.0311871530318 0.079094655148
Herato12 Herato1202 6426730.0 5775000.0 0.039128689566 0.030960190502 0.038579230302 0.051084294542
Herato12 Herato1202 6476730.0 5825000.0 0.0266990182518 0.0239016248566 0.026572573227 0.0300135715816
Herato12 Herato1202 6526730.0 5875000.0 0.0279649225028 0.0247941764875 0.0277784508871 0.0313416475276
Herato12 Herato1202 6576730.0 5925000.0 0.0384654035984 0.0353150658027 0.0380030463684 0.04219729184
Herato12 Herato1202 6626730.0 5975000.0 0.0422979274724 0.0307373394513 0.0405404939907 0.065027588739
Herato12 Herato1202 6676730.0 6025000.0 0.0360482440379 0.0323251354301 0.0358420462191 0.0406310593983
Herato12 Herato1202 6726730.0 6075000.0 0.0380849826026 0.0285490581307 0.0369962994617 0.0531444035952
Herato12 Herato1202 6776730.0 6125000.0 0.0514238922427 0.0377616774826 0.0503498440596 0.0749711504938
Herato12 Herato1202 6826730.0 6175000.0 0.0165903475576 0.0126042584596 0.0166375467104 0.0196361349784
Herato12 Herato1202 6876730.0 6225000.0 0.0238047930666 0.0161213235753 0.0230957078569 0.035054790259
Herato12 Herato1202 6926730.0 6275000.0 0.0595932048811 0.0334460347654 0.0550764154878 0.114126737579
Herato12 Herato1202 6976730.0 6325000.0 0.0270606803671 0.0184287981476 0.0261426990772 0.0410138272987
Herato12 Herato1202 7026730.0 6375000.0 0.0262860981704 0.0222239361077 0.0258789433667 0.0311841557314
Herato12 Herato1202 7076730.0 6425000.0 0.0387496071008 0.0319419715532 0.0386213523922 0.0474050514006
Herato12 Herato1202 7126730.0 6475000.0 0.027815818061 0.0219058149484 0.0276000639428 0.035807179633
Herato12 Herato1202 7176730.0 6525000.0 0.0333634315879 0.0258142584915 0.0332354824235 0.0420650273514
Herato12 Herato1202 7226730.0 6575000.0 0.0322349929556 0.0266651275786 0.0310520358245 0.0414715908716
Herato12 Herato1202 7276730.0 6625000.0 0.0398907948241 0.0344909374311 0.0397500626622 0.0465616487142
Herato12 Herato1202 7326730.0 6675000.0 0.054453388652 0.042515825298 0.0530031396048 0.072489786032
Herato12 Herato1202 7376730.0 6725000.0 0.048028739066 0.0438983042698 0.047495569842 0.054297961626
Herato12 Herato1202 7426730.0 6775000.0 0.039559518406 0.036223855402 0.039587747906 0.043070824922
Herato12 Herato1202 7476730.0 6825000.0 0.06506127513 0.045675419966 0.062989755878 0.098180926758
Herato12 Herato1202 7526730.0 6875000.0 0.050417611029 0.040569657152 0.049148261645 0.064210112874
Herato12 Herato1202 7576730.0 6925000.0 0.0379411956094 0.0347453113492 0.0378301815338 0.041614132682
Herato12 Herato1202 7626730.0 6975000.0 0.0455940564874 0.0326136276661 0.042498353861 0.0734737296724
Herato12 Herato1202 7676730.0 7025000.0 0.042839589145 0.037665305683 0.0427697748216 0.048914983517
Herato12 Herato1202 7726730.0 7075000.0 0.039654692587 0.026427508297 0.0372343318121 0.06512718492
Herato12 Herato1202 7776730.0 7125000.0 0.0317737329132 0.0267791045099 0.0314726567708 0.0395948183604
Herato12 Herato1202 7826730.0 7175000.0 0.03195053999 0.0289516322264 0.031882664006 0.03532512321
Herato12 Herato1202 7876730.0 7225000.0 0.0397400434959 0.0359704350666 0.0395681490683 0.0442966054296
Herato12 Herato1202 7926730.0 7275000.0 0.0299184914956 0.0253418699294 0.0298365720994 0.0343837549412
Herato12 Herato1202 7976730.0 7325000.0 0.0252427762892 0.0189628540251 0.0243388800818 0.0354690545238
Herato12 Herato1202 8026730.0 7375000.0 0.0467999638 0.0362844687079 0.046746137716 0.056271620604
Herato12 Herato1202 8076730.0 7425000.0 0.073323569345 0.0426881916613 0.0679931338702 0.131578309028
Herato12 Herato1202 8126730.0 7475000.0 0.0355125987124 0.029093930859 0.0358316207592 0.0422335697568
Herato12 Herato1202 8176730.0 7525000.0 0.0474812459164 0.0304496575914 0.0460513520846 0.0768794371362
Herato12 Herato1202 8226730.0 7575000.0 0.023550984853 0.019544847744 0.0233487274514 0.0285363016026
Herato12 Herato1202 8276730.0 7625000.0 0.0273236990523 0.0213396256411 0.0269810312689 0.0352427178148
Herato12 Herato1202 8326730.0 7675000.0 0.0242714106033 0.0183651124372 0.0219992375643 0.0384187492284
Herato12 Herato1202 8376730.0 7725000.0 0.0303809483028 0.0242450388291 0.0301304665897 0.0390316736184
Herato12 Herato1202 8426730.0 7775000.0 0.039484455303 0.0265818103405 0.0363520344586 0.066792409002
Herato12 Herato1202 8476730.0 7825000.0 0.0389148182071 0.0337496442965 0.0389165057791 0.0451719484058
Herato12 Herato1202 8526730.0 7875000.0 0.0345808033566 0.0295107876295 0.0339222061169 0.04151502049
Herato12 Herato1202 8576730.0 7925000.0 0.0208694344082 0.0179433714868 0.02079426122 0.0253432898622
Herato12 Herato1202 8626730.0 7975000.0 0.0213518623764 0.0199020435174 0.0212373458866 0.023264415238
Herato12 Herato1202 8676730.0 8025000.0 0.0611254063668 0.0269972274933 0.0588898569768 0.118035881433
Herato12 Herato1202 8726730.0 8075000.0 0.0326951359803 0.0216420448579 0.03273268428 0.0493290062284
Herato12 Herato1202 8776730.0 8125000.0 0.0271690628607 0.01190324522 0.0255765287023 0.0558415029117
Herato12 Herato1202 8826730.0 8175000.0 0.0279659539959 0.0263442892831 0.0279207269442 0.0298469412451
Herato12 Herato1202 8876730.0 8225000.0 0.129737730452 0.0687622439023 0.124975362602 0.230294779079
Herato12 Herato1202 8926730.0 8275000.0 0.043053358637 0.0377822808285 0.0427732918532 0.0493355861348
Herato12 Herato1202 8976730.0 8325000.0 0.0409553433734 0.0343156470558 0.040649472437 0.049191615762
Herato12 Herato1202 9026730.0 8375000.0 0.080504478238 0.0577849854305 0.079073551024 0.115063605082
Herato12 Herato1202 9076730.0 8425000.0 0.0564608283786 0.0392793475812 0.0541100783958 0.089529823788
Herato12 Herato1202 9126730.0 8475000.0 0.0328310863096 0.0255202992354 0.0320641216297 0.0431133228942
Herato12 Herato1202 9176730.0 8525000.0 0.0803009459156 0.0410538306607 0.0753529136346 0.142866286212
Herato12 Herato1202 9226730.0 8575000.0 0.0554012766484 0.0405279242704 0.0552185093022 0.070649865022
Herato12 Herato1202 9276730.0 8625000.0 0.0176387095322 0.0154368037518 0.0176684946942 0.01999291528
Herato12 Herato1202 9326730.0 8675000.0 0.0225023633306 0.0147803539228 0.0216094594801 0.0360345305348
Herato12 Herato1202 9376730.0 8725000.0 0.0186998584087 0.0166636502724 0.0187935735163 0.0209172263785
Herato12 Herato1202 9426730.0 8775000.0 0.0622590128007 0.0378752673673 0.059240367118 0.103889612423
Herato12 Herato1202 9476730.0 8825000.0 0.020912835822 0.0182083303358 0.0209795765256 0.0237013035372
Herato12 Herato1202 9526730.0 8875000.0 0.040458500472 0.036790601736 0.04043554323 0.044373644162
Herato12 Herato1202 9576730.0 8925000.0 0.026778270413 0.0230880988332 0.0266696211024 0.0313496240606
Herato12 Herato1202 9626730.0 8975000.0 0.027279366694 0.0192696961801 0.0266295021534 0.039293831858
Herato12 Herato1202 9676730.0 9025000.0 0.0698028296192 0.0423247376568 0.0661639698922 0.116160618674
Herato12 Herato1202 9726730.0 9075000.0 0.0175691934302 0.0144058099852 0.0173212020128 0.0216463400855
Herato12 Herato1202 9776730.0 9125000.0 0.0373364447224 0.0302446145333 0.0371708291601 0.0450345218564
Herato12 Herato1202 9826730.0 9175000.0 0.0143156861084 0.0120710948434 0.0141793492785 0.0169331204726
Herato12 Herato1202 9876730.0 9225000.0 0.0663934841228 0.0412650141498 0.0636396168256 0.112443484292
Herato12 Herato1202 9926730.0 9275000.0 0.089369731044 0.0430966191064 0.0808039328408 0.188226063
Herato12 Herato1202 9976730.0 9325000.0 0.0294606572016 0.024131486778 0.0292763759698 0.036104349725
Herato12 Herato1202 10026730.0 9375000.0 0.0287173387234 0.0259048220239 0.0280682927329 0.0321384161538
Herato12 Herato1202 10076730.0 9425000.0 0.0233075851216 0.0177872180734 0.0233593707101 0.0293825548317
Herato12 Herato1202 10126730.0 9475000.0 0.033292765234 0.029688402632 0.03315106193 0.037698784926
Herato12 Herato1202 10176730.0 9525000.0 0.0218286130567 0.01733990958 0.0215157606846 0.0278596894059
Herato12 Herato1202 10226730.0 9575000.0 0.038913445588 0.0284790327378 0.0395114255902 0.0494803000994
Herato12 Herato1202 10276730.0 9625000.0 0.0436489962456 0.0374284122536 0.0433352752572 0.0525163373074
Herato12 Herato1202 10326730.0 9675000.0 0.0457583218926 0.0356897457428 0.0449112884872 0.0589966780004
Herato12 Herato1202 10376730.0 9725000.0 0.0183897872636 0.014207839583 0.0180943760371 0.0241933313266
Herato12 Herato1202 10426730.0 9775000.0 0.023660984607 0.0202495184396 0.0234432506442 0.0280118227256
Herato12 Herato1202 10476730.0 9825000.0 0.043512575696 0.0303767616528 0.043119739442 0.060086433938
Herato12 Herato1202 10526730.0 9875000.0 0.052010324624 0.0425407064454 0.0519640093278 0.061466731706
Herato12 Herato1202 10576730.0 9925000.0 0.05442452668 0.0473385967224 0.054277133238 0.062013353412
Herato12 Herato1202 10626730.0 9975000.0 0.045166193116 0.0341906161366 0.038197802182 0.075537811932
Herato12 Herato1202 10676730.0 10025000.0 0.034322902888 0.030165432618 0.034319332336 0.03829898584
Herato12 Herato1202 10726730.0 10075000.0 0.0363067889364 0.0328970903836 0.0362227921792 0.0397901039524
Herato12 Herato1202 10776730.0 10125000.0 0.0629669598944 0.0316039725628 0.0566428153518 0.135570974351
Herato12 Herato1202 10826730.0 10175000.0 0.0246969696882 0.0157955141464 0.0240203145559 0.0375036367924
Herato12 Herato1202 10876730.0 10225000.0 0.018576381668 0.017014204302 0.01858114913 0.020222558772
Herato12 Herato1202 10926730.0 10275000.0 0.0522535202518 0.0331376972122 0.0477869673848 0.0912502071628
Herato12 Herato1202 10976730.0 10325000.0 0.0509341782998 0.0226166588226 0.0485360800518 0.093722097004
Herato12 Herato1202 11026730.0 10375000.0 0.0352599239806 0.0250669515528 0.0331763719281 0.059927086178
Herato12 Herato1202 11076730.0 10425000.0 0.0323109654637 0.0186467763943 0.0293419221989 0.060205693551
Herato12 Herato1202 11126730.0 10475000.0 0.019499705609 0.0170679235303 0.0194518704052 0.0219447908748
Herato12 Herato1202 11176730.0 10525000.0 0.0317825668453 0.0305135176356 0.0316961171158 0.0335024333064
Herato12 Herato1202 11226730.0 10575000.0 0.0351446168208 0.0280118166904 0.0346365762944 0.0444221676812
Herato12 Herato1202 11276730.0 10625000.0 0.037442593336 0.0279399399865 0.0365718102525 0.0510026540608
Herato12 Herato1202 11326730.0 10675000.0 0.00793322358622 0.00701832941194 0.0079704939994 0.0088790100136
Herato12 Herato1202 11376730.0 10725000.0 0.045062812374 0.018753239322 0.037863798112 0.108376696602
Herato12 Herato1202 11426730.0 10775000.0 0.0151656755466 0.0100717001077 0.0137643635456 0.026379318101
Herato12 Herato1202 11476730.0 10825000.0 0.0211302659151 0.0165400948392 0.0204431078463 0.0297197665524
Herato12 Herato1202 11526730.0 10875000.0 0.0296452569126 0.0264788640049 0.0296200860328 0.0327794250576
Herato12 Herato1202 11576730.0 10925000.0 0.029065711381 0.0231455357427 0.0286720560795 0.0371388455552
Herato12 Herato1202 11626730.0 10975000.0 0.0351950187436 0.0285085990268 0.0347436832975 0.044597620575
Herato12 Herato1202 11676730.0 11025000.0 0.0290958046386 0.0253717942991 0.0288483619892 0.0342110014114
Herato12 Herato1202 11726730.0 11075000.0 0.0531516014403 0.0356361237111 0.0493207158203 0.0945657377347
Herato12 Herato1202 11776730.0 11125000.0 0.0457506116648 0.030333143043 0.0452768620782 0.0663715669314
Herato12 Herato1202 11826730.0 11175000.0 0.0577340079133 0.0220284817883 0.0540481501108 0.122125860289
Herato12 Herato1202 11876730.0 11225000.0 0.0447064508806 0.0414518638093 0.0445702747434 0.048098212836
Herato12 Herato1202 11926730.0 11275000.0 0.0478426384286 0.0415564174212 0.0476472999008 0.0550501845272
Herato12 Herato1202 11976730.0 11325000.0 0.037079709146 0.0325857417455 0.0369775572846 0.0429731532264
Herato12 Herato1202 12026730.0 11375000.0 0.051902383368 0.0401250381744 0.051567039272 0.067892220194
Herato12 Herato1202 12076730.0 11425000.0 0.027981524702 0.02497900127 0.02793710816 0.031114883954
Herato12 Herato1202 12126730.0 11475000.0 0.053554580615 0.0374614015738 0.0524709381092 0.079341538036
Herato12 Herato1202 12176730.0 11525000.0 0.0575477478944 0.0399715572783 0.0548042430098 0.0939197622412
Herato12 Herato1202 12226730.0 11575000.0 0.0400975756084 0.0264474235315 0.0384480191552 0.0620286384244
Herato12 Herato1202 12276730.0 11625000.0 0.0422008176609 0.0363713177933 0.0422491158461 0.0492623720148
Herato12 Herato1202 12326730.0 11675000.0 0.028989211408 0.0267701986184 0.028927538108 0.031617847946
Herato12 Herato1202 12376730.0 11725000.0 0.0525798992994 0.0419307741333 0.0514272085422 0.0701964040126
Herato12 Herato1202 12426730.0 11775000.0 0.033256055538 0.0282532657358 0.0330709169484 0.03923590649
Herato12 Herato1202 12476730.0 11825000.0 0.036331475839 0.0305207877975 0.0358549276352 0.0445196457996
Herato12 Herato1202 12526730.0 11875000.0 0.0367640277974 0.0293995081788 0.0360945064454 0.0470299215776
Herato12 Herato1202 12576730.0 11925000.0 0.0425253837219 0.0341622544594 0.0413456365724 0.0560064227142
Herato12 Herato1202 12626730.0 11975000.0 0.0971446331292 0.0480448197635 0.0896025003976 0.192199590022
Herato12 Herato1202 12676730.0 12025000.0 0.0520605754948 0.0246065315757 0.0466984553265 0.0918545249594
Herato12 Herato1202 12726730.0 12075000.0 0.0473269210998 0.0304848586736 0.0455074315689 0.0748550834828
Herato12 Herato1202 12776730.0 12125000.0 0.0407000759884 0.0265910510125 0.0399053282679 0.0560579070374
Herato12 Herato1202 12826730.0 12175000.0 0.03749232809 0.025318253886 0.03600706015 0.05393941136
Herato12 Herato1202 12876730.0 12225000.0 0.0399168504026 0.0194862737233 0.0290144616283 0.087320723048
Herato12 Herato1202 12926730.0 12275000.0 0.055084993084 0.0352462922116 0.0533519335952 0.087285529914
Herato12 Herato1202 12976730.0 12325000.0 0.0421158470142 0.0346509997554 0.0418813166114 0.0529075129222
Herato12 Herato1202 13026730.0 12375000.0 0.051170969286 0.0311045246344 0.046286057202 0.089515492556
Herato12 Herato1202 13076730.0 12425000.0 0.0390777697522 0.0294783833257 0.0380793617797 0.0541696778256
Herato12 Herato1202 13126730.0 12475000.0 0.0493668171272 0.0417072199105 0.048893423807 0.0595118493652
Herato12 Herato1202 13176730.0 12525000.0 0.053714762748 0.0402346464748 0.052878837566 0.07495625207
Herato12 Herato1202 13226730.0 12575000.0 0.035025500868 0.030749214012 0.03474847571 0.04015332722
Herato12 Herato1202 13276730.0 12625000.0 0.055021860352 0.0471540353604 0.055534472332 0.06469277582
Herato12 Herato1202 13326730.0 12675000.0 0.062851560887 0.0465820760319 0.0598447929798 0.102319682426
Herato12 Herato1202 13376730.0 12725000.0 0.0362073173738 0.0334116608365 0.0363791038072 0.0384003425102
Herato12 Herato1202 13426730.0 12775000.0 0.0401148916406 0.0340542696977 0.0402578488774 0.046386628988
Herato12 Herato1202 13476730.0 12825000.0 0.0238868803904 0.0212710478356 0.023865027005 0.0261789078626
Herato12 Herato1202 13526730.0 12875000.0 0.0428970997142 0.0402297772877 0.0428940931162 0.0457418833486
Herato12 Herato1202 13576730.0 12925000.0 0.0501137225272 0.0463427920832 0.0503296963946 0.0536571061032
Herato12 Herato1202 13626730.0 12975000.0 0.068293788034 0.0426586900428 0.065156560164 0.106874302032
Herato12 Herato1202 13676730.0 13025000.0 0.05510456595 0.0339965869116 0.0518867907048 0.095664012306
Herato12 Herato1202 13726730.0 13075000.0 0.043007261734 0.030133363732 0.042298838152 0.057152010582
Herato12 Herato1202 13776730.0 13125000.0 0.0254550950718 0.020239979745 0.0254017938854 0.032299143284
Herato12 Herato1202 13826730.0 13175000.0 0.025050621068 0.020344274812 0.025140587646 0.030133547304
Herato12 Herato1202 13876730.0 13225000.0 0.033289804656 0.0306247668874 0.033216501038 0.036584467952
Herato12 Herato1202 13926730.0 13275000.0 0.0750517631114 0.0300478649411 0.0652486653065 0.154944288049
Herato12 Herato1202 13976730.0 13325000.0 0.0164362026016 0.0140388087674 0.0163177442268 0.01921686262
Herato12 Herato1202 14026730.0 13375000.0 0.045520443048 0.0248220825301 0.0439005007785 0.0800226220385
Herato12 Herato1202 14076730.0 13425000.0 0.0420495948792 0.0328714970071 0.0409997440141 0.0559254593952
Herato12 Herato1202 14126730.0 13475000.0 0.0807041663028 0.0494623818623 0.0772288296128 0.130699354624
Herato12 Herato1202 14176730.0 13525000.0 0.0189974094488 0.0170736148154 0.0189481671506 0.021119910336
Herato12 Herato1202 14226730.0 13575000.0 0.0170636009154 0.0131472519559 0.0168663621014 0.0221972638742
Herato12 Herato1202 14276730.0 13625000.0 0.0438405129968 0.0243273653228 0.0419455930023 0.073286475921
Herato12 Herato1202 14326730.0 13675000.0 0.0405613206073 0.0190396011094 0.0392834301708 0.0680871806738
Herato12 Herato1202 14376730.0 13725000.0 0.0288781385599 0.0191094260719 0.0272654756911 0.0452502061518
Herato12 Herato1202 14426730.0 13775000.0 0.022195606469 0.019451959279 0.0220394926076 0.0264872644166
Herato12 Herato1202 14476730.0 13825000.0 0.0344240175956 0.0326966512057 0.034436125813 0.035855959036
Herato12 Herato1202 14526730.0 13875000.0 0.04316036493 0.031938166546 0.04236389426 0.058366456492
Herato12 Herato1202 14576730.0 13925000.0 0.041041332286 0.037407607188 0.040984074006 0.045322400064
Herato12 Herato1202 14626730.0 13975000.0 0.061117909946 0.041015681308 0.059199764362 0.096823782662
Herato12 Herato1202 14676730.0 14025000.0 0.040607817822 0.0344624323424 0.0403397500322 0.048572955556
Herato12 Herato1202 14726730.0 14075000.0 0.0330395846876 0.028068233849 0.0331749840492 0.0387808231808
Herato12 Herato1202 14776730.0 14125000.0 0.0336343998363 0.0275377911322 0.0331114514897 0.0419726327096
Herato12 Herato1202 14826730.0 14175000.0 0.0808705578696 0.0630114664391 0.0790600871848 0.108382546449
Herato12 Herato1202 14876730.0 14225000.0 0.0583858671 0.0460074046052 0.055642066796 0.090921138018
Herato12 Herato1202 14926730.0 14275000.0 0.048615867318 0.041088705892 0.048160013098 0.058929077858
Herato12 Herato1202 14976730.0 14325000.0 0.0457289328532 0.0297868382866 0.0430099488434 0.076324923044
Herato12 Herato1202 15026730.0 14375000.0 0.0251487582738 0.0167414353845 0.022777649367 0.0404890581654
Herato12 Herato1202 15076730.0 14425000.0 0.02531538015 0.0204063730885 0.0247535672536 0.032432231496
Herato12 Herato1202 15126730.0 14475000.0 0.060004795989 0.0365237837173 0.0579803665511 0.0971005996616
Herato12 Herato1202 15176730.0 14525000.0 0.035611443838 0.0143354510791 0.0353404765708 0.0696116423682
Herato12 Herato1202 15226730.0 14575000.0 0.029797640712 0.0235001930792 0.0298432411912 0.038026233544
Herato12 Herato1202 15276730.0 14625000.0 0.035599514604 0.0214327853526 0.0337989812094 0.0576807193728
Herato12 Herato1202 15326730.0 14675000.0 0.053410886912 0.017292456738 0.050987247986 0.112822435514
Herato12 Herato1202 15376730.0 14725000.0 0.053892529622 0.0378709901972 0.04837091573 0.093372163148
Herato12 Herato1202 15426730.0 14775000.0 0.0272087884468 0.0213073868484 0.0270891875066 0.03381975109
Herato12 Herato1202 15476730.0 14825000.0 0.0332739981885 0.0239141705082 0.032987222568 0.0441515926664
Herato12 Herato1202 15526730.0 14875000.0 0.033094556361 0.0276724994198 0.0328108164518 0.038768822414
Herato12 Herato1202 15576730.0 14925000.0 0.025292056854 0.0214657703842 0.02520123948 0.029534064512
Herato12 Herato1202 15626730.0 14975000.0 0.064920795594 0.0334275635604 0.0508154402582 0.16097049002
Herato12 Herato1202 15676730.0 15025000.0 0.0260519307386 0.0220870175868 0.0267878488668 0.0294944999978
Herato12 Herato1202 15726730.0 15075000.0 0.037846256564 0.0346187496236 0.037727413618 0.041595640178
Herato12 Herato1202 15776730.0 15125000.0 0.03212413852 0.03126439286 0.0320926824 0.03349744134
Herato12 Herato1202 15826730.0 15175000.0 0.05123555646 0.043078112916 0.050982217942 0.06029899462
Herato12 Herato1202 15876730.0 15225000.0 0.032863667898 0.028446760336 0.031995355968 0.039026191672
Herato12 Herato1202 15926730.0 15275000.0 0.042888923542 0.0354879667656 0.04212343521 0.056072494576
Herato12 Herato1202 15976730.0 15325000.0 0.040634829242 0.0255730972725 0.038952909874 0.066912276484
Herato12 Herato1202 16026730.0 15375000.0 0.0432175767331 0.0274430549527 0.0413293483881 0.0669763590561
Herato12 Herato1202 16076730.0 15425000.0 0.0167689003096 0.0117770391843 0.0160329614988 0.0254835814933
Herato12 Herato1202 16126730.0 15475000.0 0.025064441915 0.0169261359537 0.0246670262635 0.035211864545
Herato12 Herato1202 16176730.0 15525000.0 0.0225712513546 0.0198378477716 0.0224860094162 0.025867890828
Herato12 Herato1202 16226730.0 15575000.0 0.007826419801 0.0068073683666 0.0078407479796 0.008974719374
Herato12 Herato1202 16276730.0 15625000.0 0.0337877479118 0.0305315854309 0.033802538595 0.0373977376472
Herato12 Herato1202 16326730.0 15675000.0 0.0767401617503 0.0503081378549 0.0764919457804 0.10683511966
Herato12 Herato1202 16376730.0 15725000.0 0.0418155465228 0.0369964514323 0.0420668120724 0.0473487440672
Herato12 Herato1202 16426730.0 15775000.0 0.0367389925026 0.0317480251849 0.0361232851632 0.0435083509198
Herato12 Herato1202 16476730.0 15825000.0 0.044996779436 0.0326741227331 0.0439732135114 0.0634957579486
Herato12 Herato1202 16526730.0 15875000.0 0.0564090083244 0.0413941724764 0.0548490191468 0.0792326384406
Herato12 Herato1202 16576730.0 15925000.0 0.0336252297899 0.0287705850797 0.0335483166039 0.0390808976882
Herato12 Herato1202 16626730.0 15975000.0 0.089052440504 0.05843893776 0.085079271314 0.145678083692
Herato12 Herato1202 16676730.0 16025000.0 0.060519732348 0.046481399336 0.058817611708 0.089002857992
Herato12 Herato1202 16726730.0 16075000.0 0.0384760643954 0.0234563110922 0.0370155192466 0.0606794414566
Herato12 Herato1202 16776730.0 16125000.0 0.0107587497484 0.0088869099788 0.010641047656 0.0131619764484
Herato12 Herato1202 16826730.0 16175000.0 0.012940742665 0.00749085918322 0.0125139928908 0.0210248398071
Herato12 Herato1202 16876730.0 16225000.0 0.0770561280462 0.0228350755852 0.0757846832806 0.161031446314
Herato12 Herato1202 16926730.0 16275000.0 0.0310437157238 0.0116455296496 0.0303283234036 0.0517193011523
Herato12 Herato1202 16976730.0 16325000.0 0.0157850280598 0.0101128855782 0.0151424188517 0.0252739004952
Herato12 Herato1202 17026730.0 16375000.0 0.025567481298 0.0137152156423 0.025248115196 0.0465232613276
Herato12 Herato1202 17076730.0 16425000.0 0.0305413073318 0.027403372305 0.0306756370462 0.0338827260012
Herato12 Herato1202 17126730.0 16475000.0 0.041839095757 0.0363479851695 0.041558512056 0.048475802883
Herato12 Herato1202 17176730.0 16525000.0 0.0369778601417 0.0316883938398 0.0365276391381 0.0445011905124
Herato12 Herato1202 17226730.0 16575000.0 0.0284690962247 0.0224577755511 0.0280715161269 0.0360264619788
Herato12 Herato1202 17276730.0 16625000.0 0.0298662839712 0.024837055493 0.029582303772 0.0366371642578
Herato12 Herato1202 17326730.0 16675000.0 0.0361702212948 0.0152816014105 0.0340223924062 0.0691554016662
Herato12 Herato1202 17376730.0 16725000.0 0.023691391276 0.0193442945261 0.0233071740999 0.029519263045
Herato12 Herato1202 17426730.0 16775000.0 0.0407040960057 0.0310321535676 0.0401089280211 0.0559285992426
Herato12 Herato1202 17476730.0 16825000.0 0.0529492539498 0.0371424796904 0.0510233725844 0.07871808553
Herato12 Herato1202 17526730.0 16875000.0 0.0367494770611 0.0333608434876 0.0365706398673 0.0403875514956
Herato12 Herato1202 17576730.0 16925000.0 0.038012914996 0.0329281496098 0.0378248547892 0.044033709274
Herato12 Herato1202 17626730.0 16975000.0 0.0560028788664 0.031562172188 0.0531877915636 0.0994032135302
Herato12 Herato1202 17676730.0 17025000.0 0.0719152068764 0.0318505924952 0.0636897215912 0.178437311095
Herato12 Herato1202 17726730.0 17075000.0 0.0418166468178 0.027592360069 0.0394454060134 0.067244400037
Herato12 Herato1202 17776730.0 17125000.0 0.0926670322021 0.0464593391322 0.0864152106343 0.168680332578
Herato12 Herato1202 17826730.0 17175000.0 0.0276448417997 0.0236278834488 0.0274226584144 0.0330593538205
Herato12 Herato1202 17876730.0 17225000.0 0.0428636309798 0.0255978135541 0.0398526117658 0.0748193314538
Herato12 Herato1202 17926730.0 17275000.0 0.0391182526349 0.0301546841516 0.0377649000338 0.0510925880452
Herato12 Herato1202 17976730.0 17325000.0 0.0474236610126 0.0364904688411 0.0468033290976 0.0601615046252
Herato12 Herato1202 18026730.0 17375000.0 0.06122732816 0.05807705148 0.0612995023 0.06436341072
Herato12 Herato1202 18076730.0 17425000.0 0.0484518617228 0.0458345268863 0.0484172756194 0.051334147408
Herato12 Herato1202 18126730.0 17475000.0 0.0630713 0.052983690846 0.062597632374 0.075684912054
Herato12 Herato1202 18176730.0 17525000.0 0.0648207002137 0.0571292503216 0.0645657288915 0.0736602833471
Herato12 Herato1202 18226730.0 17575000.0 0.048355163437 0.0455330727448 0.0484899921396 0.0511579432716
Herato12 Herato1202 18276730.0 17625000.0 0.038107977798 0.0356905132852 0.0381152493272 0.040550260234
Herato12 Herato1202 18326730.0 17675000.0 0.042471133697 0.02750922884 0.0423076339418 0.060391129844
Herato12 Herato1202 18376730.0 17725000.0 0.0566721075406 0.042529396631 0.0553520686878 0.0787829950002
Herato12 Herato1202 18426730.0 17775000.0 0.0797539089326 0.0473749965761 0.0763677641426 0.135296160479
Herato12 Herato1202 18476730.0 17825000.0 0.0480667049572 0.0340241218593 0.0461121939554 0.0726607419604
Herato12 Herato1202 18526730.0 17875000.0 0.0431455610514 0.0366924733578 0.0429797512526 0.0492977662256
Herato12 Herato1202 18576730.0 17925000.0 0.0729975346288 0.0507342926284 0.0712494453036 0.108358189304
Herato12 Herato1202 18626730.0 17975000.0 0.0605611572564 0.0445748605558 0.0593688657296 0.084151804524
Herato12 Herato1202 18676730.0 18025000.0 0.0328404153904 0.0277675161768 0.0324955478294 0.0401048477016
Herato12 Herato1202 18726730.0 18075000.0 0.045667729892 0.0286817186794 0.0432687178653 0.0739228268958
Herato12 Herato1202 18776730.0 18125000.0 0.0238915726148 0.0196618203211 0.0235182054404 0.0305701099267
Herato12 Herato1202 18826730.0 18175000.0 0.0294733218531 0.0247754021478 0.0292512828523 0.0353196311799
Herato12 Herato1202 18876730.0 18225000.0 0.0338067993092 0.027189947626 0.0331524569106 0.0443252023296
Herato12 Herato1202 18926730.0 18275000.0 0.0485578789012 0.0406898281376 0.0484572050036 0.057368173358
Herato12 Herato1202 18976730.0 18325000.0 0.049297835739 0.0345249329868 0.0495492542444 0.070334877261
Herato12 Herato1202 19026730.0 18375000.0 0.0331169998818 0.0233354531135 0.0313764867053 0.0520714657718
Herato12 Herato1202 19076730.0 18425000.0 0.0419067785698 0.0372044120545 0.0419080661278 0.0474465843952
Herato12 Herato1202 19126730.0 18475000.0 0.0237733002827 0.0181645491457 0.0233836797911 0.0311203611516
Herato12 Herato1202 19176730.0 18525000.0 0.0275124577873 0.0218728077739 0.0272174047282 0.0350126693595
Herato12 Herato1202 19226730.0 18575000.0 0.0626568349106 0.0358837642244 0.0593350020759 0.112077605692
Herato12 Herato1202 19276730.0 18625000.0 0.0549361439216 0.0286820751012 0.0474482664604 0.112914349375
Herato12 Herato1202 19326730.0 18675000.0 0.0272681636009 0.0133814011877 0.0251708622943 0.0587877548326
Herato12 Herato1202 19376730.0 18725000.0 0.0635852393276 0.0203374602318 0.054032917925 0.153533520499
Herato12 Herato1202 19426730.0 18775000.0 0.0394314288624 0.0248795006635 0.0380975893868 0.0625873424946
Herato12 Herato1202 19476730.0 18825000.0 0.0894393874935 0.0446966461019 0.0812124037671 0.171777835163
Herato12 Herato1202 19526730.0 18875000.0 0.0271984197324 0.0154709717372 0.0257509702325 0.0503845834073
Herato12 Herato1202 19576730.0 18925000.0 0.01404245531 0.012504350219 0.0139963220519 0.0156932297809
Herato12 Herato1202 19626730.0 18975000.0 0.0492749264623 0.0264399602424 0.0462262877576 0.0875547969804
Herato12 Herato1202 19676730.0 19025000.0 0.0597899331606 0.0239126130221 0.056782579459 0.113240747825
Herato12 Herato1202 19726730.0 19075000.0 0.112833743365 0.0390749274459 0.104427703054 0.236739305893
Herato12 Herato1202 19776730.0 19125000.0 0.0320377244828 0.0177134912593 0.0304137607473 0.0563349498112
Herato12 Herato1202 19826730.0 19175000.0 0.0429560915856 0.0257356606273 0.0400361043396 0.0692482080462
Herato12 Herato1202 19876730.0 19225000.0 0.0128704366563 0.00921354892479 0.0115460914405 0.020593203973
Herato12 Herato1202 19926730.0 19275000.0 0.022911492016 0.0176548426181 0.0224487320445 0.0295732035388
Herato12 Herato1202 19976730.0 19325000.0 0.0454992527484 0.0272208111693 0.044169415958 0.0738189223716
Herato12 Herato1202 20026730.0 19375000.0 0.0483775736303 0.0243611611342 0.0440204030153 0.0912726034684
Herato12 Herato1202 20076730.0 19425000.0 0.0759211262549 0.0285317084378 0.068747786491 0.161930507424
Herato12 Herato1202 20126730.0 19475000.0 0.0176713210425 0.0150113421137 0.017519375547 0.0210611293748
Herato12 Herato1202 20176730.0 19525000.0 0.00782874389178 0.00648733961752 0.0077687521737 0.009462642253
Herato12 Herato1202 20226730.0 19575000.0 0.0354535777293 0.0128918263809 0.0308388773493 0.0932277396828
Herato12 Herato1202 20276730.0 19625000.0 0.0212241430801 0.0118232920329 0.0193257267674 0.0433270661643
Herato12 Herato1202 20326730.0 19675000.0 0.0102671991832 0.00571571749294 0.00952020455516 0.0191258514813
Herato12 Herato1202 20376730.0 19725000.0 0.00332061539438 0.00268659623117 0.00331421483092 0.00403638616698
Herato12 Herato1202 20426730.0 19775000.0 0.0134666932276 0.00863530176554 0.0130275980856 0.0234958791773
Herato12 Herato1202 20476730.0 19825000.0 0.00941639633284 0.00490972595914 0.00875759166306 0.0165530662346
Herato12 Herato1202 20526730.0 19875000.0 0.00347520521716 0.00280329651305 0.00345294708072 0.0043081900505
Herato12 Herato1202 20576730.0 19925000.0 0.019477774733 0.0124886043328 0.0194465687696 0.0295534467626
Herato12 Herato1202 20626730.0 19975000.0 0.0141147232344 0.0087779569703 0.0141902588566 0.019791900329
Herato12 Herato1202 20676730.0 20025000.0 0.090173181395 0.0463113308344 0.0847334144831 0.167899013375
Herato12 Herato1202 20726730.0 20075000.0 0.0119423593272 0.00265250067488 0.0090660467095 0.0412972094624
Herato12 Herato1202 20776730.0 20125000.0 0.0424933778838 0.0135715608632 0.0353486731176 0.104192660419
Herato12 Herato1202 20826730.0 20175000.0 0.0352871679968 0.0107080358808 0.0308786372075 0.0798584127658
Herato12 Herato1202 20876730.0 20225000.0 0.0250879520483 0.00996427303492 0.0212317163224 0.0592985594587
Herato12 Herato1202 20926730.0 20275000.0 0.0167262234679 0.0104413292267 0.0153015311765 0.0314896829334
Herato12 Herato1202 20976730.0 20325000.0 0.0331380357255 0.015392435062 0.0290409940354 0.0723253534369
Herato12 Herato1202 21026730.0 20375000.0 0.00307971069356 0.00264325340527 0.00307917383068 0.00351612976894
Herato12 Herato1202 21076730.0 20425000.0 0.0173792108617 0.00763513610747 0.0162833532114 0.0347207708704
Herato12 Herato1202 21126730.0 20475000.0 0.0239337397826 0.0111407068665 0.0216440698925 0.0488578203734
Herato12 Herato1202 21176730.0 20525000.0 0.014934126291 0.00603244796826 0.0139062487793 0.029465726267
Herato12 Herato1202 21226730.0 20575000.0 0.00909336763598 0.00692824229208 0.00897488592768 0.0117319798992
