chrom scaffold Cposition position mean p0025 p0500 p0975
Herato02 Herato0201 14327.5 25000.0 0.0667971266848 0.0511997325516 0.0654028841587 0.0896430511884
Herato02 Herato0202 53655.0 25000.0 0.100931553324 0.0708438870854 0.0969448791492 0.15096809421
Herato02 Herato0202 103655.0 75000.0 0.077823420759 0.0687189264283 0.07757944637 0.0871998658782
Herato02 Herato0202 153655.0 125000.0 0.102779587686 0.089620272813 0.102288075875 0.11702725243
Herato02 Herato0202 197058.0 175000.0 0.0571077709613 0.051262986969 0.0567076512362 0.0634442578438
Herato02 Herato0203 240462.0 25000.0 0.0457198680604 0.0351137123838 0.0457377540036 0.057158473262
Herato02 Herato0203 290462.0 75000.0 0.0502481428654 0.0447284928431 0.0500004305454 0.0572912496656
Herato02 Herato0203 340462.0 125000.0 0.0529052252366 0.0454670317308 0.0525104024064 0.0637904032316
Herato02 Herato0203 390462.0 175000.0 0.0508987762586 0.0438766376983 0.0501432427786 0.0597088719706
Herato02 Herato0203 440462.0 225000.0 0.0588467409 0.0508452363913 0.0574856815646 0.0698948394748
Herato02 Herato0203 490462.0 275000.0 0.0769227873424 0.0629372747834 0.0767800839748 0.0925165087674
Herato02 Herato0203 540462.0 325000.0 0.07318119872 0.06688521578 0.07303873083 0.081158955522
Herato02 Herato0203 583426.5 375000.0 0.0400126419327 0.0372867226474 0.0400835740767 0.0431280664644
Herato02 Herato0204 626392.0 25000.0 0.0497652764052 0.0371033096153 0.0485454762976 0.0681749391502
Herato02 Herato0204 676392.0 75000.0 0.0399707718744 0.034592482927 0.039875582542 0.0457815878428
Herato02 Herato0204 726392.0 125000.0 0.0393740831212 0.0321681825909 0.0374508688761 0.0519174276314
Herato02 Herato0204 776392.0 175000.0 0.0757246690848 0.0553789411591 0.0729771205423 0.107481907791
Herato02 Herato0204 826392.0 225000.0 0.07478553787 0.0678817797268 0.074005458422 0.084093030808
Herato02 Herato0204 876392.0 275000.0 0.04850591244 0.04142605416 0.04780899808 0.0591146434
Herato02 Herato0204 926392.0 325000.0 0.0765271259088 0.0626468331211 0.0747367338418 0.100934506528
Herato02 Herato0204 976392.0 375000.0 0.064825988022 0.0423361873524 0.061535450058 0.103794194642
Herato02 Herato0204 1026392.0 425000.0 0.0489518638 0.03656269682 0.04835541682 0.0632287901
Herato02 Herato0204 1076392.0 475000.0 0.08813487054 0.07421594172 0.08913700548 0.09868000118
Herato02 Herato0204 1126392.0 525000.0 0.120616908766 0.109484374213 0.120049903517 0.138462201308
Herato02 Herato0204 1176392.0 575000.0 0.102414961304 0.0860626829028 0.096943066188 0.132888890484
Herato02 Herato0204 1226392.0 625000.0 0.136752743404 0.127808768818 0.136616659248 0.14639352927
Herato02 Herato0204 1276392.0 675000.0 0.09787534028 0.093854582818 0.097927468264 0.10175216272
Herato02 Herato0204 1326392.0 725000.0 0.1177141724 0.10585004116 0.1162781368 0.134771976
Herato02 Herato0204 1376392.0 775000.0 0.077916591777 0.0727028435763 0.0777993347586 0.0831541757846
Herato02 Herato0204 1426392.0 825000.0 0.0848771452492 0.0790523038593 0.0851636543386 0.090228764362
Herato02 Herato0204 1476392.0 875000.0 0.071081565386 0.063970937928 0.070978177604 0.078968043688
Herato02 Herato0204 1526392.0 925000.0 0.092574377744 0.0734022496764 0.09455053038 0.106322673456
Herato02 Herato0204 1576392.0 975000.0 0.0888189378278 0.0802332473322 0.08832008623 0.0994012310166
Herato02 Herato0204 1626392.0 1025000.0 0.061744328959 0.0575414542351 0.06130968226 0.066834777138
Herato02 Herato0204 1676392.0 1075000.0 0.0623154413514 0.0598546157144 0.0618766186229 0.0657985905544
Herato02 Herato0204 1726392.0 1125000.0 0.083931316266 0.051856928746 0.0833930175803 0.135914624224
Herato02 Herato0204 1776392.0 1175000.0 0.080717185394 0.0724231699856 0.0804466073312 0.0881313217954
Herato02 Herato0204 1826392.0 1225000.0 0.11670963707 0.0927055116176 0.115534222884 0.14574914051
Herato02 Herato0204 1876392.0 1275000.0 0.0642334440582 0.059288592778 0.0645139744806 0.0678193301714
Herato02 Herato0204 1926392.0 1325000.0 0.109564056949 0.0904686455355 0.108232773094 0.133646948548
Herato02 Herato0204 1976392.0 1375000.0 0.0925241072969 0.0777194901708 0.0904416670153 0.1307330085
Herato02 Herato0204 2026392.0 1425000.0 0.071249551382 0.048873316066 0.06839197814 0.10952232828
Herato02 Herato0204 2076392.0 1475000.0 0.0545584992089 0.0503262436315 0.0539250040878 0.0586632218372
Herato02 Herato0204 2126392.0 1525000.0 0.0510058613704 0.0450835163853 0.0506486624134 0.0581431661764
Herato02 Herato0204 2171927.0 1575000.0 0.0678712187082 0.0601750842393 0.0680725218213 0.0762868075631
Herato02 Herato0205 2217463.0 25000.0 0.0743807423144 0.0419337570846 0.0734699748098 0.112185124653
Herato02 Herato0205 2262525.5 75000.0 0.0350943530118 0.0179870215307 0.0313656169194 0.0725740532137
Herato02 Herato0206 2307589.0 25000.0 0.095752381956 0.08781014443 0.0940858499 0.10476177118
Herato02 Herato0206 2357589.0 75000.0 0.1016820068 0.09229459364 0.10058596366 0.11269984792
Herato02 Herato0206 2407589.0 125000.0 0.106440166 0.093036018222 0.10569715862 0.122146039944
Herato02 Herato0206 2457589.0 175000.0 0.063734681754 0.0567734939 0.063531559656 0.07254698814
Herato02 Herato0206 2507589.0 225000.0 0.049153326036 0.046398022342 0.049044705754 0.052507686576
Herato02 Herato0206 2557589.0 275000.0 0.0826007105696 0.0720357518528 0.0822776562364 0.094082553248
Herato02 Herato0206 2607589.0 325000.0 0.084968375708 0.073699260168 0.084273492012 0.0982007893
Herato02 Herato0206 2657589.0 375000.0 0.083125579285 0.0697746206917 0.0824309147671 0.101377114688
Herato02 Herato0206 2707589.0 425000.0 0.08155455776 0.069568729454 0.079945132226 0.096832255158
Herato02 Herato0206 2757589.0 475000.0 0.0782205646338 0.0649199585084 0.0769729278023 0.100054322922
Herato02 Herato0206 2807589.0 525000.0 0.0297031970214 0.0191619904437 0.02906996646 0.0439641339956
Herato02 Herato0206 2857589.0 575000.0 0.0501360589921 0.0438527402266 0.0497270652324 0.0598068239818
Herato02 Herato0206 2907589.0 625000.0 0.056504717593 0.0520775913684 0.0564341069014 0.061004365623
Herato02 Herato0206 2957589.0 675000.0 0.0690796336832 0.0573047982501 0.0687991348222 0.081977543894
Herato02 Herato0206 3007589.0 725000.0 0.042282422202 0.0323633174042 0.042298318298 0.051894010992
Herato02 Herato0206 3057589.0 775000.0 0.0620340594602 0.0493660002978 0.0621089739682 0.0770447858988
Herato02 Herato0206 3107589.0 825000.0 0.078266032246 0.061321580363 0.0763259836146 0.107425002406
Herato02 Herato0206 3157589.0 875000.0 0.070588535042 0.065884777992 0.07034730457 0.07703994078
Herato02 Herato0206 3207589.0 925000.0 0.0532358185212 0.0472947742573 0.0533433459846 0.0595346933
Herato02 Herato0206 3257589.0 975000.0 0.0648110832579 0.0560730932185 0.0643205942801 0.0754248033444
Herato02 Herato0206 3307589.0 1025000.0 0.0598711886696 0.0555351824302 0.0597333221396 0.0646706942064
Herato02 Herato0206 3357589.0 1075000.0 0.0732536572042 0.0553670295485 0.0721816361204 0.102603025098
Herato02 Herato0206 3390702.5 1125000.0 0.0123718964183 0.00935107081777 0.0118345658717 0.0152967056042
Herato02 Herato0207 3406547.5 25000.0 0.0187333482375 0.015762084186 0.0188070397258 0.0216050042817
Herato02 Herato0208 3439279.0 25000.0 0.0293958944197 0.0257466777505 0.0294375117401 0.0336971768468
Herato02 Herato0208 3489279.0 75000.0 0.041006041506 0.037356185836 0.041058274374 0.04496175443
Herato02 Herato0208 3539279.0 125000.0 0.052697568164 0.047770891392 0.052605735228 0.058364072118
Herato02 Herato0208 3589279.0 175000.0 0.050073424974 0.0422273752088 0.049824934696 0.059109833684
Herato02 Herato0208 3639279.0 225000.0 0.0612546359952 0.0532447857392 0.0611843160152 0.069991035862
Herato02 Herato0208 3689279.0 275000.0 0.0493140456896 0.0422045483807 0.0487797671116 0.0586008032972
Herato02 Herato0208 3739279.0 325000.0 0.06165212215 0.05666476203 0.061380164132 0.066978916774
Herato02 Herato0208 3789279.0 375000.0 0.094246131284 0.087342082916 0.09423269987 0.100628212366
Herato02 Herato0208 3839279.0 425000.0 0.11019147012 0.0935631476654 0.107953892963 0.13491850681
Herato02 Herato0208 3889279.0 475000.0 0.0556523443612 0.0442868446187 0.0543771797704 0.0719048050152
Herato02 Herato0208 3939279.0 525000.0 0.0622707701228 0.0551507902457 0.0623000192374 0.0706790700172
Herato02 Herato0208 3987303.0 575000.0 0.0714518182809 0.0646417999739 0.0717492835476 0.0785360256124
Herato02 Herato0209 4035328.0 25000.0 0.102694770171 0.0924448529159 0.102539356599 0.113623807715
Herato02 Herato0209 4085328.0 75000.0 0.070347285976 0.0642356609844 0.0702215842438 0.0774738629416
Herato02 Herato0209 4135328.0 125000.0 0.0236537659605 0.0207401235069 0.023538531045 0.0272847616456
Herato02 Herato0209 4185328.0 175000.0 0.0250761005816 0.0221873683121 0.0248892147378 0.029255225714
Herato02 Herato0209 4235328.0 225000.0 0.016499967796 0.0125844060128 0.0162331756532 0.0216319519194
Herato02 Herato0209 4285328.0 275000.0 0.0257486168326 0.0160628435443 0.0264747542434 0.0376030585324
Herato02 Herato0209 4335328.0 325000.0 0.0671439064362 0.0467268530578 0.0657926738624 0.0971376566702
Herato02 Herato0209 4385328.0 375000.0 0.0424485209722 0.0375086742639 0.0422516040849 0.048326334837
Herato02 Herato0209 4435328.0 425000.0 0.0736035708408 0.0662066293788 0.0734934331843 0.0805197241416
Herato02 Herato0209 4485328.0 475000.0 0.065313418024 0.0537831404604 0.06442586254 0.082649020478
Herato02 Herato0209 4535328.0 525000.0 0.052405647586 0.0407961377771 0.0517471179948 0.0686680737448
Herato02 Herato0209 4585328.0 575000.0 0.04251051768 0.03825613436 0.04237739822 0.04696943474
Herato02 Herato0209 4635328.0 625000.0 0.04823708951 0.036380676728 0.046747601088 0.069452916416
Herato02 Herato0209 4685328.0 675000.0 0.0550972088276 0.0456364291468 0.0538888662542 0.068547927099
Herato02 Herato0209 4735328.0 725000.0 0.0585381302488 0.0342544222168 0.05753381783 0.0901925597032
Herato02 Herato0209 4785328.0 775000.0 0.031538092088 0.026250696978 0.031343114092 0.037604911404
Herato02 Herato0209 4835328.0 825000.0 0.0569330704037 0.0416941766562 0.0541341940717 0.0895280412742
Herato02 Herato0209 4885328.0 875000.0 0.0746207218798 0.057561567481 0.072648163152 0.10226223272
Herato02 Herato0209 4935328.0 925000.0 0.0758251933966 0.0547996291038 0.0764948870064 0.0957131004
Herato02 Herato0209 4985328.0 975000.0 0.06609735501 0.0602467325746 0.066174982228 0.072728794626
Herato02 Herato0209 5035328.0 1025000.0 0.063939981018 0.056176429644 0.064038698578 0.06977679782
Herato02 Herato0209 5085328.0 1075000.0 0.067750745004 0.061731075814 0.06753130182 0.079181306336
Herato02 Herato0209 5135328.0 1125000.0 0.070121944716 0.054417886912 0.068509852356 0.093840782982
Herato02 Herato0209 5167659.5 1175000.0 0.0640549680352 0.0596757199345 0.0636087095137 0.0702591255268
Herato02 Herato0210 5199992.0 25000.0 0.0663672256816 0.0601939117733 0.06613483112 0.0732495498744
Herato02 Herato0210 5249992.0 75000.0 0.06551888486 0.060477378799 0.06591812339 0.069742139876
Herato02 Herato0210 5299992.0 125000.0 0.11479278814 0.102931971348 0.113998790946 0.127799071592
Herato02 Herato0210 5349992.0 175000.0 0.079996090358 0.0754404495424 0.079041523688 0.085098776802
Herato02 Herato0210 5388896.0 225000.0 0.117661688298 0.094173988435 0.111671569901 0.149729935242
Herato02 Herato0211 5427801.0 25000.0 0.0954850766 0.0688210198 0.0857426925 0.1322796548
Herato02 Herato0211 5477801.0 75000.0 0.0943820473 0.07527875898 0.09451975984 0.11065566904
Herato02 Herato0211 5527801.0 125000.0 0.11085571736 0.103237997997 0.11048542609 0.119130767378
Herato02 Herato0211 5577801.0 175000.0 0.086755421188 0.080048542542 0.086630445608 0.094283032428
Herato02 Herato0211 5627801.0 225000.0 0.09505803962 0.08878851066 0.09495079068 0.10030476204
Herato02 Herato0211 5677801.0 275000.0 0.0649553813952 0.0493841615628 0.0637272791071 0.0867803852726
Herato02 Herato0211 5727801.0 325000.0 0.058255659958 0.0539021447201 0.0578387176624 0.0641226158724
Herato02 Herato0211 5777801.0 375000.0 0.0368560701159 0.0315646876437 0.036749826734 0.0420774564958
Herato02 Herato0211 5827801.0 425000.0 0.04685739562 0.03895579492 0.045451463146 0.062487705492
Herato02 Herato0211 5877801.0 475000.0 0.0772941411332 0.0677840033185 0.0771793711952 0.0876460863488
Herato02 Herato0211 5927801.0 525000.0 0.0816523695373 0.0490054824099 0.0845145509907 0.116730994703
Herato02 Herato0211 5977801.0 575000.0 0.06468332328 0.053016902956 0.063601477736 0.08030327329
Herato02 Herato0211 6027801.0 625000.0 0.06206700164 0.05509913078 0.0619392974 0.07049658912
Herato02 Herato0211 6077801.0 675000.0 0.0567150519936 0.0487966833957 0.0566553906934 0.0679092133448
Herato02 Herato0211 6127801.0 725000.0 0.057131553431 0.0526504211606 0.0570410927082 0.06212537761
Herato02 Herato0211 6177801.0 775000.0 0.057733182646 0.048604495026 0.057720736946 0.068753863574
Herato02 Herato0211 6227801.0 825000.0 0.042796908748 0.039950604134 0.042779662122 0.045136794368
Herato02 Herato0211 6277801.0 875000.0 0.0423965232108 0.0368435456212 0.042224902593 0.0488122702754
Herato02 Herato0211 6327801.0 925000.0 0.0519583553756 0.0421973442786 0.050035343898 0.06719689248
Herato02 Herato0211 6377801.0 975000.0 0.029071682792 0.022176431484 0.029099720732 0.037986982258
Herato02 Herato0211 6427801.0 1025000.0 0.0168006067404 0.0148478837582 0.016775911883 0.0189298802136
Herato02 Herato0211 6477801.0 1075000.0 0.0339710324817 0.0252583579552 0.0336672990921 0.0452790489872
Herato02 Herato0211 6527801.0 1125000.0 0.0717031982136 0.0570193285853 0.0704669369042 0.09361114448
Herato02 Herato0211 6577801.0 1175000.0 0.0848487709944 0.0388131268079 0.0815092922328 0.172913549503
Herato02 Herato0211 6627801.0 1225000.0 0.031470608343 0.0248130769232 0.0315228073366 0.0394290529042
Herato02 Herato0211 6677801.0 1275000.0 0.036013630869 0.0298737965959 0.0357637587076 0.044771444063
Herato02 Herato0211 6727801.0 1325000.0 0.045851651344 0.0333934553694 0.044473296342 0.068293034534
Herato02 Herato0211 6777801.0 1375000.0 0.053496475244 0.04509755421 0.05324574713 0.063501789384
Herato02 Herato0211 6827801.0 1425000.0 0.0724698113243 0.0516879552786 0.0712794771623 0.0994511930018
Herato02 Herato0211 6877801.0 1475000.0 0.0690754104092 0.0617487395568 0.0687291227943 0.0777609384303
Herato02 Herato0211 6927801.0 1525000.0 0.124931073733 0.0770123584331 0.122537541826 0.202088014922
Herato02 Herato0211 6977801.0 1575000.0 0.0634022383756 0.0568855945051 0.0633414744457 0.0716593356167
Herato02 Herato0211 7027801.0 1625000.0 0.088161379662 0.077828736488 0.087922485742 0.098630542706
Herato02 Herato0211 7077801.0 1675000.0 0.087679397926 0.082104182948 0.087358989 0.09353759938
Herato02 Herato0211 7127801.0 1725000.0 0.102849415128 0.09949347183 0.101938038472 0.107741703964
Herato02 Herato0211 7177801.0 1775000.0 0.0872434245436 0.081634081552 0.087932052656 0.0907437592748
Herato02 Herato0211 7227801.0 1825000.0 0.12374641828 0.10430538668 0.12433252432 0.14492752102
Herato02 Herato0211 7277801.0 1875000.0 0.074946921588 0.067145641278 0.075137191988 0.084206402926
Herato02 Herato0211 7327801.0 1925000.0 0.0640039383064 0.0519559359761 0.062350749841 0.0866132747672
Herato02 Herato0211 7377801.0 1975000.0 0.0654233110616 0.054717888323 0.0652571905795 0.0788272974308
Herato02 Herato0211 7427801.0 2025000.0 0.033410855858 0.0284111134724 0.0331179177374 0.040887439682
Herato02 Herato0211 7477801.0 2075000.0 0.0884298683337 0.077792991353 0.0884782520753 0.100642757598
Herato02 Herato0211 7527801.0 2125000.0 0.096730480228 0.0761969023732 0.0958236271642 0.121177604008
Herato02 Herato0211 7577801.0 2175000.0 0.0692678900074 0.0633655337186 0.06886579643 0.0769171718875
Herato02 Herato0211 7627801.0 2225000.0 0.083695355233 0.0746231954616 0.0838611365558 0.092649138798
Herato02 Herato0211 7677801.0 2275000.0 0.064590100512 0.0600509888 0.064516990118 0.069582367404
Herato02 Herato0211 7727801.0 2325000.0 0.052288469366 0.04921580717 0.05226704853 0.055275729084
Herato02 Herato0211 7777801.0 2375000.0 0.083315021606 0.073483341068 0.0830458696247 0.0953455462748
Herato02 Herato0211 7827801.0 2425000.0 0.066485181864 0.044089240884 0.064909464496 0.099746486932
Herato02 Herato0211 7877801.0 2475000.0 0.0604231731742 0.0523977583182 0.0603944229658 0.0688780600848
Herato02 Herato0211 7927801.0 2525000.0 0.060580070323 0.0516652347554 0.0598700295874 0.070697074243
Herato02 Herato0211 7977801.0 2575000.0 0.049828141702 0.043130256334 0.048911227014 0.058671341994
Herato02 Herato0211 8027801.0 2625000.0 0.0614410585 0.0566611233001 0.0615890935924 0.06557917365
Herato02 Herato0211 8077801.0 2675000.0 0.068700835207 0.0509454925467 0.0677817385245 0.094898182908
Herato02 Herato0211 8127801.0 2725000.0 0.084079156584 0.0665934334 0.082404464464 0.111302874234
Herato02 Herato0211 8177801.0 2775000.0 0.0852436998946 0.0597596968409 0.0826117958061 0.120259056026
Herato02 Herato0211 8227801.0 2825000.0 0.0444130623306 0.0405161124395 0.044433548637 0.048759855034
Herato02 Herato0211 8277801.0 2875000.0 0.0292536440689 0.0244722273825 0.0290774682719 0.0349432539517
Herato02 Herato0211 8327801.0 2925000.0 0.063522325794 0.0564361817134 0.06390613642 0.070491248218
Herato02 Herato0211 8377801.0 2975000.0 0.076065297246 0.069071276406 0.075530698888 0.083835276972
Herato02 Herato0211 8427801.0 3025000.0 0.05768158858 0.05438805062 0.05764611934 0.06077281516
Herato02 Herato0211 8477801.0 3075000.0 0.06414969284 0.0579068008 0.0634734057 0.07469042756
Herato02 Herato0211 8510867.0 3125000.0 0.0501214054054 0.0472841390404 0.0503612302256 0.0518100892636
Herato02 Herato0212 8543934.0 25000.0 0.068323127156 0.06137783441 0.067674630764 0.07679053672
Herato02 Herato0212 8593934.0 75000.0 0.0373405546733 0.0259814757144 0.0370101992506 0.0526627719357
Herato02 Herato0212 8632893.0 125000.0 0.0444095934523 0.0380436078945 0.0442845094455 0.0511942803675
Herato02 Herato0213 8671853.0 25000.0 0.045636220302 0.035449310364 0.044556498126 0.060965977334
Herato02 Herato0213 8721853.0 75000.0 0.0484847557 0.039371706688 0.048468504656 0.060300559694
Herato02 Herato0213 8764624.0 125000.0 0.0499846802656 0.0429013135164 0.0502218051601 0.0561613152327
Herato02 Herato0214 8807396.0 25000.0 0.0356353258796 0.0298550701302 0.035628125585 0.0425901043084
Herato02 Herato0214 8857396.0 75000.0 0.0452299635 0.0376132495624 0.044723891972 0.05693684468
Herato02 Herato0214 8907396.0 125000.0 0.0529428029952 0.0465759516999 0.052762413705 0.0596802009058
Herato02 Herato0214 8957396.0 175000.0 0.08549345164 0.07991231502 0.08638961704 0.08952116714
Herato02 Herato0214 9007396.0 225000.0 0.0885756341502 0.0759091386905 0.0882570103794 0.104588712897
Herato02 Herato0214 9057396.0 275000.0 0.07099186244 0.06466643008 0.07066895792 0.07985536148
Herato02 Herato0214 9107396.0 325000.0 0.081322890664 0.074540150466 0.080599578804 0.088927544924
Herato02 Herato0214 9157396.0 375000.0 0.0493977156558 0.0459279433982 0.0492989664264 0.0528491009962
Herato02 Herato0214 9207396.0 425000.0 0.078445906238 0.070015551488 0.078062601944 0.08817021575
Herato02 Herato0214 9257396.0 475000.0 0.0631112428951 0.0572624824477 0.0630329621743 0.069767896377
Herato02 Herato0214 9307396.0 525000.0 0.077720902144 0.070642959642 0.077645123312 0.08666916557
Herato02 Herato0214 9357396.0 575000.0 0.0662223346257 0.0555505223664 0.0665341497529 0.0746315610596
Herato02 Herato0214 9407396.0 625000.0 0.075930520254 0.0687338096298 0.075097807634 0.084131819188
Herato02 Herato0214 9457396.0 675000.0 0.0918074145 0.0877570595 0.0912459112 0.0979897547
Herato02 Herato0214 9507396.0 725000.0 0.07987214978 0.0709366035 0.07953250535 0.08888395304
Herato02 Herato0214 9557396.0 775000.0 0.09901546112 0.09179420968 0.09827592642 0.10887319574
Herato02 Herato0214 9607396.0 825000.0 0.100618860692 0.0863708675864 0.100286724803 0.116629191878
Herato02 Herato0214 9657396.0 875000.0 0.063161884056 0.055114200302 0.062781846598 0.072693993952
Herato02 Herato0214 9707396.0 925000.0 0.0579156732992 0.0533250912332 0.0577421623826 0.0633789490034
Herato02 Herato0214 9757396.0 975000.0 0.06603483908 0.05876252982 0.06632302704 0.07285334806
Herato02 Herato0214 9807396.0 1025000.0 0.045781121004 0.04074561597 0.045398917552 0.051645277176
Herato02 Herato0214 9853383.5 1075000.0 0.0699570161025 0.0600189999307 0.0698230109753 0.0807744988312
Herato02 Herato0215 9899372.0 25000.0 0.072049065176 0.0623771766054 0.071010036352 0.0852642577032
Herato02 Herato0215 9949372.0 75000.0 0.0773818141016 0.0653903765394 0.0764944015208 0.0914782948024
Herato02 Herato0215 9999372.0 125000.0 0.047744428244 0.040266191956 0.047709995796 0.055811832906
Herato02 Herato0215 10049372.0 175000.0 0.0651884414008 0.0552711072793 0.0655435857186 0.073357063195
Herato02 Herato0215 10099372.0 225000.0 0.0439640890014 0.0329482448268 0.043395501913 0.060932018152
Herato02 Herato0215 10149372.0 275000.0 0.0573087113579 0.0323373976154 0.0538756574999 0.0990217775812
Herato02 Herato0215 10199372.0 325000.0 0.0397500615687 0.0346258405106 0.0394649862023 0.0462681520848
Herato02 Herato0215 10249372.0 375000.0 0.0569892330224 0.0376030630068 0.0509425846858 0.0925883990658
Herato02 Herato0215 10299372.0 425000.0 0.067826594412 0.0607096218198 0.067673983468 0.077874984172
Herato02 Herato0215 10349372.0 475000.0 0.078980519534 0.068217240148 0.078460389286 0.09457955472
Herato02 Herato0215 10399372.0 525000.0 0.051480314542 0.0479859500004 0.051581729516 0.05508773915
Herato02 Herato0215 10449372.0 575000.0 0.0685139813862 0.0584883523104 0.0681821011962 0.079828850054
Herato02 Herato0215 10499372.0 625000.0 0.082279579352 0.069318756852 0.081808505432 0.103973196742
Herato02 Herato0215 10549372.0 675000.0 0.0821879545226 0.0717620808195 0.0819053454636 0.0936567642126
Herato02 Herato0215 10599372.0 725000.0 0.066853977566 0.060123436074 0.067044554718 0.073276373884
Herato02 Herato0215 10649372.0 775000.0 0.079329067344 0.0725427724428 0.0789945657834 0.0871182002068
Herato02 Herato0215 10699372.0 825000.0 0.071108659028 0.066252362736 0.07100942766 0.07671138328
Herato02 Herato0215 10749372.0 875000.0 0.06484286906 0.0591051877 0.06508150022 0.07042273342
Herato02 Herato0215 10799372.0 925000.0 0.06790931362 0.06402643176 0.06819753274 0.07258698502
Herato02 Herato0215 10849372.0 975000.0 0.0678132572 0.065554310106 0.06753370522 0.07128991834
Herato02 Herato0215 10899372.0 1025000.0 0.0772524915915 0.0676425182515 0.0771072823954 0.0858428999366
Herato02 Herato0215 10949372.0 1075000.0 0.0675448828864 0.0614529161493 0.0675800682042 0.0756848863182
Herato02 Herato0215 10999372.0 1125000.0 0.065545831582 0.0592468780268 0.0653958327512 0.07306147448
Herato02 Herato0215 11049372.0 1175000.0 0.0782729331876 0.0634265210498 0.075951209973 0.102549987552
Herato02 Herato0215 11099372.0 1225000.0 0.0670647972828 0.0616661039212 0.0670227114694 0.07301557095
Herato02 Herato0215 11149372.0 1275000.0 0.0549861340368 0.0438340671402 0.053426442313 0.0898063394266
Herato02 Herato0215 11199372.0 1325000.0 0.0555664564346 0.0500862568082 0.0553152448287 0.0622066369251
Herato02 Herato0215 11249372.0 1375000.0 0.13299169906 0.121277970776 0.1329698223 0.14782095344
Herato02 Herato0215 11299372.0 1425000.0 0.105809752284 0.090094256782 0.106529954714 0.120139731696
Herato02 Herato0215 11349372.0 1475000.0 0.0377121714392 0.0287651640949 0.0373717245706 0.0489265628988
Herato02 Herato0215 11399372.0 1525000.0 0.050634600254 0.0451912506742 0.0503888833006 0.056788031774
Herato02 Herato0215 11449372.0 1575000.0 0.0793219784578 0.0673076720529 0.0783628762702 0.0946942233178
Herato02 Herato0215 11499372.0 1625000.0 0.046981273958 0.0416377428942 0.046577679364 0.054276429518
Herato02 Herato0215 11549372.0 1675000.0 0.079638197654 0.066595761872 0.07858731333 0.095156695844
Herato02 Herato0215 11599372.0 1725000.0 0.057077438258 0.052681921236 0.056706791358 0.061823906256
Herato02 Herato0215 11649372.0 1775000.0 0.0878675327122 0.0795999129251 0.0875432788798 0.0972538636838
Herato02 Herato0215 11699372.0 1825000.0 0.126906719466 0.108504223923 0.12597902895 0.148706214636
Herato02 Herato0215 11749372.0 1875000.0 0.0700612847552 0.0613693765585 0.0696478161296 0.0797296616104
Herato02 Herato0215 11799372.0 1925000.0 0.093102103945 0.0789583634931 0.0922859491826 0.110883745463
Herato02 Herato0215 11849372.0 1975000.0 0.054785906891 0.048900197223 0.0544877569732 0.0624925041731
Herato02 Herato0215 11899372.0 2025000.0 0.08482104652 0.07466539898 0.08438123484 0.09395717926
Herato02 Herato0215 11949372.0 2075000.0 0.0934817983 0.08063124632 0.09303220148 0.10887238564
Herato02 Herato0215 11999372.0 2125000.0 0.09484255424 0.086249198338 0.09510645946 0.10414310104
Herato02 Herato0215 12049372.0 2175000.0 0.1370857712 0.129203998 0.1370308842 0.1425634938
Herato02 Herato0215 12099372.0 2225000.0 0.088659866176 0.08326831762 0.088659976792 0.09292604076
Herato02 Herato0215 12149372.0 2275000.0 0.0623693829423 0.0562800970762 0.0622322682434 0.0691360205172
Herato02 Herato0215 12199372.0 2325000.0 0.0347387893863 0.0289422471062 0.0342434544574 0.042640072333
Herato02 Herato0215 12249372.0 2375000.0 0.056254639705 0.0448833743795 0.0551344021732 0.076598844
Herato02 Herato0215 12299372.0 2425000.0 0.0655152303186 0.0574909476089 0.0648479687395 0.076629045174
Herato02 Herato0215 12349372.0 2475000.0 0.0767258456638 0.0636338742337 0.0760418273386 0.0951438381494
Herato02 Herato0215 12399372.0 2525000.0 0.0826556092349 0.0736776573826 0.0821274661001 0.093427275816
Herato02 Herato0215 12449372.0 2575000.0 0.0465630754168 0.0362854635063 0.045626286782 0.0612022572732
Herato02 Herato0215 12499372.0 2625000.0 0.068720929014 0.039649625978 0.06473038204 0.12120012123
Herato02 Herato0215 12549372.0 2675000.0 0.0716481243729 0.0630201847915 0.0712372380793 0.0823509766699
Herato02 Herato0215 12599372.0 2725000.0 0.050642051718 0.044877329008 0.050652615316 0.057474521152
Herato02 Herato0215 12649372.0 2775000.0 0.0497234782555 0.0431204462515 0.0494962475781 0.0560388623083
Herato02 Herato0215 12699372.0 2825000.0 0.055274479332 0.0439294444197 0.0525923194258 0.078597020624
Herato02 Herato0215 12749372.0 2875000.0 0.05591055166 0.0534525204 0.0560193662 0.05802512792
Herato02 Herato0215 12799372.0 2925000.0 0.0953351240521 0.0693716709107 0.0941830359243 0.131617059184
Herato02 Herato0215 12849372.0 2975000.0 0.075358850568 0.068824421624 0.07525809491 0.081921274532
Herato02 Herato0215 12899372.0 3025000.0 0.08328742244 0.0775085552 0.08284746988 0.09012339662
Herato02 Herato0215 12949372.0 3075000.0 0.0626354685502 0.0510434426518 0.0604402767524 0.09115888043
Herato02 Herato0215 12999372.0 3125000.0 0.0587106053458 0.0512713887866 0.0584410227368 0.0670487080234
Herato02 Herato0215 13049372.0 3175000.0 0.104729046336 0.0851674202103 0.102715320911 0.13184352542
Herato02 Herato0215 13099372.0 3225000.0 0.0574623724221 0.0471842658936 0.0570580247401 0.0693384096794
Herato02 Herato0215 13149372.0 3275000.0 0.049005827883 0.0450256317921 0.0488160105036 0.053529679984
Herato02 Herato0215 13199372.0 3325000.0 0.094356702312 0.088251831118 0.094055008848 0.100787775012
Herato02 Herato0215 13249372.0 3375000.0 0.0646843129234 0.0585808840962 0.0647526015027 0.0710742831746
Herato02 Herato0215 13299372.0 3425000.0 0.0654750220554 0.055368696434 0.0646450378224 0.0794271527808
Herato02 Herato0215 13349372.0 3475000.0 0.0607590445712 0.0493489191124 0.0599622811176 0.0793411615532
Herato02 Herato0215 13399372.0 3525000.0 0.068582976544 0.051318502234 0.067060089272 0.100040496872
Herato02 Herato0215 13449372.0 3575000.0 0.0714157449484 0.0621546929891 0.071040351537 0.0829036544888
Herato02 Herato0215 13499372.0 3625000.0 0.036573807008 0.027370383032 0.035693830906 0.050869884488
