chrom scaffold Cposition position mean p0025 p0500 p0975
Herato12 Herato1201 25001.0 25000.0 0.0522078754397 0.0318272918626 0.0506563969068 0.0834630326335
Herato12 Herato1201 75001.0 75000.0 0.0373950100746 0.0221645902091 0.0371955520221 0.0615980947414
Herato12 Herato1201 125001.0 125000.0 0.0206194889992 0.0135611392243 0.0196463169204 0.0328976228132
Herato12 Herato1201 175001.0 175000.0 0.026284126385 0.0170657967107 0.0254150900084 0.0414136995091
Herato12 Herato1201 225001.0 225000.0 0.0640347408785 0.0360829130215 0.0616568257827 0.107892694651
Herato12 Herato1201 275001.0 275000.0 0.0897642363271 0.0395278513154 0.085569141111 0.169853432122
Herato12 Herato1201 325001.0 325000.0 0.0244635501222 0.0133325578619 0.0205656970095 0.0417933356212
Herato12 Herato1201 375001.0 375000.0 0.0040631833364 0.00341596082602 0.00405576539934 0.00477964244938
Herato12 Herato1201 425001.0 425000.0 0.0355839244978 0.0287021494497 0.0349782215498 0.0459172369726
Herato12 Herato1201 475001.0 475000.0 0.0447876723746 0.0334996425805 0.0449126007234 0.0542142192432
Herato12 Herato1201 525001.0 525000.0 0.0165956454773 0.012006420915 0.0163723310614 0.0223713347654
Herato12 Herato1201 575001.0 575000.0 0.0461144309637 0.016293547463 0.0352543789595 0.121113613312
Herato12 Herato1201 625001.0 625000.0 0.0465710283326 0.0213148983953 0.0455140379325 0.0709563534901
Herato12 Herato1201 650865.0 675000.0 0.0238882361111 0.0215583194444 0.02399875 0.0262597222222
Herato12 Herato1202 676730.0 25000.0 0.039575977483 0.0247975923213 0.0376452999275 0.0663413589539
Herato12 Herato1202 726730.0 75000.0 0.0381152429485 0.0140085401658 0.0371541712141 0.0699956220843
Herato12 Herato1202 776730.0 125000.0 0.0433446060827 0.0177464371565 0.0386862766559 0.0933945746004
Herato12 Herato1202 826730.0 175000.0 0.03178479818 0.017621289529 0.029600765959 0.0599604716346
Herato12 Herato1202 876730.0 225000.0 0.0194547277316 0.0113173240375 0.0190717728411 0.0314482837106
Herato12 Herato1202 926730.0 275000.0 0.0159058210671 0.0124408679951 0.0157463172478 0.0196976947418
Herato12 Herato1202 976730.0 325000.0 0.0438926116448 0.0174760373897 0.0413595436221 0.078208508056
Herato12 Herato1202 1026730.0 375000.0 0.0626462850018 0.0156125217731 0.0511556563388 0.176571514264
Herato12 Herato1202 1076730.0 425000.0 0.0291706461072 0.0180983713823 0.0288667037095 0.042411002088
Herato12 Herato1202 1126730.0 475000.0 0.0133038075573 0.0103941755069 0.0129760448535 0.0172144952866
Herato12 Herato1202 1176730.0 525000.0 0.0937872966987 0.0309511667083 0.083469278186 0.209181053489
Herato12 Herato1202 1226730.0 575000.0 0.0165401127812 0.0141252464476 0.0165804600424 0.0185375835216
Herato12 Herato1202 1276730.0 625000.0 0.0500618554522 0.0299371131404 0.0499188147666 0.070249404554
Herato12 Herato1202 1326730.0 675000.0 0.028829351992 0.013920806614 0.027915250652 0.04773276052
Herato12 Herato1202 1376730.0 725000.0 0.0437887541396 0.0384162290702 0.0435659116188 0.0507140087
Herato12 Herato1202 1426730.0 775000.0 0.0713119994336 0.0416530687603 0.066955625628 0.126262841506
Herato12 Herato1202 1476730.0 825000.0 0.0175860215972 0.0128721042126 0.0171664802195 0.024964595714
Herato12 Herato1202 1526730.0 875000.0 0.0349894334655 0.0267592334715 0.0338611971731 0.051852498133
Herato12 Herato1202 1576730.0 925000.0 0.0767019868769 0.0533184504711 0.0753215651759 0.111049224828
Herato12 Herato1202 1626730.0 975000.0 0.033085791797 0.0229935980793 0.0325864366626 0.0464159230004
Herato12 Herato1202 1676730.0 1025000.0 0.020957660476 0.0161803647186 0.0203196863688 0.027887601987
Herato12 Herato1202 1726730.0 1075000.0 0.0068062479259 0.00564613852828 0.00672281951602 0.008272317821
Herato12 Herato1202 1776730.0 1125000.0 0.0179127546148 0.0132842328092 0.0172059916927 0.0251050691854
Herato12 Herato1202 1826730.0 1175000.0 0.117968709321 0.0472805966078 0.106280853656 0.250056709463
Herato12 Herato1202 1876730.0 1225000.0 0.0116319517827 0.00867446925369 0.0115366343791 0.0149690506684
Herato12 Herato1202 1926730.0 1275000.0 0.043813851704 0.0249649108866 0.0422586887979 0.073186060962
Herato12 Herato1202 1976730.0 1325000.0 0.0296393974612 0.0170131526817 0.0282763734228 0.053238841406
Herato12 Herato1202 2026730.0 1375000.0 0.0090281534054 0.00785226929612 0.008959670161 0.0104191716948
Herato12 Herato1202 2076730.0 1425000.0 0.0881918353904 0.0459467337058 0.0786079359294 0.180279298327
Herato12 Herato1202 2126730.0 1475000.0 0.0398298526207 0.0242352614294 0.0376326750182 0.0663205871597
Herato12 Herato1202 2176730.0 1525000.0 0.0541335150644 0.0267921664178 0.0509195219598 0.0998526684958
Herato12 Herato1202 2226730.0 1575000.0 0.0337510656602 0.0208442579378 0.0326815235942 0.0557716896001
Herato12 Herato1202 2276730.0 1625000.0 0.0167689140006 0.0102493432992 0.0158579126746 0.0288790974538
Herato12 Herato1202 2326730.0 1675000.0 0.00870018541531 0.00682775075226 0.00874393239181 0.0106210435493
Herato12 Herato1202 2376730.0 1725000.0 0.0790938325933 0.0275408769203 0.0671693474568 0.19578522975
Herato12 Herato1202 2426730.0 1775000.0 0.033410980582 0.028838078949 0.0333158898008 0.0391943384936
Herato12 Herato1202 2476730.0 1825000.0 0.028164651252 0.0237819711059 0.0280731301072 0.03346346218
Herato12 Herato1202 2526730.0 1875000.0 0.0448143820562 0.0258017307736 0.0421890143356 0.0887934568036
Herato12 Herato1202 2576730.0 1925000.0 0.027627118276 0.0099808702325 0.0242815423642 0.0634953041345
Herato12 Herato1202 2626730.0 1975000.0 0.0176826848249 0.00612643237314 0.0131022843794 0.042641441285
Herato12 Herato1202 2676730.0 2025000.0 0.0188625258414 0.0128016107409 0.0180241862582 0.0290887417442
Herato12 Herato1202 2726730.0 2075000.0 0.055317429107 0.0357163853128 0.0534511384823 0.0885317790156
Herato12 Herato1202 2776730.0 2125000.0 0.022920480658 0.0191061268657 0.0228216633523 0.0271113070156
Herato12 Herato1202 2826730.0 2175000.0 0.0116345983122 0.00925406925843 0.011366923009 0.0145283115561
Herato12 Herato1202 2876730.0 2225000.0 0.00979884002416 0.00836367321483 0.00986299697178 0.0114184695273
Herato12 Herato1202 2926730.0 2275000.0 0.0313499904029 0.0137254978851 0.0270143076532 0.0909450902149
Herato12 Herato1202 2976730.0 2325000.0 0.0208723352024 0.0167453038158 0.0207257480504 0.0257999801623
Herato12 Herato1202 3026730.0 2375000.0 0.0275231085723 0.00974500732511 0.0258677878365 0.0571716783743
Herato12 Herato1202 3076730.0 2425000.0 0.0187761176462 0.00678046231145 0.0198322107838 0.0393616034476
Herato12 Herato1202 3126730.0 2475000.0 0.0133883026652 0.00833004853335 0.0096303573234 0.0405963196196
Herato12 Herato1202 3176730.0 2525000.0 0.080482113842 0.0176186115341 0.0541045887913 0.260808423942
Herato12 Herato1202 3226730.0 2575000.0 0.0259338559039 0.0160813403537 0.0264872909172 0.0412899918654
Herato12 Herato1202 3276730.0 2625000.0 0.0454018800308 0.0229308076045 0.037735777016 0.106417949008
Herato12 Herato1202 3326730.0 2675000.0 0.0569161220102 0.0147393782155 0.0524903582988 0.138930745819
Herato12 Herato1202 3376730.0 2725000.0 0.018946884066 0.0161765904746 0.0185949884939 0.0221007131346
Herato12 Herato1202 3426730.0 2775000.0 0.0203915292326 0.0169656572166 0.0203132969896 0.0239517358258
Herato12 Herato1202 3476730.0 2825000.0 0.025900958136 0.0237545969092 0.025751526206 0.028209866248
Herato12 Herato1202 3526730.0 2875000.0 0.0352474925588 0.0264674817401 0.03417107024 0.0494281773494
Herato12 Herato1202 3576730.0 2925000.0 0.0453087714412 0.0202215084071 0.0324743252084 0.103319303887
Herato12 Herato1202 3626730.0 2975000.0 0.0300308984305 0.0176608598835 0.0286568651084 0.0489897370604
Herato12 Herato1202 3676730.0 3025000.0 0.0520035172681 0.0208863241502 0.0481663180485 0.0926764190304
Herato12 Herato1202 3726730.0 3075000.0 0.024070677425 0.0204944636628 0.023847185601 0.0287349638594
Herato12 Herato1202 3776730.0 3125000.0 0.050506358835 0.0210116669569 0.0469681748197 0.105867148639
Herato12 Herato1202 3826730.0 3175000.0 0.0258274935763 0.0157850108206 0.0247848959142 0.0430857314558
Herato12 Herato1202 3876730.0 3225000.0 0.00808384109034 0.00680334217696 0.00791420762006 0.00973446692598
Herato12 Herato1202 3926730.0 3275000.0 0.0474133994967 0.0243964235486 0.0457308877774 0.0808886926226
Herato12 Herato1202 3976730.0 3325000.0 0.0114162835021 0.00794509363519 0.0107780701399 0.0187467530518
Herato12 Herato1202 4026730.0 3375000.0 0.0237574103812 0.0178297122963 0.0229397555255 0.0345686472754
Herato12 Herato1202 4076730.0 3425000.0 0.0123978681041 0.00928773436185 0.0120647672443 0.0176519055386
Herato12 Herato1202 4126730.0 3475000.0 0.0643040677447 0.036371263082 0.062790613873 0.0993130256372
Herato12 Herato1202 4176730.0 3525000.0 0.0373867839093 0.0195557000152 0.0373090478379 0.0596909869554
Herato12 Herato1202 4226730.0 3575000.0 0.0210280663217 0.0103983884364 0.0203291029104 0.0401143621114
Herato12 Herato1202 4276730.0 3625000.0 0.0298954612597 0.0178466297214 0.0286563663458 0.0483041494653
Herato12 Herato1202 4326730.0 3675000.0 0.0304168670612 0.0181973760653 0.0286141943705 0.0591938822377
Herato12 Herato1202 4376730.0 3725000.0 0.0394414524118 0.0139333672369 0.0343076309845 0.100509616973
Herato12 Herato1202 4426730.0 3775000.0 0.0099704442618 0.00787119853972 0.00987443884224 0.0122888119948
Herato12 Herato1202 4476730.0 3825000.0 0.0658007766533 0.0384274180131 0.0614502786182 0.114049446164
Herato12 Herato1202 4526730.0 3875000.0 0.0470681191875 0.024142290575 0.0444728437407 0.0872006935688
Herato12 Herato1202 4576730.0 3925000.0 0.0505123571701 0.0326327251416 0.0490800912338 0.07500056118
Herato12 Herato1202 4626730.0 3975000.0 0.0112560014599 0.0067722352799 0.00934178046616 0.0245287518482
Herato12 Herato1202 4676730.0 4025000.0 0.0295132015032 0.0219313927863 0.0288195250694 0.0439130119905
Herato12 Herato1202 4726730.0 4075000.0 0.0182126784468 0.0153347674322 0.0176874593804 0.0258477239504
Herato12 Herato1202 4776730.0 4125000.0 0.0194433179719 0.0130385135699 0.0187983705893 0.0293786536139
Herato12 Herato1202 4826730.0 4175000.0 0.0176421203771 0.012904832225 0.0163239725124 0.029178329131
Herato12 Herato1202 4876730.0 4225000.0 0.0969075909256 0.0459076266734 0.0899205467351 0.185899803375
Herato12 Herato1202 4926730.0 4275000.0 0.0531340377589 0.0293076789421 0.0508241537765 0.0931354249952
Herato12 Herato1202 4976730.0 4325000.0 0.0143501409719 0.00563136141672 0.0118712283174 0.032921045532
Herato12 Herato1202 5026730.0 4375000.0 0.0587023374108 0.0364817612043 0.0558623613871 0.0947008940121
Herato12 Herato1202 5076730.0 4425000.0 0.0194178557316 0.0141248230414 0.0190495278823 0.0272784658948
Herato12 Herato1202 5126730.0 4475000.0 0.0346463218899 0.0213816832593 0.0313523523526 0.0623500072364
Herato12 Herato1202 5176730.0 4525000.0 0.0375144441339 0.0178982947953 0.0363279741164 0.0618712244672
Herato12 Herato1202 5226730.0 4575000.0 0.056629627676 0.0212713918176 0.0539657571454 0.110306693353
Herato12 Herato1202 5276730.0 4625000.0 0.0308750808358 0.0210965785092 0.0298473452205 0.0527082978087
Herato12 Herato1202 5326730.0 4675000.0 0.0946006778343 0.0538251618747 0.0910143722828 0.157292061067
Herato12 Herato1202 5376730.0 4725000.0 0.0075471384748 0.0064402923158 0.007601012835 0.0087143940068
Herato12 Herato1202 5426730.0 4775000.0 0.0379088575215 0.0215687110721 0.0359165413453 0.0640643317932
Herato12 Herato1202 5476730.0 4825000.0 0.0410954530303 0.018438269664 0.039903646334 0.072030450292
Herato12 Herato1202 5526730.0 4875000.0 0.0435338345578 0.0116672622048 0.0336412528501 0.133697229443
Herato12 Herato1202 5576730.0 4925000.0 0.056494375278 0.0212203481478 0.0560459641897 0.0981081227492
Herato12 Herato1202 5626730.0 4975000.0 0.0583520419549 0.0329976172987 0.0550762972173 0.099315437056
Herato12 Herato1202 5676730.0 5025000.0 0.0823839130224 0.0341385691311 0.080767834486 0.14048542913
Herato12 Herato1202 5726730.0 5075000.0 0.0365361870923 0.0247090965826 0.0357194434085 0.0549906214356
Herato12 Herato1202 5776730.0 5125000.0 0.0657373088389 0.0252949626628 0.0599418717604 0.149537775737
Herato12 Herato1202 5826730.0 5175000.0 0.0123130415827 0.0104711003998 0.0121369736379 0.014800615558
Herato12 Herato1202 5876730.0 5225000.0 0.0089852164716 0.0070634968181 0.0089345478198 0.0107778834574
Herato12 Herato1202 5926730.0 5275000.0 0.00870587229158 0.00753320432687 0.00868752060588 0.0101598604515
Herato12 Herato1202 5976730.0 5325000.0 0.0350989380207 0.0161058755126 0.0337656729796 0.064003774378
Herato12 Herato1202 6026730.0 5375000.0 0.0198872131794 0.0155470468889 0.0196721811355 0.0258627014594
Herato12 Herato1202 6076730.0 5425000.0 0.0137091578955 0.0106529463254 0.0135847023218 0.017595670908
Herato12 Herato1202 6126730.0 5475000.0 0.0229593575002 0.0160952167765 0.022644652355 0.0315087017993
Herato12 Herato1202 6176730.0 5525000.0 0.0208343197215 0.0101410888032 0.0192527016919 0.0374519631492
Herato12 Herato1202 6226730.0 5575000.0 0.0191251931424 0.0143596303972 0.0190764209845 0.0242997812046
Herato12 Herato1202 6276730.0 5625000.0 0.0538512165054 0.0343621958304 0.0530548200244 0.0833568272222
Herato12 Herato1202 6326730.0 5675000.0 0.051712107158 0.0433003055056 0.0510839809828 0.0616766514862
Herato12 Herato1202 6376730.0 5725000.0 0.0440823518963 0.0218671099699 0.0418184424591 0.0786513604147
Herato12 Herato1202 6426730.0 5775000.0 0.0204350033531 0.0156580235084 0.0198550152996 0.028578644467
Herato12 Herato1202 6476730.0 5825000.0 0.0251771072169 0.0121550469312 0.0236772487843 0.0500624905966
Herato12 Herato1202 6526730.0 5875000.0 0.132512604509 0.070371796641 0.125134827059 0.232845282631
Herato12 Herato1202 6576730.0 5925000.0 0.0233780580444 0.0168056477916 0.023171526439 0.031574337228
Herato12 Herato1202 6626730.0 5975000.0 0.0090494950734 0.00753804928563 0.00904910055652 0.0107215316423
Herato12 Herato1202 6676730.0 6025000.0 0.0415641428131 0.0263893160376 0.0403888904227 0.0639592948805
Herato12 Herato1202 6726730.0 6075000.0 0.0804336391242 0.0376748545897 0.0759866692734 0.154592535732
Herato12 Herato1202 6776730.0 6125000.0 0.15108489204 0.0808591805629 0.14098025559 0.278507424796
Herato12 Herato1202 6826730.0 6175000.0 0.0545604208825 0.0284484935509 0.04852590605 0.114185845331
Herato12 Herato1202 6876730.0 6225000.0 0.0599008154274 0.0320657868072 0.0568883958593 0.102259203008
Herato12 Herato1202 6926730.0 6275000.0 0.044594525712 0.018321888226 0.041913859082 0.081988975742
Herato12 Herato1202 6976730.0 6325000.0 0.02207390103 0.011511986826 0.022297711348 0.032035962252
Herato12 Herato1202 7026730.0 6375000.0 0.0121231788632 0.0090990839508 0.0121486926156 0.017457652252
Herato12 Herato1202 7076730.0 6425000.0 0.0323272060038 0.0222363388612 0.0322761609445 0.045470312436
Herato12 Herato1202 7126730.0 6475000.0 0.0534527710854 0.0303033933107 0.0477977768838 0.112838148848
Herato12 Herato1202 7176730.0 6525000.0 0.00568483962946 0.00443747174358 0.0056626534967 0.0072371348522
Herato12 Herato1202 7226730.0 6575000.0 0.504145051522 0.249884139131 0.471650402536 0.993065499797
Herato12 Herato1202 7276730.0 6625000.0 0.0345399450192 0.0230764873322 0.0329352497697 0.0532244637167
Herato12 Herato1202 7326730.0 6675000.0 0.0134791497861 0.0120168478122 0.0134570460947 0.0152134915095
Herato12 Herato1202 7376730.0 6725000.0 0.0122068457049 0.00994307816157 0.0120620642767 0.0151388411893
Herato12 Herato1202 7426730.0 6775000.0 0.0292068739844 0.0181937489343 0.0282950613531 0.050147606477
Herato12 Herato1202 7476730.0 6825000.0 0.020026845112 0.0165471468436 0.020029929282 0.023476064312
Herato12 Herato1202 7526730.0 6875000.0 0.105955761987 0.0358836870357 0.10172103334 0.187392425957
Herato12 Herato1202 7576730.0 6925000.0 0.0408151397985 0.0103939579428 0.028509246418 0.147314299029
Herato12 Herato1202 7626730.0 6975000.0 0.0299369004618 0.0207256901889 0.0295204483166 0.0427403397481
Herato12 Herato1202 7676730.0 7025000.0 0.0140456720998 0.0114391645978 0.0138589355422 0.0175939977372
Herato12 Herato1202 7726730.0 7075000.0 0.0115614311508 0.00627712011804 0.00972360348408 0.0298161055794
Herato12 Herato1202 7776730.0 7125000.0 0.0293130611836 0.0136581812608 0.0256643670443 0.0699457262877
Herato12 Herato1202 7826730.0 7175000.0 0.0663967166574 0.0305387019104 0.0601705125529 0.139819536924
Herato12 Herato1202 7876730.0 7225000.0 0.0600000657073 0.0242704818996 0.0505116663887 0.139779344982
Herato12 Herato1202 7926730.0 7275000.0 0.0256627501028 0.0159256106297 0.0244649901333 0.039997952377
Herato12 Herato1202 7976730.0 7325000.0 0.0629932938639 0.0346859357022 0.0581690828768 0.121133200633
Herato12 Herato1202 8026730.0 7375000.0 0.0498156528878 0.0224577883056 0.0459581173543 0.097346806497
Herato12 Herato1202 8076730.0 7425000.0 0.0395397046276 0.0208743304603 0.0360405594733 0.0724242336942
Herato12 Herato1202 8126730.0 7475000.0 0.0298802110274 0.0147355887008 0.0214445438304 0.130018449699
Herato12 Herato1202 8176730.0 7525000.0 0.0183408925914 0.0142350000466 0.018207339933 0.0235215979862
Herato12 Herato1202 8226730.0 7575000.0 0.0208204870735 0.0135781699556 0.0204690936159 0.0305669193456
Herato12 Herato1202 8276730.0 7625000.0 0.00636685670644 0.00548321716297 0.00632020744515 0.0075014635177
Herato12 Herato1202 8326730.0 7675000.0 0.0501346263464 0.0283467410252 0.0479215124741 0.0874637012462
Herato12 Herato1202 8376730.0 7725000.0 0.058295720401 0.0266788502468 0.055398382137 0.10964406153
Herato12 Herato1202 8426730.0 7775000.0 0.0113862585564 0.00954415402845 0.0114470529738 0.0132837018941
Herato12 Herato1202 8476730.0 7825000.0 0.0523764472356 0.0246541608955 0.0478449957357 0.11245648596
Herato12 Herato1202 8526730.0 7875000.0 0.0974779726571 0.0610873952854 0.0931606442412 0.156183800568
Herato12 Herato1202 8576730.0 7925000.0 0.0225261935682 0.0112908662849 0.0214926960629 0.0401535822598
Herato12 Herato1202 8626730.0 7975000.0 0.0189772834023 0.0130904070319 0.0188824495729 0.0289966160014
Herato12 Herato1202 8676730.0 8025000.0 0.0639862483067 0.0326990259642 0.0598308670799 0.118436784028
Herato12 Herato1202 8726730.0 8075000.0 0.106096431879 0.0483457660277 0.091185207837 0.229256327472
Herato12 Herato1202 8776730.0 8125000.0 0.0211244399049 0.0111996621308 0.0148269139861 0.0481137089093
Herato12 Herato1202 8826730.0 8175000.0 0.0188896405837 0.010347724365 0.0175810309556 0.0340384897481
Herato12 Herato1202 8876730.0 8225000.0 0.053260279538 0.0344440923357 0.0514395154382 0.08247471269
Herato12 Herato1202 8926730.0 8275000.0 0.0269869650534 0.016539240773 0.0197760088437 0.0479837918736
Herato12 Herato1202 8976730.0 8325000.0 0.014695807124 0.0106054589222 0.0142393670088 0.0217672420044
Herato12 Herato1202 9026730.0 8375000.0 0.0529129539196 0.0210891615426 0.0514785743324 0.101217958138
Herato12 Herato1202 9076730.0 8425000.0 0.119444377061 0.0545640307467 0.105201488973 0.25827407997
Herato12 Herato1202 9126730.0 8475000.0 0.0325352552926 0.00984274581626 0.0137046366274 0.0981783508285
Herato12 Herato1202 9176730.0 8525000.0 0.0795482770607 0.0314658336146 0.0680423895 0.198351409561
Herato12 Herato1202 9226730.0 8575000.0 0.064525689686 0.0421745442207 0.0624514930392 0.0956947618472
Herato12 Herato1202 9276730.0 8625000.0 0.0296666606882 0.0124553973388 0.0254644458346 0.06927508274
Herato12 Herato1202 9326730.0 8675000.0 0.106632093814 0.044945836247 0.0820263039498 0.243323303532
Herato12 Herato1202 9376730.0 8725000.0 0.0442292600606 0.0269901460144 0.0390507537198 0.088155697161
Herato12 Herato1202 9426730.0 8775000.0 0.0337992444174 0.024422471064 0.0331318713093 0.0463867182136
Herato12 Herato1202 9476730.0 8825000.0 0.0392040764193 0.0260321157563 0.038310544391 0.0589808621228
Herato12 Herato1202 9526730.0 8875000.0 0.0376447052267 0.0302787704362 0.0375316272512 0.0460922381044
Herato12 Herato1202 9576730.0 8925000.0 0.0211972087006 0.0172070284791 0.020997839424 0.0265695732446
Herato12 Herato1202 9626730.0 8975000.0 0.0695177906838 0.0419329417652 0.0672151722895 0.112231783803
Herato12 Herato1202 9676730.0 9025000.0 0.0944631412814 0.0461059428135 0.0849598597831 0.1979742725
Herato12 Herato1202 9726730.0 9075000.0 0.0446048787571 0.0088040715474 0.0356292835805 0.131812549196
Herato12 Herato1202 9776730.0 9125000.0 0.00823272190152 0.00688965830317 0.00822935167104 0.00975535991728
Herato12 Herato1202 9826730.0 9175000.0 0.00391156764194 0.00311737196182 0.00390803867508 0.00490390188538
Herato12 Herato1202 9876730.0 9225000.0 0.0223160276958 0.0198523762035 0.0222531908536 0.0250477810919
Herato12 Herato1202 9926730.0 9275000.0 0.0130414658127 0.00774837962344 0.0119879206707 0.0232059095105
Herato12 Herato1202 9976730.0 9325000.0 0.0532182672171 0.0187666041898 0.0442635393958 0.14354065035
Herato12 Herato1202 10026730.0 9375000.0 0.041683918057 0.021521155163 0.0387515898214 0.0784286348347
Herato12 Herato1202 10076730.0 9425000.0 0.0496069633446 0.0255069683648 0.043365094257 0.101040468714
Herato12 Herato1202 10126730.0 9475000.0 0.043320756078 0.0263093228965 0.0404781081788 0.080134833924
Herato12 Herato1202 10176730.0 9525000.0 0.014447327026 0.011344085832 0.014568371698 0.017816223924
Herato12 Herato1202 10226730.0 9575000.0 0.00639786628722 0.00524750939763 0.0063432335436 0.00795308627638
Herato12 Herato1202 10276730.0 9625000.0 0.0453835813466 0.0180080943631 0.0412444574009 0.108875346567
Herato12 Herato1202 10326730.0 9675000.0 0.0858839222038 0.0503481389825 0.0819007216738 0.147819878313
Herato12 Herato1202 10376730.0 9725000.0 0.0657274936306 0.0346768233202 0.0589078547021 0.135624967069
Herato12 Herato1202 10426730.0 9775000.0 0.0208756694206 0.0113702334114 0.0209966025727 0.0319484167356
Herato12 Herato1202 10476730.0 9825000.0 0.0217327790942 0.0108638915655 0.0215406393712 0.0353654811016
Herato12 Herato1202 10526730.0 9875000.0 0.0426302830374 0.0196961088839 0.043735336353 0.0673927415702
Herato12 Herato1202 10576730.0 9925000.0 0.0446699221115 0.02913708952 0.040668824822 0.0742190765018
Herato12 Herato1202 10626730.0 9975000.0 0.109600355323 0.0375125666826 0.0970949481703 0.257942750808
Herato12 Herato1202 10676730.0 10025000.0 0.0172953244967 0.0132386687795 0.0169674774015 0.0233144977296
Herato12 Herato1202 10726730.0 10075000.0 0.279740960304 0.0624887888017 0.281734530639 0.534097833566
Herato12 Herato1202 10776730.0 10125000.0 0.0523076191612 0.0237838689126 0.0481159521018 0.102062006807
Herato12 Herato1202 10826730.0 10175000.0 0.0891431727274 0.0434476092126 0.0810835397964 0.170539096183
Herato12 Herato1202 10876730.0 10225000.0 0.0703110965407 0.0274928118999 0.0650587108582 0.153981800859
Herato12 Herato1202 10926730.0 10275000.0 0.0316455477051 0.00864809128586 0.0347254212376 0.0573313746274
Herato12 Herato1202 10976730.0 10325000.0 0.0766775801972 0.043257253635 0.073269713488 0.13332059398
Herato12 Herato1202 11026730.0 10375000.0 0.0381137533561 0.0201827493079 0.0359236025358 0.0723295041962
Herato12 Herato1202 11076730.0 10425000.0 0.0314945974806 0.0245909780401 0.0310718930993 0.0408973659684
Herato12 Herato1202 11126730.0 10475000.0 0.0470601119827 0.0247853384065 0.0458341145817 0.073042570399
Herato12 Herato1202 11176730.0 10525000.0 0.0190327658591 0.0138841229557 0.0179465306567 0.0262568897584
Herato12 Herato1202 11226730.0 10575000.0 0.0396089395763 0.0203811795574 0.0365587786037 0.0744099764503
Herato12 Herato1202 11276730.0 10625000.0 0.0183928716254 0.0127009459896 0.0180361222985 0.0259539798424
Herato12 Herato1202 11326730.0 10675000.0 0.0455917961614 0.0168168681359 0.0424686518241 0.109623172742
Herato12 Herato1202 11376730.0 10725000.0 0.011667328713 0.00912381955755 0.0114537237025 0.0157243273022
Herato12 Herato1202 11426730.0 10775000.0 0.0975981670624 0.0357594371716 0.0820201732059 0.248562552075
Herato12 Herato1202 11476730.0 10825000.0 0.0500125909328 0.0374884808924 0.0494522052556 0.0656648005745
Herato12 Herato1202 11526730.0 10875000.0 0.0658057524857 0.0274032562117 0.0567053342014 0.161168232044
Herato12 Herato1202 11576730.0 10925000.0 0.0432604978088 0.0181732106122 0.0392997517871 0.0870252555962
Herato12 Herato1202 11626730.0 10975000.0 0.0073159943408 0.00561347094674 0.00723389040912 0.009418022323
Herato12 Herato1202 11676730.0 11025000.0 0.0113333843696 0.00949307754051 0.0112299149884 0.0136251294308
Herato12 Herato1202 11726730.0 11075000.0 0.1687839703 0.0694076241587 0.162285105314 0.304520934791
Herato12 Herato1202 11776730.0 11125000.0 0.0606795500058 0.0272367747408 0.0589915926043 0.117184218444
Herato12 Herato1202 11826730.0 11175000.0 0.0242571553703 0.0189535186188 0.0240330985218 0.0313373948719
Herato12 Herato1202 11876730.0 11225000.0 0.0505295215394 0.0215725404848 0.0506334450382 0.0896065574739
Herato12 Herato1202 11926730.0 11275000.0 0.0318360623004 0.0161607050454 0.027648021022 0.0595674988625
Herato12 Herato1202 11976730.0 11325000.0 0.087312622346 0.0532632620973 0.0823771989756 0.146444941349
Herato12 Herato1202 12026730.0 11375000.0 0.066661120044 0.0316656068878 0.0632188035969 0.119017350883
Herato12 Herato1202 12076730.0 11425000.0 0.0122084780584 0.00620064350498 0.0126741148128 0.0170767693592
Herato12 Herato1202 12126730.0 11475000.0 0.0184329944126 0.0129967644029 0.0181638915962 0.0258376856912
Herato12 Herato1202 12176730.0 11525000.0 0.0839054208927 0.039069702442 0.0750074723816 0.182160104842
Herato12 Herato1202 12226730.0 11575000.0 0.0736702380798 0.0216384424489 0.0462339332243 0.183600771421
Herato12 Herato1202 12276730.0 11625000.0 0.0401214289527 0.0182094543236 0.0371995269848 0.0790214602512
Herato12 Herato1202 12326730.0 11675000.0 0.0350824413029 0.0164834689765 0.0338101002297 0.0658899005595
Herato12 Herato1202 12376730.0 11725000.0 0.0451251213271 0.02260020434 0.0440700940482 0.0770821846062
Herato12 Herato1202 12426730.0 11775000.0 0.049136697081 0.0258698718087 0.0433593903279 0.123005476479
Herato12 Herato1202 12476730.0 11825000.0 0.0292653306576 0.0188230580153 0.028031375385 0.0468098301648
Herato12 Herato1202 12526730.0 11875000.0 0.0454108514582 0.0252406106602 0.0414453092451 0.0763891173413
Herato12 Herato1202 12576730.0 11925000.0 0.0685648255058 0.0383775294912 0.064494152323 0.114232766433
Herato12 Herato1202 12626730.0 11975000.0 0.0176013884464 0.0129088201476 0.0172705585558 0.0241500044216
Herato12 Herato1202 12676730.0 12025000.0 0.0348243733871 0.0123316529503 0.031714486099 0.0791709765748
Herato12 Herato1202 12726730.0 12075000.0 0.0194809683786 0.0164016911402 0.0194533411504 0.0230562631013
Herato12 Herato1202 12776730.0 12125000.0 0.0583331980743 0.0184818430753 0.0465350055882 0.158778626907
Herato12 Herato1202 12826730.0 12175000.0 0.0198562900784 0.0123413641352 0.0177252434464 0.0385037538617
Herato12 Herato1202 12876730.0 12225000.0 0.19820807445 0.0919105800602 0.186693782858 0.364964242937
Herato12 Herato1202 12926730.0 12275000.0 0.041082180215 0.0252115288186 0.0404882380043 0.0643142621808
Herato12 Herato1202 12976730.0 12325000.0 0.0402585423193 0.0150971386171 0.0377533184742 0.088713384213
Herato12 Herato1202 13026730.0 12375000.0 0.0910892259977 0.03598719141 0.0804023040549 0.210488644162
Herato12 Herato1202 13076730.0 12425000.0 0.0165438911412 0.0114326776156 0.0159772260201 0.0241834415143
Herato12 Herato1202 13126730.0 12475000.0 0.028534415545 0.021005203392 0.0282589920141 0.0375828704198
Herato12 Herato1202 13176730.0 12525000.0 0.0327767647759 0.0148678942538 0.030868085742 0.0655250964548
Herato12 Herato1202 13226730.0 12575000.0 0.0911769553818 0.0461441008287 0.0870843730517 0.160725394581
Herato12 Herato1202 13276730.0 12625000.0 0.035797003086 0.029297162142 0.035139539656 0.04571643872
Herato12 Herato1202 13326730.0 12675000.0 0.0718704042792 0.03343522664 0.0680801026678 0.122972717497
Herato12 Herato1202 13376730.0 12725000.0 0.0384116308603 0.0170900098039 0.0349547092039 0.0789622864591
Herato12 Herato1202 13426730.0 12775000.0 0.0357079157282 0.0231724702635 0.0345511894271 0.0546581140052
Herato12 Herato1202 13476730.0 12825000.0 0.0285456591913 0.0157153061369 0.0262040397827 0.0574888486146
Herato12 Herato1202 13526730.0 12875000.0 0.046690744808 0.0295222918666 0.0444818184714 0.0760912178366
Herato12 Herato1202 13576730.0 12925000.0 0.035704279138 0.0176712616964 0.037008587846 0.067019101814
Herato12 Herato1202 13626730.0 12975000.0 0.023023474924 0.0174962159938 0.0219523387722 0.0311689820154
Herato12 Herato1202 13676730.0 13025000.0 0.0319981475804 0.0171799457563 0.0298675899948 0.0562938498341
Herato12 Herato1202 13726730.0 13075000.0 0.0151124217186 0.0121191162437 0.0149268242111 0.0192081303265
Herato12 Herato1202 13776730.0 13125000.0 0.0197531071111 0.011518996363 0.0190111090259 0.0350626728502
Herato12 Herato1202 13826730.0 13175000.0 0.0372185302234 0.0242940456178 0.0359021215999 0.0594945753213
Herato12 Herato1202 13876730.0 13225000.0 0.0162358423504 0.0117222510563 0.015586492995 0.0227350324629
Herato12 Herato1202 13926730.0 13275000.0 0.0124208788976 0.00816540866568 0.0116933255834 0.0199008123147
Herato12 Herato1202 13976730.0 13325000.0 0.00751979123396 0.00585921615918 0.00752717680538 0.00924593335658
Herato12 Herato1202 14026730.0 13375000.0 0.0691353132843 0.0309300311657 0.0604363323494 0.164974528683
Herato12 Herato1202 14076730.0 13425000.0 0.0275556167062 0.0171137618863 0.0268165225132 0.0440097524976
Herato12 Herato1202 14126730.0 13475000.0 0.0176927744663 0.0119174997047 0.0168057444989 0.027425286097
Herato12 Herato1202 14176730.0 13525000.0 0.0376470742383 0.0176317952511 0.0362157316749 0.0620352880954
Herato12 Herato1202 14226730.0 13575000.0 0.019117187428 0.010347104552 0.016671396182 0.036647803942
Herato12 Herato1202 14276730.0 13625000.0 0.048571874362 0.0243856800982 0.0450898591568 0.0944975123227
Herato12 Herato1202 14326730.0 13675000.0 0.0130081746663 0.0108511266644 0.0128925200105 0.0161010236386
Herato12 Herato1202 14376730.0 13725000.0 0.0361141301742 0.0136176439665 0.0293166334963 0.0757277949522
Herato12 Herato1202 14426730.0 13775000.0 0.0476293580231 0.0215171882745 0.0460144910875 0.0937239362004
Herato12 Herato1202 14476730.0 13825000.0 0.0325045669068 0.0141627063922 0.0315386224712 0.0607403301887
Herato12 Herato1202 14526730.0 13875000.0 0.0126069815276 0.00575394027247 0.010037877007 0.0295393519066
Herato12 Herato1202 14576730.0 13925000.0 0.0379125483895 0.0180997233713 0.036380519221 0.0674434200914
Herato12 Herato1202 14626730.0 13975000.0 0.033522993719 0.0215151677153 0.032276416623 0.0535124983824
Herato12 Herato1202 14676730.0 14025000.0 0.058882754155 0.0270586155254 0.0570918338296 0.112662162407
Herato12 Herato1202 14726730.0 14075000.0 0.0481326748521 0.0219109562604 0.0464042579437 0.0952828939461
Herato12 Herato1202 14776730.0 14125000.0 0.00960307359004 0.00421701690832 0.00683611759844 0.0281359528811
Herato12 Herato1202 14826730.0 14175000.0 0.0298329093386 0.0225848191064 0.0297484680651 0.039199992593
Herato12 Herato1202 14876730.0 14225000.0 0.0206269545215 0.0168305449384 0.0204701105397 0.0252246459134
Herato12 Herato1202 14926730.0 14275000.0 0.0277835540095 0.0234228764441 0.0276086620973 0.0324937117135
Herato12 Herato1202 14976730.0 14325000.0 0.0633331605215 0.0187631369034 0.0567380843326 0.14707082795
Herato12 Herato1202 15026730.0 14375000.0 0.00500223692584 0.00426084573221 0.0049878079242 0.0057894063422
Herato12 Herato1202 15076730.0 14425000.0 0.017409416126 0.00777485434795 0.0147257436627 0.0363481188064
Herato12 Herato1202 15126730.0 14475000.0 0.0701849799282 0.0440671312688 0.0665688450989 0.112230917233
Herato12 Herato1202 15176730.0 14525000.0 0.0223513599753 0.0118057831477 0.0203737765727 0.0407187860931
Herato12 Herato1202 15226730.0 14575000.0 0.0306291038622 0.0176514630952 0.0284247089794 0.0564117417535
Herato12 Herato1202 15276730.0 14625000.0 0.0234516499056 0.0165945900647 0.0223811915919 0.03488521984
Herato12 Herato1202 15326730.0 14675000.0 0.0256333178206 0.0153418764096 0.0246357990882 0.0414514321612
Herato12 Herato1202 15376730.0 14725000.0 0.0519491221669 0.00821950775774 0.0409200581679 0.137182366795
Herato12 Herato1202 15426730.0 14775000.0 0.0545279612382 0.0229028967859 0.0446228776646 0.116974684351
Herato12 Herato1202 15476730.0 14825000.0 0.0239067352794 0.0128709690163 0.0201760900205 0.0511836394974
Herato12 Herato1202 15526730.0 14875000.0 0.041891671989 0.0212127275796 0.0383466524546 0.0848836604368
Herato12 Herato1202 15576730.0 14925000.0 0.185155624338 0.0902843497018 0.177100242874 0.336430388346
Herato12 Herato1202 15626730.0 14975000.0 0.0382502762296 0.018666523177 0.0368481694983 0.0645332148026
Herato12 Herato1202 15676730.0 15025000.0 0.0179646882072 0.0140358141149 0.0176958976036 0.022933719395
Herato12 Herato1202 15726730.0 15075000.0 0.0185767865501 0.01442560472 0.017766503381 0.0250013281802
Herato12 Herato1202 15776730.0 15125000.0 0.0153900744752 0.0127303121806 0.0149620942406 0.023625333748
Herato12 Herato1202 15826730.0 15175000.0 0.0622201357136 0.0275145093712 0.0614374388919 0.0987240263183
Herato12 Herato1202 15876730.0 15225000.0 0.0167071777299 0.0133062674087 0.0164294876304 0.0215690499155
Herato12 Herato1202 15926730.0 15275000.0 0.0324164406768 0.0236894909223 0.0317620633788 0.0453349188456
Herato12 Herato1202 15976730.0 15325000.0 0.0379387896662 0.0218315550012 0.036478555033 0.0627197833459
Herato12 Herato1202 16026730.0 15375000.0 0.00919130423398 0.0079679729238 0.00916672685554 0.0108275016435
Herato12 Herato1202 16076730.0 15425000.0 0.0380066863221 0.0223938246097 0.0368343344008 0.0630060295876
Herato12 Herato1202 16126730.0 15475000.0 0.0264638018856 0.0141547507241 0.0231716569856 0.0637675370425
Herato12 Herato1202 16176730.0 15525000.0 0.0224632857663 0.0148119270839 0.0213659988844 0.0367439741478
Herato12 Herato1202 16226730.0 15575000.0 0.0178734970275 0.00766562036359 0.0130724980187 0.052891217994
Herato12 Herato1202 16276730.0 15625000.0 0.0478700583493 0.0244840134682 0.0421734399222 0.0921958991448
Herato12 Herato1202 16326730.0 15675000.0 0.0465423129872 0.0327582791887 0.0439977723242 0.0688807466982
Herato12 Herato1202 16376730.0 15725000.0 0.0422434198966 0.0215902776967 0.040237813286 0.0762673386476
Herato12 Herato1202 16426730.0 15775000.0 0.07680382232 0.0465677728637 0.0749456295592 0.123024333513
Herato12 Herato1202 16476730.0 15825000.0 0.0206399889275 0.0138148160376 0.0201011484856 0.031475347327
Herato12 Herato1202 16526730.0 15875000.0 0.0224901971404 0.0137195847775 0.0221216355274 0.0347839523548
Herato12 Herato1202 16576730.0 15925000.0 0.0623523547367 0.0199402020233 0.0575744402729 0.133590248061
Herato12 Herato1202 16626730.0 15975000.0 0.0556518700794 0.0295863384672 0.0505283933261 0.108651628446
Herato12 Herato1202 16676730.0 16025000.0 0.0374193769897 0.0153607542132 0.036120347296 0.0648099272241
Herato12 Herato1202 16726730.0 16075000.0 0.0191108404159 0.00738707282135 0.0181475201732 0.0391189015038
Herato12 Herato1202 16776730.0 16125000.0 0.0454596750257 0.0182600355619 0.0406848544984 0.0989593772303
Herato12 Herato1202 16826730.0 16175000.0 0.0375287730355 0.0128406645079 0.0312289312349 0.093805911892
Herato12 Herato1202 16876730.0 16225000.0 0.0486744867591 0.0289793080726 0.0449209002415 0.0887218459356
Herato12 Herato1202 16926730.0 16275000.0 0.0047603050473 0.00409614028654 0.00472393094632 0.00557818470882
Herato12 Herato1202 16976730.0 16325000.0 0.00831192109626 0.00213354925724 0.00801739198112 0.016487073977
Herato12 Herato1202 17026730.0 16375000.0 0.0259563147735 0.016800025525 0.0247543139371 0.041367002805
Herato12 Herato1202 17076730.0 16425000.0 0.0206440590804 0.0162668101382 0.0204528299967 0.0263145607142
Herato12 Herato1202 17126730.0 16475000.0 0.0123896039394 0.0105182344316 0.0121459205238 0.0151890567938
Herato12 Herato1202 17176730.0 16525000.0 0.017694891245 0.0134691199068 0.0173612777116 0.0242155925946
Herato12 Herato1202 17226730.0 16575000.0 0.0547740587807 0.0174536346879 0.0564368451476 0.0972309796446
Herato12 Herato1202 17276730.0 16625000.0 0.0252646686361 0.0150252143011 0.0230013265766 0.0501892593691
Herato12 Herato1202 17326730.0 16675000.0 0.112286407629 0.0430156177385 0.101654291366 0.233851450471
Herato12 Herato1202 17376730.0 16725000.0 0.0809061982167 0.04043159278 0.0769731065176 0.138531089749
Herato12 Herato1202 17426730.0 16775000.0 0.0204094886435 0.0120448387875 0.0194195494933 0.0339681045248
Herato12 Herato1202 17476730.0 16825000.0 0.031016428449 0.0149649714081 0.0273076313868 0.0639384543204
Herato12 Herato1202 17526730.0 16875000.0 0.0641239551662 0.0256702500573 0.0569455154443 0.150888252221
Herato12 Herato1202 17576730.0 16925000.0 0.0085613749641 0.00673508125138 0.00839353954486 0.0111781883076
Herato12 Herato1202 17626730.0 16975000.0 0.0231047067706 0.0145719626063 0.0220127290599 0.0359557858314
Herato12 Herato1202 17676730.0 17025000.0 0.103865724697 0.0414030412363 0.0992707105655 0.190140633645
Herato12 Herato1202 17726730.0 17075000.0 0.198254471227 0.0244169079473 0.164712228813 0.665524089362
Herato12 Herato1202 17776730.0 17125000.0 0.0138093523412 0.010888956008 0.0136952362268 0.017475116108
Herato12 Herato1202 17826730.0 17175000.0 0.00904673796006 0.0075833168201 0.0088635219128 0.0110242141109
Herato12 Herato1202 17876730.0 17225000.0 0.0184591897655 0.0126728194056 0.0176195382871 0.0270944796495
Herato12 Herato1202 17926730.0 17275000.0 0.042371481441 0.0282304000606 0.0403371919831 0.0668988960964
Herato12 Herato1202 17976730.0 17325000.0 0.0570965228254 0.0270008496631 0.0546766842338 0.101509721432
Herato12 Herato1202 18026730.0 17375000.0 0.0355001996054 0.0169519966715 0.0246001284736 0.108832079736
Herato12 Herato1202 18076730.0 17425000.0 0.0163433110648 0.0138504013532 0.0162453716134 0.0192739893762
Herato12 Herato1202 18126730.0 17475000.0 0.0295227197899 0.023472917012 0.0267798376886 0.0455700785946
Herato12 Herato1202 18176730.0 17525000.0 0.0787487681413 0.0247375816434 0.0728335215484 0.166604637431
Herato12 Herato1202 18226730.0 17575000.0 0.038049723347 0.025645786497 0.0365835055763 0.0561939002698
Herato12 Herato1202 18276730.0 17625000.0 0.0343266635028 0.0241206947642 0.033863407033 0.0483263000029
Herato12 Herato1202 18326730.0 17675000.0 0.023666125228 0.0178278776321 0.0232872758124 0.0317231882796
Herato12 Herato1202 18376730.0 17725000.0 0.0341701778708 0.0239207376458 0.033006285689 0.0514568175512
Herato12 Herato1202 18426730.0 17775000.0 0.013990053304 0.0100278839884 0.0131818136172 0.0219213107528
Herato12 Herato1202 18476730.0 17825000.0 0.0827754151718 0.0373688619366 0.0756361361544 0.17814019121
Herato12 Herato1202 18526730.0 17875000.0 0.0260208883938 0.012238986729 0.02508550945 0.0466357114558
Herato12 Herato1202 18576730.0 17925000.0 0.0323281079264 0.0225228158326 0.0325910251686 0.043082258328
Herato12 Herato1202 18626730.0 17975000.0 0.0086030258105 0.00779564873233 0.00861365630082 0.0094904127893
Herato12 Herato1202 18676730.0 18025000.0 0.0182493713909 0.0118622938723 0.017971085524 0.0251054089226
Herato12 Herato1202 18726730.0 18075000.0 0.0222383888089 0.013907519055 0.0218368316397 0.033376629884
Herato12 Herato1202 18776730.0 18125000.0 0.0764901119595 0.0340448500853 0.0724183385431 0.14546622838
Herato12 Herato1202 18826730.0 18175000.0 0.295331631612 0.168704525149 0.28634871874 0.502611128248
Herato12 Herato1202 18876730.0 18225000.0 0.0244825138821 0.016663553018 0.0233095156053 0.0405250058527
Herato12 Herato1202 18926730.0 18275000.0 0.0850127206486 0.0400904796974 0.0819798724737 0.166697572789
Herato12 Herato1202 18976730.0 18325000.0 0.0249318792146 0.0189781121494 0.0243296937676 0.0343728091602
Herato12 Herato1202 19026730.0 18375000.0 0.0662181243835 0.0422557906172 0.0646001703896 0.10113170587
Herato12 Herato1202 19076730.0 18425000.0 0.0465174370876 0.031512243511 0.0436646167348 0.078358654494
Herato12 Herato1202 19126730.0 18475000.0 0.036988578382 0.0166018952312 0.0296432167311 0.097942148536
Herato12 Herato1202 19176730.0 18525000.0 0.293165156116 0.0703730703618 0.290093532349 0.671814770243
Herato12 Herato1202 19226730.0 18575000.0 0.0088570070122 0.00702832281026 0.008821353774 0.0113526672136
Herato12 Herato1202 19276730.0 18625000.0 0.0863538782697 0.0292998598074 0.0679426463304 0.21177217343
Herato12 Herato1202 19326730.0 18675000.0 0.0142715133523 0.00891870310402 0.0130568790935 0.0269464351849
Herato12 Herato1202 19376730.0 18725000.0 0.0449485379093 0.0248703917782 0.0432015675966 0.0786476404167
Herato12 Herato1202 19426730.0 18775000.0 0.0676548573837 0.0371150026987 0.0655650036094 0.112289001587
Herato12 Herato1202 19476730.0 18825000.0 0.0177237376511 0.0126015325357 0.0174047568459 0.0246501481684
Herato12 Herato1202 19526730.0 18875000.0 0.0233018418817 0.00576932955514 0.0195595906177 0.0645446947755
Herato12 Herato1202 19576730.0 18925000.0 0.0795353474082 0.0383164583767 0.0732957429352 0.163413631796
Herato12 Herato1202 19626730.0 18975000.0 0.0150040012696 0.00733155172738 0.0140194194312 0.0298368066078
Herato12 Herato1202 19676730.0 19025000.0 0.0330926312223 0.0180612584741 0.0325212613632 0.0538900582184
Herato12 Herato1202 19726730.0 19075000.0 0.0259255394929 0.0168950673099 0.0253405121391 0.0392892475813
Herato12 Herato1202 19776730.0 19125000.0 0.0497005407599 0.028372926284 0.0461170586854 0.0887655835136
Herato12 Herato1202 19826730.0 19175000.0 0.105376783951 0.056948351002 0.0986217814313 0.190243369957
Herato12 Herato1202 19876730.0 19225000.0 0.078885227745 0.0478006091397 0.0767408925878 0.126127022743
Herato12 Herato1202 19926730.0 19275000.0 0.0198427053786 0.0116332020769 0.0167510211409 0.0503514520358
Herato12 Herato1202 19976730.0 19325000.0 0.0592907621553 0.0223608295585 0.0554656502296 0.120215025708
Herato12 Herato1202 20026730.0 19375000.0 0.0113522441316 0.0085741160197 0.011544325313 0.0148419190193
Herato12 Herato1202 20076730.0 19425000.0 0.00870693296206 0.00675451871289 0.00846819191276 0.0115391273708
Herato12 Herato1202 20126730.0 19475000.0 0.0206533050689 0.012856159597 0.0199321589646 0.0325490699141
Herato12 Herato1202 20176730.0 19525000.0 0.069469311841 0.0306578183435 0.0626714459164 0.144850048287
Herato12 Herato1202 20226730.0 19575000.0 0.00661904464926 0.00462940283423 0.00657192397116 0.00939284267172
Herato12 Herato1202 20276730.0 19625000.0 0.0442893610421 0.027467445058 0.0431403869216 0.0704950824862
Herato12 Herato1202 20326730.0 19675000.0 0.00958587604086 0.00794096256698 0.00947101303838 0.0119065659917
Herato12 Herato1202 20376730.0 19725000.0 0.0254591961995 0.00462980693951 0.0226307857641 0.0662296486337
Herato12 Herato1202 20426730.0 19775000.0 0.0079324756036 0.00660985488667 0.00786017094646 0.00970227874708
Herato12 Herato1202 20476730.0 19825000.0 0.00390061443184 0.00341789623231 0.00388639267159 0.00443089236806
Herato12 Herato1202 20526730.0 19875000.0 0.0328767240017 0.013188592729 0.026597799361 0.0817425421473
Herato12 Herato1202 20576730.0 19925000.0 0.0714367704323 0.0411222386911 0.0676341898696 0.128723697469
Herato12 Herato1202 20626730.0 19975000.0 0.00735667782108 0.00647845619513 0.00731243106278 0.00842140755468
Herato12 Herato1202 20676730.0 20025000.0 0.0836333519607 0.052532239524 0.0797288021456 0.137226689792
Herato12 Herato1202 20726730.0 20075000.0 0.0195684485046 0.0132630133638 0.018645673092 0.0307868165267
Herato12 Herato1202 20776730.0 20125000.0 0.24331923119 0.0407225220338 0.224964929454 0.52405016307
Herato12 Herato1202 20826730.0 20175000.0 0.047447391362 0.0235314050418 0.0430026375227 0.0961879356592
Herato12 Herato1202 20876730.0 20225000.0 0.016500517277 0.0109852973149 0.0157229321747 0.0233970534587
Herato12 Herato1202 20926730.0 20275000.0 0.041887299457 0.0204245467375 0.0390540737744 0.0827093100903
Herato12 Herato1202 20976730.0 20325000.0 0.00896231556296 0.00291319963144 0.00555084950308 0.0282239111078
Herato12 Herato1202 21026730.0 20375000.0 0.0715216374547 0.0339821492063 0.0669598179587 0.136516976734
Herato12 Herato1202 21076730.0 20425000.0 0.0276738733052 0.0175215212737 0.0263294773383 0.0535888749787
Herato12 Herato1202 21126730.0 20475000.0 0.0568951237474 0.0316925690373 0.0539319905291 0.0987845806242
Herato12 Herato1202 21176730.0 20525000.0 0.0113055151762 0.00963058047829 0.011279454791 0.0131964637757
Herato12 Herato1202 21226730.0 20575000.0 0.0623746973807 0.0335392216786 0.0561607271321 0.126220790007
