chrom scaffold Cposition position mean p0025 p0500 p0975
Herato17 Herato1701 25001.0 25000.0 0.015295888246 0.011731859428 0.015214982768 0.019595949388
Herato17 Herato1701 75001.0 75000.0 0.02308106862 0.02006310404 0.02302505944 0.0267917557
Herato17 Herato1701 125001.0 125000.0 0.01711155978 0.01608669846 0.0172051866 0.01797131574
Herato17 Herato1701 175001.0 175000.0 0.0240374138798 0.0207345073787 0.0240252623136 0.0274177638754
Herato17 Herato1701 225001.0 225000.0 0.0610548677364 0.031254752621 0.0581935253982 0.109083810249
Herato17 Herato1701 275001.0 275000.0 0.015520214404 0.0130671035962 0.0154095559828 0.0185438844408
Herato17 Herato1701 325001.0 325000.0 0.0237928112522 0.0137004421708 0.0231263699824 0.038070253467
Herato17 Herato1701 375001.0 375000.0 0.032703328081 0.0247257549589 0.0326648478534 0.0389723788888
Herato17 Herato1701 425001.0 425000.0 0.0381512486018 0.0171177300921 0.0346449147254 0.0706553304269
Herato17 Herato1701 475001.0 475000.0 0.0479255856636 0.0351756961308 0.046540029878 0.0681326748936
Herato17 Herato1701 525001.0 525000.0 0.026493634889 0.0235157993788 0.0263116307514 0.030778546992
Herato17 Herato1701 575001.0 575000.0 0.0217199675172 0.0186605746549 0.0217584761016 0.0253171114364
Herato17 Herato1701 625001.0 625000.0 0.0287198249794 0.0249374373012 0.0284977113014 0.033967132588
Herato17 Herato1701 675001.0 675000.0 0.00948978941472 0.00727618978403 0.0093645343902 0.01236610246
Herato17 Herato1701 725001.0 725000.0 0.0197030696385 0.00982378735431 0.0189954934285 0.0325256805194
Herato17 Herato1701 775001.0 775000.0 0.0530726447403 0.0252427007619 0.0457701924407 0.115532930409
Herato17 Herato1701 825001.0 825000.0 0.0363523036823 0.0129590946549 0.0358186857477 0.0709010682514
Herato17 Herato1701 875001.0 875000.0 0.0120858838184 0.00852882731047 0.0117806191714 0.0178284928377
Herato17 Herato1701 925001.0 925000.0 0.0382053859616 0.0252674555465 0.0371467993806 0.056559582266
Herato17 Herato1701 975001.0 975000.0 0.0161800791347 0.0106788211985 0.0156367504785 0.024566059107
Herato17 Herato1701 1025001.0 1025000.0 0.0301893770994 0.0187243824877 0.0288434082456 0.0497603720314
Herato17 Herato1701 1075001.0 1075000.0 0.0174927880291 0.0075162101508 0.0141213843784 0.0471222553576
Herato17 Herato1701 1125001.0 1125000.0 0.00779683248616 0.00671275880478 0.00776717991968 0.00913493719884
Herato17 Herato1701 1175001.0 1175000.0 0.00975555471804 0.00607544154356 0.00929128408376 0.0151118972177
Herato17 Herato1701 1225001.0 1225000.0 0.00531935469222 0.00367005100234 0.00508244837278 0.0078181867049
Herato17 Herato1701 1275001.0 1275000.0 0.0146122329312 0.00638890868122 0.0121670786959 0.0366792859542
Herato17 Herato1701 1325001.0 1325000.0 0.0106631009988 0.00474077671595 0.00972191501152 0.0206378825294
Herato17 Herato1701 1375001.0 1375000.0 0.00289841088464 0.00231336948436 0.00284230810154 0.0036962041244
Herato17 Herato1701 1425001.0 1425000.0 0.00335555481728 0.00289904681853 0.0033497934217 0.00392488286504
Herato17 Herato1701 1475001.0 1475000.0 0.00419235341008 0.00327706042138 0.00412011968086 0.00546933769046
Herato17 Herato1701 1525001.0 1525000.0 0.00639502246218 0.00537135671552 0.00638494841528 0.00754156003892
Herato17 Herato1701 1575001.0 1575000.0 0.0604238894264 0.0222053198399 0.0531224139485 0.142445555754
Herato17 Herato1701 1625001.0 1625000.0 0.0121102413374 0.00673302301271 0.011091631986 0.0233344259532
Herato17 Herato1701 1675001.0 1675000.0 0.0272442218927 0.012870955893 0.0257758352434 0.0568369676146
Herato17 Herato1701 1725001.0 1725000.0 0.0051427327496 0.0045209375842 0.0051260997044 0.0058962050662
Herato17 Herato1701 1775001.0 1775000.0 0.00926792663908 0.00656362751613 0.0086155950324 0.0152906362882
Herato17 Herato1701 1825001.0 1825000.0 0.0176938630029 0.013855047333 0.0175202232194 0.0229512643584
Herato17 Herato1701 1875001.0 1875000.0 0.0118118556176 0.0100185168566 0.0117639716176 0.0136610263566
Herato17 Herato1701 1925001.0 1925000.0 0.0411309372192 0.0166827778333 0.0401385867083 0.0694833190568
Herato17 Herato1701 1975001.0 1975000.0 0.0103012955891 0.0083035058763 0.0102372565248 0.0127934552774
Herato17 Herato1701 2025001.0 2025000.0 0.016451627316 0.0138034432704 0.015683352436 0.019759773734
Herato17 Herato1701 2075001.0 2075000.0 0.0370540626511 0.0239589368632 0.0360267068294 0.057907496176
Herato17 Herato1701 2125001.0 2125000.0 0.043568085274 0.033327981318 0.0429369041888 0.0559900277766
Herato17 Herato1701 2175001.0 2175000.0 0.0700302612274 0.0478638914196 0.0677375540598 0.106410562812
Herato17 Herato1701 2225001.0 2225000.0 0.0490050538897 0.0367397049741 0.0484414579379 0.0652190919659
Herato17 Herato1701 2275001.0 2275000.0 0.0604748606556 0.0441696019148 0.058133737242 0.0886519132088
Herato17 Herato1701 2325001.0 2325000.0 0.022393485382 0.0149350933155 0.0218505043704 0.0310958784556
Herato17 Herato1701 2375001.0 2375000.0 0.0108577752792 0.00906911102575 0.0108462558587 0.0129619772609
Herato17 Herato1701 2425001.0 2425000.0 0.0513750599222 0.0381722239417 0.050657304658 0.0692685915646
Herato17 Herato1701 2475001.0 2475000.0 0.0238232692114 0.0165876628412 0.022643927949 0.0374568369248
Herato17 Herato1701 2525001.0 2525000.0 0.0131105006478 0.00812576554094 0.0129331524904 0.018598639846
Herato17 Herato1701 2575001.0 2575000.0 0.0467053302266 0.0234440050422 0.0427398306772 0.0937435470152
Herato17 Herato1701 2625001.0 2625000.0 0.0440407079948 0.0343225469577 0.0433778624676 0.0570848850354
Herato17 Herato1701 2675001.0 2675000.0 0.068452790012 0.052142676328 0.06712136022 0.09293372388
Herato17 Herato1701 2725001.0 2725000.0 0.0306401906969 0.0268194364456 0.0305884266892 0.0346654198604
Herato17 Herato1701 2775001.0 2775000.0 0.033229077614 0.025200405514 0.03140438979 0.04386896686
Herato17 Herato1701 2825001.0 2825000.0 0.05149686868 0.0444782891388 0.050779465454 0.063406768964
Herato17 Herato1701 2875001.0 2875000.0 0.0321156586788 0.0207546998857 0.0309506837912 0.0554112571296
Herato17 Herato1701 2925001.0 2925000.0 0.0332730248212 0.0229091675692 0.0329561095872 0.048705658618
Herato17 Herato1701 2975001.0 2975000.0 0.0386298638004 0.032548760331 0.0380680454784 0.0459368401568
Herato17 Herato1701 3025001.0 3025000.0 0.0431356129137 0.0376624560248 0.0425842636035 0.0515040950746
Herato17 Herato1701 3075001.0 3075000.0 0.0291112526619 0.024023323042 0.0288775706932 0.0353592979742
Herato17 Herato1701 3125001.0 3125000.0 0.020651088654 0.0180544463864 0.020538541018 0.023886910808
Herato17 Herato1701 3175001.0 3175000.0 0.063081464904 0.0423711905318 0.061023499362 0.09525391661
Herato17 Herato1701 3225001.0 3225000.0 0.071923717882 0.031780130788 0.069930606514 0.148675712028
Herato17 Herato1701 3275001.0 3275000.0 0.0313048034645 0.0220107293051 0.030958059907 0.0443671440606
Herato17 Herato1701 3325001.0 3325000.0 0.0199543026038 0.0129694416369 0.0191107088798 0.0316997077292
Herato17 Herato1701 3375001.0 3375000.0 0.057119280904 0.0288949195862 0.049814557837 0.119394486548
Herato17 Herato1701 3425001.0 3425000.0 0.0196432045425 0.0112115180049 0.019060365209 0.0332735746142
Herato17 Herato1701 3475001.0 3475000.0 0.0423263099056 0.0265962730519 0.0401054179224 0.0718073294644
Herato17 Herato1701 3525001.0 3525000.0 0.025434106737 0.0180360665042 0.024418466393 0.0360460419774
Herato17 Herato1701 3575001.0 3575000.0 0.0402938911301 0.0205415872204 0.038699486749 0.0700688400202
Herato17 Herato1701 3625001.0 3625000.0 0.02729103307 0.0152096138994 0.026052880378 0.047684221948
Herato17 Herato1701 3675001.0 3675000.0 0.0374815129018 0.0268114260557 0.0372492669258 0.052144059501
Herato17 Herato1701 3725001.0 3725000.0 0.044912362792 0.025011635884 0.042427012292 0.086125685664
Herato17 Herato1701 3775001.0 3775000.0 0.0554026538596 0.039359356192 0.054948089192 0.0772366794484
Herato17 Herato1701 3825001.0 3825000.0 0.0376790302796 0.0348127225161 0.0377585724868 0.0408194187486
Herato17 Herato1701 3875001.0 3875000.0 0.0471128239917 0.0351527592896 0.0444161084718 0.0698425392076
Herato17 Herato1701 3925001.0 3925000.0 0.0479191416929 0.0261723351416 0.0468268928594 0.0776194300448
Herato17 Herato1701 3975001.0 3975000.0 0.0527155055996 0.0445376178404 0.0523217485424 0.06356221363
Herato17 Herato1701 4025001.0 4025000.0 0.0287408284178 0.0220281347916 0.0277865372846 0.0403356487498
Herato17 Herato1701 4075001.0 4075000.0 0.0486914209716 0.0269760096008 0.0448154502337 0.0876025490746
Herato17 Herato1701 4125001.0 4125000.0 0.0382800831002 0.0167219095108 0.0367123513978 0.0757754262551
Herato17 Herato1701 4175001.0 4175000.0 0.048495395424 0.031361315292 0.045856629186 0.078262974024
Herato17 Herato1701 4225001.0 4225000.0 0.030889676426 0.0154934704854 0.0305364012664 0.055847612675
Herato17 Herato1701 4275001.0 4275000.0 0.0204417245545 0.0106775896302 0.0189822349391 0.0384363491488
Herato17 Herato1701 4325001.0 4325000.0 0.0332386577239 0.0230992775367 0.0323160321652 0.0462301841588
Herato17 Herato1701 4375001.0 4375000.0 0.0663317770538 0.0407623819099 0.0630860815868 0.10925199386
Herato17 Herato1701 4425001.0 4425000.0 0.0434474539108 0.0256136940259 0.041393352154 0.0746011833826
Herato17 Herato1701 4475001.0 4475000.0 0.0810026169278 0.047466646213 0.0777626884895 0.13160240756
Herato17 Herato1701 4525001.0 4525000.0 0.0608524089744 0.0354713501284 0.0575296602336 0.105420978377
Herato17 Herato1701 4575001.0 4575000.0 0.086829019644 0.050630563964 0.0817921515001 0.148436037914
Herato17 Herato1701 4625001.0 4625000.0 0.04173993572 0.026146144228 0.040825069242 0.06361262469
Herato17 Herato1701 4675001.0 4675000.0 0.0295526022588 0.025136946299 0.0293269829368 0.0351497252302
Herato17 Herato1701 4725001.0 4725000.0 0.043640640142 0.0317740252682 0.04430247113 0.058576130912
Herato17 Herato1701 4775001.0 4775000.0 0.0514282224464 0.0322197312512 0.0469761310592 0.0944439746388
Herato17 Herato1701 4825001.0 4825000.0 0.046324730902 0.0331273954014 0.045107859537 0.067100178987
Herato17 Herato1701 4875001.0 4875000.0 0.0330611526852 0.0275129808285 0.033001356588 0.0390843180696
Herato17 Herato1701 4925001.0 4925000.0 0.061155533748 0.047268922962 0.05988035144 0.081121538802
Herato17 Herato1701 4975001.0 4975000.0 0.0602282162648 0.0401778323318 0.050104581036 0.0961420381646
Herato17 Herato1701 5025001.0 5025000.0 0.041778468876 0.0302319387494 0.041216564946 0.0565312569344
Herato17 Herato1701 5075001.0 5075000.0 0.0476569563065 0.0271649813252 0.0440670772693 0.088520385597
Herato17 Herato1701 5125001.0 5125000.0 0.0108018798518 0.00810498029598 0.0105259883236 0.0154278715855
Herato17 Herato1701 5175001.0 5175000.0 0.029419179478 0.021466321313 0.029560167446 0.037325843144
Herato17 Herato1701 5225001.0 5225000.0 0.0760898739824 0.0369881451296 0.0617669514744 0.174814761594
Herato17 Herato1701 5275001.0 5275000.0 0.0451523419382 0.0298343352909 0.0442171384641 0.0718537832492
Herato17 Herato1701 5325001.0 5325000.0 0.047029612892 0.0282624964899 0.045022218552 0.077696687944
Herato17 Herato1701 5375001.0 5375000.0 0.0519194611096 0.0410943781665 0.0512042580617 0.0680777658976
Herato17 Herato1701 5425001.0 5425000.0 0.0229477631327 0.0177111929851 0.0226747062471 0.0297690935728
Herato17 Herato1701 5475001.0 5475000.0 0.0305211659466 0.0204433597378 0.0294354977753 0.0480561042998
Herato17 Herato1701 5525001.0 5525000.0 0.014014291698 0.01037974776 0.0138852456928 0.018373591164
Herato17 Herato1701 5575001.0 5575000.0 0.030331276377 0.0207001232193 0.0292214993637 0.045888725678
Herato17 Herato1701 5625001.0 5625000.0 0.017057511044 0.0141463611766 0.017063722308 0.019800450745
Herato17 Herato1701 5675001.0 5675000.0 0.01646794366 0.013927455281 0.0162695117746 0.0199289705648
Herato17 Herato1701 5725001.0 5725000.0 0.0381391508732 0.0104603633922 0.0376158895537 0.074218260598
Herato17 Herato1701 5775001.0 5775000.0 0.0581352847603 0.0346503133092 0.0557756246346 0.0996730033825
Herato17 Herato1701 5825001.0 5825000.0 0.059293468392 0.0254676560824 0.0538853474382 0.126964433632
Herato17 Herato1701 5875001.0 5875000.0 0.011730993616 0.00797338176002 0.011624826507 0.0170026850062
Herato17 Herato1701 5925001.0 5925000.0 0.0510393507368 0.02866485608 0.0493186397504 0.0883019062
Herato17 Herato1701 5975001.0 5975000.0 0.0267810543262 0.0161321307416 0.0258769445802 0.0449733729672
Herato17 Herato1701 6025001.0 6025000.0 0.00983116735262 0.00630621612146 0.0079084644312 0.0213008397718
Herato17 Herato1701 6075001.0 6075000.0 0.0143186013868 0.0126137260464 0.0142414032914 0.0163582064796
Herato17 Herato1701 6125001.0 6125000.0 0.0143906320093 0.0109642195282 0.0134437851491 0.0249941711156
Herato17 Herato1701 6175001.0 6175000.0 0.066404802322 0.0338695962804 0.0626411000902 0.124712997958
Herato17 Herato1701 6225001.0 6225000.0 0.048879751534 0.0173296221294 0.0436264706725 0.110214396964
Herato17 Herato1701 6275001.0 6275000.0 0.0251617894251 0.0158499867627 0.0243613767317 0.0404370736117
Herato17 Herato1701 6325001.0 6325000.0 0.0320172866951 0.0184008577367 0.030070758069 0.0559813273264
Herato17 Herato1701 6375001.0 6375000.0 0.00700095807 0.00580103090905 0.00694426885334 0.008275038356
Herato17 Herato1701 6425001.0 6425000.0 0.0141252161656 0.0104173434249 0.0139729385988 0.0183417700386
Herato17 Herato1701 6475001.0 6475000.0 0.0176068076014 0.0141461895138 0.017451096384 0.022566919905
Herato17 Herato1701 6525001.0 6525000.0 0.0156785420998 0.0111649452506 0.0152695778084 0.023072494733
Herato17 Herato1701 6575001.0 6575000.0 0.0597795369202 0.0295914072052 0.055821980618 0.112010979898
Herato17 Herato1701 6625001.0 6625000.0 0.0144084556274 0.00797137517265 0.0128199828336 0.0255742153842
Herato17 Herato1701 6675001.0 6675000.0 0.0636220823981 0.0299799851828 0.0571564509699 0.131285776709
Herato17 Herato1701 6725001.0 6725000.0 0.0204332593368 0.0122358253119 0.0197223849132 0.0314467301752
Herato17 Herato1701 6775001.0 6775000.0 0.0020351921996 0.0016008951491 0.0020096560036 0.0025237293318
Herato17 Herato1701 6825001.0 6825000.0 0.00839738110426 0.00528705889583 0.00802368653112 0.0140192953674
Herato17 Herato1701 6875001.0 6875000.0 0.0351179247628 0.0150181715896 0.0304714904882 0.0735025707338
Herato17 Herato1701 6925001.0 6925000.0 0.0163100180085 0.00773936448935 0.0151406479839 0.03173707668
Herato17 Herato1701 6975001.0 6975000.0 0.0137159198088 0.0119339014984 0.0135192308978 0.016681860932
Herato17 Herato1701 7025001.0 7025000.0 0.025877764349 0.0200305778762 0.0255492838566 0.03339555522
Herato17 Herato1701 7075001.0 7075000.0 0.0384211584454 0.0262651713266 0.0370504451996 0.057915765915
Herato17 Herato1701 7125001.0 7125000.0 0.0166449615878 0.0138668727206 0.0165142462276 0.020096563392
Herato17 Herato1701 7175001.0 7175000.0 0.024150961689 0.0198154908112 0.0237984103279 0.0296369306272
Herato17 Herato1701 7225001.0 7225000.0 0.0348050000666 0.0189051611835 0.0343156135455 0.0649334158054
Herato17 Herato1701 7275001.0 7275000.0 0.0283345221934 0.0160164167404 0.0271943685068 0.0476783063562
Herato17 Herato1701 7325001.0 7325000.0 0.0646798569092 0.0343271303384 0.0622216653493 0.112983456934
Herato17 Herato1701 7375001.0 7375000.0 0.0112824514767 0.00991188443382 0.0112920610967 0.012928417847
Herato17 Herato1701 7425001.0 7425000.0 0.0329980974864 0.022168419662 0.032308312516 0.0475151519516
Herato17 Herato1701 7475001.0 7475000.0 0.0192047628424 0.0159506887618 0.0191103374878 0.0231116481122
Herato17 Herato1701 7525001.0 7525000.0 0.0175357935114 0.0151514849912 0.0172449848728 0.0203829961854
Herato17 Herato1701 7575001.0 7575000.0 0.0190466658622 0.0170963683206 0.0190805484623 0.0206967257
Herato17 Herato1701 7625001.0 7625000.0 0.0264627609555 0.0127397020048 0.0218473714564 0.0544488197992
Herato17 Herato1701 7675001.0 7675000.0 0.0095639892662 0.00841783381326 0.0095278799472 0.0109481320696
Herato17 Herato1701 7725001.0 7725000.0 0.00264447158204 0.00226422267364 0.00263088999614 0.00306752369306
Herato17 Herato1701 7775001.0 7775000.0 0.00240216113104 0.00179320566253 0.00238461961956 0.0030975367456
Herato17 Herato1701 7825001.0 7825000.0 0.0152315262643 0.00958572276225 0.0141218932934 0.0250495401991
Herato17 Herato1701 7875001.0 7875000.0 0.00194289952067 0.00164611071071 0.00193273230594 0.00227022643227
Herato17 Herato1701 7925001.0 7925000.0 0.00180645823652 0.00152774415715 0.00179981456428 0.00212564692624
Herato17 Herato1701 7975001.0 7975000.0 0.00191623146698 0.00166705586305 0.00190165248224 0.0021955789904
Herato17 Herato1701 8025001.0 8025000.0 0.0060144927956 0.00507240931083 0.00600828999224 0.0072131310724
Herato17 Herato1701 8075001.0 8075000.0 0.00482520459476 0.00416058846165 0.00483102094314 0.0054904830396
Herato17 Herato1701 8125001.0 8125000.0 0.0063830223593 0.00506627327489 0.00633415017732 0.0081647960528
Herato17 Herato1701 8175001.0 8175000.0 0.0586209479583 0.0290370517399 0.0535729882902 0.109690294533
Herato17 Herato1701 8225001.0 8225000.0 0.0072134368644 0.00541842733238 0.0071213993652 0.0097670001716
Herato17 Herato1701 8275001.0 8275000.0 0.0143158376869 0.00711543566595 0.0136619553686 0.0254647343824
Herato17 Herato1701 8325001.0 8325000.0 0.00647515992812 0.00544602784234 0.00643225219126 0.007889278088
Herato17 Herato1701 8375001.0 8375000.0 0.0077582530838 0.00502005523396 0.0076687121424 0.0119532732478
Herato17 Herato1701 8425001.0 8425000.0 0.00399626774572 0.00310434273919 0.00395297346478 0.005220622067
Herato17 Herato1701 8475001.0 8475000.0 0.0110257084618 0.00694405215655 0.0102874829006 0.0185746598782
Herato17 Herato1701 8525001.0 8525000.0 0.00740087881246 0.00489469274039 0.00708619749988 0.0115441120924
Herato17 Herato1701 8575001.0 8575000.0 0.063631565966 0.0406259536972 0.0602709100073 0.103772898618
Herato17 Herato1701 8625001.0 8625000.0 0.0081233764677 0.00724833085923 0.00809051038246 0.00922878278314
Herato17 Herato1701 8675001.0 8675000.0 0.0257663881506 0.0230308020252 0.025783725499 0.0289843288042
Herato17 Herato1701 8725001.0 8725000.0 0.0468460620088 0.0387691882768 0.0465788663716 0.0573666903304
Herato17 Herato1701 8775001.0 8775000.0 0.0479580892573 0.0221571990502 0.0465347533754 0.085451133328
Herato17 Herato1701 8825001.0 8825000.0 0.036183523192 0.0237871820539 0.0342400589622 0.057829263476
Herato17 Herato1701 8875001.0 8875000.0 0.039175370768 0.0274797702149 0.0374463018025 0.0587855121618
Herato17 Herato1701 8925001.0 8925000.0 0.0717867400888 0.0355907661752 0.0642077561663 0.144699507264
Herato17 Herato1701 8975001.0 8975000.0 0.03804521837 0.023463025917 0.037362324558 0.062635712214
Herato17 Herato1701 9025001.0 9025000.0 0.0314875552076 0.0226974638542 0.0310672625352 0.0425490968726
Herato17 Herato1701 9075001.0 9075000.0 0.0877366942829 0.0518627148773 0.0802270305755 0.159004256739
Herato17 Herato1701 9125001.0 9125000.0 0.0290288869968 0.0250244881448 0.0289846482087 0.0333466406102
Herato17 Herato1701 9175001.0 9175000.0 0.0148059655462 0.0119669081625 0.0143454404954 0.0184326470216
Herato17 Herato1701 9225001.0 9225000.0 0.033877320774 0.0242849910058 0.033170387236 0.050909324452
Herato17 Herato1701 9275001.0 9275000.0 0.0326430165266 0.0188877068258 0.0328830866041 0.03984812073
Herato17 Herato1701 9325001.0 9325000.0 0.034756257748 0.0166096937891 0.0334778097195 0.0629953545742
Herato17 Herato1701 9375001.0 9375000.0 0.0459303852101 0.0263524450438 0.0424320272384 0.0809896574392
Herato17 Herato1701 9425001.0 9425000.0 0.0291309693418 0.0239577495481 0.0288231170634 0.0359358504798
Herato17 Herato1701 9475001.0 9475000.0 0.0628267748492 0.0398499759242 0.0596063464722 0.102008037124
Herato17 Herato1701 9525001.0 9525000.0 0.0388952363426 0.0179227208617 0.035733442031 0.0812757636128
Herato17 Herato1701 9575001.0 9575000.0 0.0532032902107 0.0286727180931 0.0514450688062 0.0883979837316
Herato17 Herato1701 9625001.0 9625000.0 0.0171494295772 0.00941342876657 0.0157984921276 0.0344353985434
Herato17 Herato1701 9675001.0 9675000.0 0.00865291040202 0.00624685742103 0.00827523821094 0.0120596619587
Herato17 Herato1701 9725001.0 9725000.0 0.0209170339272 0.0155359799553 0.0204078248042 0.029250898658
Herato17 Herato1701 9775001.0 9775000.0 0.0231604602935 0.0141585151689 0.0215866889243 0.0401643670962
Herato17 Herato1701 9825001.0 9825000.0 0.0137902064346 0.0117382513439 0.0136974016834 0.01636320048
Herato17 Herato1701 9875001.0 9875000.0 0.0194231213196 0.0124048012468 0.0186323042994 0.033509749286
Herato17 Herato1701 9925001.0 9925000.0 0.0170985700774 0.0145163550438 0.0166617755149 0.0208021125476
Herato17 Herato1701 9975001.0 9975000.0 0.03356229925 0.0297309366716 0.033449446498 0.038167481332
Herato17 Herato1701 10025001.0 10025000.0 0.048084463742 0.03726513234 0.04690054756 0.066146491398
Herato17 Herato1701 10075001.0 10075000.0 0.0466912612172 0.0322878150453 0.0442856357514 0.0742402183948
Herato17 Herato1701 10125001.0 10125000.0 0.037316257906 0.032293367728 0.037170453108 0.043268049322
Herato17 Herato1701 10175001.0 10175000.0 0.0360237106096 0.0301208232163 0.0354522003087 0.0434351972266
Herato17 Herato1701 10225001.0 10225000.0 0.041456995874 0.03670198202 0.041386919856 0.04575818688
Herato17 Herato1701 10275001.0 10275000.0 0.056400842956 0.0507796711284 0.0562017545004 0.065533928951
Herato17 Herato1701 10325001.0 10325000.0 0.03913335744 0.03640022268 0.03921031468 0.0415447616
Herato17 Herato1701 10375001.0 10375000.0 0.0397778544272 0.036812276892 0.0396082405472 0.043607805836
Herato17 Herato1701 10425001.0 10425000.0 0.037942610822 0.031929607358 0.037922648168 0.044127950048
Herato17 Herato1701 10475001.0 10475000.0 0.0250787954239 0.0231921847082 0.0250756227011 0.0272608085306
Herato17 Herato1701 10525001.0 10525000.0 0.0245517337531 0.0206456943646 0.0242807939769 0.0303040273512
Herato17 Herato1701 10575001.0 10575000.0 0.026038559694 0.0229104301756 0.0259420815648 0.029705858124
Herato17 Herato1701 10625001.0 10625000.0 0.0252262635004 0.0199221867509 0.024510690113 0.0354776853146
Herato17 Herato1701 10675001.0 10675000.0 0.0245797058972 0.021680724263 0.0245105031544 0.0281941317414
Herato17 Herato1701 10725001.0 10725000.0 0.0265728463944 0.0228327388384 0.026540987974 0.032205856182
Herato17 Herato1701 10775001.0 10775000.0 0.0379232183699 0.0333355870302 0.0370892139082 0.0452681976392
Herato17 Herato1701 10825001.0 10825000.0 0.0405752785402 0.0250470618207 0.0403208848146 0.0545293907174
Herato17 Herato1701 10875001.0 10875000.0 0.0147023121577 0.0116421543234 0.0146199089896 0.0186373702337
Herato17 Herato1701 10925001.0 10925000.0 0.013334648566 0.0097132908651 0.0131758995331 0.0176736710894
Herato17 Herato1701 10975001.0 10975000.0 0.0176386160782 0.0152156020328 0.0176097601332 0.0202576536458
Herato17 Herato1701 11025001.0 11025000.0 0.0275548284837 0.0190862517141 0.0268353576888 0.041292017328
Herato17 Herato1701 11075001.0 11075000.0 0.0694924232732 0.0338521781429 0.0636442530953 0.140649998447
Herato17 Herato1701 11125001.0 11125000.0 0.0205935994288 0.0147634317957 0.0194417615005 0.0315092183778
Herato17 Herato1701 11175001.0 11175000.0 0.0237357382823 0.0133517204357 0.0223221750686 0.0426322504714
Herato17 Herato1701 11225001.0 11225000.0 0.0277248065484 0.0105635280328 0.0264649497556 0.0502372991024
Herato17 Herato1701 11275001.0 11275000.0 0.0565175329608 0.0321384544957 0.0545022983757 0.0908124686016
Herato17 Herato1701 11325001.0 11325000.0 0.0160955188966 0.00684521253302 0.0159226819556 0.0244924281369
Herato17 Herato1701 11375001.0 11375000.0 0.0153033665969 0.00965193594925 0.0148934554037 0.0230087320352
Herato17 Herato1701 11425001.0 11425000.0 0.0394159693892 0.00864859292667 0.036267174836 0.0921817919528
Herato17 Herato1701 11459039.5 11475000.0 0.063830807301 0.0285085047291 0.054135727889 0.160197373366
Herato17 Herato1702 11493079.0 25000.0 0.0416352761533 0.0299025013074 0.0404703462646 0.0605498452222
Herato17 Herato1702 11543079.0 75000.0 0.040992749586 0.0164928126476 0.037619719515 0.088925364796
Herato17 Herato1702 11578860.5 125000.0 0.031460095183 0.0214090473092 0.0302554961193 0.0478018408756
Herato17 Herato1703 11614643.0 25000.0 0.0470351985618 0.0292440051548 0.0449634144827 0.074036049998
Herato17 Herato1703 11664643.0 75000.0 0.046579129602 0.0423027075332 0.046623532414 0.050355761882
Herato17 Herato1703 11714643.0 125000.0 0.04134093853 0.035909901288 0.041278010904 0.046564182348
Herato17 Herato1703 11764643.0 175000.0 0.0449692244636 0.0295322972964 0.0414029678986 0.075778015378
Herato17 Herato1703 11814643.0 225000.0 0.0307885896444 0.0242061486053 0.0313313461492 0.0375293419432
Herato17 Herato1703 11864643.0 275000.0 0.0318071365268 0.0268568488759 0.0314154791592 0.0377678819492
Herato17 Herato1703 11914643.0 325000.0 0.037944777526 0.029623703292 0.037335619272 0.05103596621
Herato17 Herato1703 11964643.0 375000.0 0.0419201886918 0.0352648886055 0.0412479725053 0.0510507102484
Herato17 Herato1703 12014643.0 425000.0 0.04538114576 0.023227111376 0.0452136892 0.06610523114
Herato17 Herato1703 12064643.0 475000.0 0.0404253811788 0.035275105556 0.039930462338 0.047454331926
Herato17 Herato1703 12114643.0 525000.0 0.035962388634 0.0326396117929 0.0359302424547 0.0395926806958
Herato17 Herato1703 12164643.0 575000.0 0.0639116871504 0.028741410906 0.0608482239343 0.121464922983
Herato17 Herato1703 12214643.0 625000.0 0.0319893785279 0.026055880697 0.0314425043351 0.0410436191154
Herato17 Herato1703 12264643.0 675000.0 0.0377618584168 0.0325940346313 0.0376774778312 0.043314162015
Herato17 Herato1703 12314643.0 725000.0 0.0260591539952 0.0170129523348 0.0231381414388 0.0412244498332
Herato17 Herato1703 12364643.0 775000.0 0.019798121049 0.00826221838689 0.0182673527765 0.0431202326226
Herato17 Herato1703 12414643.0 825000.0 0.033793330586 0.030288911556 0.033796252234 0.037453120074
Herato17 Herato1703 12464643.0 875000.0 0.031407664129 0.0217826669045 0.0301932666614 0.045979832246
Herato17 Herato1703 12514643.0 925000.0 0.0327337449846 0.0296330567941 0.0326573139056 0.0361564038778
Herato17 Herato1703 12564643.0 975000.0 0.0412609661524 0.0378632894336 0.0414288812388 0.0443954367502
Herato17 Herato1703 12614643.0 1025000.0 0.0261079601826 0.0238444882661 0.0260867861096 0.0284665379142
Herato17 Herato1703 12664643.0 1075000.0 0.0323562362984 0.0270670879341 0.0322739243236 0.0389461827236
Herato17 Herato1703 12714643.0 1125000.0 0.0575180168696 0.0412110595315 0.0563441451478 0.0815185675214
Herato17 Herato1703 12764643.0 1175000.0 0.0286472034162 0.0252000678483 0.0285834472614 0.0324506600158
Herato17 Herato1703 12814643.0 1225000.0 0.021752126003 0.0190052455664 0.0214782433889 0.025283710647
Herato17 Herato1703 12864643.0 1275000.0 0.0767061347894 0.0371485690551 0.0712245150912 0.15353647106
Herato17 Herato1703 12914643.0 1325000.0 0.0412204000955 0.020304576594 0.0365654579394 0.0794231659684
Herato17 Herato1703 12964643.0 1375000.0 0.0477069210828 0.0266791494853 0.042365248415 0.0892286406552
Herato17 Herato1703 13014643.0 1425000.0 0.0344109649616 0.0224182420939 0.034366354064 0.0521345871264
Herato17 Herato1703 13064643.0 1475000.0 0.0922619963093 0.0634443785505 0.0891611821968 0.137991385045
Herato17 Herato1703 13114643.0 1525000.0 0.057436020525 0.0344700869953 0.05195133229 0.111158821881
Herato17 Herato1703 13164643.0 1575000.0 0.0376048426602 0.0213146094616 0.0367712345357 0.0600117744956
Herato17 Herato1703 13214643.0 1625000.0 0.03895483781 0.0253182587738 0.0378022461468 0.0609712616288
Herato17 Herato1703 13264643.0 1675000.0 0.028291224952 0.022261124272 0.027823351312 0.03645278412
Herato17 Herato1703 13314643.0 1725000.0 0.0436542649988 0.0349028279634 0.0429573861962 0.057489768762
Herato17 Herato1703 13364643.0 1775000.0 0.037099397879 0.0278413562872 0.035572572987 0.050810907646
Herato17 Herato1703 13414643.0 1825000.0 0.0256503076043 0.0210677778729 0.0254523452349 0.0299208549105
Herato17 Herato1703 13464643.0 1875000.0 0.017421012815 0.0148948972343 0.0173349400998 0.0206102844812
Herato17 Herato1703 13514643.0 1925000.0 0.0178766429712 0.0129432694269 0.0177788470994 0.0234365485812
Herato17 Herato1703 13564643.0 1975000.0 0.0139827960608 0.0121468670639 0.013881744559 0.0161865883394
Herato17 Herato1703 13614643.0 2025000.0 0.035097173508 0.0245393654378 0.033980433542 0.053641790348
Herato17 Herato1703 13664643.0 2075000.0 0.0273602235486 0.0225204036643 0.0269620631571 0.0359298451272
Herato17 Herato1703 13714643.0 2125000.0 0.0182647764568 0.0166683739687 0.018071994703 0.020313939006
Herato17 Herato1703 13764643.0 2175000.0 0.016211845973 0.0147739998105 0.0161940625639 0.017940715592
Herato17 Herato1703 13814643.0 2225000.0 0.039516077642 0.037307394286 0.039159262798 0.0426292179
Herato17 Herato1703 13864643.0 2275000.0 0.0513234882508 0.0423581641342 0.0511234425166 0.0621554604884
Herato17 Herato1703 13914643.0 2325000.0 0.03384359784 0.029421453498 0.033493613068 0.038850174828
Herato17 Herato1703 13959218.0 2375000.0 0.0376413927315 0.0289069610887 0.0375526380921 0.0489033055121
Herato17 Herato1704 14003794.0 25000.0 0.0313446322058 0.0215325524817 0.0309727261419 0.0455733426296
Herato17 Herato1704 14053794.0 75000.0 0.0109893605614 0.00820036080048 0.00985256665264 0.0145771183892
Herato17 Herato1704 14103794.0 125000.0 0.025819723072 0.0193602635074 0.0258722829954 0.0350371135784
Herato17 Herato1704 14153794.0 175000.0 0.0107777643374 0.00869556781832 0.0107031344691 0.01302566922
Herato17 Herato1704 14203794.0 225000.0 0.044454021096 0.0250193017228 0.042032689195 0.0781902783504
Herato17 Herato1704 14250428.0 275000.0 0.0430039878533 0.0345506129899 0.0424176866738 0.057049494994
Herato17 Herato1705 14297063.0 25000.0 0.0461183895498 0.0279971429652 0.0431412086351 0.0790121999672
Herato17 Herato1705 14347063.0 75000.0 0.0257637213265 0.0196249696775 0.0246618966396 0.0348516005758
Herato17 Herato1705 14397063.0 125000.0 0.0194390906612 0.0136474839861 0.0183708432083 0.0308981409874
Herato17 Herato1705 14447063.0 175000.0 0.0249427108766 0.0224522843575 0.0248458952792 0.0284461146346
Herato17 Herato1705 14497063.0 225000.0 0.0529706787604 0.0239586211538 0.0508109737032 0.111345149354
Herato17 Herato1705 14547063.0 275000.0 0.0403096809296 0.0350646038024 0.0401188452719 0.0467226708576
Herato17 Herato1705 14597063.0 325000.0 0.0211909182309 0.0169522993382 0.0208956698942 0.0272811925506
Herato17 Herato1705 14647063.0 375000.0 0.022829226414 0.0186082911584 0.022427583616 0.02880340419
Herato17 Herato1705 14697063.0 425000.0 0.037968765278 0.0301601974368 0.0375711661094 0.0478542083948
Herato17 Herato1705 14747063.0 475000.0 0.0270010269421 0.0231430504921 0.0270188168178 0.0314248990036
Herato17 Herato1705 14797063.0 525000.0 0.051027331548 0.0440584937424 0.0507824506728 0.0592461809838
Herato17 Herato1705 14847063.0 575000.0 0.053803222734 0.046192722514 0.0525702017 0.063562449168
Herato17 Herato1705 14897063.0 625000.0 0.0391836136704 0.0335745334572 0.0389550381064 0.0448381424608
Herato17 Herato1705 14947063.0 675000.0 0.0398231830555 0.0311624790899 0.039749609956 0.0483412533822
Herato17 Herato1705 14997063.0 725000.0 0.0910242269804 0.042353722166 0.087771103064 0.165058278798
Herato17 Herato1705 15047063.0 775000.0 0.043098937282 0.037734165126 0.042762472338 0.050408775362
Herato17 Herato1705 15097063.0 825000.0 0.0431763038172 0.0366234099405 0.0427546642582 0.0515263696406
Herato17 Herato1705 15147063.0 875000.0 0.053953256128 0.0444126703958 0.053273272958 0.066150142286
Herato17 Herato1705 15197063.0 925000.0 0.0502218389702 0.0461454663083 0.0504717233648 0.0542400499866
Herato17 Herato1705 15247063.0 975000.0 0.042010600296 0.039279459984 0.042077769366 0.044774354376
Herato17 Herato1705 15297063.0 1025000.0 0.0489055731877 0.0448346141388 0.0488392263768 0.053423049109
Herato17 Herato1705 15347063.0 1075000.0 0.0417646098284 0.0379568057852 0.0418108161282 0.0459786536658
Herato17 Herato1705 15397063.0 1125000.0 0.059858411184 0.0509009961981 0.0591460087586 0.07357086459
Herato17 Herato1705 15447063.0 1175000.0 0.0494854824402 0.0416347433274 0.0492575329278 0.0586873388968
Herato17 Herato1705 15497063.0 1225000.0 0.0542449875434 0.0390551813028 0.0535410814792 0.0709360186198
Herato17 Herato1705 15547063.0 1275000.0 0.0469607188009 0.0277986801095 0.046014637063 0.0722814294196
Herato17 Herato1705 15597063.0 1325000.0 0.030088570956 0.0204912448888 0.029647995412 0.042525096182
Herato17 Herato1705 15647063.0 1375000.0 0.0332561904041 0.0188316009306 0.0314693053039 0.0575245783151
Herato17 Herato1705 15697063.0 1425000.0 0.0525411664421 0.0156951065278 0.0521451640923 0.0968995073254
Herato17 Herato1705 15747063.0 1475000.0 0.025045121008 0.019881431232 0.024870391424 0.031248162856
Herato17 Herato1705 15797063.0 1525000.0 0.0277248976727 0.019385957257 0.0269575774297 0.0409523020211
Herato17 Herato1705 15847063.0 1575000.0 0.0155231156939 0.0135364165369 0.0154312958447 0.0180520655208
Herato17 Herato1705 15897063.0 1625000.0 0.0336253126442 0.0222032441334 0.0322190483002 0.0529104260712
Herato17 Herato1705 15947063.0 1675000.0 0.0361118911 0.024899590548 0.036029987142 0.047102294562
Herato17 Herato1705 15997063.0 1725000.0 0.0862164540244 0.0408799754222 0.0788617646832 0.170446539568
Herato17 Herato1705 16047063.0 1775000.0 0.0400042701384 0.0233416176159 0.032526901296 0.0939787364404
Herato17 Herato1705 16097063.0 1825000.0 0.02317932557 0.018932504676 0.02310332318 0.028104359926
Herato17 Herato1705 16147063.0 1875000.0 0.0125614049083 0.0110512582455 0.0123699840086 0.0146933065953
Herato17 Herato1705 16197063.0 1925000.0 0.0186833997147 0.0148213058299 0.0184667494475 0.0230070969056
Herato17 Herato1705 16247063.0 1975000.0 0.018671465508 0.0170281806429 0.0185883825536 0.020295785986
Herato17 Herato1705 16297063.0 2025000.0 0.03357901266 0.030238882222 0.033664770076 0.035661759832
Herato17 Herato1705 16347063.0 2075000.0 0.049529318509 0.0243170705533 0.0475962681168 0.0852152582078
Herato17 Herato1705 16397063.0 2125000.0 0.020200120232 0.0163053256128 0.0198910977696 0.0253386194596
Herato17 Herato1705 16447063.0 2175000.0 0.0386953968428 0.0236987571953 0.0388400495128 0.0531197168883
Herato17 Herato1705 16497063.0 2225000.0 0.0951818986834 0.0385484326902 0.0923578774011 0.175835256013
Herato17 Herato1705 16547063.0 2275000.0 0.068485340398 0.0301843150345 0.0646546273352 0.123772106509
Herato17 Herato1705 16597063.0 2325000.0 0.0281561029468 0.0185983190363 0.0274465358199 0.0419130814088
Herato17 Herato1705 16647063.0 2375000.0 0.0788532972682 0.0337843301768 0.0726606004011 0.158268891181
Herato17 Herato1705 16697063.0 2425000.0 0.045786645564 0.0139402289591 0.0402092920994 0.11835026338
Herato17 Herato1705 16747063.0 2475000.0 0.0185501486829 0.0132504230059 0.0179117546134 0.0273338339062
Herato17 Herato1705 16797063.0 2525000.0 0.0721228371264 0.0403264126684 0.0689353659597 0.120578045319
Herato17 Herato1705 16847063.0 2575000.0 0.0203562229342 0.00962484276026 0.0167736284573 0.0441478520064
Herato17 Herato1705 16897063.0 2625000.0 0.0273001333428 0.0176488278244 0.0267003696796 0.040951881631
Herato17 Herato1705 16947063.0 2675000.0 0.0488689123374 0.0227910338765 0.0344178938617 0.127003017033
Herato17 Herato1705 16997063.0 2725000.0 0.0577260617992 0.0274522371419 0.0533197144004 0.110497242603
Herato17 Herato1705 17029764.5 2775000.0 0.0200244780679 0.0171678751802 0.0200268757833 0.0230101894969
Herato17 Herato1706 17062467.0 25000.0 0.112272037823 0.0541709384767 0.107581947328 0.193446755949
Herato17 Herato1706 17112467.0 75000.0 0.0605932900756 0.0397763532616 0.0575942758006 0.091943848513
Herato17 Herato1706 17144716.5 125000.0 0.0484799437423 0.0230689050348 0.0452582097469 0.0958363613435
Herato17 Herato1707 17176967.0 25000.0 0.0466740703434 0.0392707278213 0.0462397114432 0.0558103937494
Herato17 Herato1707 17226967.0 75000.0 0.0395424094968 0.0320465036746 0.0391456285954 0.050687611078
Herato17 Herato1707 17276967.0 125000.0 0.0339131785566 0.0242447629131 0.0321249187502 0.0571616875112
Herato17 Herato1707 17326967.0 175000.0 0.0617343186536 0.0349581331007 0.0590320356816 0.104450256662
Herato17 Herato1707 17376967.0 225000.0 0.0446846783223 0.0267354654739 0.0430963276991 0.0724101246096
Herato17 Herato1707 17421122.5 275000.0 0.0344290731988 0.0250754610146 0.033184678656 0.0524576378815
Herato17 Herato1708 17465279.0 25000.0 0.0309710186878 0.0266973865971 0.0308794291152 0.0354390584216
Herato17 Herato1708 17515279.0 75000.0 0.0551121400548 0.0353538354992 0.0531166685024 0.0903257914854
Herato17 Herato1708 17565279.0 125000.0 0.0063614060436 0.00358488261748 0.005257694235 0.0129331647912
Herato17 Herato1708 17615279.0 175000.0 0.0296156862621 0.0175478987906 0.0284193046312 0.05000409424
Herato17 Herato1708 17665279.0 225000.0 0.0300258906864 0.0152541622396 0.0296351928516 0.0450887146823
Herato17 Herato1708 17715279.0 275000.0 0.107095491111 0.0362040718085 0.0939573172118 0.237790787345
Herato17 Herato1708 17765279.0 325000.0 0.0699005640596 0.0297568377807 0.0665088662085 0.129768737989
Herato17 Herato1708 17815279.0 375000.0 0.0971119355361 0.0447412952149 0.0873196837104 0.266572942103
Herato17 Herato1708 17865279.0 425000.0 0.00183755962915 0.00161425484507 0.00182477712953 0.00211968582004
Herato17 Herato1708 17915279.0 475000.0 0.0108405677536 0.00544224571419 0.0100520663998 0.021436509231
Herato17 Herato1708 17965279.0 525000.0 0.0475428375693 0.0285447140792 0.0442657202915 0.0829837219596
Herato17 Herato1708 18015279.0 575000.0 0.0123775034715 0.0111838676209 0.0122160836217 0.0137223343052
Herato17 Herato1708 18065279.0 625000.0 0.0283716326268 0.0220624802606 0.027834700458 0.03737695564
Herato17 Herato1708 18115279.0 675000.0 0.0111788247511 0.00603830782546 0.00969808311694 0.0237079010787
Herato17 Herato1708 18165279.0 725000.0 0.0761976135146 0.0302445761671 0.0678937681007 0.175920414914
Herato17 Herato1708 18215279.0 775000.0 0.0352466838172 0.0221184448572 0.0339122112022 0.0590770849427
Herato17 Herato1708 18265279.0 825000.0 0.0336970930226 0.0140873495521 0.0335627577938 0.0543078536735
Herato17 Herato1708 18315279.0 875000.0 0.141138650871 0.0719972521439 0.131766109976 0.260494852591
Herato17 Herato1708 18365279.0 925000.0 0.0273409026671 0.0204613742371 0.0269063838558 0.0365638317204
Herato17 Herato1708 18415279.0 975000.0 0.119058028701 0.0410755517961 0.109895754803 0.239924105478
Herato17 Herato1708 18465279.0 1025000.0 0.0393764924848 0.0220318979344 0.0378204210092 0.0669758141583
Herato17 Herato1708 18515279.0 1075000.0 0.0760576903475 0.0209725187729 0.0666209307579 0.190197687871
Herato17 Herato1708 18565279.0 1125000.0 0.0417482845822 0.0238030239947 0.0385188904226 0.080858320044
Herato17 Herato1708 18615279.0 1175000.0 0.0433025902668 0.0218958224857 0.0407166592762 0.0811913809968
Herato17 Herato1708 18665279.0 1225000.0 0.0259657276556 0.0199328774406 0.0258701595544 0.031679526742
Herato17 Herato1708 18715279.0 1275000.0 0.0371508041703 0.0218027154163 0.0363345274482 0.0565746394496
Herato17 Herato1708 18765279.0 1325000.0 0.0176121192458 0.0110533809391 0.0175840433197 0.025826594365
Herato17 Herato1708 18815279.0 1375000.0 0.00424270037768 0.00331282978878 0.00423200305262 0.0052264576834
Herato17 Herato1708 18865279.0 1425000.0 0.0120297084817 0.00900954435476 0.0118352818696 0.0163207337302
Herato17 Herato1708 18915279.0 1475000.0 0.00858173821 0.00766855463 0.008604063764 0.00952308139
Herato17 Herato1708 18965279.0 1525000.0 0.0692568019468 0.0279492678482 0.0624726807108 0.155789215404
Herato17 Herato1708 19015279.0 1575000.0 0.0067140206541 0.00529676870419 0.0066919530751 0.00823639686234
Herato17 Herato1708 19065279.0 1625000.0 0.0415826825668 0.0161393669416 0.0392915463914 0.0758579834294
Herato17 Herato1708 19115279.0 1675000.0 0.0514781281755 0.0271350462756 0.0492119930414 0.089098713541
Herato17 Herato1708 19165279.0 1725000.0 0.0110628927345 0.0081293390189 0.0108502442642 0.0147915305814
Herato17 Herato1708 19215279.0 1775000.0 0.003674829248 0.00263489782 0.00377212548 0.004370487264
Herato17 Herato1708 19265279.0 1825000.0 0.0306181674236 0.0142302998339 0.0247098975532 0.111322630585
Herato17 Herato1708 19315279.0 1875000.0 0.0447373939362 0.0130679813111 0.0263183255059 0.159447029904
Herato17 Herato1708 19365279.0 1925000.0 0.002541054672 0.002337740756 0.00252849922 0.002853885892
Herato17 Herato1708 19415279.0 1975000.0 0.002023691984 0.001761478062 0.001998755334 0.00238358427
Herato17 Herato1708 19465279.0 2025000.0 0.0311509218754 0.0100283656696 0.0299006141361 0.0741345255222
Herato17 Herato1708 19515279.0 2075000.0 0.0124968475928 0.00845351209629 0.0121479682151 0.0192345334668
Herato17 Herato1708 19565279.0 2125000.0 0.00565032743544 0.00464305370692 0.00560649863388 0.00684802439796
Herato17 Herato1708 19615279.0 2175000.0 0.0903174638379 0.049816674828 0.0843575183961 0.153970628696
Herato17 Herato1708 19665279.0 2225000.0 0.0163614853168 0.0102071056289 0.0152276882672 0.0320415091332
Herato17 Herato1708 19715279.0 2275000.0 0.0295315631657 0.0185142886425 0.028444917357 0.0463036724018
Herato17 Herato1708 19765279.0 2325000.0 0.229915544604 0.0724405796257 0.210698946805 0.499907565633
Herato17 Herato1708 19815279.0 2375000.0 0.131446739272 0.0498030127356 0.119703184751 0.276788970506
Herato17 Herato1708 19865279.0 2425000.0 0.00915023900132 0.00636102154165 0.00893013090462 0.0133502554079
Herato17 Herato1708 19915279.0 2475000.0 0.0407625771212 0.016007779251 0.0354413666321 0.0967238361248
Herato17 Herato1708 19961555.5 2525000.0 0.0509869673268 0.0299065625667 0.0472759988722 0.092096101613
Herato17 Herato1709 19984369.5 25000.0 0.0474574129515 0.0419265636186 0.0469247705825 0.0520842466645
Herato17 Herato1710 19998178.5 25000.0 0.0165765541295 0.0150833314998 0.0164446262886 0.0178936453571
Herato17 Herato1711 20023390.5 25000.0 0.0533154144103 0.0414298417217 0.0526044822874 0.0682614327988
Herato17 Herato1712 20061331.0 25000.0 0.172551379987 0.0848397322236 0.16021860492 0.332568201747
Herato17 Herato1712 20111331.0 75000.0 0.07317478952 0.054072612462 0.071023641292 0.10049603752
Herato17 Herato1712 20139786.0 125000.0 0.0160605108828 0.014260265369 0.0159343073372 0.0182708149783
Herato17 Herato1713 20168242.0 25000.0 0.0500856992156 0.0344398501511 0.0476684859294 0.079566795204
Herato17 Herato1713 20218242.0 75000.0 0.050542235428 0.0458303310262 0.05029687299 0.056190518202
Herato17 Herato1713 20254834.0 125000.0 0.0549102192719 0.0429073870289 0.0531725613742 0.0731228068711
