chrom scaffold Cposition position mean p0025 p0500 p0975
Herato10 Herato1001 25001.0 25000.0 0.01417828304 0.01292691728 0.01420145648 0.01557544836
Herato10 Herato1001 75001.0 75000.0 0.0120201819041 0.00848402680926 0.00995300794602 0.0204265026816
Herato10 Herato1001 125001.0 125000.0 0.0086989164616 0.00657789158464 0.00859335593136 0.0118758124197
Herato10 Herato1001 175001.0 175000.0 0.00984141314852 0.00515455669172 0.0093518972473 0.0188729689497
Herato10 Herato1001 225001.0 225000.0 0.0452409300551 0.0270126293236 0.0433683696383 0.0755924344045
Herato10 Herato1001 275001.0 275000.0 0.0188834622214 0.0101826851894 0.0170428182584 0.0373201964304
Herato10 Herato1001 325001.0 325000.0 0.0399673401353 0.0235107630244 0.0380129477129 0.0682260381518
Herato10 Herato1001 375001.0 375000.0 0.0138615328 0.01184596727 0.013761149846 0.01640621835
Herato10 Herato1001 425001.0 425000.0 0.0788348930752 0.0192001288463 0.053682828306 0.219339515858
Herato10 Herato1001 475001.0 475000.0 0.0166415829624 0.0125132487161 0.0161087631378 0.0236989448394
Herato10 Herato1001 525001.0 525000.0 0.0244478265973 0.0138089914668 0.0235378030277 0.0382689337447
Herato10 Herato1001 575001.0 575000.0 0.0272862938614 0.0191522707924 0.0265346796226 0.0401482704738
Herato10 Herato1001 625001.0 625000.0 0.014443372354 0.0085256383276 0.0120696154972 0.0282740960314
Herato10 Herato1001 675001.0 675000.0 0.0205551758206 0.0147257781039 0.0209702436853 0.0264615634866
Herato10 Herato1001 725001.0 725000.0 0.0287124690616 0.0160107576852 0.0261295955085 0.0544852606298
Herato10 Herato1001 775001.0 775000.0 0.007859023678 0.0070703111454 0.00790639689 0.008593038346
Herato10 Herato1001 825001.0 825000.0 0.0129592602972 0.0105977990779 0.0127674157726 0.0169465120012
Herato10 Herato1001 875001.0 875000.0 0.0183878661185 0.00983289570227 0.0155805859407 0.0379457949482
Herato10 Herato1001 925001.0 925000.0 0.0247423007248 0.0196600105546 0.024476707306 0.0313904268858
Herato10 Herato1001 975001.0 975000.0 0.0163206519776 0.0132814948922 0.0160411008516 0.0209044992074
Herato10 Herato1001 1025001.0 1025000.0 0.11880970091 0.0821679374913 0.11704864096 0.167458114771
Herato10 Herato1001 1075001.0 1075000.0 0.0071260016384 0.00620097237644 0.0070995128328 0.0081405809616
Herato10 Herato1001 1125001.0 1125000.0 0.0377908506288 0.0192751266825 0.0348730344305 0.0804146435768
Herato10 Herato1001 1175001.0 1175000.0 0.031646316321 0.0189767687734 0.0300217279578 0.051450614508
Herato10 Herato1001 1225001.0 1225000.0 0.021896247621 0.0133617380034 0.0196443841812 0.0519688312886
Herato10 Herato1001 1275001.0 1275000.0 0.0181357615132 0.0155728013092 0.0180899163096 0.0202672229314
Herato10 Herato1001 1325001.0 1325000.0 0.0274638720927 0.0216455923146 0.0269271515448 0.0350364302502
Herato10 Herato1001 1375001.0 1375000.0 0.0210265934244 0.014833535673 0.0193596433104 0.0303211472396
Herato10 Herato1001 1425001.0 1425000.0 0.0675213400047 0.0260635507589 0.0601544091541 0.153536895594
Herato10 Herato1001 1475001.0 1475000.0 0.084140857141 0.0305482763607 0.073167185812 0.19659267504
Herato10 Herato1001 1525001.0 1525000.0 0.0351133704735 0.0131746389854 0.0329572176915 0.0741556143602
Herato10 Herato1001 1575001.0 1575000.0 0.0329851105268 0.0265442602284 0.0322277593552 0.0423154359472
Herato10 Herato1001 1625001.0 1625000.0 0.01908729411 0.0178202717382 0.0191426749924 0.0203238236272
Herato10 Herato1001 1675001.0 1675000.0 0.0398124067954 0.0173218629845 0.0266902076915 0.104601407627
Herato10 Herato1001 1725001.0 1725000.0 0.022134296262 0.0188961941235 0.0223648712648 0.0274439912294
Herato10 Herato1001 1775001.0 1775000.0 0.028612017796 0.0172009179118 0.027752217896 0.050623374868
Herato10 Herato1001 1825001.0 1825000.0 0.0200379950364 0.0173023207022 0.0199164993676 0.0233739837968
Herato10 Herato1001 1875001.0 1875000.0 0.021571287852 0.019270498664 0.021655880816 0.023467980818
Herato10 Herato1001 1925001.0 1925000.0 0.0258731077126 0.020618925362 0.0256944807518 0.032578643154
Herato10 Herato1001 1975001.0 1975000.0 0.0222951022794 0.0158526324825 0.0209170177486 0.0422404016004
Herato10 Herato1001 2025001.0 2025000.0 0.0229846842248 0.0186298566118 0.0229286803119 0.0282623605946
Herato10 Herato1001 2075001.0 2075000.0 0.0234366422738 0.0189808990405 0.0232495744668 0.0286939304584
Herato10 Herato1001 2125001.0 2125000.0 0.034128020466 0.0273013900549 0.0341579559365 0.041665216398
Herato10 Herato1001 2175001.0 2175000.0 0.01725843743 0.015979664844 0.017271837398 0.01863040655
Herato10 Herato1001 2225001.0 2225000.0 0.0777160441565 0.0155448905797 0.0712645455665 0.192245868977
Herato10 Herato1001 2275001.0 2275000.0 0.0582590987479 0.0295903661536 0.0496803958933 0.140672030867
Herato10 Herato1001 2325001.0 2325000.0 0.0365192263389 0.0242373530483 0.0352514976637 0.0558676961314
Herato10 Herato1001 2375001.0 2375000.0 0.0333100173862 0.0200506927092 0.0312865620934 0.0568648272326
Herato10 Herato1001 2425001.0 2425000.0 0.0218060317261 0.0125753793101 0.0208172719684 0.0412498061809
Herato10 Herato1001 2475001.0 2475000.0 0.0298224292043 0.0184504729431 0.0293393292137 0.0471310478672
Herato10 Herato1001 2525001.0 2525000.0 0.0349199475388 0.0261090018506 0.0343625820862 0.04597312966
Herato10 Herato1001 2575001.0 2575000.0 0.0143472306762 0.0128519376392 0.0141219661656 0.0167320914576
Herato10 Herato1001 2625001.0 2625000.0 0.0341212834468 0.0287474869569 0.0346400666599 0.0383810470392
Herato10 Herato1001 2675001.0 2675000.0 0.0397586596518 0.0316200749102 0.0391093282752 0.0514296529742
Herato10 Herato1001 2725001.0 2725000.0 0.0363051795047 0.020112541684 0.0320888054538 0.0748609155152
Herato10 Herato1001 2775001.0 2775000.0 0.0168365969284 0.012467013888 0.0159322489584 0.0259311345628
Herato10 Herato1001 2825001.0 2825000.0 0.0125664542 0.0098479951824 0.013009685436 0.01407302888
Herato10 Herato1001 2875001.0 2875000.0 0.0629292343345 0.00866967828136 0.063795847248 0.115491224546
Herato10 Herato1001 2925001.0 2925000.0 0.11723843223 0.0459952630787 0.105394716871 0.257350682583
Herato10 Herato1001 2975001.0 2975000.0 0.0564348401334 0.0249461579829 0.0502223936112 0.12344204339
Herato10 Herato1001 3025001.0 3025000.0 0.036798766176 0.0280904626583 0.0361924621087 0.0484298992224
Herato10 Herato1001 3075001.0 3075000.0 0.0378340701748 0.0302424126464 0.0371732724316 0.04938101718
Herato10 Herato1001 3125001.0 3125000.0 0.024532544878 0.021538321994 0.02450118216 0.027881106526
Herato10 Herato1001 3175001.0 3175000.0 0.0586640105768 0.0445187753244 0.0566646845346 0.0813778148268
Herato10 Herato1001 3225001.0 3225000.0 0.0170371516668 0.0157574653422 0.0169873925598 0.0182778318722
Herato10 Herato1001 3275001.0 3275000.0 0.029858863996 0.0272832718948 0.029776609618 0.033036565216
Herato10 Herato1001 3325001.0 3325000.0 0.03214354182 0.02635221256 0.03148526024 0.04079657484
Herato10 Herato1001 3375001.0 3375000.0 0.0311916642988 0.0181459347683 0.0278556963763 0.0582219790652
Herato10 Herato1001 3425001.0 3425000.0 0.0465041616096 0.0395839067478 0.0464951308406 0.0544608204352
Herato10 Herato1001 3475001.0 3475000.0 0.0510809640194 0.0326037115526 0.0498440660367 0.0755954980347
Herato10 Herato1001 3525001.0 3525000.0 0.023553842526 0.0221466204174 0.023548351536 0.02527340846
Herato10 Herato1001 3575001.0 3575000.0 0.037204327852 0.032955551632 0.037083885352 0.042315342434
Herato10 Herato1001 3625001.0 3625000.0 0.029272536612 0.0266328675 0.029052925882 0.032816717238
Herato10 Herato1001 3675001.0 3675000.0 0.0417645399244 0.0259139253515 0.0391742448554 0.0709647517796
Herato10 Herato1001 3725001.0 3725000.0 0.0509860494384 0.0189456985922 0.0493066280733 0.097403620092
Herato10 Herato1001 3775001.0 3775000.0 0.0342923031508 0.0176987976743 0.0341590864544 0.0535303298162
Herato10 Herato1001 3825001.0 3825000.0 0.02149245252 0.02042976012 0.0216147624 0.0226624167
Herato10 Herato1001 3875001.0 3875000.0 0.0667884743488 0.0410016137068 0.0631054429271 0.115562403834
Herato10 Herato1001 3925001.0 3925000.0 0.0282010725002 0.025665062885 0.0281989281626 0.031090567212
Herato10 Herato1001 3975001.0 3975000.0 0.031038143972 0.0268620270489 0.0312450969112 0.0353027535312
Herato10 Herato1001 4025001.0 4025000.0 0.0290736595996 0.016392787713 0.0275531153452 0.0583351803568
Herato10 Herato1001 4075001.0 4075000.0 0.0482285373309 0.0369776706731 0.0472991007854 0.0648851211578
Herato10 Herato1001 4125001.0 4125000.0 0.0270315064609 0.0241159420159 0.0269517217309 0.0312291490153
Herato10 Herato1001 4175001.0 4175000.0 0.0293735763412 0.0258439425998 0.029561461794 0.0331392670368
Herato10 Herato1001 4225001.0 4225000.0 0.055859766119 0.0284874457393 0.0527198983032 0.09731414065
Herato10 Herato1001 4275001.0 4275000.0 0.053749993503 0.0364259816377 0.0527972809676 0.0767440852152
Herato10 Herato1001 4325001.0 4325000.0 0.0222695982684 0.0195082660214 0.0222702594664 0.0251774043132
Herato10 Herato1001 4375001.0 4375000.0 0.0189624973584 0.0156200025728 0.0187289452334 0.0237921786104
Herato10 Herato1001 4425001.0 4425000.0 0.0271292212874 0.0166749894383 0.0263058005686 0.0452466346856
Herato10 Herato1001 4475001.0 4475000.0 0.03994694282 0.03711585884 0.04003556688 0.04283198668
Herato10 Herato1001 4525001.0 4525000.0 0.0507557533578 0.0301329003034 0.042502537492 0.1223109255
Herato10 Herato1001 4575001.0 4575000.0 0.0335561251456 0.0293485005119 0.0336136735816 0.038499406329
Herato10 Herato1001 4625001.0 4625000.0 0.017813109304 0.01549973091 0.017859938712 0.020649707762
Herato10 Herato1001 4675001.0 4675000.0 0.05066548746 0.04546838204 0.0505774114 0.0563655663
Herato10 Herato1001 4725001.0 4725000.0 0.0461778133423 0.037672882048 0.0454670055986 0.05940575696
Herato10 Herato1001 4775001.0 4775000.0 0.0346722943998 0.0212091452957 0.0336644357861 0.0540562720006
Herato10 Herato1001 4825001.0 4825000.0 0.013112822248 0.012405167322 0.013076689842 0.013751033396
Herato10 Herato1001 4875001.0 4875000.0 0.0113721157938 0.010358055984 0.0113518738166 0.0121885865752
Herato10 Herato1001 4925001.0 4925000.0 0.0263314825882 0.0213127443432 0.0264371834874 0.031795223932
Herato10 Herato1001 4975001.0 4975000.0 0.0222519548827 0.0197006346214 0.0221864741798 0.0249263826272
Herato10 Herato1001 5025001.0 5025000.0 0.021798987122 0.019963945128 0.021872883112 0.023882642392
Herato10 Herato1001 5075001.0 5075000.0 0.0394236576276 0.0280979834984 0.0382138213676 0.058455230426
Herato10 Herato1001 5125001.0 5125000.0 0.0449999644045 0.0227417633137 0.041470733013 0.0794984440743
Herato10 Herato1001 5175001.0 5175000.0 0.01985181134 0.0178144047 0.01972701642 0.02245420226
Herato10 Herato1001 5225001.0 5225000.0 0.0376122955573 0.0323987353511 0.0374471603719 0.0432763357512
Herato10 Herato1001 5275001.0 5275000.0 0.0298553052946 0.0267212527964 0.029908805194 0.0334302571758
Herato10 Herato1001 5325001.0 5325000.0 0.0630951685668 0.0381216227457 0.0611820612184 0.102480412256
Herato10 Herato1001 5375001.0 5375000.0 0.0240596931 0.021932900544 0.02378655312 0.02718721652
Herato10 Herato1001 5425001.0 5425000.0 0.019705606222 0.017413261266 0.019701695794 0.02210835399
Herato10 Herato1001 5475001.0 5475000.0 0.0459175795337 0.0245346309911 0.0383989636963 0.105044944515
Herato10 Herato1001 5525001.0 5525000.0 0.057558582439 0.0331130434682 0.0546995291841 0.0987754480474
Herato10 Herato1001 5575001.0 5575000.0 0.118072902206 0.0517449872228 0.114107692729 0.209752399242
Herato10 Herato1001 5625001.0 5625000.0 0.0328267678062 0.022647371077 0.031965916065 0.0496048214878
Herato10 Herato1001 5675001.0 5675000.0 0.0429498274414 0.0266939921293 0.0404451493378 0.0739170202976
Herato10 Herato1001 5725001.0 5725000.0 0.0308504141195 0.0202965943874 0.030176752161 0.0441556401978
Herato10 Herato1001 5775001.0 5775000.0 0.0496716357235 0.0244197316663 0.0455603578884 0.0921783703672
Herato10 Herato1001 5825001.0 5825000.0 0.033980512582 0.027908620578 0.03320183761 0.04213009033
Herato10 Herato1001 5875001.0 5875000.0 0.0149226399862 0.0138060076882 0.0148628175042 0.016023216802
Herato10 Herato1001 5925001.0 5925000.0 0.0185305832984 0.0166128135338 0.0184718267196 0.020620431253
Herato10 Herato1001 5975001.0 5975000.0 0.032177921389 0.0237874094497 0.0319644496503 0.0434010328521
Herato10 Herato1001 6025001.0 6025000.0 0.0215993216883 0.014208735559 0.0207899485949 0.0337934402404
Herato10 Herato1001 6075001.0 6075000.0 0.0590405009994 0.0261343719543 0.0532027693533 0.124760091242
Herato10 Herato1001 6109677.5 6125000.0 0.0144639640366 0.0108746340102 0.0123595237948 0.0206848600217
Herato10 Herato1002 6144355.0 25000.0 0.015075292072 0.0111217308763 0.0153490338736 0.019887621837
Herato10 Herato1002 6194355.0 75000.0 0.0310599161715 0.0215039114292 0.0298686240406 0.04838758707
Herato10 Herato1002 6244355.0 125000.0 0.0243390386791 0.0185916023278 0.0241151621047 0.031559145188
Herato10 Herato1002 6279028.5 175000.0 0.0385025364656 0.0268198923347 0.0371324004807 0.0580740599318
Herato10 Herato1003 6313703.0 25000.0 0.190083901858 0.0685165413098 0.172991253935 0.40897251214
Herato10 Herato1003 6363703.0 75000.0 0.0205234291316 0.0179187809025 0.0204861861179 0.0235035419439
Herato10 Herato1003 6413703.0 125000.0 0.019869036074 0.01812863148 0.019904799632 0.021839096626
Herato10 Herato1003 6463703.0 175000.0 0.055969430316 0.0448659141522 0.0556174352946 0.071118590636
Herato10 Herato1003 6513703.0 225000.0 0.0270320239 0.02452801746 0.0268056105 0.03056511572
Herato10 Herato1003 6563703.0 275000.0 0.047865015848 0.026902386448 0.042862326174 0.09345746575
Herato10 Herato1003 6613703.0 325000.0 0.0544580833142 0.0309643615186 0.0527994665378 0.0908952438759
Herato10 Herato1003 6663703.0 375000.0 0.078508793049 0.0426327156276 0.0703268212457 0.139013588877
Herato10 Herato1003 6713703.0 425000.0 0.02304553427 0.021102858056 0.02308759395 0.024548428236
Herato10 Herato1003 6763703.0 475000.0 0.0398098352696 0.0332460877206 0.0399043297916 0.0492249734232
Herato10 Herato1003 6813703.0 525000.0 0.084592810112 0.0524570104313 0.0783967332354 0.143642041174
Herato10 Herato1003 6863703.0 575000.0 0.0394233112014 0.0352441615657 0.0392539679974 0.0440708596718
Herato10 Herato1003 6913703.0 625000.0 0.018274820562 0.0156160758872 0.017662801431 0.0212675843074
Herato10 Herato1003 6963703.0 675000.0 0.028780289907 0.0254720690023 0.0285220593398 0.0335213876078
Herato10 Herato1003 7013703.0 725000.0 0.0438658646086 0.0307379203083 0.0417050806653 0.0825815396608
Herato10 Herato1003 7063703.0 775000.0 0.0491490042588 0.0312496327001 0.0452924575727 0.0897905104446
Herato10 Herato1003 7113703.0 825000.0 0.0356151052938 0.0196504009446 0.03101753056 0.0753867504742
Herato10 Herato1003 7163703.0 875000.0 0.0678825973292 0.0132964540311 0.051163054945 0.234274525195
Herato10 Herato1003 7213703.0 925000.0 0.0325719862473 0.0117814255961 0.0268348195783 0.101364632356
Herato10 Herato1003 7263703.0 975000.0 0.0268928642421 0.0191903295296 0.0258091907118 0.0395246890835
Herato10 Herato1003 7313703.0 1025000.0 0.00820958937324 0.00488281725424 0.00638738183202 0.020002553047
Herato10 Herato1003 7363703.0 1075000.0 0.152952278053 0.0527747694646 0.135599026517 0.356839032486
Herato10 Herato1003 7413703.0 1125000.0 0.0718373678218 0.0348422480004 0.0664914673416 0.140211564306
Herato10 Herato1003 7463703.0 1175000.0 0.0324100749278 0.0204142649063 0.0289249053834 0.0636962418718
Herato10 Herato1003 7513703.0 1225000.0 0.0500775334629 0.0227072114755 0.045682860482 0.103924190909
Herato10 Herato1003 7563703.0 1275000.0 0.0179184912808 0.015439970785 0.0177812646121 0.0209685770876
Herato10 Herato1003 7613703.0 1325000.0 0.0356705155837 0.0287466830421 0.0351707050145 0.0461721813432
Herato10 Herato1003 7663703.0 1375000.0 0.036784774534 0.0300461911831 0.0363176239694 0.044877399992
Herato10 Herato1003 7713703.0 1425000.0 0.0298237355126 0.0130082186924 0.0293605226057 0.0547400958139
Herato10 Herato1003 7763703.0 1475000.0 0.0315866452924 0.0252680023821 0.0317799773762 0.0378864165024
Herato10 Herato1003 7813703.0 1525000.0 0.0467877249138 0.0286116194637 0.0441407115808 0.0885199068874
Herato10 Herato1003 7863703.0 1575000.0 0.0348975889837 0.0266018497213 0.0341025391159 0.0476761045718
Herato10 Herato1003 7913703.0 1625000.0 0.0282466439482 0.0225280662705 0.0279730559547 0.0348916100873
Herato10 Herato1003 7963703.0 1675000.0 0.0344418979522 0.0235290442741 0.0322908052763 0.0608026216612
Herato10 Herato1003 8013703.0 1725000.0 0.0262940991312 0.0227277277454 0.0261733106666 0.03047366401
Herato10 Herato1003 8063703.0 1775000.0 0.0301066346905 0.0157399953913 0.0268983228521 0.0636692393396
Herato10 Herato1003 8113703.0 1825000.0 0.03769311948 0.0337094155 0.03725157142 0.04461415602
Herato10 Herato1003 8163703.0 1875000.0 0.0488171326427 0.0209489225858 0.0437850568138 0.102597300105
Herato10 Herato1003 8213703.0 1925000.0 0.0246983522751 0.0212780868407 0.0247801376105 0.0300410087896
Herato10 Herato1003 8263703.0 1975000.0 0.038861140102 0.033113356535 0.039024195065 0.044885525826
Herato10 Herato1003 8313703.0 2025000.0 0.0489772837464 0.0393714531264 0.0482829519706 0.062170521316
Herato10 Herato1003 8363703.0 2075000.0 0.0287814193398 0.0209473167042 0.0278548130216 0.0411981784914
Herato10 Herato1003 8413703.0 2125000.0 0.0413539144633 0.025155889191 0.0396355568495 0.0686959086882
Herato10 Herato1003 8463703.0 2175000.0 0.125447115259 0.0498665839168 0.103721649382 0.302815315694
Herato10 Herato1003 8513703.0 2225000.0 0.032050783582 0.0243482784269 0.0313608021232 0.044018227772
Herato10 Herato1003 8563703.0 2275000.0 0.0463907314074 0.0269202507782 0.0436911428596 0.0793181104733
Herato10 Herato1003 8613703.0 2325000.0 0.018215990982 0.0145325187064 0.0177299314434 0.0241974511743
Herato10 Herato1003 8663703.0 2375000.0 0.023377021314 0.0206335432797 0.0231679768976 0.02745057133
Herato10 Herato1003 8713703.0 2425000.0 0.0518936763902 0.0307784452318 0.0493421886394 0.0861719758872
Herato10 Herato1003 8763703.0 2475000.0 0.0349327920058 0.0201588093098 0.0337351561488 0.059140151155
Herato10 Herato1003 8813703.0 2525000.0 0.0250209321022 0.0182866924237 0.0246517825643 0.0329513210746
Herato10 Herato1003 8863703.0 2575000.0 0.0781144048162 0.0380342345914 0.0727259006173 0.154634553076
Herato10 Herato1003 8913703.0 2625000.0 0.0399697547946 0.0294250418971 0.0387555818389 0.055609393953
Herato10 Herato1003 8963703.0 2675000.0 0.0561079948218 0.0421488269274 0.0547581778998 0.077947014308
Herato10 Herato1003 9013703.0 2725000.0 0.0681417506056 0.0298269379975 0.0605367841204 0.149671396352
Herato10 Herato1003 9063703.0 2775000.0 0.0469797414663 0.0357378708222 0.0451308441964 0.0682562744984
Herato10 Herato1003 9113703.0 2825000.0 0.0202726997795 0.0165227697159 0.0200625722085 0.0252718047887
Herato10 Herato1003 9163703.0 2875000.0 0.034958903915 0.0268221184949 0.0337508732866 0.0525967447322
Herato10 Herato1003 9213703.0 2925000.0 0.0351042120164 0.0315500387584 0.0349961856418 0.0392225929108
Herato10 Herato1003 9263703.0 2975000.0 0.0605946549554 0.0347416680069 0.057141758344 0.104260005883
Herato10 Herato1003 9313703.0 3025000.0 0.045276942991 0.0372167851956 0.0447375056762 0.056723809652
Herato10 Herato1003 9363703.0 3075000.0 0.052060645902 0.0307028740999 0.049327554235 0.0937971635772
Herato10 Herato1003 9413703.0 3125000.0 0.0886984045476 0.0348707022888 0.0792751398377 0.194434277509
Herato10 Herato1003 9463703.0 3175000.0 0.025335538349 0.0185807380969 0.0230059344832 0.0395700365504
Herato10 Herato1003 9513703.0 3225000.0 0.072416063108 0.033802511954 0.069911194556 0.13996918164
Herato10 Herato1003 9563703.0 3275000.0 0.02639067296 0.02348131008 0.02616008052 0.029937749
Herato10 Herato1003 9613703.0 3325000.0 0.0348762970335 0.0269116752427 0.030514267798 0.0974000556688
Herato10 Herato1003 9663703.0 3375000.0 0.0417032056534 0.0337256759513 0.0413567711504 0.051431949026
Herato10 Herato1003 9713703.0 3425000.0 0.027632004064 0.022537133196 0.027227098804 0.033578272008
Herato10 Herato1003 9763703.0 3475000.0 0.0294387463944 0.0252492098428 0.0291841390316 0.0342539155284
Herato10 Herato1003 9813703.0 3525000.0 0.0218617879152 0.017023264308 0.0212132691663 0.0318457716144
Herato10 Herato1003 9863703.0 3575000.0 0.0197685135932 0.0180061257296 0.0196551138987 0.0220411126724
Herato10 Herato1003 9913703.0 3625000.0 0.0232146720226 0.0197393951653 0.023088146086 0.0271812639841
Herato10 Herato1003 9963703.0 3675000.0 0.0327660733128 0.0286900387402 0.0326215235578 0.0373485832868
Herato10 Herato1003 10013703.0 3725000.0 0.063476029932 0.0432102505329 0.0612351091991 0.0965094865878
Herato10 Herato1003 10063703.0 3775000.0 0.0179437425252 0.0159243058893 0.01780682009 0.0200196492034
Herato10 Herato1003 10113703.0 3825000.0 0.01923360576 0.01731464472 0.019212444092 0.0210709071
Herato10 Herato1003 10163703.0 3875000.0 0.0280976888314 0.0246418903801 0.02841507485 0.031466231192
Herato10 Herato1003 10213703.0 3925000.0 0.0230474911444 0.0177742262901 0.021614551451 0.039216740516
Herato10 Herato1003 10263703.0 3975000.0 0.0459191932702 0.0396326981198 0.0456409508843 0.0552756203546
Herato10 Herato1003 10313703.0 4025000.0 0.04600009192 0.04172143188 0.0457392955 0.05195844078
Herato10 Herato1003 10363703.0 4075000.0 0.0589652057498 0.0323399736406 0.0570050623092 0.0904422182084
Herato10 Herato1003 10413703.0 4125000.0 0.0312111010724 0.0235806549668 0.0301144853068 0.0457727059148
Herato10 Herato1003 10463703.0 4175000.0 0.02655045051 0.0231622065638 0.0266103262363 0.0300181765972
Herato10 Herato1003 10513703.0 4225000.0 0.0192310473676 0.017734049417 0.0191531649412 0.0212212421458
Herato10 Herato1003 10563703.0 4275000.0 0.0210404857902 0.0160464144096 0.0208147319318 0.027899406866
Herato10 Herato1003 10613703.0 4325000.0 0.0188797737264 0.016296278478 0.0188106458142 0.0216133692012
Herato10 Herato1003 10663703.0 4375000.0 0.0367474509148 0.0282268194801 0.0363320198652 0.05346302785
Herato10 Herato1003 10713703.0 4425000.0 0.0343279531186 0.0189976351333 0.0311110019748 0.0781459883438
Herato10 Herato1003 10763703.0 4475000.0 0.0418502326787 0.0384269066542 0.0417600627265 0.0455423870014
Herato10 Herato1003 10813703.0 4525000.0 0.0688722942735 0.033596976999 0.0618758656778 0.136579157658
Herato10 Herato1003 10863703.0 4575000.0 0.0380926764614 0.0286735989101 0.0377832023544 0.0512188060424
Herato10 Herato1003 10913703.0 4625000.0 0.046223065313 0.0318839386068 0.0459135071837 0.0664918248324
Herato10 Herato1003 10963703.0 4675000.0 0.02782517576 0.021937533774 0.0276743076 0.03556167974
Herato10 Herato1003 11013703.0 4725000.0 0.0213192240854 0.0178302350854 0.021423219257 0.0244196161138
Herato10 Herato1003 11063703.0 4775000.0 0.0334414633306 0.0280325089323 0.0332444339581 0.0411000976974
Herato10 Herato1003 11113703.0 4825000.0 0.0252455041116 0.0164961591473 0.0227512242738 0.0340052037302
Herato10 Herato1003 11163703.0 4875000.0 0.018579748804 0.016917035456 0.018573431838 0.020198235378
Herato10 Herato1003 11213703.0 4925000.0 0.0222206122082 0.0186379210894 0.0214071462662 0.028257425475
Herato10 Herato1003 11263703.0 4975000.0 0.02007205659 0.0153358658586 0.020682134482 0.02423167984
Herato10 Herato1003 11313703.0 5025000.0 0.0174901080018 0.0154120407427 0.0174273304818 0.0201105154388
Herato10 Herato1003 11363703.0 5075000.0 0.0573161684332 0.0291631258124 0.0541164826873 0.10503608446
Herato10 Herato1003 11413703.0 5125000.0 0.027036190929 0.017231427915 0.0258436399525 0.0457126624616
Herato10 Herato1003 11463703.0 5175000.0 0.0290692801124 0.0185679156307 0.0275662473747 0.0450961351228
Herato10 Herato1003 11513703.0 5225000.0 0.011129835221 0.00889260764322 0.0111306413168 0.0133230628752
Herato10 Herato1003 11563703.0 5275000.0 0.023449358106 0.0181408720047 0.0227708544274 0.0358427422579
Herato10 Herato1003 11613703.0 5325000.0 0.0164994641628 0.0137058087056 0.016336380921 0.0202822080886
Herato10 Herato1003 11663703.0 5375000.0 0.020832490592 0.0185782470953 0.0207406199382 0.0235181572501
Herato10 Herato1003 11713703.0 5425000.0 0.0300850311797 0.0257648379705 0.0300568040294 0.034988313727
Herato10 Herato1003 11763703.0 5475000.0 0.024533025398 0.0132206482711 0.0230682105983 0.0469318296101
Herato10 Herato1003 11813703.0 5525000.0 0.0223561052896 0.00601615020846 0.0210215235587 0.0485951432467
Herato10 Herato1003 11863703.0 5575000.0 0.0411590064763 0.0218128741735 0.0393692522058 0.0734211649008
Herato10 Herato1003 11913703.0 5625000.0 0.0344915989442 0.0115404112442 0.0310943870012 0.0753312516342
Herato10 Herato1003 11963703.0 5675000.0 0.0433377507545 0.0255282409813 0.0420236627929 0.0697104385461
Herato10 Herato1003 12013703.0 5725000.0 0.0273957577722 0.0203874920006 0.0266425155803 0.0428261777782
Herato10 Herato1003 12063703.0 5775000.0 0.0653898536577 0.0313161827109 0.0538707864351 0.149243752663
Herato10 Herato1003 12113703.0 5825000.0 0.019456899832 0.0163478912449 0.0194170031368 0.022936331311
Herato10 Herato1003 12163703.0 5875000.0 0.0247871822379 0.0172728873533 0.023929152748 0.0350907937312
Herato10 Herato1003 12213703.0 5925000.0 0.0182564339908 0.0151866608805 0.0180760257098 0.0223579197562
Herato10 Herato1003 12263703.0 5975000.0 0.0534509485695 0.0203677440237 0.0477144619967 0.119823642786
Herato10 Herato1003 12313703.0 6025000.0 0.0327663031449 0.0309130838247 0.0326838342196 0.0353200220528
Herato10 Herato1003 12363703.0 6075000.0 0.0370497242 0.03251733483 0.037345643912 0.042599890206
Herato10 Herato1003 12413703.0 6125000.0 0.051855838271 0.0336554637162 0.0454584333412 0.075925169732
Herato10 Herato1003 12463703.0 6175000.0 0.0244233859183 0.0209290874158 0.0243428232685 0.0284446490171
Herato10 Herato1003 12513703.0 6225000.0 0.03225366213 0.026209799554 0.031006354002 0.039269216432
Herato10 Herato1003 12563703.0 6275000.0 0.0269200482651 0.0201610757916 0.0250728442398 0.0428325038488
Herato10 Herato1003 12613703.0 6325000.0 0.028341356554 0.0249047186969 0.0281445663832 0.0323957135298
Herato10 Herato1003 12663703.0 6375000.0 0.0301441327852 0.0258607355505 0.0298796274764 0.0359801741098
Herato10 Herato1003 12713703.0 6425000.0 0.0176133503039 0.0142510244978 0.0174798816344 0.0214995213533
Herato10 Herato1003 12763703.0 6475000.0 0.0324292481332 0.0161164842136 0.0294788128092 0.0656506230302
Herato10 Herato1003 12813703.0 6525000.0 0.02881561674 0.02699486346 0.02840235366 0.03112050672
Herato10 Herato1003 12863703.0 6575000.0 0.062738816072 0.032381810996 0.05819590159 0.1152251902
Herato10 Herato1003 12913703.0 6625000.0 0.0168803865924 0.0141623338322 0.0167966387644 0.0198499080302
Herato10 Herato1003 12963703.0 6675000.0 0.0296055658011 0.0188997752127 0.027541178514 0.0584911357424
Herato10 Herato1003 13013703.0 6725000.0 0.0224164477552 0.00657787701481 0.0181942729516 0.060163800349
Herato10 Herato1003 13063703.0 6775000.0 0.072246804156 0.0389549077431 0.0647957911085 0.14013347868
Herato10 Herato1003 13113703.0 6825000.0 0.0208329627709 0.0177915928009 0.0205674811126 0.0254119855568
Herato10 Herato1003 13163703.0 6875000.0 0.0201020168339 0.0164357136933 0.0198489170847 0.0251194310807
Herato10 Herato1003 13213703.0 6925000.0 0.021945854712 0.0147754318824 0.0214215955679 0.033676151443
Herato10 Herato1003 13263703.0 6975000.0 0.0963939021111 0.0325371503105 0.0930908845202 0.205331326992
Herato10 Herato1003 13313703.0 7025000.0 0.0399894240975 0.0164540236328 0.0372818954919 0.0812591642682
Herato10 Herato1003 13363703.0 7075000.0 0.0442850155972 0.019078399325 0.0387467055088 0.102707386909
Herato10 Herato1003 13413703.0 7125000.0 0.0270094733018 0.018144953118 0.0257402229054 0.042747848151
Herato10 Herato1003 13463703.0 7175000.0 0.0254762529785 0.0216235033293 0.0252540131525 0.030632640387
Herato10 Herato1003 13513703.0 7225000.0 0.0767106106857 0.0367398665438 0.0662080886351 0.175714095624
Herato10 Herato1003 13563703.0 7275000.0 0.01682421496 0.01547263092 0.01677911858 0.01858865142
Herato10 Herato1003 13601912.5 7325000.0 0.0155218230001 0.0143032426427 0.0154494600537 0.017242353387
Herato10 Herato1004 13626627.0 25000.0 0.0115826726921 0.00879682592802 0.0111619278162 0.0164948852846
Herato10 Herato1005 13663132.0 25000.0 0.045330584324 0.02315334272 0.039215215158 0.101370672598
Herato10 Herato1005 13713132.0 75000.0 0.0155844503868 0.0132786881315 0.0154579461898 0.0180192186976
Herato10 Herato1005 13763132.0 125000.0 0.0244136951596 0.0126376929086 0.0224994126628 0.0505581624026
Herato10 Herato1005 13813132.0 175000.0 0.020944352028 0.0174317327118 0.0209378179974 0.0244316038088
Herato10 Herato1005 13863132.0 225000.0 0.0124062680514 0.0105576873464 0.0122786912145 0.0141587425528
Herato10 Herato1005 13913132.0 275000.0 0.0189382342156 0.0109376228138 0.0186248525481 0.0320277572624
Herato10 Herato1005 13963132.0 325000.0 0.0090656774125 0.00772183991594 0.00898471714698 0.0106824230667
Herato10 Herato1005 14013132.0 375000.0 0.0253661504548 0.0223685709784 0.0252829058096 0.028618571976
Herato10 Herato1005 14063132.0 425000.0 0.0203106742954 0.0184179143328 0.020125185544 0.0226259726719
Herato10 Herato1005 14113132.0 475000.0 0.0466883706989 0.0276988894532 0.0438804196574 0.084545687076
Herato10 Herato1005 14163132.0 525000.0 0.02437476998 0.022289517132 0.024138540434 0.026487729764
Herato10 Herato1005 14213132.0 575000.0 0.00965317989742 0.00897689118636 0.0096458818528 0.0104337902628
Herato10 Herato1005 14263132.0 625000.0 0.0375460381402 0.029858585705 0.0359778289864 0.0535892149044
Herato10 Herato1005 14313132.0 675000.0 0.0560498749927 0.0249601901188 0.0523860800353 0.11152021897
Herato10 Herato1005 14363132.0 725000.0 0.0924026963032 0.0344548430783 0.0857439094518 0.188717322737
Herato10 Herato1005 14413132.0 775000.0 0.0276655508352 0.0186941267879 0.0268436186366 0.0410556513872
Herato10 Herato1005 14463132.0 825000.0 0.040804033396 0.0251178896827 0.0393472474476 0.063387469322
Herato10 Herato1005 14513132.0 875000.0 0.042181659674 0.024384784184 0.040465534759 0.075665911022
Herato10 Herato1005 14563132.0 925000.0 0.0911565384498 0.011830713527 0.0836865151026 0.271342302017
Herato10 Herato1005 14613132.0 975000.0 0.0144360923296 0.0114239315271 0.0143564220484 0.017832448993
Herato10 Herato1005 14663132.0 1025000.0 0.0440498938916 0.0201888097725 0.0392083924295 0.101340525732
Herato10 Herato1005 14713132.0 1075000.0 0.0305745958 0.0278042798 0.03046181678 0.03419943998
Herato10 Herato1005 14763132.0 1125000.0 0.0240960444528 0.0195327766476 0.0239977382403 0.0296121977018
Herato10 Herato1005 14813132.0 1175000.0 0.029462516788 0.026463629836 0.02946718291 0.032337915446
Herato10 Herato1005 14863132.0 1225000.0 0.030846578762 0.028853820122 0.030793708986 0.032987703976
Herato10 Herato1005 14913132.0 1275000.0 0.036839117154 0.02471464525 0.03607310518 0.053842591772
Herato10 Herato1005 14963132.0 1325000.0 0.0171558343298 0.0156818306436 0.0170022480849 0.019129304311
Herato10 Herato1005 15013132.0 1375000.0 0.026995150143 0.0235706376336 0.0268641091534 0.0311540611476
Herato10 Herato1005 15063132.0 1425000.0 0.0211946331016 0.0167745011091 0.0210204559252 0.0270783315649
Herato10 Herato1005 15113132.0 1475000.0 0.0464127837978 0.0236120187198 0.043153280002 0.0856723440472
Herato10 Herato1005 15163132.0 1525000.0 0.02837815045 0.0244383899918 0.028234786468 0.033118441148
Herato10 Herato1005 15213132.0 1575000.0 0.037803188436 0.03180232002 0.037633739928 0.044631591798
Herato10 Herato1005 15263132.0 1625000.0 0.076442448502 0.0367949700705 0.0647532517899 0.165498504281
Herato10 Herato1005 15313132.0 1675000.0 0.024673100885 0.0206071687914 0.024416502837 0.0318849200606
Herato10 Herato1005 15363132.0 1725000.0 0.0555044843966 0.0246122150715 0.049634800984 0.116889829076
Herato10 Herato1005 15413132.0 1775000.0 0.025463521332 0.021321202684 0.02535015201 0.029479344076
Herato10 Herato1005 15463132.0 1825000.0 0.0331737008858 0.029726852162 0.0329818834856 0.03739832727
Herato10 Herato1005 15513132.0 1875000.0 0.0487650463454 0.0197046105644 0.0465222863728 0.0957448931574
Herato10 Herato1005 15563132.0 1925000.0 0.0170744218 0.01633607608 0.01701885308 0.01776975316
Herato10 Herato1005 15613132.0 1975000.0 0.0212050190475 0.0166409689693 0.02085965608 0.0293823615128
Herato10 Herato1005 15663132.0 2025000.0 0.0199911795517 0.0174001346608 0.0200883627009 0.0224172212316
Herato10 Herato1005 15713132.0 2075000.0 0.0169185485117 0.0153123166961 0.0168681061334 0.0185681525938
Herato10 Herato1005 15763132.0 2125000.0 0.0204385429993 0.0167108047863 0.0202123821448 0.0248189454108
Herato10 Herato1005 15813132.0 2175000.0 0.0174206351872 0.0155634375454 0.017431801167 0.0193035708512
Herato10 Herato1005 15863132.0 2225000.0 0.0223371781352 0.0182759970946 0.0218986602476 0.0285390616714
Herato10 Herato1005 15913132.0 2275000.0 0.0330719961036 0.0280866488822 0.032990480854 0.0388420686018
Herato10 Herato1005 15963132.0 2325000.0 0.0140258158334 0.0120374283073 0.0138424709113 0.0168428912383
Herato10 Herato1005 16013132.0 2375000.0 0.0173528831651 0.0141061196617 0.0170358406034 0.0228152522528
Herato10 Herato1005 16063132.0 2425000.0 0.0457077706385 0.0225741088063 0.043447549407 0.079582215819
Herato10 Herato1005 16113132.0 2475000.0 0.0274230947452 0.0166714940566 0.024216011686 0.0554327946216
Herato10 Herato1005 16163132.0 2525000.0 0.0319952510047 0.020655569512 0.0303849896404 0.0536223623594
Herato10 Herato1005 16213132.0 2575000.0 0.0149100177384 0.0114759563696 0.0151422363134 0.017859507966
Herato10 Herato1005 16263132.0 2625000.0 0.011437941424 0.0099894946714 0.01145601073 0.012868640686
Herato10 Herato1005 16313132.0 2675000.0 0.0334876856388 0.0177988920594 0.0325468305984 0.0545061919113
Herato10 Herato1005 16363132.0 2725000.0 0.0027097334494 0.000710154038894 0.00211687669904 0.0100249194307
Herato10 Herato1005 16413132.0 2775000.0 0.0329653380125 0.0139777235664 0.0307938424868 0.0660168022915
Herato10 Herato1005 16463132.0 2825000.0 0.031426753909 0.0156385385089 0.0280705291973 0.0713604395286
Herato10 Herato1005 16513132.0 2875000.0 0.0510063385042 0.0277046622174 0.0479457417182 0.0962206415332
Herato10 Herato1005 16563132.0 2925000.0 0.039033858212 0.033286817154 0.0387240497342 0.046156817446
Herato10 Herato1005 16613132.0 2975000.0 0.0416045455812 0.0255360052825 0.0396297245442 0.0695942784506
Herato10 Herato1005 16663132.0 3025000.0 0.033722802912 0.0222622563976 0.03068949448 0.0626350128853
Herato10 Herato1005 16713132.0 3075000.0 0.0574009981419 0.0261105093873 0.0519496261545 0.116905507025
Herato10 Herato1005 16763132.0 3125000.0 0.0569669979139 0.0304805775249 0.0526696793622 0.114010153867
Herato10 Herato1005 16813132.0 3175000.0 0.0280946604412 0.0165936968472 0.0266948661685 0.0495573099321
Herato10 Herato1005 16863132.0 3225000.0 0.03640716527 0.0295300724264 0.0353717992444 0.046648747604
Herato10 Herato1005 16913132.0 3275000.0 0.0267654787316 0.0173386563483 0.0243011524652 0.0486835695412
Herato10 Herato1005 16963132.0 3325000.0 0.024495019128 0.023636026958 0.024431033998 0.025675459198
Herato10 Herato1005 17013132.0 3375000.0 0.0417224755422 0.028958306007 0.0404767459692 0.0629384462238
Herato10 Herato1005 17063132.0 3425000.0 0.0421518638882 0.025186068768 0.039525866694 0.0752104985952
Herato10 Herato1005 17113132.0 3475000.0 0.020730894506 0.01948580413 0.020712356212 0.02189880168
Herato10 Herato1005 17163132.0 3525000.0 0.032059314 0.0311533116 0.0320862546 0.0332227488
Herato10 Herato1005 17213132.0 3575000.0 0.04247378056 0.035849763652 0.04232069736 0.0522840909
Herato10 Herato1005 17263132.0 3625000.0 0.02102309365 0.016249765946 0.020008655842 0.028361764634
Herato10 Herato1005 17313132.0 3675000.0 0.0723440363946 0.0434244710754 0.071259982887 0.112626032131
Herato10 Herato1005 17363132.0 3725000.0 0.052943338773 0.0252482311133 0.0520318226274 0.0946295826258
Herato10 Herato1005 17413132.0 3775000.0 0.0358099459504 0.0318104399012 0.0356595590274 0.040163177362
Herato10 Herato1005 17463132.0 3825000.0 0.032627593926 0.029577631622 0.032770559282 0.035884322804
Herato10 Herato1005 17513132.0 3875000.0 0.0111684530066 0.0099335025348 0.011211393498 0.0123098484764
Herato10 Herato1005 17563132.0 3925000.0 0.034650919033 0.024983663846 0.0326990406114 0.0545838502176
Herato10 Herato1005 17613132.0 3975000.0 0.0389579328314 0.0309419272175 0.0387057464769 0.0494027182234
Herato10 Herato1005 17663132.0 4025000.0 0.0179696064245 0.0151616311141 0.0177540011107 0.0215125441715
Herato10 Herato1005 17713132.0 4075000.0 0.02287501134 0.0215084075 0.02287010542 0.02389625198
Herato10 Herato1005 17763132.0 4125000.0 0.0591587283564 0.0375707954414 0.055658460551 0.100284966479
Herato10 Herato1005 17813132.0 4175000.0 0.03562899801 0.021188501858 0.033446989884 0.062822647338
Herato10 Herato1005 17863132.0 4225000.0 0.029910631764 0.013341791043 0.029525415536 0.065300853338
Herato10 Herato1005 17913132.0 4275000.0 0.0761085873068 0.0345240238913 0.0654743801162 0.161171348988
Herato10 Herato1005 17963132.0 4325000.0 0.0136371822915 0.0119671381261 0.013544417932 0.0156985975198
Herato10 Herato1005 18013132.0 4375000.0 0.0185400760822 0.0105921308379 0.016336095409 0.0393469099876
Herato10 Herato1005 18063132.0 4425000.0 0.0249031164924 0.0163693526841 0.0244277516179 0.0375880571192
Herato10 Herato1005 18113132.0 4475000.0 0.0371802169898 0.0231591495117 0.0351364696914 0.0608203700729
Herato10 Herato1005 18163132.0 4525000.0 0.0296172999548 0.021116775517 0.0285591644427 0.0464901879006
Herato10 Herato1005 18213132.0 4575000.0 0.0233548009425 0.0207011266696 0.0232063102473 0.0262918047466
Herato10 Herato1005 18250721.0 4625000.0 0.0195245656962 0.0178712081182 0.0194219617271 0.0216745333005
Herato10 Herato1006 18270047.5 25000.0 0.0507134830906 0.0354421974663 0.0487991368641 0.0774170392118
Herato10 Herato1007 18301785.0 25000.0 0.0557281519004 0.0396397620016 0.055172855568 0.0767967312524
Herato10 Herato1007 18351785.0 75000.0 0.0402923613418 0.0328271988081 0.0402253457055 0.0499345689068
Herato10 Herato1007 18401785.0 125000.0 0.0277857545602 0.0251565811514 0.0277729811054 0.0305788028236
Herato10 Herato1007 18451785.0 175000.0 0.02048759024 0.01957260854 0.02062258754 0.02159756804
Herato10 Herato1007 18501785.0 225000.0 0.037018880768 0.033646574146 0.037055558858 0.040576547548
Herato10 Herato1007 18551785.0 275000.0 0.015688387094 0.014906395276 0.015729366044 0.016499180458
Herato10 Herato1007 18601785.0 325000.0 0.03485104255 0.032044933754 0.034636490326 0.037793072336
Herato10 Herato1007 18651785.0 375000.0 0.0364506791656 0.032062972591 0.0362465641963 0.0411342008044
Herato10 Herato1007 18701785.0 425000.0 0.089065189424 0.040573992098 0.080236575652 0.186278911304
Herato10 Herato1007 18751785.0 475000.0 0.061091067741 0.0377795030756 0.0578810274853 0.0979179721096
Herato10 Herato1007 18801785.0 525000.0 0.02783667923 0.024645854838 0.027773564296 0.030709446832
Herato10 Herato1007 18851785.0 575000.0 0.0357438675 0.03337228906 0.03581055674 0.03704227136
Herato10 Herato1007 18901785.0 625000.0 0.0247639036858 0.0225639874507 0.0247645992432 0.0265653755856
Herato10 Herato1007 18951785.0 675000.0 0.0275737470891 0.0224753449885 0.0275599318377 0.0343993317662
Herato10 Herato1007 19001785.0 725000.0 0.019797800192 0.016970674276 0.0197760363492 0.0229672265364
Herato10 Herato1007 19051785.0 775000.0 0.0351108026616 0.0238581024994 0.0340806879346 0.0541940406424
Herato10 Herato1007 19101785.0 825000.0 0.0212954420252 0.0163953388818 0.0208168999571 0.0299586306016
Herato10 Herato1007 19151785.0 875000.0 0.0746603544755 0.0431840057237 0.0707418397227 0.12694887009
Herato10 Herato1007 19201785.0 925000.0 0.053430350996 0.034400138138 0.050041222292 0.08899811415
Herato10 Herato1007 19251785.0 975000.0 0.0390017973519 0.0340479183226 0.0389806751978 0.0441827259544
Herato10 Herato1007 19301785.0 1025000.0 0.050483308724 0.029691910034 0.048299525322 0.080426647448
Herato10 Herato1007 19351785.0 1075000.0 0.026337412272 0.023656715474 0.026407572578 0.028635083922
Herato10 Herato1007 19401785.0 1125000.0 0.02675928354 0.02545161534 0.0268421358 0.0271765395
Herato10 Herato1007 19451785.0 1175000.0 0.0396386271341 0.0341581942868 0.03929486426 0.046690054765
Herato10 Herato1007 19501785.0 1225000.0 0.0521375776396 0.0323660736903 0.0498586108602 0.0876761252094
Herato10 Herato1007 19551785.0 1275000.0 0.0253821377454 0.0201552425471 0.02511681944 0.03106844398
Herato10 Herato1007 19601785.0 1325000.0 0.0221550175584 0.0151387519132 0.0218612432408 0.0320263065682
Herato10 Herato1007 19651785.0 1375000.0 0.0206484860828 0.0177306036426 0.0205630103818 0.023956518968
Herato10 Herato1007 19701785.0 1425000.0 0.0474931442594 0.0271300532796 0.0443334486866 0.089096518991
Herato10 Herato1007 19751785.0 1475000.0 0.0273023196644 0.0223193381678 0.0269814273572 0.035026990422
Herato10 Herato1007 19801785.0 1525000.0 0.0341516231966 0.0249488511862 0.0320323346774 0.053975232634
Herato10 Herato1007 19851785.0 1575000.0 0.0246749598214 0.021548936975 0.0245037017178 0.028526450614
Herato10 Herato1007 19901785.0 1625000.0 0.0325330327628 0.0291110392062 0.0320979853426 0.0385799897494
Herato10 Herato1007 19951785.0 1675000.0 0.0525563512243 0.0478652299231 0.0522194733429 0.0584970134826
Herato10 Herato1007 20001785.0 1725000.0 0.043387725559 0.0337165919683 0.0428043778736 0.05654767739
Herato10 Herato1007 20051785.0 1775000.0 0.0297598191794 0.0269735636784 0.0296222139333 0.0328801627766
Herato10 Herato1007 20101785.0 1825000.0 0.0251859600916 0.0184197269989 0.0249212898945 0.0339143497632
Herato10 Herato1007 20151785.0 1875000.0 0.024877608134 0.02171509265 0.025422082864 0.027794587294
Herato10 Herato1007 20201785.0 1925000.0 0.029329590792 0.027617804083 0.029607422654 0.031416046398
Herato10 Herato1007 20251785.0 1975000.0 0.0394416088209 0.0334829537363 0.0390837843013 0.046825616268
Herato10 Herato1007 20301785.0 2025000.0 0.0243899661585 0.0218926575837 0.0241748567954 0.027621845444
Herato10 Herato1007 20351785.0 2075000.0 0.0375895571226 0.0224072423103 0.0377728633528 0.055379183094
Herato10 Herato1007 20401785.0 2125000.0 0.03679970028 0.0247622870402 0.0351170987828 0.0619932037132
Herato10 Herato1007 20451785.0 2175000.0 0.0303630159474 0.026194174309 0.0304275923574 0.034389768932
Herato10 Herato1007 20501785.0 2225000.0 0.029052650417 0.0242651552138 0.0274921520782 0.0357741054802
Herato10 Herato1007 20551785.0 2275000.0 0.0289006751068 0.0272968896534 0.028843002472 0.0310817882476
Herato10 Herato1007 20601785.0 2325000.0 0.0259674384329 0.0223683705129 0.0260425107827 0.0299236433948
Herato10 Herato1007 20651785.0 2375000.0 0.03015974773 0.028411234056 0.030177029264 0.032067654532
Herato10 Herato1007 20701785.0 2425000.0 0.030016339834 0.025864730636 0.02953774111 0.036818872022
Herato10 Herato1007 20751785.0 2475000.0 0.042604896015 0.0347983504714 0.042115131877 0.053472703762
Herato10 Herato1007 20801785.0 2525000.0 0.0299084637572 0.0271677305694 0.0300066352099 0.032910968063
Herato10 Herato1007 20851785.0 2575000.0 0.033166598562 0.025572028588 0.032612940176 0.04608001774
Herato10 Herato1007 20901785.0 2625000.0 0.0345118191357 0.021942035608 0.0329662284294 0.0556182561042
Herato10 Herato1007 20951785.0 2675000.0 0.010122104408 0.009233899554 0.010097924276 0.011083977992
Herato10 Herato1007 21001785.0 2725000.0 0.019966153868 0.0172102195914 0.0199342129576 0.0232625708848
Herato10 Herato1007 21051785.0 2775000.0 0.00972711074338 0.00787390913943 0.00974163134298 0.0115626417068
Herato10 Herato1007 21101785.0 2825000.0 0.029984450712 0.012014064584 0.026754068702 0.06984830226
Herato10 Herato1007 21151785.0 2875000.0 0.038511460041 0.0125804427963 0.0370326814908 0.0899485779991
Herato10 Herato1007 21201785.0 2925000.0 0.0649956764954 0.0298187043572 0.0573773402296 0.143778772348
Herato10 Herato1007 21251785.0 2975000.0 0.0201921304872 0.0160622426253 0.0204466101233 0.025749489566
Herato10 Herato1007 21301785.0 3025000.0 0.02898098532 0.02689131564 0.02909181744 0.03035186028
Herato10 Herato1007 21351785.0 3075000.0 0.013180005164 0.01213339546 0.01314430318 0.014340968666
Herato10 Herato1007 21401785.0 3125000.0 0.018356668468 0.016964066802 0.018309064106 0.019840165114
Herato10 Herato1007 21451785.0 3175000.0 0.0314701496336 0.0246788773329 0.03111202789 0.0403390096556
Herato10 Herato1007 21501785.0 3225000.0 0.0351417053611 0.0217159187309 0.0335882824343 0.0599992703206
Herato10 Herato1007 21551785.0 3275000.0 0.034621411534 0.0302632958651 0.03457784058 0.039402774632
Herato10 Herato1007 21601785.0 3325000.0 0.0357022104322 0.0250723478556 0.0351253737362 0.0497834364128
Herato10 Herato1007 21651785.0 3375000.0 0.0272954154692 0.023555391032 0.0270179072454 0.0319443880954
Herato10 Herato1007 21701785.0 3425000.0 0.039840993544 0.033661994779 0.039480232172 0.048293052804
Herato10 Herato1007 21751785.0 3475000.0 0.0258210598994 0.0224108238556 0.0256730007326 0.0296707633976
Herato10 Herato1007 21801785.0 3525000.0 0.0247768785564 0.0167547971823 0.0242435259259 0.0360815239374
Herato10 Herato1007 21851785.0 3575000.0 0.0364507435334 0.0213582437647 0.034876559273 0.0625812374768
Herato10 Herato1007 21901785.0 3625000.0 0.0244488913655 0.0175502359331 0.0239938594025 0.0342861074496
Herato10 Herato1007 21951785.0 3675000.0 0.0471827063686 0.0298591221341 0.0443699963527 0.0841475622108
Herato10 Herato1007 22001785.0 3725000.0 0.0234198337 0.0194131735542 0.0231719685626 0.028446959956
Herato10 Herato1007 22051785.0 3775000.0 0.0447823033007 0.0262146559133 0.0435993695242 0.06798761727
Herato10 Herato1007 22101785.0 3825000.0 0.0728063157604 0.041170423802 0.0695946488414 0.127883483519
Herato10 Herato1007 22151785.0 3875000.0 0.0172753759522 0.0153941446068 0.0170993994209 0.0206199963652
Herato10 Herato1007 22201785.0 3925000.0 0.0118968957891 0.00810883805858 0.0108496987 0.0204901709893
Herato10 Herato1007 22251785.0 3975000.0 0.0425809650749 0.0155030508662 0.0402297537663 0.0879432708773
Herato10 Herato1007 22301785.0 4025000.0 0.0189590025077 0.0137523427805 0.0187134788217 0.0259091219694
Herato10 Herato1007 22351785.0 4075000.0 0.0411761647609 0.0229324615668 0.038381244463 0.0745353062533
Herato10 Herato1007 22401785.0 4125000.0 0.0620163196244 0.0281351536962 0.0545925472514 0.139777442127
Herato10 Herato1007 22451785.0 4175000.0 0.0280055451866 0.017927270472 0.0251922440748 0.0488441104928
Herato10 Herato1007 22501785.0 4225000.0 0.029364046062 0.0243240449319 0.0292065500013 0.0356751734086
Herato10 Herato1007 22551785.0 4275000.0 0.0372077120397 0.0183201602369 0.0333605033512 0.0945661459637
Herato10 Herato1007 22601785.0 4325000.0 0.0741991791354 0.035561963044 0.0706907950058 0.137943714736
Herato10 Herato1007 22651785.0 4375000.0 0.0207565007348 0.00632159359221 0.0200146558611 0.0384447828308
Herato10 Herato1007 22701785.0 4425000.0 0.0316209849738 0.0230991072938 0.0309297932337 0.0437918990977
Herato10 Herato1007 22751785.0 4475000.0 0.00874507851204 0.00776672389586 0.00872762734072 0.00981640361166
Herato10 Herato1007 22801785.0 4525000.0 0.00959193397788 0.00850001902003 0.00961290072712 0.0108085659128
Herato10 Herato1007 22851785.0 4575000.0 0.0216937142074 0.00839768075631 0.0201210820028 0.0442582605258
Herato10 Herato1007 22901785.0 4625000.0 0.020087142115 0.0158043445696 0.0201715375808 0.0256088262732
Herato10 Herato1007 22951785.0 4675000.0 0.031837995687 0.0211437176132 0.0309346173742 0.0491631328462
Herato10 Herato1007 23001785.0 4725000.0 0.0192441093005 0.0142530551237 0.0184286395225 0.0272981242736
Herato10 Herato1007 23051785.0 4775000.0 0.0146412906467 0.00799872258907 0.0149288965401 0.0212820208672
Herato10 Herato1007 23101785.0 4825000.0 0.0360960656071 0.0220902292325 0.0356337614472 0.0551392102534
Herato10 Herato1007 23151785.0 4875000.0 0.0621459573172 0.0142688780281 0.0441534814256 0.172641219038
Herato10 Herato1007 23201785.0 4925000.0 0.024596395291 0.0194936366938 0.024274137457 0.0313677809578
Herato10 Herato1007 23251785.0 4975000.0 0.0485141429951 0.0258420284791 0.0476338555011 0.0792488390876
Herato10 Herato1007 23301785.0 5025000.0 0.0770203975458 0.0274477385722 0.0702243325022 0.168301608102
Herato10 Herato1007 23351785.0 5075000.0 0.109454088141 0.0480656931275 0.0994536408752 0.224718020224
Herato10 Herato1007 23401785.0 5125000.0 0.0106656976002 0.0047937406622 0.009280693152 0.0224937516412
Herato10 Herato1007 23451785.0 5175000.0 0.007243324928 0.006150517776 0.007226764278 0.008487323142
Herato10 Herato1007 23501785.0 5225000.0 0.027700110382 0.0054032058432 0.027930994654 0.056910390952
Herato10 Herato1007 23551785.0 5275000.0 0.001604197718 0.0012830317258 0.001551886511 0.0021052000382
Herato10 Herato1007 23601785.0 5325000.0 0.00786316258277 0.00536247586554 0.00719358918023 0.0161874325517
Herato10 Herato1007 23651785.0 5375000.0 0.010063057552 0.00812247066024 0.00995073543627 0.0125822749991
Herato10 Herato1007 23701785.0 5425000.0 0.0122581575709 0.00727481873877 0.0117306819885 0.0197085535744
Herato10 Herato1007 23751785.0 5475000.0 0.013021583602 0.0116386241986 0.0129664772404 0.014982137417
Herato10 Herato1007 23801785.0 5525000.0 0.01833693696 0.01697243904 0.01836985248 0.01996675392
Herato10 Herato1007 23851785.0 5575000.0 0.008411943943 0.007579354784 0.0083458457866 0.009501653884
