chrom scaffold Cposition position mean p0025 p0500 p0975
Herato05 Herato0501 25001.0 25000.0 0.0823547354711 0.0684291973715 0.081403204412 0.101565876124
Herato05 Herato0501 75001.0 75000.0 0.0863845501867 0.0761569430295 0.086032147519 0.0984205736519
Herato05 Herato0501 125001.0 125000.0 0.094802349276 0.084576103516 0.09373488362 0.108076128658
Herato05 Herato0501 175001.0 175000.0 0.106922604798 0.0932986583438 0.105171340618 0.129240708195
Herato05 Herato0501 225001.0 225000.0 0.116310586862 0.10956903731 0.116164866092 0.123462934504
Herato05 Herato0501 275001.0 275000.0 0.165032207835 0.153517269435 0.165844488906 0.172660058824
Herato05 Herato0501 325001.0 325000.0 0.210482645896 0.182184050522 0.209413309461 0.243389796178
Herato05 Herato0501 375001.0 375000.0 0.158056283909 0.146188572509 0.157789234946 0.171441772165
Herato05 Herato0501 425001.0 425000.0 0.16491258962 0.151288105034 0.165164637686 0.17969362674
Herato05 Herato0501 475001.0 475000.0 0.183077220435 0.176081592375 0.182713025003 0.192695809514
Herato05 Herato0501 525001.0 525000.0 0.144143728546 0.13658280261 0.143911544092 0.15280029565
Herato05 Herato0501 575001.0 575000.0 0.116820197981 0.0998124108428 0.116189758515 0.138751067126
Herato05 Herato0501 625001.0 625000.0 0.150144887012 0.140551116153 0.149964045565 0.158043421554
Herato05 Herato0501 675001.0 675000.0 0.18163677456 0.16143159038 0.18162916574 0.20641593484
Herato05 Herato0501 725001.0 725000.0 0.072239970204 0.063582344694 0.071808665342 0.083562569004
Herato05 Herato0501 775001.0 775000.0 0.0985758354248 0.0877767917622 0.0988794346784 0.110873801605
Herato05 Herato0501 825001.0 825000.0 0.170231670914 0.143514499032 0.170247764767 0.194316198404
Herato05 Herato0501 875001.0 875000.0 0.17047496324 0.154819122308 0.170492817018 0.18868423002
Herato05 Herato0501 925001.0 925000.0 0.21429468363 0.189766748728 0.21339426006 0.239200782833
Herato05 Herato0501 975001.0 975000.0 0.171864018478 0.15624230841 0.17164164546 0.189742834806
Herato05 Herato0501 1025001.0 1025000.0 0.098255901266 0.0868121667145 0.097993876318 0.112305728123
Herato05 Herato0501 1075001.0 1075000.0 0.0783917602928 0.0685505842236 0.0780541824482 0.0890897243446
Herato05 Herato0501 1125001.0 1125000.0 0.0947899770528 0.0741918925383 0.0922360602288 0.128917773856
Herato05 Herato0501 1175001.0 1175000.0 0.0898745432952 0.07092136713 0.0893815707459 0.113996172279
Herato05 Herato0501 1225001.0 1225000.0 0.174357835676 0.165680302606 0.174613733117 0.185264230138
Herato05 Herato0501 1257436.5 1275000.0 0.232730700827 0.214530953937 0.232441758927 0.251424491762
Herato05 Herato0502 1289873.0 25000.0 0.24970672731 0.199672247574 0.227001549146 0.35759101668
Herato05 Herato0502 1339873.0 75000.0 0.419146750531 0.38908261402 0.417196358547 0.453782053932
Herato05 Herato0502 1389873.0 125000.0 0.23284326646 0.2108509386 0.23167672718 0.261578597
Herato05 Herato0502 1439873.0 175000.0 0.36772821204 0.335910524934 0.36604700992 0.45628809246
Herato05 Herato0502 1481817.5 225000.0 0.228430580404 0.194263554383 0.226825488123 0.274410172442
Herato05 Herato0503 1523763.0 25000.0 0.1963753295 0.181141220612 0.196612787346 0.21231868354
Herato05 Herato0503 1573763.0 75000.0 0.231048645337 0.208897927842 0.230745045596 0.254031336334
Herato05 Herato0503 1623763.0 125000.0 0.2154788564 0.2048526068 0.2146237572 0.2288755344
Herato05 Herato0503 1673763.0 175000.0 0.14406719952 0.13270781874 0.14398611854 0.15349890266
Herato05 Herato0503 1723763.0 225000.0 0.138639631342 0.120662104311 0.137929411467 0.161231173412
Herato05 Herato0503 1773763.0 275000.0 0.0727242441682 0.061994813549 0.0725090882278 0.0863082924508
Herato05 Herato0503 1823763.0 325000.0 0.126357280621 0.113910544136 0.126239406318 0.137883146842
Herato05 Herato0503 1873763.0 375000.0 0.153887109813 0.141694033313 0.152892061451 0.16791547769
Herato05 Herato0503 1923763.0 425000.0 0.138091277372 0.12788496321 0.138061178198 0.147990959278
Herato05 Herato0503 1973763.0 475000.0 0.108807336794 0.0980621565496 0.10904184653 0.119030953494
Herato05 Herato0503 2023763.0 525000.0 0.135100815 0.122148901804 0.134738857558 0.149402286691
Herato05 Herato0503 2073763.0 575000.0 0.100088228862 0.086638868189 0.099396046512 0.117900884194
Herato05 Herato0503 2123763.0 625000.0 0.127262232716 0.103573883526 0.124826503287 0.1557883198
Herato05 Herato0503 2173763.0 675000.0 0.125870818254 0.116622911666 0.126680928544 0.13553774483
Herato05 Herato0503 2223763.0 725000.0 0.135413690599 0.12900749828 0.134880537642 0.143442691968
Herato05 Herato0503 2273763.0 775000.0 0.146314704604 0.140360503468 0.145469339846 0.154588362088
Herato05 Herato0503 2323763.0 825000.0 0.177924615152 0.151693881263 0.176530955893 0.211926872007
Herato05 Herato0503 2373763.0 875000.0 0.137882125695 0.127400077833 0.136950475479 0.150617785145
Herato05 Herato0503 2423763.0 925000.0 0.12248387155 0.107449488348 0.121441240474 0.14398398136
Herato05 Herato0503 2473763.0 975000.0 0.138255224187 0.123596384033 0.138021216254 0.154827581134
Herato05 Herato0503 2523763.0 1025000.0 0.0770508046042 0.0703709729984 0.076478840854 0.084275320858
Herato05 Herato0503 2573763.0 1075000.0 0.085110898956 0.0784871167329 0.0844675158337 0.092685542478
Herato05 Herato0503 2623763.0 1125000.0 0.093209903378 0.085647708804 0.0901790026864 0.110872197688
Herato05 Herato0503 2673763.0 1175000.0 0.151998873041 0.137024826079 0.151548238122 0.168140948413
Herato05 Herato0503 2723763.0 1225000.0 0.124193117307 0.117870222065 0.123753883553 0.131867321152
Herato05 Herato0503 2773763.0 1275000.0 0.14191171521 0.123073568159 0.143184725203 0.157266115213
Herato05 Herato0503 2823763.0 1325000.0 0.113542091 0.108778445 0.112831387 0.119463411
Herato05 Herato0503 2873763.0 1375000.0 0.0475925262576 0.0387095588938 0.0474938497638 0.0578288753878
Herato05 Herato0503 2923763.0 1425000.0 0.135356049738 0.124932350773 0.135366777554 0.145616996077
Herato05 Herato0503 2973763.0 1475000.0 0.132201963027 0.121940993887 0.132180558781 0.143630447838
Herato05 Herato0503 3023763.0 1525000.0 0.112979984753 0.104970184384 0.112435557085 0.123386954279
Herato05 Herato0503 3073763.0 1575000.0 0.103888205976 0.0967543647392 0.1030798278 0.11379858786
Herato05 Herato0503 3123763.0 1625000.0 0.089739850156 0.07445366269 0.088846918188 0.110064338736
Herato05 Herato0503 3173763.0 1675000.0 0.113712355684 0.102991461408 0.112552781782 0.131399870625
Herato05 Herato0503 3223763.0 1725000.0 0.126920990758 0.115424711962 0.126884362554 0.139295215618
Herato05 Herato0503 3273763.0 1775000.0 0.138264922073 0.125517400077 0.137499542925 0.154550834475
Herato05 Herato0503 3323763.0 1825000.0 0.099130296438 0.0871413053146 0.0988627463626 0.113150064359
Herato05 Herato0503 3373763.0 1875000.0 0.207697329766 0.157396555396 0.20711233051 0.255557785864
Herato05 Herato0503 3423763.0 1925000.0 0.278479737916 0.231026398858 0.27400614028 0.348929448966
Herato05 Herato0503 3473763.0 1975000.0 0.28170902088 0.24902271468 0.28096694634 0.31711801446
Herato05 Herato0503 3523763.0 2025000.0 0.27869526474 0.25477031204 0.27672116576 0.31727861696
Herato05 Herato0503 3573763.0 2075000.0 0.152490042796 0.132565157605 0.151661874712 0.178533412412
Herato05 Herato0503 3623763.0 2125000.0 0.113795911167 0.102603037248 0.113855734078 0.124232852901
Herato05 Herato0503 3673763.0 2175000.0 0.130552947651 0.119047520042 0.131235726333 0.14266783951
Herato05 Herato0503 3723763.0 2225000.0 0.15535948157 0.141409493493 0.1550572725 0.172885260808
Herato05 Herato0503 3773763.0 2275000.0 0.121589447572 0.1095467199 0.121070201878 0.135260513868
Herato05 Herato0503 3823763.0 2325000.0 0.129666907494 0.113897676061 0.129908720617 0.144628969852
Herato05 Herato0503 3873763.0 2375000.0 0.117035697186 0.1064105646 0.116867814102 0.128932531842
Herato05 Herato0503 3923763.0 2425000.0 0.100739223959 0.0906394756937 0.100732646929 0.113083466342
Herato05 Herato0503 3973763.0 2475000.0 0.08687923267 0.076757051392 0.0868299252 0.09881950976
Herato05 Herato0503 4023763.0 2525000.0 0.16369903442 0.152528814902 0.16328477758 0.1765465406
Herato05 Herato0503 4073763.0 2575000.0 0.14910705797 0.141609627794 0.148956841894 0.1589130718
Herato05 Herato0503 4123763.0 2625000.0 0.148017865996 0.121249548966 0.148443297581 0.17624707538
Herato05 Herato0503 4173763.0 2675000.0 0.222888419435 0.197603929525 0.219882062592 0.252420869544
Herato05 Herato0503 4223763.0 2725000.0 0.17752261583 0.158233883972 0.176924604086 0.204827834632
Herato05 Herato0503 4273763.0 2775000.0 0.159244706 0.1531566626 0.1584165128 0.1676640684
Herato05 Herato0503 4323763.0 2825000.0 0.154739977516 0.141816186797 0.153795727856 0.170910598569
Herato05 Herato0503 4373763.0 2875000.0 0.116725168767 0.0941111178125 0.116046667841 0.14446798863
Herato05 Herato0503 4423763.0 2925000.0 0.119241381144 0.10312643258 0.119347301391 0.134983806769
Herato05 Herato0503 4473763.0 2975000.0 0.1242812619 0.11666800288 0.12373728738 0.13255561996
Herato05 Herato0503 4523763.0 3025000.0 0.11333767582 0.10573881718 0.11333999708 0.1211500895
Herato05 Herato0503 4573763.0 3075000.0 0.140666261599 0.127787851386 0.139943899498 0.157701412544
Herato05 Herato0503 4623763.0 3125000.0 0.124724009132 0.115615169002 0.125101108088 0.13389485926
Herato05 Herato0503 4673763.0 3175000.0 0.11813116442 0.1063995686 0.11816119554 0.13131366576
Herato05 Herato0503 4723763.0 3225000.0 0.13266924106 0.12393236268 0.13292411554 0.14324686112
Herato05 Herato0503 4773763.0 3275000.0 0.126157053984 0.116047091482 0.124934061266 0.146682287728
Herato05 Herato0503 4823763.0 3325000.0 0.183656810397 0.157600565569 0.18173523212 0.215819928536
Herato05 Herato0503 4873763.0 3375000.0 0.159141256584 0.144185636188 0.158474065594 0.177370723562
Herato05 Herato0503 4923763.0 3425000.0 0.12972631083 0.119854848469 0.129119541133 0.14269344928
Herato05 Herato0503 4973763.0 3475000.0 0.159143361263 0.141855995163 0.157745173204 0.179761288312
Herato05 Herato0503 5023763.0 3525000.0 0.182104713222 0.162747056995 0.181887229201 0.202723216527
Herato05 Herato0503 5073763.0 3575000.0 0.164257451856 0.141949775616 0.162653988416 0.191711590736
Herato05 Herato0503 5123763.0 3625000.0 0.11985754304 0.107614307441 0.119069735616 0.133787847438
Herato05 Herato0503 5173763.0 3675000.0 0.149865851888 0.14096215908 0.150316188048 0.158510331692
Herato05 Herato0503 5223763.0 3725000.0 0.208732171703 0.182462005219 0.208590493595 0.22964757869
Herato05 Herato0503 5273763.0 3775000.0 0.1719466996 0.1563337505 0.17210871762 0.18765498986
Herato05 Herato0503 5323763.0 3825000.0 0.183858298262 0.150324030379 0.183539973689 0.220525497083
Herato05 Herato0503 5373763.0 3875000.0 0.237237570413 0.212204055343 0.234468186594 0.273365485041
Herato05 Herato0503 5423763.0 3925000.0 0.202757874604 0.187717257326 0.20212740983 0.219202326904
Herato05 Herato0503 5473763.0 3975000.0 0.190628467628 0.172653439388 0.18985801707 0.217846895394
Herato05 Herato0503 5523763.0 4025000.0 0.15781719184 0.15020796656 0.15768586878 0.1641676848
Herato05 Herato0503 5573763.0 4075000.0 0.129655624344 0.120650599613 0.129051680097 0.139842924104
Herato05 Herato0503 5623763.0 4125000.0 0.179714903562 0.158819677909 0.179859982821 0.200311254382
Herato05 Herato0503 5673763.0 4175000.0 0.133420102224 0.118350000788 0.133247576836 0.151007874638
Herato05 Herato0503 5723763.0 4225000.0 0.1376747841 0.130436846852 0.136985637048 0.147419908002
Herato05 Herato0503 5773763.0 4275000.0 0.192607267898 0.176863919063 0.191923863303 0.210287639678
Herato05 Herato0503 5823763.0 4325000.0 0.139195816948 0.130715781546 0.139483646688 0.147903787444
Herato05 Herato0503 5873763.0 4375000.0 0.1343210331 0.117921664512 0.134059963794 0.15373125768
Herato05 Herato0503 5923763.0 4425000.0 0.133191308952 0.122623941457 0.133330415971 0.141944601092
Herato05 Herato0503 5973763.0 4475000.0 0.148046099611 0.128400881803 0.148132777946 0.170231318701
Herato05 Herato0503 6023763.0 4525000.0 0.184685897898 0.168741712914 0.184033369026 0.203733589862
Herato05 Herato0503 6073763.0 4575000.0 0.10585973758 0.09619249774 0.10568695276 0.11725989476
Herato05 Herato0503 6123763.0 4625000.0 0.0902609757636 0.079884841484 0.0897366032744 0.101967779619
Herato05 Herato0503 6173763.0 4675000.0 0.0835708679014 0.0698545558459 0.0834089192314 0.100900310554
Herato05 Herato0503 6223763.0 4725000.0 0.093857549592 0.076969764046 0.09375985453 0.112214570232
Herato05 Herato0503 6273763.0 4775000.0 0.0901021319344 0.0810503100989 0.0898992052216 0.0995552127534
Herato05 Herato0503 6323763.0 4825000.0 0.076872188066 0.0668246939095 0.0764867962382 0.089517654162
Herato05 Herato0503 6373763.0 4875000.0 0.198161091303 0.160235963034 0.196327888325 0.243453424273
Herato05 Herato0503 6423763.0 4925000.0 0.135865615855 0.103770947505 0.134543963482 0.182419329065
Herato05 Herato0503 6473763.0 4975000.0 0.0958798450076 0.08349914651 0.096194745027 0.111105379431
Herato05 Herato0503 6523763.0 5025000.0 0.133919779428 0.117007118825 0.133423667127 0.156240551306
Herato05 Herato0503 6573763.0 5075000.0 0.09961815468 0.0874527782878 0.09957023645 0.112559845292
Herato05 Herato0503 6623763.0 5125000.0 0.159988276302 0.148002949868 0.160256739776 0.172919819384
Herato05 Herato0503 6673763.0 5175000.0 0.0793959079374 0.0669200216833 0.0786634280402 0.093161401068
Herato05 Herato0503 6723763.0 5225000.0 0.085372320626 0.078806035668 0.08569422866 0.092952363852
Herato05 Herato0503 6773763.0 5275000.0 0.0922693232566 0.0861193385876 0.092314291604 0.101165438499
Herato05 Herato0503 6823763.0 5325000.0 0.146107027582 0.134904026438 0.14599721259 0.15702120438
Herato05 Herato0503 6873763.0 5375000.0 0.105726643198 0.0880841033354 0.104788034162 0.129334924506
Herato05 Herato0503 6923763.0 5425000.0 0.12352251814 0.11693488836 0.12280922534 0.13029332938
Herato05 Herato0503 6973763.0 5475000.0 0.085137000796 0.076925602274 0.083696142572 0.101953142612
Herato05 Herato0503 7023763.0 5525000.0 0.181421784088 0.149639473779 0.180304055307 0.222493986344
Herato05 Herato0503 7073763.0 5575000.0 0.14362977552 0.13334512486 0.14383067054 0.1548862363
Herato05 Herato0503 7123763.0 5625000.0 0.14668774 0.14111486488 0.14714751648 0.15090374764
Herato05 Herato0503 7173763.0 5675000.0 0.0910604100072 0.0848564475085 0.0908750057908 0.0983773389894
Herato05 Herato0503 7223763.0 5725000.0 0.0811875028556 0.0629132048625 0.0809789083114 0.103404508856
Herato05 Herato0503 7273763.0 5775000.0 0.093952505756 0.0852040479618 0.093480778772 0.104315101592
Herato05 Herato0503 7323763.0 5825000.0 0.0430034982945 0.0339368884223 0.0427771601187 0.0525631586285
Herato05 Herato0503 7373763.0 5875000.0 0.076962856894 0.069089840094 0.076570852436 0.086844924176
Herato05 Herato0503 7423763.0 5925000.0 0.0643697527266 0.0580116154022 0.0641605882656 0.0719305164036
Herato05 Herato0503 7473763.0 5975000.0 0.138489707284 0.123123426854 0.138027498092 0.159840663655
Herato05 Herato0503 7523763.0 6025000.0 0.140740984678 0.122347496203 0.140592819072 0.159407300986
Herato05 Herato0503 7573763.0 6075000.0 0.108339021143 0.0914769505562 0.105551000731 0.132303359822
Herato05 Herato0503 7623763.0 6125000.0 0.0465619283184 0.0406326584271 0.0467725649252 0.0517502045896
Herato05 Herato0503 7673763.0 6175000.0 0.0539549566648 0.0499282186339 0.0539504065502 0.0576759646254
Herato05 Herato0503 7723763.0 6225000.0 0.110137472015 0.0961905053831 0.110013510986 0.126360732441
Herato05 Herato0503 7773763.0 6275000.0 0.131197254826 0.115996104657 0.130990614947 0.149879231786
Herato05 Herato0503 7823763.0 6325000.0 0.231994876454 0.1899918634 0.230537517209 0.277162319959
Herato05 Herato0503 7873763.0 6375000.0 0.195745725571 0.168919043235 0.195307104992 0.22868308798
Herato05 Herato0503 7923763.0 6425000.0 0.209225399806 0.185116165335 0.20846591809 0.240333109478
Herato05 Herato0503 7973763.0 6475000.0 0.167794320377 0.152637814358 0.16741833151 0.186652942406
Herato05 Herato0503 8023763.0 6525000.0 0.23819830571 0.198027473544 0.236299822641 0.288518763155
Herato05 Herato0503 8073763.0 6575000.0 0.155839487512 0.128522726619 0.155471463712 0.187245400396
Herato05 Herato0503 8123763.0 6625000.0 0.153943599598 0.138219683964 0.153894049282 0.170789409202
Herato05 Herato0503 8173763.0 6675000.0 0.177688163749 0.157359992582 0.177090889359 0.204382252064
Herato05 Herato0503 8223763.0 6725000.0 0.12421535135 0.106617983096 0.123760430922 0.145788827688
Herato05 Herato0503 8273763.0 6775000.0 0.121100055042 0.109782307119 0.120721213855 0.133640271931
Herato05 Herato0503 8323763.0 6825000.0 0.19779100362 0.166017129256 0.195826925695 0.232473365836
Herato05 Herato0503 8373763.0 6875000.0 0.179928283784 0.156234096584 0.179195959094 0.200870228502
Herato05 Herato0503 8423763.0 6925000.0 0.115715494611 0.105343721688 0.115561435626 0.12604314737
Herato05 Herato0503 8473763.0 6975000.0 0.14472743296 0.116814324818 0.144644747032 0.17678266268
Herato05 Herato0503 8523763.0 7025000.0 0.148375087336 0.133073003804 0.14867660954 0.16154666605
Herato05 Herato0503 8573763.0 7075000.0 0.163199661623 0.149561761046 0.163018674355 0.176430472765
Herato05 Herato0503 8623763.0 7125000.0 0.161536570966 0.145507592227 0.161219345311 0.18108153161
Herato05 Herato0503 8673763.0 7175000.0 0.140141713504 0.126347836891 0.139205614539 0.155053639701
Herato05 Herato0503 8723763.0 7225000.0 0.187902463464 0.166394073376 0.187566157046 0.211911164396
Herato05 Herato0503 8773763.0 7275000.0 0.231605658234 0.195564181478 0.23114338653 0.275046680984
Herato05 Herato0503 8823763.0 7325000.0 0.0892113458134 0.071494478579 0.0864450336562 0.123907191703
Herato05 Herato0503 8873763.0 7375000.0 0.187570137527 0.165418769331 0.186633459192 0.216330885526
Herato05 Herato0503 8923763.0 7425000.0 0.09739056862 0.084276567286 0.096807950844 0.11749523574
Herato05 Herato0503 8973763.0 7475000.0 0.106228814513 0.0968280424704 0.10580180242 0.117405675111
Herato05 Herato0503 9023763.0 7525000.0 0.082816642066 0.075515853657 0.082697358842 0.091166139866
Herato05 Herato0503 9073763.0 7575000.0 0.0311782740539 0.025807445036 0.0310207627226 0.0375763727654
Herato05 Herato0503 9123763.0 7625000.0 0.0879386167368 0.065526780861 0.0832420393725 0.129109249437
Herato05 Herato0503 9173763.0 7675000.0 0.166427342948 0.152456403714 0.165961690798 0.18339451638
Herato05 Herato0503 9223763.0 7725000.0 0.156829331932 0.141402654414 0.15636867693 0.174528155376
Herato05 Herato0503 9273763.0 7775000.0 0.136057027269 0.117558176193 0.13565988909 0.157243223991
Herato05 Herato0503 9323763.0 7825000.0 0.125410236211 0.111645196369 0.124266905191 0.141063006732
Herato05 Herato0503 9373763.0 7875000.0 0.165018935796 0.149675297486 0.164442209388 0.18318018638
Herato05 Herato0503 9423763.0 7925000.0 0.14017921998 0.13336827502 0.14021695104 0.14863297628
Herato05 Herato0503 9473763.0 7975000.0 0.174584402511 0.154891873616 0.17395454872 0.199881502828
Herato05 Herato0503 9523763.0 8025000.0 0.19832195002 0.169610094533 0.19893742076 0.230798840748
Herato05 Herato0503 9573763.0 8075000.0 0.13174924498 0.120804835184 0.132343316964 0.14231836349
Herato05 Herato0503 9623763.0 8125000.0 0.166525511744 0.141967508022 0.165583245868 0.19423348712
Herato05 Herato0503 9673763.0 8175000.0 0.100326084167 0.088450362456 0.100009704749 0.112625706059
Herato05 Herato0503 9723763.0 8225000.0 0.0701791877346 0.0591284715201 0.0703114576711 0.0831070658504
Herato05 Herato0503 9773763.0 8275000.0 0.0749568661392 0.06059213829 0.0738852795032 0.0946510207684
Herato05 Herato0503 9823763.0 8325000.0 0.092746724426 0.084574949381 0.092600404066 0.101794630906
Herato05 Herato0503 9873763.0 8375000.0 0.122070167988 0.109878735391 0.121552435429 0.135921677285
Herato05 Herato0503 9923763.0 8425000.0 0.141241215404 0.122662548564 0.139787059739 0.163160343891
Herato05 Herato0503 9973763.0 8475000.0 0.146334069485 0.136768407007 0.146528077912 0.158315157942
Herato05 Herato0503 10023763.0 8525000.0 0.18375856473 0.165257891951 0.182757851912 0.203049923411
Herato05 Herato0503 10073763.0 8575000.0 0.225471878385 0.211494364096 0.225558907722 0.243351201384
Herato05 Herato0503 10123763.0 8625000.0 0.204972497771 0.184282294586 0.201390206734 0.234557945252
Herato05 Herato0503 10173763.0 8675000.0 0.206208535078 0.187796155678 0.20531439546 0.227043787256
Herato05 Herato0503 10223763.0 8725000.0 0.218816414828 0.206377517506 0.218269227646 0.234322464756
Herato05 Herato0503 10273763.0 8775000.0 0.1804596051 0.165447682209 0.180114753748 0.196077327412
Herato05 Herato0503 10323763.0 8825000.0 0.137294051885 0.118573086022 0.133293613743 0.164743719856
Herato05 Herato0503 10373763.0 8875000.0 0.14402192206 0.1343010144 0.14440295518 0.15206479652
Herato05 Herato0503 10423763.0 8925000.0 0.139555015832 0.129672831506 0.139433527534 0.1500431569
Herato05 Herato0503 10467462.5 8975000.0 0.226461535477 0.192699586048 0.224885176443 0.266353425229
Herato05 Herato0504 10505353.0 25000.0 0.197332614276 0.174765319495 0.195686512633 0.2210662016
Herato05 Herato0505 10549544.0 25000.0 0.207896303848 0.188542204194 0.2072254183 0.229073667796
Herato05 Herato0505 10577784.5 75000.0 0.369062960963 0.36298954328 0.36745386823 0.386883965437
Herato05 Herato0506 10598506.5 25000.0 0.247120148028 0.218447451586 0.244185587071 0.284204362913
Herato05 Herato0507 10640988.0 25000.0 0.180517635258 0.156001008761 0.17777338162 0.208754486686
Herato05 Herato0507 10690988.0 75000.0 0.194524649958 0.179008060446 0.193021873132 0.215382716816
Herato05 Herato0507 10740988.0 125000.0 0.280201118449 0.255658404279 0.279907636413 0.302779085052
Herato05 Herato0507 10790988.0 175000.0 0.144589223823 0.11984616331 0.143439589115 0.178988340736
Herato05 Herato0507 10831239.0 225000.0 0.292546370654 0.222047210777 0.296715192027 0.381792978343
Herato05 Herato0508 10871491.0 25000.0 0.2285267012 0.207374569284 0.2269023954 0.2532145926
Herato05 Herato0508 10921491.0 75000.0 0.22958567592 0.21255784832 0.22773471912 0.26431370316
Herato05 Herato0508 10971491.0 125000.0 0.24338262273 0.22032951222 0.242690642236 0.27608054494
Herato05 Herato0508 11021491.0 175000.0 0.135627518676 0.12289280673 0.134812315204 0.15228847735
Herato05 Herato0508 11071491.0 225000.0 0.145676922609 0.132821316632 0.145437935151 0.159179819134
Herato05 Herato0508 11121491.0 275000.0 0.148778843074 0.12813413505 0.148254557172 0.17105684078
Herato05 Herato0508 11171491.0 325000.0 0.1945732025 0.1719519332 0.19332801706 0.22431487544
Herato05 Herato0508 11221491.0 375000.0 0.125852954114 0.115584405898 0.125495423646 0.137211716328
Herato05 Herato0508 11271491.0 425000.0 0.159530152646 0.138765082618 0.159927981595 0.185662887356
Herato05 Herato0508 11321491.0 475000.0 0.075645587642 0.067521076412 0.075336264118 0.085190836676
Herato05 Herato0508 11371491.0 525000.0 0.175897038816 0.16341711506 0.174504196368 0.191027066472
Herato05 Herato0508 11421491.0 575000.0 0.138532161207 0.131456624432 0.139072828331 0.145786712117
Herato05 Herato0508 11471491.0 625000.0 0.114830052239 0.108452198877 0.114417039944 0.123028865226
Herato05 Herato0508 11521491.0 675000.0 0.2205198592 0.185611539102 0.220881828974 0.248888558762
Herato05 Herato0508 11571491.0 725000.0 0.108722146285 0.0984333193039 0.108843151522 0.118064409565
Herato05 Herato0508 11621491.0 775000.0 0.147519875684 0.133844776944 0.146423100131 0.164486437588
Herato05 Herato0508 11671491.0 825000.0 0.14773403833 0.123852071912 0.145304342966 0.17478764209
Herato05 Herato0508 11721491.0 875000.0 0.110358951198 0.08463835891 0.110941222625 0.128656710903
Herato05 Herato0508 11771491.0 925000.0 0.157795850464 0.145840141726 0.157627294622 0.171843787578
Herato05 Herato0508 11821491.0 975000.0 0.096586562639 0.0834884279173 0.0965996405412 0.106547057632
Herato05 Herato0508 11871491.0 1025000.0 0.0883688390256 0.0820886122226 0.0884029151864 0.0946319315724
Herato05 Herato0508 11921491.0 1075000.0 0.10476216756 0.09478515471 0.10464065949 0.114906176556
Herato05 Herato0508 11971491.0 1125000.0 0.096336924776 0.0858714981488 0.095757985008 0.109361248749
Herato05 Herato0508 12021491.0 1175000.0 0.162476729517 0.12618159287 0.160901139153 0.204669180741
Herato05 Herato0508 12071491.0 1225000.0 0.186202588347 0.168028221437 0.185786204358 0.205981201783
Herato05 Herato0508 12121491.0 1275000.0 0.22315754052 0.20695034628 0.2226554347 0.23789940582
Herato05 Herato0508 12171491.0 1325000.0 0.21380442622 0.19515694652 0.2130023468 0.23323841926
Herato05 Herato0508 12221491.0 1375000.0 0.20480744 0.1966390556 0.204950331 0.2128448654
Herato05 Herato0508 12271491.0 1425000.0 0.201571415908 0.188355156055 0.203075248413 0.21232123584
Herato05 Herato0508 12321491.0 1475000.0 0.210044832716 0.200074948557 0.21051334928 0.219123865784
Herato05 Herato0508 12371491.0 1525000.0 0.187496999905 0.172425794043 0.187666771295 0.202550971941
Herato05 Herato0508 12421491.0 1575000.0 0.130071432783 0.109632276868 0.129519746487 0.151506168181
Herato05 Herato0508 12471491.0 1625000.0 0.130573550996 0.120798907574 0.130290397352 0.142651471066
Herato05 Herato0508 12521491.0 1675000.0 0.1813813651 0.17074609744 0.18172068636 0.19157682878
Herato05 Herato0508 12571491.0 1725000.0 0.198536733836 0.181796258778 0.19794945553 0.21813960895
Herato05 Herato0508 12621491.0 1775000.0 0.212322583162 0.199852695452 0.212130494958 0.227298655278
Herato05 Herato0508 12671491.0 1825000.0 0.291991211263 0.270519738438 0.290569765352 0.318536937544
Herato05 Herato0508 12721491.0 1875000.0 0.15347272524 0.137648173924 0.152531560925 0.172197600105
Herato05 Herato0508 12771491.0 1925000.0 0.109025325957 0.0939632621264 0.109030481317 0.125955874586
Herato05 Herato0508 12821491.0 1975000.0 0.169466731526 0.151052910098 0.168659054666 0.190450488462
Herato05 Herato0508 12871491.0 2025000.0 0.149182723486 0.127196347218 0.151341435866 0.172846100356
Herato05 Herato0508 12921491.0 2075000.0 0.153774271916 0.13838658435 0.1523700947 0.179650620124
Herato05 Herato0508 12971491.0 2125000.0 0.118628573028 0.102624108138 0.118239674422 0.140489196632
Herato05 Herato0508 13021491.0 2175000.0 0.149963232789 0.133929062429 0.149375027871 0.168127858712
Herato05 Herato0508 13071491.0 2225000.0 0.151063106271 0.142460656875 0.149994992821 0.16143555944
Herato05 Herato0508 13121491.0 2275000.0 0.17136452922 0.151806290815 0.17163868808 0.1906418016
Herato05 Herato0508 13171491.0 2325000.0 0.13471075428 0.12011513024 0.13603358228 0.1493842504
Herato05 Herato0508 13221491.0 2375000.0 0.101807713888 0.092823116332 0.10216667804 0.11181529595
Herato05 Herato0508 13271491.0 2425000.0 0.095140001562 0.0888478080128 0.095977657328 0.099436524574
Herato05 Herato0508 13321491.0 2475000.0 0.107220619373 0.0942612716924 0.106886898753 0.122926701317
Herato05 Herato0508 13371491.0 2525000.0 0.123554982202 0.108972129347 0.123229210346 0.13984689328
Herato05 Herato0508 13421491.0 2575000.0 0.121621649954 0.11581751677 0.121305062857 0.130329989895
Herato05 Herato0508 13471491.0 2625000.0 0.183324176325 0.158909758705 0.183096844228 0.211525373799
Herato05 Herato0508 13506525.0 2675000.0 0.112583875374 0.0976769185768 0.1122259854 0.128294585709
Herato05 Herato0509 13541560.0 25000.0 0.057114757843 0.0471039564347 0.0566011411181 0.0709204422848
Herato05 Herato0509 13591560.0 75000.0 0.0519510235322 0.0436317440142 0.0510263873658 0.0640872347788
Herato05 Herato0509 13641560.0 125000.0 0.174719902583 0.158534817766 0.172393755758 0.200680195286
Herato05 Herato0509 13691560.0 175000.0 0.194941366586 0.167334719829 0.194622039737 0.222768819614
Herato05 Herato0509 13741560.0 225000.0 0.197364197984 0.183579252608 0.1975233226 0.212238976428
Herato05 Herato0509 13791560.0 275000.0 0.14280409818 0.1338232912 0.14303172744 0.15414842488
Herato05 Herato0509 13818972.0 325000.0 0.223611516895 0.20588420255 0.222440656613 0.245882778607
