chrom scaffold Cposition position mean p0025 p0500 p0975
Herato15 Herato1501 25001.0 25000.0 0.0494631878544 0.0414124237882 0.0489772639332 0.059726747974
Herato15 Herato1501 62748.0 75000.0 0.0717953347407 0.029643276725 0.0677751356213 0.154302599733
Herato15 Herato1502 100496.0 25000.0 0.08579255855 0.0392583284661 0.0771187984916 0.176127684233
Herato15 Herato1502 150496.0 75000.0 0.0458685975217 0.0372698212419 0.0451194506121 0.0588146018462
Herato15 Herato1502 200496.0 125000.0 0.0197296264438 0.0162058143215 0.0193120454023 0.0243035518782
Herato15 Herato1502 228767.5 175000.0 0.0244213617607 0.0197408088033 0.023832173315 0.0303841485557
Herato15 Herato1503 241176.5 25000.0 0.0380136318448 0.0310176199989 0.0378995240136 0.0465013270016
Herato15 Herato1504 275314.0 25000.0 0.113351179601 0.0474889480116 0.10066578708 0.25021371418
Herato15 Herato1504 322273.5 75000.0 0.0773267549717 0.0411236967987 0.0742232848835 0.14254148155
Herato15 Herato1505 369234.0 25000.0 0.233574604799 0.0767755451275 0.212962294378 0.553941619664
Herato15 Herato1505 419234.0 75000.0 0.011164814002 0.0098115142804 0.011109812692 0.012824022152
Herato15 Herato1505 469234.0 125000.0 0.104353820891 0.0569588153825 0.0997802313553 0.17644077748
Herato15 Herato1505 519234.0 175000.0 0.0330478126058 0.0173287022931 0.0321162734836 0.052421652476
Herato15 Herato1505 569234.0 225000.0 0.016856391865 0.015133652943 0.01686439273 0.0184929415994
Herato15 Herato1505 619234.0 275000.0 0.023810509802 0.021848437826 0.023755102648 0.025775278852
Herato15 Herato1505 669234.0 325000.0 0.0248705813945 0.0178007848928 0.023990932846 0.0367145551612
Herato15 Herato1505 719234.0 375000.0 0.0249635023414 0.0213432043839 0.0246416203208 0.0300264447186
Herato15 Herato1505 769234.0 425000.0 0.231756509595 0.107463107945 0.220417553224 0.413626044486
Herato15 Herato1505 819234.0 475000.0 0.0319564084456 0.0208362568508 0.0307557844026 0.049003147182
Herato15 Herato1505 869234.0 525000.0 0.0850023191876 0.0307370170859 0.081395966801 0.168815332936
Herato15 Herato1505 919234.0 575000.0 0.0237769003213 0.0129030576414 0.0228099972571 0.0408673927712
Herato15 Herato1505 969234.0 625000.0 0.0329955742865 0.0282419638729 0.0326942152114 0.03934779028
Herato15 Herato1505 1019234.0 675000.0 0.0447234494614 0.0326530314774 0.0430449054732 0.0654422587672
Herato15 Herato1505 1069234.0 725000.0 0.060820575898 0.0482836482383 0.060972730343 0.0764794880958
Herato15 Herato1505 1119234.0 775000.0 0.0522650783202 0.0443069851738 0.0518697373836 0.0624132243778
Herato15 Herato1505 1169234.0 825000.0 0.0333254788916 0.022467140061 0.0321284437788 0.0504657691332
Herato15 Herato1505 1219234.0 875000.0 0.0596022373078 0.0306483429896 0.0538539841685 0.118229119074
Herato15 Herato1505 1269234.0 925000.0 0.038161064118 0.0272637331824 0.036153908432 0.06035702873
Herato15 Herato1505 1319234.0 975000.0 0.0546728844342 0.0286433790493 0.0497864453772 0.106092306438
Herato15 Herato1505 1369234.0 1025000.0 0.0556504492843 0.0309842031657 0.0537823661328 0.10246901592
Herato15 Herato1505 1419234.0 1075000.0 0.0411527878257 0.0301097639574 0.0400511900256 0.0602113802644
Herato15 Herato1505 1469234.0 1125000.0 0.0384331137812 0.0294613507036 0.0379061935708 0.0488538475188
Herato15 Herato1505 1519234.0 1175000.0 0.05808455857 0.0311959822303 0.0545069584866 0.10314010222
Herato15 Herato1505 1569234.0 1225000.0 0.0280767426222 0.0211876070563 0.0276197461528 0.0388715615128
Herato15 Herato1505 1619234.0 1275000.0 0.0344717089346 0.0320663748324 0.0345735610692 0.0366740663182
Herato15 Herato1505 1669234.0 1325000.0 0.0690860054588 0.0383895594697 0.0637436067219 0.124453177894
Herato15 Herato1505 1719234.0 1375000.0 0.0424354612795 0.0296188387294 0.040511064155 0.0671666473955
Herato15 Herato1505 1769234.0 1425000.0 0.0302940665863 0.0203263516416 0.0300780772489 0.0473200275554
Herato15 Herato1505 1819234.0 1475000.0 0.0526232256025 0.0300970231697 0.0514632350275 0.0866419838047
Herato15 Herato1505 1869234.0 1525000.0 0.0207955216395 0.0181928405622 0.0207459297101 0.0235691287918
Herato15 Herato1505 1919234.0 1575000.0 0.0172704152443 0.0108624016398 0.0167006554536 0.028051112036
Herato15 Herato1505 1969234.0 1625000.0 0.026521948264 0.0183118268771 0.0261495251314 0.0387372775738
Herato15 Herato1505 2019234.0 1675000.0 0.00764225965341 0.00655771082531 0.00762435330151 0.0088602531289
Herato15 Herato1505 2069234.0 1725000.0 0.00464045823955 0.00380484418164 0.00459202649317 0.0057034282422
Herato15 Herato1505 2119234.0 1775000.0 0.0584362558878 0.0282318214553 0.0537115164124 0.118127620148
Herato15 Herato1505 2169234.0 1825000.0 0.0346436858024 0.0169642317913 0.0288944630755 0.0785537762193
Herato15 Herato1505 2219234.0 1875000.0 0.0119901576666 0.00939298180708 0.011581432858 0.017702775132
Herato15 Herato1505 2269234.0 1925000.0 0.0453024412005 0.022337631335 0.0420442428224 0.0904588359206
Herato15 Herato1505 2319234.0 1975000.0 0.0303448608709 0.0233880537664 0.0300385484234 0.0391199271732
Herato15 Herato1505 2369234.0 2025000.0 0.0163098419842 0.0139525151257 0.0163091534815 0.0188930751668
Herato15 Herato1505 2419234.0 2075000.0 0.01802652729 0.016012718508 0.018128237162 0.019921744002
Herato15 Herato1505 2469234.0 2125000.0 0.02235955188 0.02092523352 0.02229249024 0.02426129988
Herato15 Herato1505 2519234.0 2175000.0 0.027828202626 0.025482441244 0.027924216464 0.030553844822
Herato15 Herato1505 2569234.0 2225000.0 0.0287108732162 0.0258771461277 0.0287509038264 0.0322321978404
Herato15 Herato1505 2619234.0 2275000.0 0.0150325715436 0.00523557771322 0.0122564312532 0.0388260783006
Herato15 Herato1505 2669234.0 2325000.0 0.0323809528798 0.0177556798775 0.0308330551821 0.0559869047908
Herato15 Herato1505 2719234.0 2375000.0 0.056099778028 0.0287079812187 0.0528493290748 0.103631115842
Herato15 Herato1505 2769234.0 2425000.0 0.0147109531837 0.0126103067633 0.014640943922 0.0172096951873
Herato15 Herato1505 2819234.0 2475000.0 0.0194972540321 0.0164517901387 0.0195168074566 0.0228581061632
Herato15 Herato1505 2869234.0 2525000.0 0.0281778039329 0.00871909359334 0.0261811568198 0.0622054508966
Herato15 Herato1505 2919234.0 2575000.0 0.0318020945444 0.025150532122 0.0312541720274 0.0409571930164
Herato15 Herato1505 2969234.0 2625000.0 0.04102175617 0.0309879461174 0.0397112804058 0.058524525318
Herato15 Herato1505 3019234.0 2675000.0 0.024327199436 0.0215494404248 0.0242867877108 0.027551511896
Herato15 Herato1505 3069234.0 2725000.0 0.0282491108806 0.0182448144424 0.0252000131386 0.0621465175922
Herato15 Herato1505 3119234.0 2775000.0 0.03430831779 0.0188508833353 0.0324589944707 0.0608129027944
Herato15 Herato1505 3169234.0 2825000.0 0.039979046095 0.0368177350192 0.0399114007392 0.043430055937
Herato15 Herato1505 3219234.0 2875000.0 0.0294165761063 0.022460187173 0.028835119495 0.0403975395672
Herato15 Herato1505 3269234.0 2925000.0 0.0185275873546 0.0171492103605 0.0185509745118 0.020252640264
Herato15 Herato1505 3319234.0 2975000.0 0.0273736406384 0.0168499668374 0.0262238372424 0.0431024364972
Herato15 Herato1505 3369234.0 3025000.0 0.0305540148304 0.00800574721927 0.0250772089482 0.0883638878264
Herato15 Herato1505 3419234.0 3075000.0 0.0731577980518 0.0198897566598 0.0674825527307 0.152447706516
Herato15 Herato1505 3469234.0 3125000.0 0.0580222921768 0.0384786186076 0.0553762397556 0.0902815636732
Herato15 Herato1505 3519234.0 3175000.0 0.0689309376345 0.0432332981434 0.0648496795987 0.126024705085
Herato15 Herato1505 3569234.0 3225000.0 0.02544819452 0.022052156791 0.0252261082836 0.0302463261188
Herato15 Herato1505 3619234.0 3275000.0 0.0860584898424 0.0556415063282 0.0831428472114 0.132597155644
Herato15 Herato1505 3669234.0 3325000.0 0.0489588313 0.02875834898 0.045137077748 0.087582964678
Herato15 Herato1505 3719234.0 3375000.0 0.0221601388972 0.01677897787 0.0222284854562 0.027414120854
Herato15 Herato1505 3769234.0 3425000.0 0.0226868091294 0.0194827697045 0.0227269443568 0.0256850391929
Herato15 Herato1505 3819234.0 3475000.0 0.0324218121316 0.0266451298428 0.0316975311579 0.042827587836
Herato15 Herato1505 3869234.0 3525000.0 0.0307082704252 0.0268229843324 0.0308855032724 0.0347211999866
Herato15 Herato1505 3919234.0 3575000.0 0.019590294418 0.017569878908 0.019569613912 0.022010403354
Herato15 Herato1505 3969234.0 3625000.0 0.0143748521472 0.0122707682238 0.0143015849572 0.0169282388178
Herato15 Herato1505 4019234.0 3675000.0 0.0307465042603 0.0263960263125 0.0304026428926 0.0359855176732
Herato15 Herato1505 4069234.0 3725000.0 0.0389015683828 0.0271954019486 0.0388857247116 0.053464009805
Herato15 Herato1505 4119234.0 3775000.0 0.0298081611715 0.0238920318806 0.0295878994245 0.036778017102
Herato15 Herato1505 4169234.0 3825000.0 0.045323043622 0.0291027220462 0.043449897322 0.069534087744
Herato15 Herato1505 4219234.0 3875000.0 0.0480717062496 0.0274144998446 0.0454302657985 0.0845142800379
Herato15 Herato1505 4251179.0 3925000.0 0.0894213836649 0.0553758692168 0.0857672650243 0.148005573646
Herato15 Herato1506 4283125.0 25000.0 0.0321893513288 0.019830168014 0.0309979014442 0.0524527223036
Herato15 Herato1506 4333125.0 75000.0 0.0201159103066 0.0162978185528 0.0199957315986 0.0248250498726
Herato15 Herato1506 4383125.0 125000.0 0.00500896520508 0.00356075226858 0.0049492263543 0.0069475130816
Herato15 Herato1506 4422672.0 175000.0 0.0138624465976 0.00823136070117 0.0134534686163 0.0232570035258
Herato15 Herato1507 4462220.0 25000.0 0.0258251227871 0.0175491738416 0.024641100532 0.0402747112962
Herato15 Herato1507 4512220.0 75000.0 0.0276459812728 0.0147986878279 0.026585655955 0.0499553777778
Herato15 Herato1507 4562220.0 125000.0 0.0412552699634 0.0241347249626 0.0372601385946 0.0704748739428
Herato15 Herato1507 4612220.0 175000.0 0.0295570643064 0.023304141862 0.0276177333524 0.0409295728258
Herato15 Herato1507 4662220.0 225000.0 0.02813078458 0.0224698897906 0.027823835224 0.035501268876
Herato15 Herato1507 4712220.0 275000.0 0.0294067847416 0.0236838073069 0.0291468677504 0.036845410622
Herato15 Herato1507 4762220.0 325000.0 0.0275715342124 0.0246231045834 0.0277140882538 0.030673509974
Herato15 Herato1507 4812220.0 375000.0 0.0274654952274 0.0246127124815 0.0273086947718 0.031146702027
Herato15 Herato1507 4862220.0 425000.0 0.0404398858296 0.0337745707929 0.0402520800802 0.0487336112236
Herato15 Herato1507 4912220.0 475000.0 0.051308389036 0.040217782552 0.049812667372 0.069108597856
Herato15 Herato1507 4962220.0 525000.0 0.035307546508 0.032181548562 0.035137103804 0.03877801911
Herato15 Herato1507 5012220.0 575000.0 0.033339801644 0.030028896584 0.03330642671 0.037824217156
Herato15 Herato1507 5062220.0 625000.0 0.0634559060672 0.0501631621099 0.061828258499 0.082043927139
Herato15 Herato1507 5112220.0 675000.0 0.051664654978 0.045777292684 0.051469374 0.058686065474
Herato15 Herato1507 5162220.0 725000.0 0.053722688302 0.0481762645312 0.05349219314 0.059477985484
Herato15 Herato1507 5212220.0 775000.0 0.0269922769313 0.0203416545718 0.0258338460545 0.0391052548862
Herato15 Herato1507 5262220.0 825000.0 0.0281707874084 0.023533318487 0.0282741556262 0.032740854646
Herato15 Herato1507 5312220.0 875000.0 0.048852836603 0.0337081125728 0.049007568775 0.0590154681178
Herato15 Herato1507 5362220.0 925000.0 0.0365085660328 0.0307902610563 0.0364995465792 0.0441246112114
Herato15 Herato1507 5412220.0 975000.0 0.0369063433662 0.0301216265925 0.0362826641674 0.046003900496
Herato15 Herato1507 5462220.0 1025000.0 0.0258843330888 0.0206555359434 0.0254574252046 0.0326083521628
Herato15 Herato1507 5512220.0 1075000.0 0.0406395254514 0.0270533598702 0.0397993413678 0.061029051716
Herato15 Herato1507 5562220.0 1125000.0 0.05359094576 0.05166756276 0.05340310368 0.05542540352
Herato15 Herato1507 5612220.0 1175000.0 0.047454807654 0.044055457428 0.04730305261 0.051352987846
Herato15 Herato1507 5662220.0 1225000.0 0.047085469628 0.041455719139 0.0469682279634 0.053964026604
Herato15 Herato1507 5712220.0 1275000.0 0.05154627815 0.0363546966628 0.05076951069 0.07009742283
Herato15 Herato1507 5762220.0 1325000.0 0.036197139684 0.029601375384 0.035653705198 0.045078970792
Herato15 Herato1507 5812220.0 1375000.0 0.02686704242 0.023529509652 0.026837188368 0.030774416224
Herato15 Herato1507 5862220.0 1425000.0 0.020560786338 0.0175037885136 0.0206049369378 0.023748349768
Herato15 Herato1507 5912220.0 1475000.0 0.0452924919488 0.037817129972 0.0453841055408 0.0512683215332
Herato15 Herato1507 5962220.0 1525000.0 0.0464440299992 0.0431953101474 0.0464253848008 0.0494848123216
Herato15 Herato1507 6012220.0 1575000.0 0.0431075600352 0.0376433964162 0.0433212866262 0.049205300565
Herato15 Herato1507 6062220.0 1625000.0 0.08400707504 0.07644878102 0.08371095006 0.09324320042
Herato15 Herato1507 6112220.0 1675000.0 0.0711552582586 0.0519066754172 0.0685187238848 0.100779020695
Herato15 Herato1507 6162220.0 1725000.0 0.0404367858392 0.0362984627003 0.0402945511164 0.045756363352
Herato15 Herato1507 6212220.0 1775000.0 0.053048511335 0.0447877626175 0.0528352625612 0.061886981703
Herato15 Herato1507 6262220.0 1825000.0 0.0507893452968 0.0446767012476 0.0507300341966 0.0579326982184
Herato15 Herato1507 6312220.0 1875000.0 0.054124847864 0.030045323762 0.053917571628 0.081938576088
Herato15 Herato1507 6362220.0 1925000.0 0.040223815194 0.0352433364593 0.0399731713078 0.0464003011776
Herato15 Herato1507 6412220.0 1975000.0 0.0445102636564 0.0386316629636 0.0442577656088 0.0514363044036
Herato15 Herato1507 6462220.0 2025000.0 0.045741761096 0.0384464111 0.045974511516 0.053487062198
Herato15 Herato1507 6512220.0 2075000.0 0.0541349081826 0.0385994321388 0.0529769573938 0.0811432926518
Herato15 Herato1507 6562220.0 2125000.0 0.056088358377 0.0451632944262 0.05559874938 0.069829019421
Herato15 Herato1507 6612220.0 2175000.0 0.031706749131 0.0210807310705 0.0303440244886 0.0503022713711
Herato15 Herato1507 6662220.0 2225000.0 0.0395919191866 0.0282968971965 0.0384234529332 0.0579705352976
Herato15 Herato1507 6712220.0 2275000.0 0.0371726506584 0.0270955219225 0.0362322043118 0.053680709384
Herato15 Herato1507 6762220.0 2325000.0 0.0529316579796 0.0339046006785 0.0506934783436 0.0837699101852
Herato15 Herato1507 6812220.0 2375000.0 0.0508954505882 0.0338977750634 0.0494323654076 0.079367026298
Herato15 Herato1507 6862220.0 2425000.0 0.037579497038 0.0260148263554 0.03727051872 0.052709837936
Herato15 Herato1507 6912220.0 2475000.0 0.0390525783098 0.0368442648731 0.0390423373935 0.0414471072948
Herato15 Herato1507 6962220.0 2525000.0 0.0545063380327 0.042942126072 0.0526339280594 0.0763816891338
Herato15 Herato1507 7012220.0 2575000.0 0.03862581744 0.03213847364 0.03918680276 0.04173203272
Herato15 Herato1507 7062220.0 2625000.0 0.038965781338 0.033908406968 0.039527791214 0.042128858352
Herato15 Herato1507 7112220.0 2675000.0 0.0385937955685 0.0344111555688 0.0385493856133 0.0433155948636
Herato15 Herato1507 7162220.0 2725000.0 0.0301078379776 0.0218149826125 0.0290322386778 0.04577647956
Herato15 Herato1507 7212220.0 2775000.0 0.029189141134 0.026706858284 0.029038570076 0.032041551608
Herato15 Herato1507 7262220.0 2825000.0 0.038407830945 0.0355561820741 0.03825032677 0.0415459326776
Herato15 Herato1507 7312220.0 2875000.0 0.0327417230465 0.0234651166793 0.0312461878804 0.0480378533162
Herato15 Herato1507 7362220.0 2925000.0 0.0311397222507 0.0268102471161 0.0311772243226 0.0351507769414
Herato15 Herato1507 7412220.0 2975000.0 0.053620246292 0.037128947838 0.051111395106 0.080682516804
Herato15 Herato1507 7462220.0 3025000.0 0.0239136924166 0.02160036264 0.0237073193474 0.0271760194152
Herato15 Herato1507 7512220.0 3075000.0 0.0221067854602 0.0155383930791 0.0219411898532 0.0273128143008
Herato15 Herato1507 7562220.0 3125000.0 0.0232138503837 0.0134742964967 0.0227509223805 0.037969373378
Herato15 Herato1507 7612220.0 3175000.0 0.0444546688118 0.0268837185867 0.0405959219268 0.0806913191036
Herato15 Herato1507 7662220.0 3225000.0 0.0402245610478 0.0323578843101 0.0397984569522 0.0499919016542
Herato15 Herato1507 7712220.0 3275000.0 0.0376922728174 0.0276424670788 0.0365544469142 0.0538768223844
Herato15 Herato1507 7762220.0 3325000.0 0.0829718156534 0.0745489868801 0.0826158818558 0.09286792333
Herato15 Herato1507 7812220.0 3375000.0 0.0808654942558 0.0716802717446 0.0810900253128 0.0914275982572
Herato15 Herato1507 7862220.0 3425000.0 0.044648899148 0.040381796802 0.044509074628 0.049737992626
Herato15 Herato1507 7912220.0 3475000.0 0.049119501992 0.043235536004 0.049266479912 0.054576194374
Herato15 Herato1507 7962220.0 3525000.0 0.0469896082986 0.0367283212543 0.0464530120116 0.0605841892322
Herato15 Herato1507 8012220.0 3575000.0 0.0390475629422 0.0305376276466 0.0388277460776 0.0506313415772
Herato15 Herato1507 8062220.0 3625000.0 0.035764595198 0.0258846066 0.033897175946 0.0529648808
Herato15 Herato1507 8112220.0 3675000.0 0.026435886586 0.0210525460344 0.026388153046 0.0321020096
Herato15 Herato1507 8162220.0 3725000.0 0.037686194238 0.0243923097981 0.0364053866748 0.059518918242
Herato15 Herato1507 8212220.0 3775000.0 0.0397946997264 0.0347338797316 0.0397479482592 0.04491938576
Herato15 Herato1507 8262220.0 3825000.0 0.0344541903222 0.0244849034004 0.0334745313482 0.051360724966
Herato15 Herato1507 8312220.0 3875000.0 0.0667301993961 0.0432227556415 0.0647827841192 0.10740393071
Herato15 Herato1507 8362220.0 3925000.0 0.030022886464 0.016493326556 0.027405500428 0.055313812968
Herato15 Herato1507 8412220.0 3975000.0 0.064122796712 0.055826771932 0.063474379496 0.075332821242
Herato15 Herato1507 8462220.0 4025000.0 0.0433325688942 0.0391374684516 0.0432825575652 0.0479387452594
Herato15 Herato1507 8512220.0 4075000.0 0.086632346636 0.0757745963386 0.086204557582 0.099328127348
Herato15 Herato1507 8562220.0 4125000.0 0.0728762726268 0.0583082318144 0.072373512212 0.090124972682
Herato15 Herato1507 8612220.0 4175000.0 0.0399944272352 0.0325636690956 0.039701498517 0.0493428114698
Herato15 Herato1507 8662220.0 4225000.0 0.0918978895442 0.0609846582041 0.0846169821768 0.161194047767
Herato15 Herato1507 8712220.0 4275000.0 0.0807330392098 0.065291373501 0.0790625885536 0.104942418009
Herato15 Herato1507 8762220.0 4325000.0 0.066470783048 0.05889643383 0.066374806214 0.074613972374
Herato15 Herato1507 8812220.0 4375000.0 0.05998806398 0.05169003272 0.05983105678 0.06998100978
Herato15 Herato1507 8862220.0 4425000.0 0.047717627284 0.043105340652 0.047555000718 0.053424267356
Herato15 Herato1507 8912220.0 4475000.0 0.0926145883688 0.0752693253725 0.0919161755064 0.115475274906
Herato15 Herato1507 8962220.0 4525000.0 0.059480631628 0.050962715498 0.059068017202 0.071181545016
Herato15 Herato1507 9012220.0 4575000.0 0.061435229416 0.050317230024 0.061616702248 0.072846913148
Herato15 Herato1507 9062220.0 4625000.0 0.04836310964 0.04461445542 0.04838597324 0.0532401047
Herato15 Herato1507 9112220.0 4675000.0 0.0515781163752 0.0448194908011 0.0512526448388 0.0598234289826
Herato15 Herato1507 9162220.0 4725000.0 0.106114372112 0.0681773117164 0.103423533028 0.166748616116
Herato15 Herato1507 9212220.0 4775000.0 0.0769178701174 0.0541912086152 0.0762297922019 0.11004384345
Herato15 Herato1507 9262220.0 4825000.0 0.042025613228 0.0354005632598 0.041758704956 0.050325508758
Herato15 Herato1507 9312220.0 4875000.0 0.03310640563 0.030024465912 0.03299425875 0.037236193984
Herato15 Herato1507 9362220.0 4925000.0 0.0291317157768 0.0262940142204 0.0289790905096 0.031917601256
Herato15 Herato1507 9412220.0 4975000.0 0.0381450897148 0.0350300901467 0.0379664632118 0.041320945466
Herato15 Herato1507 9462220.0 5025000.0 0.0409182873852 0.0344356520584 0.0408977217122 0.0498479537108
Herato15 Herato1507 9512220.0 5075000.0 0.0430919468236 0.0396987285163 0.0429622548296 0.0467087173882
Herato15 Herato1507 9562220.0 5125000.0 0.0535922862122 0.0475788880472 0.0534944920464 0.059470317972
Herato15 Herato1507 9612220.0 5175000.0 0.04087169744 0.032674950912 0.04058210205 0.050448845572
Herato15 Herato1507 9662220.0 5225000.0 0.055448969886 0.045821977622 0.054901817898 0.068558207406
Herato15 Herato1507 9712220.0 5275000.0 0.05141138708 0.04518860664 0.05157646544 0.05889243772
Herato15 Herato1507 9762220.0 5325000.0 0.0252421384584 0.0152749679217 0.0239304084024 0.0445964321664
Herato15 Herato1507 9812220.0 5375000.0 0.0462658610712 0.0372077769589 0.046690525928 0.0588687834
Herato15 Herato1507 9862220.0 5425000.0 0.0451058848896 0.0382520137059 0.045040449868 0.0536796404152
Herato15 Herato1507 9912220.0 5475000.0 0.045106475434 0.0378370063596 0.0442173517356 0.05705369459
Herato15 Herato1507 9962220.0 5525000.0 0.067625658104 0.044959186044 0.065596505178 0.096800011828
Herato15 Herato1507 10012220.0 5575000.0 0.067380569329 0.0414803326991 0.0619247139469 0.119445829929
Herato15 Herato1507 10062220.0 5625000.0 0.053665758038 0.0320694256178 0.04655878006 0.10355640968
Herato15 Herato1507 10112220.0 5675000.0 0.0374270841418 0.0344688839187 0.0373445409828 0.0405408591038
Herato15 Herato1507 10162220.0 5725000.0 0.06467223754 0.0622034592 0.0645564624 0.066939468
Herato15 Herato1507 10212220.0 5775000.0 0.046209935264 0.043779244176 0.046249403752 0.048852796566
Herato15 Herato1507 10262220.0 5825000.0 0.0341693625156 0.0314246192383 0.034044124916 0.0369292200166
Herato15 Herato1507 10312220.0 5875000.0 0.0529247918958 0.0412961691923 0.0524769067614 0.0696697824482
Herato15 Herato1507 10362220.0 5925000.0 0.05442442106 0.05044041997 0.054514585262 0.058861289076
Herato15 Herato1507 10412220.0 5975000.0 0.076300753328 0.068169155538 0.075919059616 0.085944774544
Herato15 Herato1507 10462220.0 6025000.0 0.0843085059984 0.0777175321865 0.0842390175652 0.0902800039462
Herato15 Herato1507 10512220.0 6075000.0 0.092864660282 0.086306240708 0.092390473318 0.09984005668
Herato15 Herato1507 10562220.0 6125000.0 0.077660857136 0.069594116214 0.077740288034 0.08673532327
Herato15 Herato1507 10612220.0 6175000.0 0.063479365838 0.059148638382 0.06327174001 0.068378402624
Herato15 Herato1507 10662220.0 6225000.0 0.04401329448 0.041844869408 0.0432633444 0.0492316915
Herato15 Herato1507 10712220.0 6275000.0 0.0374286219402 0.0331051083617 0.037430716528 0.0415097856412
Herato15 Herato1507 10762220.0 6325000.0 0.06610690472 0.0615065616 0.06638435298 0.07019750368
Herato15 Herato1507 10812220.0 6375000.0 0.062687328934 0.05788472672 0.06231249251 0.06883521582
Herato15 Herato1507 10862220.0 6425000.0 0.089071837592 0.06934101754 0.086244239828 0.121833384698
Herato15 Herato1507 10912220.0 6475000.0 0.06025724748 0.05360345236 0.0604142503 0.06723885542
Herato15 Herato1507 10962220.0 6525000.0 0.059646799686 0.049485694264 0.058775272456 0.07493276646
Herato15 Herato1507 11012220.0 6575000.0 0.0640515333464 0.054649092947 0.0638974073975 0.0739650094402
Herato15 Herato1507 11062220.0 6625000.0 0.0408168215098 0.0208189918129 0.037560519587 0.084907557474
Herato15 Herato1507 11112220.0 6675000.0 0.01894646912 0.017652617872 0.018961141132 0.020429784634
Herato15 Herato1507 11162220.0 6725000.0 0.0558631538435 0.0285033841246 0.0516497074096 0.103306744331
Herato15 Herato1507 11212220.0 6775000.0 0.0244355558948 0.0206941567662 0.023950922902 0.030508672206
Herato15 Herato1507 11262220.0 6825000.0 0.0603988384006 0.0505332917373 0.0605450683174 0.0709665146984
Herato15 Herato1507 11312220.0 6875000.0 0.0706992838228 0.0602257853655 0.070250977402 0.083675594482
Herato15 Herato1507 11362220.0 6925000.0 0.0475741971846 0.0420131117878 0.0471728329614 0.054320346314
Herato15 Herato1507 11412220.0 6975000.0 0.050328144312 0.04724832092 0.050064455552 0.053969399544
Herato15 Herato1507 11462220.0 7025000.0 0.074348098832 0.068768413248 0.074187730944 0.079920065168
Herato15 Herato1507 11512220.0 7075000.0 0.046324583652 0.04358485817 0.046510365728 0.048532809714
Herato15 Herato1507 11562220.0 7125000.0 0.0379053353 0.035561569366 0.037860112774 0.040564034458
Herato15 Herato1507 11612220.0 7175000.0 0.0380441035734 0.0331396756756 0.0377890544643 0.0448064668224
Herato15 Herato1507 11662220.0 7225000.0 0.0353560775008 0.0286029783907 0.0354070445676 0.0434387857564
Herato15 Herato1507 11712220.0 7275000.0 0.0566693753834 0.0439166563298 0.0559463556844 0.073866363539
Herato15 Herato1507 11762220.0 7325000.0 0.053438369242 0.047302378728 0.052945422292 0.06109562605
Herato15 Herato1507 11812220.0 7375000.0 0.059540279732 0.0531137217868 0.0590852211258 0.06732969802
Herato15 Herato1507 11862220.0 7425000.0 0.063036073032 0.05210555148 0.061661810382 0.080893991164
Herato15 Herato1507 11912220.0 7475000.0 0.06298360178 0.05498529624 0.06279628164 0.07375372278
Herato15 Herato1507 11962220.0 7525000.0 0.06459425373 0.054332853912 0.064700210124 0.07560554548
Herato15 Herato1507 12012220.0 7575000.0 0.058580387136 0.0507302225323 0.0584434958273 0.06671702383
Herato15 Herato1507 12062220.0 7625000.0 0.05526329815 0.04735948008 0.054810656352 0.06490936611
Herato15 Herato1507 12112220.0 7675000.0 0.072131817441 0.0507793007716 0.0698483361415 0.109173674657
Herato15 Herato1507 12162220.0 7725000.0 0.039996088124 0.0355159063138 0.039913293728 0.045220330572
Herato15 Herato1507 12212220.0 7775000.0 0.028970323658 0.0262344000424 0.0289515196212 0.0320427481
Herato15 Herato1507 12262220.0 7825000.0 0.01823583577 0.016892017218 0.018274307566 0.019838239148
Herato15 Herato1507 12312220.0 7875000.0 0.047223583408 0.040051277738 0.046673513656 0.059267605344
Herato15 Herato1507 12362220.0 7925000.0 0.0444189947774 0.0399710722784 0.0443740719556 0.049084723186
Herato15 Herato1507 12412220.0 7975000.0 0.019206647734 0.0176788504198 0.01914800807 0.02083244392
Herato15 Herato1507 12462220.0 8025000.0 0.0260747502398 0.0138170559966 0.0254857656348 0.039803318816
Herato15 Herato1507 12512220.0 8075000.0 0.0219067690148 0.0188884554828 0.0218824705884 0.0250087349912
Herato15 Herato1507 12562220.0 8125000.0 0.0200910014532 0.0145341408908 0.0206234006496 0.0249641068388
Herato15 Herato1507 12612220.0 8175000.0 0.022949499456 0.0205595125588 0.023103695864 0.02556247057
Herato15 Herato1507 12662220.0 8225000.0 0.0453470380884 0.0345649328986 0.0450245506738 0.0586895316014
Herato15 Herato1507 12712220.0 8275000.0 0.04698862532 0.04242250482 0.04700081362 0.05157194776
Herato15 Herato1507 12762220.0 8325000.0 0.06364731376 0.05260163274 0.0611126858 0.08263942068
Herato15 Herato1507 12812220.0 8375000.0 0.04116851824 0.03713571386 0.04119049578 0.0454126989
Herato15 Herato1507 12862220.0 8425000.0 0.0484072578972 0.0434372778748 0.0485157095324 0.052967983308
Herato15 Herato1507 12912220.0 8475000.0 0.0485336166398 0.0383026943702 0.0482740574974 0.0601778177392
Herato15 Herato1507 12962220.0 8525000.0 0.0811554070318 0.0553786223071 0.0794148716758 0.122383403
Herato15 Herato1507 13012220.0 8575000.0 0.047786039982 0.044173510616 0.04773866423 0.051796256008
Herato15 Herato1507 13062220.0 8625000.0 0.0827862621928 0.0573797952637 0.0802388181172 0.12913413329
Herato15 Herato1507 13112220.0 8675000.0 0.0487356692338 0.028267631899 0.0433851217004 0.087688397772
Herato15 Herato1507 13162220.0 8725000.0 0.0390312272388 0.0370191394473 0.0388749769767 0.041571446424
Herato15 Herato1507 13212220.0 8775000.0 0.039191387526 0.035399039058 0.039014596974 0.043629137482
Herato15 Herato1507 13262220.0 8825000.0 0.0463202779906 0.042552249068 0.0464291444142 0.050267885161
Herato15 Herato1507 13312220.0 8875000.0 0.05068286801 0.0432541697988 0.050527429068 0.058546565498
Herato15 Herato1507 13362220.0 8925000.0 0.0485540413957 0.0290406302347 0.0463942276444 0.0842500978988
Herato15 Herato1507 13412220.0 8975000.0 0.0522397262306 0.0388353193634 0.0510907341134 0.0758492838902
Herato15 Herato1507 13462220.0 9025000.0 0.080275732297 0.0565454122089 0.0784988662354 0.114129717303
Herato15 Herato1507 13512220.0 9075000.0 0.0315416289278 0.0281615601334 0.0314900095126 0.0350456433852
Herato15 Herato1507 13562220.0 9125000.0 0.0539460475081 0.0402353038254 0.052947102986 0.0742616767242
Herato15 Herato1507 13612220.0 9175000.0 0.0487048089656 0.0432974218786 0.0486107493214 0.0538234104334
Herato15 Herato1507 13662220.0 9225000.0 0.0608583960524 0.0549390290932 0.0608159545148 0.0670695011574
Herato15 Herato1507 13712220.0 9275000.0 0.0645015493408 0.04638897819 0.0618522757786 0.102479392268
Herato15 Herato1507 13762220.0 9325000.0 0.0741473819268 0.063971434577 0.075098045018 0.085145162262
Herato15 Herato1507 13812220.0 9375000.0 0.0591143835556 0.0379726999495 0.0558576383398 0.0949170075784
Herato15 Herato1507 13862220.0 9425000.0 0.074608634299 0.0687433519078 0.0742593064658 0.081167480608
Herato15 Herato1507 13912220.0 9475000.0 0.0431253171484 0.0383267541561 0.0429550017516 0.0481636015628
Herato15 Herato1507 13962220.0 9525000.0 0.0365942677956 0.0321017044139 0.0364471563974 0.0414810731436
Herato15 Herato1507 14012220.0 9575000.0 0.050513040834 0.039594677086 0.050370594142 0.065671054622
Herato15 Herato1507 14062220.0 9625000.0 0.067943890186 0.06438907725 0.067564929342 0.072387765738
Herato15 Herato1507 14112220.0 9675000.0 0.053915150228 0.050455122682 0.053587867926 0.05808278338
Herato15 Herato1507 14162220.0 9725000.0 0.09032792712 0.075492750998 0.089864213668 0.106887174058
Herato15 Herato1507 14212220.0 9775000.0 0.06318041004 0.06097845996 0.06308467308 0.0653055711
Herato15 Herato1507 14262220.0 9825000.0 0.0527202826552 0.0437955856864 0.0513718071846 0.068453036368
Herato15 Herato1507 14312220.0 9875000.0 0.030936179128 0.02873878996 0.030873761724 0.033194684966
Herato15 Herato1507 14362220.0 9925000.0 0.025308921954 0.0221093096852 0.0253137382862 0.029053639452
Herato15 Herato1507 14412220.0 9975000.0 0.058814528728 0.0469184200898 0.0592764130402 0.071227285542
Herato15 Herato1507 14462220.0 10025000.0 0.028226921052 0.025123029256 0.0283316771422 0.0311110674504
Herato15 Herato1507 14512220.0 10075000.0 0.00704362101304 0.00441355811001 0.00547704266532 0.013704322537
Herato15 Herato1507 14562220.0 10125000.0 0.024175774813 0.0181312607379 0.0237633233943 0.0315816905604
Herato15 Herato1507 14612220.0 10175000.0 0.0158586737452 0.0127905888722 0.0158194531838 0.019236407527
Herato15 Herato1507 14662220.0 10225000.0 0.0257458270778 0.0228869343986 0.0256189738616 0.029101170013
Herato15 Herato1507 14712220.0 10275000.0 0.0283156710597 0.0245942643961 0.0282959849157 0.0326975804072
Herato15 Herato1507 14762220.0 10325000.0 0.0299416284618 0.0269429053851 0.029709635617 0.0332779597512
Herato15 Herato1507 14812220.0 10375000.0 0.0160505661842 0.0138817798194 0.015879838487 0.019284105556
Herato15 Herato1507 14862220.0 10425000.0 0.0136956903248 0.0116300034328 0.0135481292048 0.0164979400028
Herato15 Herato1507 14912220.0 10475000.0 0.0181227159038 0.0135640067821 0.0173391689237 0.025351591313
Herato15 Herato1507 14962220.0 10525000.0 0.0956942866639 0.0553206195921 0.0900333926655 0.166054660685
Herato15 Herato1507 15012220.0 10575000.0 0.0547292965626 0.0315346526967 0.0513469455952 0.0974344138496
Herato15 Herato1507 15062220.0 10625000.0 0.0253647925982 0.0216704920912 0.0252942170224 0.0294920240986
Herato15 Herato1507 15112220.0 10675000.0 0.0335894231806 0.0301155650893 0.033596715612 0.0367649563192
Herato15 Herato1507 15162220.0 10725000.0 0.0300948937288 0.0273535687558 0.0302278972916 0.0323254387388
Herato15 Herato1507 15212220.0 10775000.0 0.090393027058 0.085652360314 0.090247107358 0.095317476216
Herato15 Herato1507 15238216.5 10825000.0 0.156570366282 0.133248866031 0.156130742599 0.180610275966
Herato15 Herato1508 15264214.0 25000.0 0.029763904276 0.026376455432 0.029665915344 0.034076473862
Herato15 Herato1508 15298419.5 75000.0 0.0180570780512 0.0171316445603 0.0179969207539 0.0191885296833
Herato15 Herato1509 15332626.0 25000.0 0.0701660038484 0.0645231982374 0.069883867002 0.0795487912112
Herato15 Herato1509 15358525.0 75000.0 0.0572278481646 0.0457582128476 0.058912276307 0.0646968420467
Herato15 Herato1510 15384425.0 25000.0 0.0543949942434 0.0511654533504 0.054078721711 0.0587636252456
Herato15 Herato1510 15424923.0 75000.0 0.0695938022648 0.0655773945993 0.0691846872822 0.0750588310105
Herato15 Herato1511 15464541.0 25000.0 0.0723576443468 0.0669875852855 0.0716575448402 0.0783327401219
Herato15 Herato1512 15513661.0 25000.0 0.0700975507766 0.0544350976519 0.0692332702125 0.0894703521203
Herato15 Herato1512 15563661.0 75000.0 0.0768962063792 0.0686286686399 0.0767749175162 0.086078255232
Herato15 Herato1512 15613661.0 125000.0 0.075723271586 0.064943984822 0.074654633034 0.089593210038
Herato15 Herato1512 15663661.0 175000.0 0.0918009270254 0.0786811876746 0.0913623535428 0.108394257014
Herato15 Herato1512 15713661.0 225000.0 0.069964403574 0.0655054576804 0.06948851158 0.077865101488
Herato15 Herato1512 15763661.0 275000.0 0.072892758 0.0707246154 0.07252387944 0.07640887704
Herato15 Herato1512 15813661.0 325000.0 0.074169232 0.0719631216 0.07379389376 0.07774692416
Herato15 Herato1512 15863661.0 375000.0 0.084015475 0.08091348012 0.08374497452 0.08733615488
Herato15 Herato1512 15913661.0 425000.0 0.041688440138 0.035111658048 0.042395327262 0.047792498598
Herato15 Herato1512 15939105.0 475000.0 0.0775079752252 0.0739862567568 0.077375231982 0.0817336351351
Herato15 Herato1513 15964550.0 25000.0 0.07336616752 0.06983245936 0.07324452978 0.07756764696
Herato15 Herato1513 16007307.5 75000.0 0.0414150142053 0.0358575761932 0.0391578734844 0.0609262403745
Herato15 Herato1514 16050066.0 25000.0 0.076455183525 0.0454060801831 0.0530950657894 0.181324806415
Herato15 Herato1514 16084722.5 75000.0 0.0633841731186 0.0560854636667 0.0631770982596 0.0727846281821
Herato15 Herato1515 16106380.5 25000.0 0.0593071578684 0.0533325788092 0.0595661327445 0.0664504685638
Herato15 Herato1516 16138060.5 25000.0 0.0875022469446 0.0754614282745 0.0893515059684 0.0973707725182
Herato15 Herato1517 16167636.5 25000.0 0.0894141124989 0.0742007256361 0.0891516519931 0.104124612378
Herato15 Herato1518 16184551.5 25000.0 0.00831886811543 0.00740985272533 0.00809850074813 0.0101531439259
Herato15 Herato1519 16197072.0 25000.0 0.0114483358779 0.0101973587786 0.0111450687023 0.0139726463104
Herato15 Herato1520 16209735.5 25000.0 0.0754033354514 0.0676339434397 0.0750666900356 0.0841451815516
Herato15 Herato1521 16240019.5 25000.0 0.0407618328857 0.0370110223721 0.0407037606639 0.044732917617
Herato15 Herato1522 16271812.0 25000.0 0.0569755677702 0.0535664572615 0.0565834328066 0.0605263396009
Herato15 Herato1523 16290963.0 25000.0 0.0480567368285 0.0399213986452 0.0479744374344 0.0521730260471
Herato15 Herato1524 16326445.0 25000.0 0.053355717852 0.04714159063 0.05353340202 0.058722805414
Herato15 Herato1524 16376445.0 75000.0 0.099604335366 0.06617681928 0.102425989184 0.114678429416
Herato15 Herato1524 16426445.0 125000.0 0.07966948643 0.07103560825 0.07931878785 0.093632296334
Herato15 Herato1524 16476445.0 175000.0 0.083218632966 0.0710146450218 0.081425385178 0.09880786122
Herato15 Herato1524 16526445.0 225000.0 0.07053736361 0.0589641288374 0.07280246647 0.081452214034
Herato15 Herato1524 16576445.0 275000.0 0.074053083928 0.0685161229256 0.073531215688 0.081529976442
Herato15 Herato1524 16626445.0 325000.0 0.089020194918 0.063976794824 0.091089159446 0.108363911588
Herato15 Herato1524 16676445.0 375000.0 0.145929117964 0.131698035724 0.146289578988 0.161194129634
Herato15 Herato1524 16726445.0 425000.0 0.038532655922 0.03523508473 0.038510729424 0.04225013845
Herato15 Herato1524 16776445.0 475000.0 0.0207116023072 0.0170741876332 0.020582245592 0.0250412405636
Herato15 Herato1524 16826445.0 525000.0 0.0443526021326 0.0197812078706 0.0417280098116 0.0821915482276
Herato15 Herato1524 16876445.0 575000.0 0.0367453881026 0.019533015135 0.0351727278876 0.0707296354718
Herato15 Herato1524 16926445.0 625000.0 0.0167293223081 0.0133749443032 0.0163037508825 0.021785741438
Herato15 Herato1524 16976445.0 675000.0 0.0152370933324 0.0105532875053 0.0149462666386 0.021425579453
Herato15 Herato1524 17026445.0 725000.0 0.0474610544528 0.0145007976714 0.0416540964633 0.108923277745
Herato15 Herato1524 17076445.0 775000.0 0.0316102965081 0.0183198544098 0.0302469529604 0.0518537016913
