chrom scaffold Cposition position mean p0025 p0500 p0975
Herato19 Herato1901 25001.0 25000.0 0.015590518584 0.01266702478 0.015404501916 0.020173892606
Herato19 Herato1901 75001.0 75000.0 0.015737010363 0.0122380377627 0.0155197514068 0.0206014461479
Herato19 Herato1901 125001.0 125000.0 0.0098578070584 0.0090057722948 0.009853538333 0.0107612612624
Herato19 Herato1901 175001.0 175000.0 0.0092211497688 0.0077099985658 0.0090829550878 0.0114909223048
Herato19 Herato1901 225001.0 225000.0 0.0215087707909 0.0186332573551 0.0214462960579 0.0250854860197
Herato19 Herato1901 275001.0 275000.0 0.0121995630084 0.0102153776967 0.0121588622687 0.0157309860418
Herato19 Herato1901 325001.0 325000.0 0.0199360771 0.0147643166 0.01985099892 0.02585543248
Herato19 Herato1901 375001.0 375000.0 0.0234951964744 0.0141847612514 0.0227075219874 0.0343891981064
Herato19 Herato1901 425001.0 425000.0 0.00976576144032 0.0072258484478 0.00877332866108 0.0138957204633
Herato19 Herato1901 475001.0 475000.0 0.0371178518384 0.0169722452604 0.0356173536278 0.0697448910719
Herato19 Herato1901 525001.0 525000.0 0.0280898461226 0.0152555552896 0.0266618293948 0.0491158996514
Herato19 Herato1901 575001.0 575000.0 0.0257357088256 0.017776932342 0.0247427917678 0.0397094621634
Herato19 Herato1901 625001.0 625000.0 0.0267076131876 0.0152888750034 0.025898187535 0.0437966797904
Herato19 Herato1901 675001.0 675000.0 0.0192328469438 0.0135481550171 0.0188689922318 0.0274046394278
Herato19 Herato1901 725001.0 725000.0 0.0455515542563 0.0170947619177 0.0424834482167 0.0971906737412
Herato19 Herato1901 775001.0 775000.0 0.0126877596478 0.0103875031689 0.0126339536757 0.0157150783221
Herato19 Herato1901 825001.0 825000.0 0.0219207242965 0.0122436705626 0.0207590001817 0.041682790608
Herato19 Herato1901 875001.0 875000.0 0.0333435306937 0.0183492205691 0.0306192796957 0.0620357216382
Herato19 Herato1901 925001.0 925000.0 0.0977967801384 0.041276127617 0.0882253752913 0.200676027082
Herato19 Herato1901 975001.0 975000.0 0.111340838404 0.059762340413 0.106693829351 0.19099864663
Herato19 Herato1901 1025001.0 1025000.0 0.0724118499822 0.0332046014735 0.062699254486 0.151807162199
Herato19 Herato1901 1075001.0 1075000.0 0.05562769826 0.036790452458 0.052093269826 0.100534898812
Herato19 Herato1901 1125001.0 1125000.0 0.0664857355633 0.0351225280443 0.0604024916854 0.132457235768
Herato19 Herato1901 1175001.0 1175000.0 0.0637507034628 0.0466245061451 0.0628281830372 0.086231038107
Herato19 Herato1901 1225001.0 1225000.0 0.0598709215678 0.038570115424 0.0571938067644 0.095842856974
Herato19 Herato1901 1275001.0 1275000.0 0.0278700519654 0.024516958969 0.0277337493104 0.0316561952294
Herato19 Herato1901 1325001.0 1325000.0 0.03367126823 0.0222960215794 0.03305408409 0.050215717472
Herato19 Herato1901 1375001.0 1375000.0 0.0311835725976 0.0253106999912 0.03085689405 0.0400628957286
Herato19 Herato1901 1425001.0 1425000.0 0.038576526798 0.031480840804 0.038160331946 0.047416511388
Herato19 Herato1901 1475001.0 1475000.0 0.0405708026206 0.0328793602402 0.0401972850126 0.0509036728986
Herato19 Herato1901 1525001.0 1525000.0 0.0246303159284 0.018680588392 0.024257548481 0.03259021447
Herato19 Herato1901 1575001.0 1575000.0 0.0450889225901 0.0269968147024 0.0456210144863 0.0647409065988
Herato19 Herato1901 1625001.0 1625000.0 0.02591100794 0.023934752562 0.025879808726 0.02801765076
Herato19 Herato1901 1675001.0 1675000.0 0.031408025356 0.0262329087274 0.0316468258054 0.036927371046
Herato19 Herato1901 1725001.0 1725000.0 0.0311572357913 0.0236277102342 0.0308551844218 0.0413400618006
Herato19 Herato1901 1775001.0 1775000.0 0.0257123616596 0.0198811170106 0.0253970765047 0.033187678545
Herato19 Herato1901 1825001.0 1825000.0 0.027979598133 0.0240785545112 0.0278774329118 0.0324300546792
Herato19 Herato1901 1875001.0 1875000.0 0.0159424014329 0.0136179004207 0.0158943674577 0.0184458679608
Herato19 Herato1901 1925001.0 1925000.0 0.0185813908234 0.0144833559118 0.0184525171318 0.0236997142982
Herato19 Herato1901 1975001.0 1975000.0 0.0402826400657 0.0323187901687 0.0398607271729 0.0508154505308
Herato19 Herato1901 2025001.0 2025000.0 0.0104815954064 0.0067167390489 0.0099352239684 0.0167379972332
Herato19 Herato1901 2075001.0 2075000.0 0.011272518685 0.00950109775598 0.0112898664509 0.0130453735072
Herato19 Herato1901 2125001.0 2125000.0 0.0100104701564 0.00780411704291 0.00987521556934 0.012773046704
Herato19 Herato1901 2175001.0 2175000.0 0.0282551218823 0.0174243689748 0.0274546673872 0.0446951842487
Herato19 Herato1901 2225001.0 2225000.0 0.00943063717472 0.00811121583425 0.00933902870372 0.0110833252138
Herato19 Herato1901 2275001.0 2275000.0 0.0157611511323 0.0128409311091 0.0156390952835 0.0196246131084
Herato19 Herato1901 2325001.0 2325000.0 0.0257632874428 0.0158313600302 0.024672138086 0.0410040205496
Herato19 Herato1901 2375001.0 2375000.0 0.0260988761869 0.0198029033159 0.0256814944223 0.0350003276456
Herato19 Herato1901 2425001.0 2425000.0 0.031047406086 0.026402329632 0.030879220256 0.0366193471
Herato19 Herato1901 2475001.0 2475000.0 0.046392680104 0.041602209148 0.04625431364 0.052138590896
Herato19 Herato1901 2525001.0 2525000.0 0.0301428056254 0.0243601539317 0.0298522200306 0.0377270030578
Herato19 Herato1901 2575001.0 2575000.0 0.0189942461638 0.0159113328048 0.0189236705082 0.0230644105842
Herato19 Herato1901 2625001.0 2625000.0 0.0361103928995 0.0183780313119 0.0288913421505 0.0926202350522
Herato19 Herato1901 2675001.0 2675000.0 0.035702459962 0.029977786854 0.03555833256 0.042083465664
Herato19 Herato1901 2725001.0 2725000.0 0.0301284693375 0.0205334915223 0.0290271747999 0.0459233458881
Herato19 Herato1901 2775001.0 2775000.0 0.0249906637034 0.0171670966913 0.0241131998656 0.03751527991
Herato19 Herato1901 2825001.0 2825000.0 0.0438911244286 0.0287732237002 0.0422614563407 0.0697720199172
Herato19 Herato1901 2875001.0 2875000.0 0.0298205141404 0.0257687508072 0.0294767190296 0.0346105100786
Herato19 Herato1901 2925001.0 2925000.0 0.0477494790484 0.0315616191005 0.0452812677988 0.07893756942
Herato19 Herato1901 2975001.0 2975000.0 0.0392201206054 0.0316040283533 0.0390900073368 0.0489315538024
Herato19 Herato1901 3025001.0 3025000.0 0.0261057808826 0.0242616981974 0.0261516055636 0.028259859831
Herato19 Herato1901 3075001.0 3075000.0 0.0292128701628 0.0237641025736 0.0292798039976 0.0350404229342
Herato19 Herato1901 3125001.0 3125000.0 0.0481129977404 0.0286451512308 0.0443274180374 0.0872614513644
Herato19 Herato1901 3175001.0 3175000.0 0.0716978556583 0.033795622376 0.0694700501924 0.130782588871
Herato19 Herato1901 3225001.0 3225000.0 0.0380178751588 0.0204785820357 0.0376452619398 0.0587933078126
Herato19 Herato1901 3275001.0 3275000.0 0.0236149559496 0.0212817599298 0.0235424422332 0.0261525262206
Herato19 Herato1901 3325001.0 3325000.0 0.0273115214597 0.0243305319442 0.0272797887737 0.0303963991102
Herato19 Herato1901 3375001.0 3375000.0 0.027498370864 0.0238486672314 0.027470165352 0.031932277602
Herato19 Herato1901 3425001.0 3425000.0 0.025906220796 0.014287969945 0.0231461536222 0.052614153616
Herato19 Herato1901 3455158.5 3475000.0 0.0699558267464 0.0544965408808 0.0696173706273 0.0900708529724
Herato19 Herato1902 3485317.0 25000.0 0.0306996617054 0.0252462431399 0.0303334628782 0.038010888543
Herato19 Herato1902 3535317.0 75000.0 0.0411275265012 0.0346792986717 0.0406639125386 0.0502841339968
Herato19 Herato1902 3585317.0 125000.0 0.0968251186353 0.0619594894158 0.0944198518065 0.1441456215
Herato19 Herato1902 3635317.0 175000.0 0.0513472728574 0.0448994563576 0.049875250778 0.0640428419514
Herato19 Herato1902 3685317.0 225000.0 0.044722270778 0.035555776347 0.045181609388 0.053191425784
Herato19 Herato1902 3735317.0 275000.0 0.049825782158 0.0331338291268 0.047615423092 0.078442539576
Herato19 Herato1902 3782195.5 325000.0 0.0449783357026 0.0329818807939 0.043559309918 0.0619662325786
Herato19 Herato1903 3829075.0 25000.0 0.043462018644 0.040771964908 0.043443869424 0.046728524296
Herato19 Herato1903 3879075.0 75000.0 0.0569221832518 0.037876902378 0.0550244232262 0.0878520958832
Herato19 Herato1903 3929075.0 125000.0 0.0573259567156 0.0423389028465 0.0549879825108 0.0850141229836
Herato19 Herato1903 3979075.0 175000.0 0.0239708059868 0.0215897368692 0.0240390813946 0.0267080545264
Herato19 Herato1903 4029075.0 225000.0 0.0406721405304 0.03120657748 0.0387640209434 0.062462547692
Herato19 Herato1903 4079075.0 275000.0 0.046577772878 0.041543435506 0.046333188392 0.052173311782
Herato19 Herato1903 4129075.0 325000.0 0.026841847399 0.0228874882378 0.026614300779 0.0317640826384
Herato19 Herato1903 4179075.0 375000.0 0.0320820774957 0.023626304896 0.0313045087434 0.0438604297955
Herato19 Herato1903 4217966.0 425000.0 0.0270805637304 0.021615222342 0.0266890499816 0.0331673580157
Herato19 Herato1904 4256858.0 25000.0 0.0448745937092 0.0367051391158 0.0444774936196 0.0554267630894
Herato19 Herato1904 4306858.0 75000.0 0.0215133383 0.017366877052 0.02137695712 0.02614911226
Herato19 Herato1904 4356858.0 125000.0 0.0399892497784 0.0356751741384 0.039977121524 0.0444009791468
Herato19 Herato1904 4406858.0 175000.0 0.0218588126644 0.0191387474661 0.0216735153448 0.02806797118
Herato19 Herato1904 4456858.0 225000.0 0.02416866056 0.021643193218 0.024250223546 0.026488140694
Herato19 Herato1904 4506858.0 275000.0 0.0130729427038 0.0115595668074 0.01301165033 0.0149193287986
Herato19 Herato1904 4556858.0 325000.0 0.0131759213292 0.0110864200756 0.0133935762493 0.0151267050356
Herato19 Herato1904 4606858.0 375000.0 0.0206392877907 0.0110310148675 0.0193083998397 0.0366893762794
Herato19 Herato1904 4656858.0 425000.0 0.0588046910628 0.0383256347472 0.0552897318635 0.100974861665
Herato19 Herato1904 4706858.0 475000.0 0.0215664717928 0.0161015718588 0.021407682712 0.0289011681736
Herato19 Herato1904 4756858.0 525000.0 0.0276880359932 0.0210528221871 0.0277605289136 0.033863568384
Herato19 Herato1904 4806858.0 575000.0 0.0853988571682 0.0559041258904 0.078853656211 0.142396912869
Herato19 Herato1904 4856858.0 625000.0 0.0490132456642 0.0430596350694 0.0490717760316 0.0557919261826
Herato19 Herato1904 4906858.0 675000.0 0.0327495864439 0.0254787955379 0.0321640896462 0.0438548344754
Herato19 Herato1904 4956858.0 725000.0 0.0238460760794 0.0144905848333 0.0234691471688 0.0354456788016
Herato19 Herato1904 5006858.0 775000.0 0.0180663053504 0.0148088283336 0.0179551616983 0.022242202156
Herato19 Herato1904 5056858.0 825000.0 0.0234713745108 0.0152525233648 0.0227305703574 0.0385316307758
Herato19 Herato1904 5106858.0 875000.0 0.0088094000024 0.0066445064318 0.0086976395118 0.0116419517474
Herato19 Herato1904 5156858.0 925000.0 0.0131597239667 0.0103971379045 0.0132102496238 0.0161658767441
Herato19 Herato1904 5206858.0 975000.0 0.0413469702982 0.0229770466472 0.0392820709614 0.0725550407958
Herato19 Herato1904 5256858.0 1025000.0 0.0252880669733 0.00650487540364 0.0243373887254 0.0555428803264
Herato19 Herato1904 5306858.0 1075000.0 0.016155549461 0.0107151438041 0.0158994404059 0.0237960486683
Herato19 Herato1904 5356858.0 1125000.0 0.0267169289282 0.0226669549412 0.0265987638821 0.0321051312822
Herato19 Herato1904 5406858.0 1175000.0 0.0560700067852 0.0411069373322 0.0566087530476 0.0654200293552
Herato19 Herato1904 5456858.0 1225000.0 0.0283838596602 0.0227699056572 0.0285804830238 0.0323243886122
Herato19 Herato1904 5506858.0 1275000.0 0.0514621847016 0.0390230337668 0.0506209233152 0.0682763279864
Herato19 Herato1904 5556858.0 1325000.0 0.0650045191294 0.0447611997984 0.0619571379906 0.09866709371
Herato19 Herato1904 5606858.0 1375000.0 0.0512172548448 0.0320990428441 0.0499662911048 0.0792227145828
Herato19 Herato1904 5656858.0 1425000.0 0.047364527643 0.0352304915342 0.0466265648302 0.0661756351436
Herato19 Herato1904 5706858.0 1475000.0 0.0554123756626 0.0283460225781 0.0538962536995 0.0936581002764
Herato19 Herato1904 5756858.0 1525000.0 0.0786965411942 0.0401741744375 0.0722356767017 0.154052284142
Herato19 Herato1904 5806858.0 1575000.0 0.0151578742536 0.0113027449354 0.0151079087462 0.0198647599068
Herato19 Herato1904 5856858.0 1625000.0 0.03501490435 0.0231631735957 0.0337883622806 0.050867401486
Herato19 Herato1904 5906858.0 1675000.0 0.0727098108571 0.0457756574876 0.0700807446566 0.118018241591
Herato19 Herato1904 5956858.0 1725000.0 0.01628927378 0.01505037782 0.01619257098 0.01758947376
Herato19 Herato1904 6006858.0 1775000.0 0.00918194741608 0.00808100483777 0.00914256556356 0.0105469575866
Herato19 Herato1904 6056858.0 1825000.0 0.0159481303002 0.0141802695023 0.0159075659431 0.0180595677812
Herato19 Herato1904 6106858.0 1875000.0 0.0380574517733 0.0300201619204 0.0364167109003 0.0547103155277
Herato19 Herato1904 6156858.0 1925000.0 0.014433852012 0.011215789662 0.013901686652 0.020947458506
Herato19 Herato1904 6206858.0 1975000.0 0.0130322396119 0.0105599072021 0.0130204727335 0.0160121379956
Herato19 Herato1904 6256858.0 2025000.0 0.0141992887446 0.0116433107301 0.01404279909 0.0175620351894
Herato19 Herato1904 6306858.0 2075000.0 0.019598843984 0.0141762054903 0.0196073695833 0.0268801469916
Herato19 Herato1904 6356858.0 2125000.0 0.0257361098652 0.0204625853862 0.0254544146056 0.0329386013248
Herato19 Herato1904 6406858.0 2175000.0 0.0349940849504 0.0213303114544 0.0336701023206 0.0586367419758
Herato19 Herato1904 6456858.0 2225000.0 0.0147528076052 0.0133400509636 0.0147610679398 0.015864815892
Herato19 Herato1904 6506858.0 2275000.0 0.0120724072148 0.010611693159 0.0120610725132 0.0137372925524
Herato19 Herato1904 6556858.0 2325000.0 0.014237659603 0.0116710110353 0.0141284202849 0.0171242031084
Herato19 Herato1904 6606858.0 2375000.0 0.0204807757527 0.0160759360938 0.0200260693806 0.0270884077977
Herato19 Herato1904 6656858.0 2425000.0 0.0121123096961 0.00818864468793 0.0111849816863 0.0208090296435
Herato19 Herato1904 6706858.0 2475000.0 0.0115248911232 0.00881482756162 0.011354246407 0.0156853308864
Herato19 Herato1904 6756858.0 2525000.0 0.0061967837724 0.0051806028885 0.0061429858564 0.0072623910362
Herato19 Herato1904 6806858.0 2575000.0 0.0184560302613 0.0125615341481 0.0179301157605 0.0267611626345
Herato19 Herato1904 6856858.0 2625000.0 0.053036719575 0.030026854487 0.0510066357016 0.0874157865302
Herato19 Herato1904 6906858.0 2675000.0 0.0337716752855 0.0230679541248 0.0316063635061 0.0533896925144
Herato19 Herato1904 6956858.0 2725000.0 0.0249518331944 0.019799394416 0.0240733961739 0.0358676538842
Herato19 Herato1904 7006858.0 2775000.0 0.0353230713491 0.0307437114068 0.0353117390319 0.0406290465082
Herato19 Herato1904 7056858.0 2825000.0 0.037755464619 0.0297875600446 0.037351561151 0.048116972258
Herato19 Herato1904 7106858.0 2875000.0 0.030728782341 0.0191746647513 0.0291532533056 0.050346445003
Herato19 Herato1904 7156858.0 2925000.0 0.0441061180372 0.0264804660931 0.0414145161192 0.07837759058
Herato19 Herato1904 7206858.0 2975000.0 0.0449479974201 0.0229734074044 0.043466601731 0.0749172150399
Herato19 Herato1904 7256858.0 3025000.0 0.0418523484218 0.0283995346499 0.0398375335825 0.0642506367782
Herato19 Herato1904 7306858.0 3075000.0 0.0373696937994 0.0229840230157 0.0362825792244 0.0616312830528
Herato19 Herato1904 7356858.0 3125000.0 0.0165117327603 0.0138604282984 0.0164134790369 0.0196871327202
Herato19 Herato1904 7406858.0 3175000.0 0.0362656550654 0.0277084480708 0.035419044884 0.048607887324
Herato19 Herato1904 7456858.0 3225000.0 0.0477804445152 0.0255255436865 0.0447780377525 0.0890029050955
Herato19 Herato1904 7506858.0 3275000.0 0.0420589463302 0.0380476701129 0.041765562248 0.0471470603505
Herato19 Herato1904 7556858.0 3325000.0 0.0616319742002 0.0450132331729 0.0591360170682 0.0878426346824
Herato19 Herato1904 7606858.0 3375000.0 0.039147780144 0.0358764560923 0.0388129421918 0.0434511074384
Herato19 Herato1904 7656858.0 3425000.0 0.0655926381826 0.0406936725566 0.0654137024262 0.104356735561
Herato19 Herato1904 7706858.0 3475000.0 0.0189101367376 0.016005294976 0.0187262086005 0.02280788128
Herato19 Herato1904 7756858.0 3525000.0 0.0220480370428 0.0194892279462 0.0220061302768 0.024807923962
Herato19 Herato1904 7806858.0 3575000.0 0.0442750122802 0.032704199324 0.0431384173989 0.060804359272
Herato19 Herato1904 7856858.0 3625000.0 0.0335138612163 0.0281228275399 0.0332479941816 0.0401932947688
Herato19 Herato1904 7906858.0 3675000.0 0.019643024438 0.017727531892 0.019688973352 0.02157239245
Herato19 Herato1904 7956858.0 3725000.0 0.0465769411264 0.0363089915169 0.045946326749 0.0605883594868
Herato19 Herato1904 8006858.0 3775000.0 0.042520483538 0.031800113272 0.042269834348 0.060551856244
Herato19 Herato1904 8056858.0 3825000.0 0.0376480931362 0.0326406027801 0.0374633228682 0.044438189001
Herato19 Herato1904 8106858.0 3875000.0 0.0844763294317 0.0318779011494 0.0750751216756 0.180808092572
Herato19 Herato1904 8156858.0 3925000.0 0.0471251923835 0.0184574227038 0.0410805475644 0.111695267213
Herato19 Herato1904 8206858.0 3975000.0 0.0843137988354 0.0457267905901 0.0791341460909 0.151547840102
Herato19 Herato1904 8256858.0 4025000.0 0.038966490567 0.0284617388007 0.0380009563375 0.058877074739
Herato19 Herato1904 8306858.0 4075000.0 0.04023350697 0.036306727036 0.039725926946 0.04687110642
Herato19 Herato1904 8356858.0 4125000.0 0.0420293415142 0.032861928549 0.0420045619076 0.0528144510623
Herato19 Herato1904 8406858.0 4175000.0 0.030965756126 0.026367493565 0.0307098030728 0.0374176589856
Herato19 Herato1904 8456858.0 4225000.0 0.0572880405706 0.027093860818 0.0544619155546 0.100900409846
Herato19 Herato1904 8506858.0 4275000.0 0.029092180423 0.0194330920575 0.0272209430138 0.0487268080624
Herato19 Herato1904 8556858.0 4325000.0 0.0412240224938 0.0273321685725 0.0399479249894 0.0637220266344
Herato19 Herato1904 8606858.0 4375000.0 0.0531719486065 0.0375304864753 0.052060008742 0.0741274658062
Herato19 Herato1904 8656858.0 4425000.0 0.043102151932 0.0353441276336 0.04329807539 0.052445768388
Herato19 Herato1904 8706858.0 4475000.0 0.044826483251 0.0366750897026 0.0447504390438 0.056220528728
Herato19 Herato1904 8756858.0 4525000.0 0.0389019149812 0.0356871853146 0.038777459045 0.042468139088
Herato19 Herato1904 8806858.0 4575000.0 0.0341904275708 0.0165519267485 0.0273230054372 0.0750872418936
Herato19 Herato1904 8856858.0 4625000.0 0.0438138824258 0.035528354137 0.0428914891177 0.0561685380174
Herato19 Herato1904 8906858.0 4675000.0 0.0327509775421 0.0233739779813 0.0314646867771 0.0522966184571
Herato19 Herato1904 8956858.0 4725000.0 0.0257521065291 0.0232844244864 0.0257631199808 0.0280993478876
Herato19 Herato1904 9006858.0 4775000.0 0.0328381476532 0.028024700282 0.0326877899088 0.038290277574
Herato19 Herato1904 9056858.0 4825000.0 0.0466494917048 0.0324729220173 0.0442277773466 0.07668991651
Herato19 Herato1904 9106858.0 4875000.0 0.033140450196 0.0299857148818 0.0331650999588 0.036642234023
Herato19 Herato1904 9156858.0 4925000.0 0.0208437901802 0.0183020372818 0.0207234689053 0.0250517428586
Herato19 Herato1904 9206858.0 4975000.0 0.0157255840244 0.0137926770884 0.015636168828 0.0178691503862
Herato19 Herato1904 9256858.0 5025000.0 0.0152083976732 0.0139734768644 0.0151761265664 0.016503252804
Herato19 Herato1904 9306858.0 5075000.0 0.0243618403426 0.0193400317097 0.0241217432936 0.030722926656
Herato19 Herato1904 9356858.0 5125000.0 0.036695506444 0.0275665919631 0.0353579928182 0.05253257662
Herato19 Herato1904 9406858.0 5175000.0 0.0181548644672 0.0156802795211 0.0181528731916 0.0205223434728
Herato19 Herato1904 9456858.0 5225000.0 0.0123053025406 0.0101757895183 0.0122066501159 0.015350109332
Herato19 Herato1904 9506858.0 5275000.0 0.00786871455114 0.00657563577637 0.00747435439858 0.00981603536696
Herato19 Herato1904 9556858.0 5325000.0 0.0534381146701 0.0267862028147 0.0487187407744 0.104706997811
Herato19 Herato1904 9606858.0 5375000.0 0.0489242566946 0.0225191450695 0.0444851716747 0.0984673679499
Herato19 Herato1904 9656858.0 5425000.0 0.0173601301041 0.0114792784023 0.0167932883597 0.0262972736022
Herato19 Herato1904 9706858.0 5475000.0 0.0100791052162 0.00862870178335 0.0100214531502 0.0118117400522
Herato19 Herato1904 9756858.0 5525000.0 0.021035101444 0.0106338364341 0.0200974778949 0.0365361489108
Herato19 Herato1904 9806858.0 5575000.0 0.00844742322896 0.00655028326527 0.00832634856272 0.01099510087
Herato19 Herato1904 9856858.0 5625000.0 0.009904851032 0.00869602284089 0.00986103955912 0.0115413619146
Herato19 Herato1904 9906858.0 5675000.0 0.0104623174741 0.00847848486654 0.0103587061408 0.0129588331243
Herato19 Herato1904 9956858.0 5725000.0 0.0159260902653 0.0113351157128 0.0156108891817 0.0227109069756
Herato19 Herato1904 10006858.0 5775000.0 0.0104866708414 0.00855092492326 0.0103675938906 0.0130039160036
Herato19 Herato1904 10056858.0 5825000.0 0.0499667390686 0.0252770852845 0.0469337765821 0.0834215223558
Herato19 Herato1904 10106858.0 5875000.0 0.0160033010204 0.0130800316294 0.0158188925862 0.0193821844356
Herato19 Herato1904 10156858.0 5925000.0 0.0405857361413 0.0188189922449 0.0393879912288 0.071119524397
Herato19 Herato1904 10206858.0 5975000.0 0.0702410311979 0.0419963245268 0.0678446845398 0.11292509034
Herato19 Herato1904 10256858.0 6025000.0 0.0422863667872 0.0287905363782 0.0413518891726 0.058693349523
Herato19 Herato1904 10306858.0 6075000.0 0.00304730249802 0.00240842277771 0.00303064483039 0.0038777638833
Herato19 Herato1904 10356858.0 6125000.0 0.0575704142098 0.0288002239457 0.0533518432928 0.121318134937
Herato19 Herato1904 10406858.0 6175000.0 0.017503392558 0.0129015071753 0.0168572937116 0.0259145322392
Herato19 Herato1904 10456858.0 6225000.0 0.0331675158541 0.0162118252325 0.0220862340021 0.0699795314387
Herato19 Herato1904 10506858.0 6275000.0 0.0344435642096 0.0194059632894 0.0337007587502 0.0543339770772
Herato19 Herato1904 10556858.0 6325000.0 0.0270536526865 0.0151017900719 0.023068583754 0.0590161057482
Herato19 Herato1904 10606858.0 6375000.0 0.0483324360845 0.0231130089956 0.0468975325867 0.0831685476067
Herato19 Herato1904 10656858.0 6425000.0 0.0434485140891 0.0340375203748 0.0427937345317 0.055567917643
Herato19 Herato1904 10706858.0 6475000.0 0.0327127281084 0.0193972909548 0.0293932322314 0.0534788154882
Herato19 Herato1904 10756858.0 6525000.0 0.0276781537961 0.0194864496192 0.0270587721265 0.039832889594
Herato19 Herato1904 10806858.0 6575000.0 0.018490217064 0.0130307546304 0.0168599973764 0.0260962639328
Herato19 Herato1904 10856858.0 6625000.0 0.029826830871 0.0241211734856 0.0294945733162 0.0373157148084
Herato19 Herato1904 10906858.0 6675000.0 0.035753034712 0.032490004982 0.0357938503 0.039222482328
Herato19 Herato1904 10956858.0 6725000.0 0.0315687667852 0.0260979693791 0.0311603781834 0.039531076031
Herato19 Herato1904 11006858.0 6775000.0 0.019052301884 0.0169682287654 0.0188905411764 0.0219426785716
Herato19 Herato1904 11056858.0 6825000.0 0.0908836894142 0.0545763691621 0.0869925006721 0.149128631504
Herato19 Herato1904 11106858.0 6875000.0 0.0335816008344 0.0210192578734 0.0328302966044 0.0540836977644
Herato19 Herato1904 11156858.0 6925000.0 0.0587759460734 0.0422842968365 0.0580685584612 0.0826311493226
Herato19 Herato1904 11206858.0 6975000.0 0.0360912053372 0.0220241934219 0.033979842653 0.0655182485204
Herato19 Herato1904 11256858.0 7025000.0 0.0261956426434 0.0181163442801 0.0259386165189 0.0345381031504
Herato19 Herato1904 11306858.0 7075000.0 0.0489872594937 0.0286389401849 0.0466037591942 0.084648304021
Herato19 Herato1904 11356858.0 7125000.0 0.073967010006 0.0405774697567 0.0710678612841 0.12840591422
Herato19 Herato1904 11406858.0 7175000.0 0.0523919788356 0.0368438696901 0.0496946354013 0.0764668122502
Herato19 Herato1904 11456858.0 7225000.0 0.0323830970014 0.0223561345962 0.0319562076146 0.045518251006
Herato19 Herato1904 11506858.0 7275000.0 0.0258314709424 0.0221528732714 0.0259004352206 0.0296462536218
Herato19 Herato1904 11556858.0 7325000.0 0.040944233208 0.035823550298 0.040969615054 0.0467569558
Herato19 Herato1904 11606858.0 7375000.0 0.0554647286358 0.0413174301459 0.0549547600856 0.0752321264746
Herato19 Herato1904 11656858.0 7425000.0 0.0531797770804 0.0406717057584 0.051622487429 0.075209572016
Herato19 Herato1904 11706858.0 7475000.0 0.0278815207 0.0270010201 0.0278944986 0.0287859805
Herato19 Herato1904 11756858.0 7525000.0 0.025645192776 0.021920960116 0.02582763816 0.02944184472
Herato19 Herato1904 11806858.0 7575000.0 0.0343820616757 0.02788423742 0.0342636521873 0.0432523798234
Herato19 Herato1904 11856858.0 7625000.0 0.0217115712182 0.0187183873268 0.0217662338508 0.024847745398
Herato19 Herato1904 11906858.0 7675000.0 0.0383273539742 0.0282528121785 0.0358276966335 0.0557098848311
Herato19 Herato1904 11956858.0 7725000.0 0.035686125652 0.0305596288215 0.0355455101296 0.0426234491444
Herato19 Herato1904 12006858.0 7775000.0 0.0365797084008 0.0246618679741 0.036451108811 0.0501834231054
Herato19 Herato1904 12056858.0 7825000.0 0.0294664858782 0.0205806137285 0.0289632303276 0.039882472658
Herato19 Herato1904 12106858.0 7875000.0 0.0206068565116 0.0156042107988 0.0203046978539 0.0258113971266
Herato19 Herato1904 12156858.0 7925000.0 0.0157789284453 0.0140867886301 0.0156611541374 0.0176479407526
Herato19 Herato1904 12206858.0 7975000.0 0.0192950997304 0.0167882625874 0.0193145913272 0.0220846204704
Herato19 Herato1904 12256858.0 8025000.0 0.0362880991616 0.024257380189 0.0354449173139 0.0544260768838
Herato19 Herato1904 12306858.0 8075000.0 0.052699044124 0.0225829013231 0.0515533570597 0.0931443662314
Herato19 Herato1904 12356858.0 8125000.0 0.044102623674 0.0224350546543 0.0378800201234 0.100751258903
Herato19 Herato1904 12406858.0 8175000.0 0.0330272686146 0.0237478249688 0.0320899107476 0.0464171076734
Herato19 Herato1904 12456858.0 8225000.0 0.027869827995 0.0196406264901 0.0261661482246 0.0433854797515
Herato19 Herato1904 12506858.0 8275000.0 0.039342960201 0.0263558003352 0.0373248941386 0.0665029126568
Herato19 Herato1904 12556858.0 8325000.0 0.05792822096 0.0394260064762 0.0547412572832 0.091283170543
Herato19 Herato1904 12596711.0 8375000.0 0.0275512837205 0.0241466754494 0.0276603319262 0.0314611543123
Herato19 Herato1905 12636565.0 25000.0 0.151345416759 0.078389306428 0.14204113009 0.286904278598
Herato19 Herato1905 12686565.0 75000.0 0.0267887820606 0.0240207552231 0.0267044052126 0.0299285780714
Herato19 Herato1905 12736565.0 125000.0 0.03457363941 0.029816835494 0.0343825636786 0.04000676355
Herato19 Herato1905 12786565.0 175000.0 0.065636010324 0.0490622810548 0.0645099668602 0.0854674203996
Herato19 Herato1905 12836565.0 225000.0 0.05214689508 0.04569841416 0.0519286572 0.05670398104
Herato19 Herato1905 12886565.0 275000.0 0.0564214678498 0.0316495665174 0.0555863263612 0.0986975657986
Herato19 Herato1905 12927127.0 325000.0 0.0467472540361 0.0425767095242 0.0464620918995 0.051262505579
Herato19 Herato1906 12967690.0 25000.0 0.0634159468134 0.0370044915571 0.0607695291803 0.107320584991
Herato19 Herato1906 13017690.0 75000.0 0.0437346312496 0.0393971209262 0.0434571365568 0.0484951590644
Herato19 Herato1906 13067690.0 125000.0 0.16741513368 0.086082149786 0.15634456956 0.303472330908
Herato19 Herato1906 13117690.0 175000.0 0.064234903706 0.047654567908 0.062777533574 0.088970147976
Herato19 Herato1906 13167690.0 225000.0 0.0507937952023 0.0310522260241 0.0487659774328 0.0811883451884
Herato19 Herato1906 13217690.0 275000.0 0.02179161228 0.012948185352 0.01776031214 0.041404245902
Herato19 Herato1906 13267690.0 325000.0 0.008366751744 0.007788232704 0.008283783168 0.009082109952
Herato19 Herato1906 13317690.0 375000.0 0.0542106273018 0.0374527277597 0.0533369755292 0.0729543057572
Herato19 Herato1906 13367690.0 425000.0 0.0321611123148 0.0236137196787 0.0303779858369 0.0511604760196
Herato19 Herato1906 13417690.0 475000.0 0.0367889733432 0.0312444944414 0.0363039106548 0.043733523986
Herato19 Herato1906 13467690.0 525000.0 0.03719152848 0.03259489582 0.03732241698 0.04104676824
Herato19 Herato1906 13517690.0 575000.0 0.048308528456 0.041636680178 0.04789149332 0.056317687764
Herato19 Herato1906 13567690.0 625000.0 0.049655265208 0.046019535532 0.049687740974 0.053123929112
Herato19 Herato1906 13617690.0 675000.0 0.0209833871728 0.0197580002165 0.0209622189395 0.0222234114376
Herato19 Herato1906 13667690.0 725000.0 0.0147887483734 0.0134534033243 0.0147044164518 0.016304367463
Herato19 Herato1906 13717690.0 775000.0 0.0503094330208 0.0368932319052 0.0476101062154 0.07327051071
Herato19 Herato1906 13767690.0 825000.0 0.0376151470694 0.0327977006278 0.0374983124779 0.0428480708626
Herato19 Herato1906 13817690.0 875000.0 0.05998226357 0.052601813036 0.060212561242 0.067782302868
Herato19 Herato1906 13867690.0 925000.0 0.0396114979958 0.0347247516343 0.039878152174 0.0445158783912
Herato19 Herato1906 13917690.0 975000.0 0.031497380868 0.024548713974 0.030825371418 0.041930224114
Herato19 Herato1906 13967690.0 1025000.0 0.0663229754374 0.0423826525955 0.0629799851947 0.112236766325
Herato19 Herato1906 14017690.0 1075000.0 0.0263316047209 0.0247604611837 0.0261965079592 0.0288224131468
Herato19 Herato1906 14067690.0 1125000.0 0.066885359042 0.0533024043466 0.066770956102 0.0801401205
Herato19 Herato1906 14117690.0 1175000.0 0.0559638347862 0.0285574964621 0.0526392607821 0.106899483544
Herato19 Herato1906 14167690.0 1225000.0 0.0424923612707 0.0329540198076 0.0414825728898 0.05593865121
Herato19 Herato1906 14217690.0 1275000.0 0.0359887718926 0.0221639140343 0.034145416534 0.0618580479366
Herato19 Herato1906 14267690.0 1325000.0 0.0693583228935 0.045126414497 0.0675291945285 0.104726185936
Herato19 Herato1906 14317690.0 1375000.0 0.0403726093947 0.0172706149439 0.0400633587672 0.07944647131
Herato19 Herato1906 14367399.5 1425000.0 0.0242989759428 0.0204895405687 0.0241518562901 0.0288635501493
Herato19 Herato1907 14417110.0 25000.0 0.0257223182303 0.0124559974788 0.0250756740035 0.0462280799231
Herato19 Herato1907 14452381.0 75000.0 0.0117544712297 0.0102899057541 0.0117257542596 0.0132221135235
Herato19 Herato1908 14487653.0 25000.0 0.0782150766716 0.0498352043537 0.075222289835 0.127050586156
Herato19 Herato1908 14537653.0 75000.0 0.057764812033 0.0343604464881 0.0567170392438 0.086806046103
Herato19 Herato1908 14587653.0 125000.0 0.033623075946 0.025627316356 0.033682960464 0.043472892596
Herato19 Herato1908 14637653.0 175000.0 0.0379244043068 0.0279865986588 0.0368235098772 0.0543526380212
Herato19 Herato1908 14687653.0 225000.0 0.0246377435735 0.0209667523364 0.0245134011964 0.0287692737992
Herato19 Herato1908 14737653.0 275000.0 0.0467528652248 0.0288952076522 0.0452565107616 0.0752191236918
Herato19 Herato1908 14787653.0 325000.0 0.0270456774118 0.0238259000822 0.026897278058 0.030801826524
Herato19 Herato1908 14837653.0 375000.0 0.0196588132236 0.0168288148493 0.0190830137097 0.023587912214
Herato19 Herato1908 14887653.0 425000.0 0.03742025603 0.034321292124 0.03742662818 0.040644379242
Herato19 Herato1908 14937653.0 475000.0 0.042037326846 0.0362283824802 0.041927881246 0.048631770604
Herato19 Herato1908 14987653.0 525000.0 0.067071105886 0.042791731964 0.06567796334 0.102318624536
Herato19 Herato1908 15037653.0 575000.0 0.0476963715036 0.0302636126281 0.0450614203738 0.0807689764884
Herato19 Herato1908 15087653.0 625000.0 0.017291172055 0.0134957090119 0.0168745275224 0.0223018386916
Herato19 Herato1908 15137653.0 675000.0 0.0147046581094 0.012932809328 0.014698738618 0.0166438146108
Herato19 Herato1908 15187653.0 725000.0 0.013034110158 0.01100663371 0.013132130168 0.015226743306
Herato19 Herato1908 15237653.0 775000.0 0.0323751877472 0.0192839610455 0.0284070560548 0.0593593286956
Herato19 Herato1908 15287653.0 825000.0 0.038295710312 0.0238026017452 0.0374520981576 0.054984155758
Herato19 Herato1908 15337653.0 875000.0 0.0481293193898 0.0401911908188 0.0475201112788 0.0660016078452
Herato19 Herato1908 15387653.0 925000.0 0.035002988772 0.028217827924 0.034982335766 0.041661595252
Herato19 Herato1908 15437653.0 975000.0 0.0504688298634 0.030403874646 0.0470608940626 0.0909427144392
Herato19 Herato1908 15487653.0 1025000.0 0.03448718248 0.0304614540934 0.0344753545274 0.03857092472
Herato19 Herato1908 15537653.0 1075000.0 0.0791096837176 0.04039653057 0.0762531780174 0.13305010373
Herato19 Herato1908 15587653.0 1125000.0 0.0308515705954 0.0178887796996 0.0300750455175 0.0465555853844
Herato19 Herato1908 15637653.0 1175000.0 0.0269181267738 0.0158970775312 0.0256741178594 0.0475807303284
Herato19 Herato1908 15687653.0 1225000.0 0.059452644821 0.0239452118474 0.0563986247478 0.120016737332
Herato19 Herato1908 15737653.0 1275000.0 0.0422636036436 0.0185536944786 0.0319237060956 0.098761855587
Herato19 Herato1908 15787653.0 1325000.0 0.040053357409 0.0235205411912 0.0387745059778 0.0591382232274
Herato19 Herato1908 15837653.0 1375000.0 0.0415818082586 0.0367350092585 0.0416787865448 0.0469454403612
Herato19 Herato1908 15887653.0 1425000.0 0.0631523312711 0.044059042356 0.0611518289423 0.0965647495664
Herato19 Herato1908 15937653.0 1475000.0 0.049391312046 0.0291381528994 0.0418803943968 0.082661544652
Herato19 Herato1908 15987653.0 1525000.0 0.059950441226 0.0395693656576 0.055614498624 0.095963382032
Herato19 Herato1908 16037653.0 1575000.0 0.0345026354189 0.02387797061 0.0338981720754 0.0492144800873
Herato19 Herato1908 16087653.0 1625000.0 0.0347139438818 0.0268607909443 0.0340551441413 0.0461158204876
Herato19 Herato1908 16137653.0 1675000.0 0.093087588797 0.0489882071619 0.0844093099266 0.177235219847
Herato19 Herato1908 16187653.0 1725000.0 0.131974837423 0.0696272339346 0.124265318249 0.244898646967
Herato19 Herato1908 16237653.0 1775000.0 0.0261089263691 0.0211377940737 0.025532319353 0.032610793077
Herato19 Herato1908 16287653.0 1825000.0 0.035913036079 0.026287324542 0.0350674593118 0.0496692870978
Herato19 Herato1908 16337653.0 1875000.0 0.0252512639686 0.0212958197216 0.0250593393196 0.0299761119566
Herato19 Herato1908 16387653.0 1925000.0 0.043410661776 0.022861718328 0.0424185705996 0.069114900848
Herato19 Herato1908 16437653.0 1975000.0 0.0460274397228 0.0359264834969 0.0454739434356 0.062007262961
Herato19 Herato1908 16487653.0 2025000.0 0.0448985647979 0.0267923605701 0.0441497269038 0.0664848078188
Herato19 Herato1908 16537653.0 2075000.0 0.0404078425055 0.0246593311897 0.0384147031774 0.0675042666527
Herato19 Herato1908 16587653.0 2125000.0 0.0528493038506 0.0211207648778 0.0499528785764 0.110506183917
Herato19 Herato1908 16637653.0 2175000.0 0.0475417499334 0.0226177040501 0.0411306554973 0.0987029025394
Herato19 Herato1908 16687653.0 2225000.0 0.0427125344196 0.0195891804291 0.0406441426304 0.080603106156
Herato19 Herato1908 16737653.0 2275000.0 0.0568282493152 0.0307390228411 0.0543951200888 0.0973644211168
Herato19 Herato1908 16787653.0 2325000.0 0.0621259757427 0.038849357088 0.0591592282833 0.10139742931
Herato19 Herato1908 16837653.0 2375000.0 0.0701550753498 0.0341414546625 0.0659901800016 0.133774763391
Herato19 Herato1908 16887653.0 2425000.0 0.0613693458999 0.0191115880003 0.0568596944528 0.130493840144
Herato19 Herato1908 16937653.0 2475000.0 0.0404628057589 0.0266715795034 0.0384674282045 0.0661258932056
Herato19 Herato1908 16987653.0 2525000.0 0.0176667742102 0.0122329946597 0.0168830015922 0.0274233682466
Herato19 Herato1908 17037653.0 2575000.0 0.0589964726356 0.0277262454013 0.0558631872656 0.10520732666
Herato19 Herato1908 17087653.0 2625000.0 0.0496002090246 0.0302794245901 0.0464463952302 0.0870897747368
Herato19 Herato1908 17137653.0 2675000.0 0.0288471401942 0.0219746990968 0.028674431556 0.0364975576666
Herato19 Herato1908 17187653.0 2725000.0 0.0220505117867 0.0175799801267 0.0215306783766 0.0281198393698
Herato19 Herato1908 17216002.0 2775000.0 0.026488513616 0.021804368931 0.0264157092266 0.0323560652732
Herato19 Herato1909 17232544.0 25000.0 0.0211486762739 0.0177542194366 0.0210938611552 0.0251234735237
Herato19 Herato1910 17270737.0 25000.0 0.0482272429124 0.0261966323283 0.0459326973876 0.0856403972118
Herato19 Herato1910 17320737.0 75000.0 0.0165145473197 0.00928619773744 0.014535859287 0.0383664197146
Herato19 Herato1910 17370737.0 125000.0 0.00519907110958 0.00400012397416 0.00506591817204 0.00708916651544
Herato19 Herato1910 17420737.0 175000.0 0.0268922231369 0.0160670057702 0.0256977047956 0.0424697884255
Herato19 Herato1910 17470737.0 225000.0 0.0028913581998 0.00237074436066 0.0028649565436 0.0034671803938
Herato19 Herato1910 17520737.0 275000.0 0.0138949821298 0.00478092513277 0.0100880099303 0.0433994224976
Herato19 Herato1910 17570737.0 325000.0 0.161321181476 0.0403175137716 0.118696493829 0.490824132975
Herato19 Herato1910 17620737.0 375000.0 0.0323309820956 0.0165189344445 0.0313994160123 0.0534622418196
Herato19 Herato1910 17670737.0 425000.0 0.039470672606 0.03066393211 0.03830741065 0.054961634198
Herato19 Herato1910 17720737.0 475000.0 0.0407522176059 0.0292130929938 0.0350906451557 0.0683538049562
Herato19 Herato1910 17770737.0 525000.0 0.0648808711558 0.0220451539025 0.061822149695 0.128318832196
Herato19 Herato1910 17820737.0 575000.0 0.0380255078263 0.0240203108138 0.0351930281678 0.068767362701
Herato19 Herato1910 17870737.0 625000.0 0.0276984902094 0.0230435232523 0.0274005522192 0.0336292147084
Herato19 Herato1910 17920737.0 675000.0 0.015514348242 0.013458253232 0.015440838984 0.018209894294
Herato19 Herato1910 17970737.0 725000.0 0.0319568990024 0.0185002521726 0.0262859486132 0.0653054888083
Herato19 Herato1910 18020737.0 775000.0 0.0377179859552 0.0234381242988 0.036050783803 0.0603605528318
Herato19 Herato1910 18070737.0 825000.0 0.0223452035661 0.0138144550389 0.0215448639642 0.03859264567
Herato19 Herato1910 18120737.0 875000.0 0.0273627308437 0.0175950897343 0.0251974766949 0.047408573163
Herato19 Herato1910 18170737.0 925000.0 0.0894244136555 0.0420790668229 0.0853473243314 0.163106433663
Herato19 Herato1910 18220737.0 975000.0 0.0463355172379 0.0259308200253 0.0390823143861 0.0918604154674
Herato19 Herato1910 18270737.0 1025000.0 0.0710948261446 0.0399826442806 0.063135122179 0.141398282414
Herato19 Herato1910 18320737.0 1075000.0 0.137439185927 0.0540739359349 0.122886664528 0.305360594672
Herato19 Herato1910 18370737.0 1125000.0 0.0411007611353 0.0306896849376 0.0387655710859 0.0577344977032
Herato19 Herato1910 18420737.0 1175000.0 0.0249865972546 0.0217425111344 0.0247709210096 0.029142509495
Herato19 Herato1910 18470737.0 1225000.0 0.0789337025711 0.0350854374464 0.0741226277747 0.162361702418
Herato19 Herato1910 18520737.0 1275000.0 0.0230965493232 0.01691516512 0.0226703632587 0.0319727460072
Herato19 Herato1910 18570737.0 1325000.0 0.0853810269742 0.034381496716 0.0853322718576 0.144730436073
Herato19 Herato1910 18620737.0 1375000.0 0.0457655117036 0.0286261257616 0.043477315917 0.07484266447
Herato19 Herato1910 18670737.0 1425000.0 0.0852327035783 0.0434091294945 0.0786468827718 0.161529468512
Herato19 Herato1910 18720737.0 1475000.0 0.0359476002374 0.0214336061022 0.0346881605576 0.057431271605
Herato19 Herato1910 18770737.0 1525000.0 0.0733080232812 0.0523370244258 0.0709649445014 0.106774163919
Herato19 Herato1910 18820737.0 1575000.0 0.203073540416 0.113260233971 0.194017306389 0.351103508936
Herato19 Herato1910 18870737.0 1625000.0 0.0534636889856 0.0342466449556 0.0517453593033 0.0822101144016
Herato19 Herato1910 18920737.0 1675000.0 0.0134692663362 0.0114054615359 0.0131474086618 0.0167536612929
Herato19 Herato1910 18970737.0 1725000.0 0.0884097575663 0.0344686093342 0.0829189467563 0.178901908133
Herato19 Herato1910 19020737.0 1775000.0 0.495467347154 0.0505576034614 0.494200241853 0.811402607461
Herato19 Herato1910 19070737.0 1825000.0 0.024496656496 0.02196936838 0.0243825848 0.027126913414
Herato19 Herato1910 19120737.0 1875000.0 0.0273758345542 0.0234628430473 0.027438573765 0.0315393338646
Herato19 Herato1910 19170737.0 1925000.0 0.0753785166693 0.0359105245166 0.0697240011669 0.152479674615
Herato19 Herato1910 19220737.0 1975000.0 0.02802114719 0.01628425902 0.0273881029456 0.0488350229956
Herato19 Herato1910 19270737.0 2025000.0 0.0215974139978 0.0171017645414 0.0213954509492 0.0275816740172
Herato19 Herato1910 19320737.0 2075000.0 0.0585545977256 0.0436494454476 0.057283983504 0.084129913065
Herato19 Herato1910 19370737.0 2125000.0 0.050069471007 0.0318136772902 0.0474531734835 0.0851149810122
Herato19 Herato1910 19420737.0 2175000.0 0.0237793629062 0.0192216822368 0.023601953606 0.0292108124882
Herato19 Herato1910 19470737.0 2225000.0 0.0241928914702 0.0222078322759 0.0240527722864 0.0263083370878
Herato19 Herato1910 19520737.0 2275000.0 0.0416698086762 0.0378387340139 0.04163047331 0.045697274054
Herato19 Herato1910 19570737.0 2325000.0 0.0573250420448 0.0416058569481 0.0557549192838 0.0829534822782
Herato19 Herato1910 19620737.0 2375000.0 0.035256107412 0.02952505063 0.035191028738 0.041009368734
Herato19 Herato1910 19670737.0 2425000.0 0.0285908761044 0.0233591006524 0.0283554503724 0.0349647042678
Herato19 Herato1910 19720737.0 2475000.0 0.04664827266 0.037583449949 0.046261010293 0.0584531667594
Herato19 Herato1910 19770737.0 2525000.0 0.05278062408 0.0340019121448 0.0514007266976 0.08073012847
Herato19 Herato1910 19820737.0 2575000.0 0.0501596338838 0.0439790191744 0.0502915768096 0.0566051746744
Herato19 Herato1910 19870737.0 2625000.0 0.0225341731638 0.0177733394883 0.0221083509992 0.0301527711106
Herato19 Herato1910 19920737.0 2675000.0 0.040380990952 0.037158378076 0.040345328048 0.044332037104
Herato19 Herato1910 19970737.0 2725000.0 0.0288159585728 0.0248431467783 0.0286739295572 0.0333539621214
Herato19 Herato1910 20020737.0 2775000.0 0.0280461830884 0.024404640441 0.0282057166532 0.0323810560144
Herato19 Herato1910 20070737.0 2825000.0 0.0342118802168 0.02844540126 0.0340212199361 0.0398428846784
Herato19 Herato1910 20120737.0 2875000.0 0.040973653244 0.03045262818 0.040211231672 0.056443402854
Herato19 Herato1910 20170737.0 2925000.0 0.124056162806 0.0468376237913 0.119161929624 0.235762644472
Herato19 Herato1910 20220737.0 2975000.0 0.0428134076772 0.0288190158738 0.0418665534826 0.06092375903
Herato19 Herato1910 20270737.0 3025000.0 0.0379232136038 0.0309306718886 0.0377956105008 0.0469210746663
Herato19 Herato1910 20320737.0 3075000.0 0.0379608891166 0.0301215820823 0.0338204655337 0.0531462844779
Herato19 Herato1910 20370737.0 3125000.0 0.027171495243 0.018333743507 0.0253384445132 0.0478608698792
Herato19 Herato1910 20420737.0 3175000.0 0.0312238240174 0.0194844463974 0.0301407956791 0.050504935797
Herato19 Herato1910 20470737.0 3225000.0 0.02263468367 0.0164696350138 0.0222170411208 0.031177426778
Herato19 Herato1910 20520737.0 3275000.0 0.027329426113 0.0171808171194 0.0253026089144 0.045370127315
Herato19 Herato1910 20570737.0 3325000.0 0.00673173142067 0.00536793213344 0.00672217662469 0.00815276380566
Herato19 Herato1910 20620737.0 3375000.0 0.0271565942984 0.0181030063753 0.0265894587602 0.0399706410966
Herato19 Herato1910 20670737.0 3425000.0 0.0340545449504 0.0235022594947 0.0330864848694 0.0492719382064
Herato19 Herato1910 20720737.0 3475000.0 0.033296990768 0.026032947436 0.03296183764 0.043102542614
Herato19 Herato1910 20770737.0 3525000.0 0.0348778525582 0.0320423830507 0.0348379818468 0.0378531563156
Herato19 Herato1910 20820737.0 3575000.0 0.0490835488955 0.0351213230093 0.0492978200873 0.0643918489584
Herato19 Herato1910 20870737.0 3625000.0 0.029296079855 0.0201611679417 0.027583955514 0.0454714691042
Herato19 Herato1910 20920737.0 3675000.0 0.0225139558174 0.0181470258368 0.0223102975076 0.0281877684668
Herato19 Herato1910 20970737.0 3725000.0 0.0101965784742 0.00840983003843 0.010133282541 0.0124190507686
Herato19 Herato1910 21020737.0 3775000.0 0.0129551550743 0.00868141180292 0.0118545414673 0.0230327165508
Herato19 Herato1910 21070737.0 3825000.0 0.018396580924 0.0146963668439 0.0180415593536 0.0239299406956
Herato19 Herato1910 21120737.0 3875000.0 0.0658470189227 0.0360286656402 0.0617133569858 0.112317475676
Herato19 Herato1910 21170737.0 3925000.0 0.0435565818547 0.0285521462411 0.0415474323831 0.0689943350414
Herato19 Herato1910 21220737.0 3975000.0 0.0517958799194 0.0339119046354 0.0502679288113 0.0765636796766
Herato19 Herato1910 21270737.0 4025000.0 0.0398874615687 0.0272776116885 0.0393562602467 0.0593984445833
Herato19 Herato1910 21320737.0 4075000.0 0.0260605473198 0.0240123532672 0.0259627679616 0.0286075728536
Herato19 Herato1910 21370737.0 4125000.0 0.0243655859508 0.0205205329514 0.0241252474582 0.0297681744508
Herato19 Herato1910 21420737.0 4175000.0 0.022493527182 0.014456286606 0.021841073118 0.034255216998
Herato19 Herato1910 21470737.0 4225000.0 0.0271892065452 0.0158782365722 0.0250820634004 0.049897477432
Herato19 Herato1910 21520737.0 4275000.0 0.00977252940198 0.00878573317358 0.00970700180108 0.0109007585877
Herato19 Herato1910 21570737.0 4325000.0 0.020152722982 0.0127864335991 0.0203775262494 0.031579307776
Herato19 Herato1910 21620737.0 4375000.0 0.0279723691448 0.0156451216909 0.0262207894291 0.0514586921474
Herato19 Herato1910 21670737.0 4425000.0 0.0107078944038 0.0083056206214 0.0106908963102 0.0140710071766
Herato19 Herato1910 21720737.0 4475000.0 0.0253163389822 0.0165019064086 0.0245246386736 0.040062185084
Herato19 Herato1910 21770737.0 4525000.0 0.0309813596078 0.014312557728 0.0278949727998 0.0683947579433
Herato19 Herato1910 21820737.0 4575000.0 0.00814829819746 0.00214185649643 0.0053587386928 0.0245530598444
Herato19 Herato1910 21870737.0 4625000.0 0.015129264284 0.00661284901982 0.0140036513627 0.0288067110958
Herato19 Herato1910 21920737.0 4675000.0 0.0061640475596 0.00444965869786 0.00603819985898 0.00828046186056
Herato19 Herato1910 21970737.0 4725000.0 0.0162291452066 0.0081873682664 0.01352472595 0.0373072036682
Herato19 Herato1910 22020737.0 4775000.0 0.00637857375252 0.00552485520567 0.00634847831016 0.0073916873772
Herato19 Herato1910 22070737.0 4825000.0 0.0215603721493 0.016101784322 0.02056016634 0.030185079258
Herato19 Herato1910 22120737.0 4875000.0 0.0108364451024 0.00857907955154 0.0107517515526 0.0135980245534
Herato19 Herato1910 22170737.0 4925000.0 0.0428784724227 0.0211996341708 0.03959091901 0.0833875388782
Herato19 Herato1910 22220737.0 4975000.0 0.0363664770193 0.0183482541465 0.0334916909354 0.0687185958518
Herato19 Herato1910 22270737.0 5025000.0 0.0183462603756 0.0032657836287 0.01718318731 0.0409545608778
Herato19 Herato1910 22320737.0 5075000.0 0.0233185849246 0.017922517432 0.0231244328005 0.0292566282347
Herato19 Herato1910 22370737.0 5125000.0 0.0140436940109 0.0106981747402 0.0137769165765 0.0187598760334
Herato19 Herato1910 22420737.0 5175000.0 0.0546161627454 0.0240170649305 0.0493982365674 0.110770274736
Herato19 Herato1910 22470737.0 5225000.0 0.0183188710791 0.0124677338978 0.0176553402029 0.0272638333661
Herato19 Herato1910 22520737.0 5275000.0 0.200312786476 0.105536922733 0.191066583988 0.350605600407
Herato19 Herato1910 22570737.0 5325000.0 0.0154736221326 0.0122001729482 0.0154454472382 0.0194587649014
Herato19 Herato1910 22620737.0 5375000.0 0.0202825963348 0.00972129456592 0.0201748533505 0.0364140204459
Herato19 Herato1910 22670737.0 5425000.0 0.00995015047862 0.00876420552492 0.00993135814372 0.0115275890867
Herato19 Herato1910 22720737.0 5475000.0 0.026444741844 0.01935620263 0.025854436298 0.036476892946
