chrom scaffold Cposition position mean p0025 p0500 p0975
Herato16 Herato1601 25001.0 25000.0 0.059316505284 0.0477019157196 0.0548956797824 0.088819613308
Herato16 Herato1601 75001.0 75000.0 0.0947264850608 0.0866535909725 0.0945331414872 0.102853260412
Herato16 Herato1601 125001.0 125000.0 0.0954513311904 0.0801131071979 0.0939346017472 0.116506710836
Herato16 Herato1601 175001.0 175000.0 0.087922995102 0.083182811364 0.087607759172 0.093249813798
Herato16 Herato1601 225001.0 225000.0 0.0659489593348 0.0579142750892 0.0658603471084 0.075126218114
Herato16 Herato1601 275001.0 275000.0 0.12156367648 0.109815370288 0.121012191286 0.135521720984
Herato16 Herato1601 325001.0 325000.0 0.137039647942 0.125450044954 0.137298297944 0.149349764262
Herato16 Herato1601 375001.0 375000.0 0.11537271052 0.10488212504 0.11517979854 0.13010698472
Herato16 Herato1601 425001.0 425000.0 0.069467667656 0.0511656627915 0.0669359304904 0.095858146904
Herato16 Herato1601 475001.0 475000.0 0.13108839978 0.1227195442 0.13087040562 0.14006514092
Herato16 Herato1601 525001.0 525000.0 0.128561482998 0.121416954679 0.128585205646 0.1357040986
Herato16 Herato1601 575001.0 575000.0 0.105866101708 0.0940065012017 0.105661948726 0.12004474198
Herato16 Herato1601 625001.0 625000.0 0.109323050598 0.101677252344 0.108895279278 0.116599220141
Herato16 Herato1601 675001.0 675000.0 0.13739180302 0.12844862698 0.13796134406 0.14596302054
Herato16 Herato1601 725001.0 725000.0 0.12729501835 0.118663292802 0.127452437872 0.135395457198
Herato16 Herato1601 775001.0 775000.0 0.133382493304 0.123035353244 0.132724877834 0.144494278512
Herato16 Herato1601 825001.0 825000.0 0.127040326413 0.1130821017 0.126705376731 0.142747022048
Herato16 Herato1601 875001.0 875000.0 0.121400286647 0.112031483414 0.121531614861 0.131825535322
Herato16 Herato1601 925001.0 925000.0 0.16869156322 0.16147120016 0.16774471064 0.18341598472
Herato16 Herato1601 975001.0 975000.0 0.18778363942 0.170145534676 0.187614774504 0.2073960548
Herato16 Herato1601 1025001.0 1025000.0 0.147392965825 0.125181819714 0.146867869531 0.177174956906
Herato16 Herato1601 1075001.0 1075000.0 0.2307962025 0.21752231948 0.2315988666 0.24544641412
Herato16 Herato1601 1125001.0 1125000.0 0.14973776266 0.14169221216 0.15059923274 0.1593430087
Herato16 Herato1601 1175001.0 1175000.0 0.2016734498 0.1955947092 0.2016567488 0.210370568
Herato16 Herato1601 1225001.0 1225000.0 0.143751008606 0.132410669841 0.143024035831 0.156701080355
Herato16 Herato1601 1275001.0 1275000.0 0.161001492178 0.145651193094 0.161698691058 0.178655896606
Herato16 Herato1601 1325001.0 1325000.0 0.148498718688 0.139757015765 0.14818403826 0.156905799626
Herato16 Herato1601 1375001.0 1375000.0 0.189727837113 0.17508644103 0.189688974902 0.207007874735
Herato16 Herato1601 1425001.0 1425000.0 0.19998523116 0.19001033398 0.1997528767 0.21134815666
Herato16 Herato1601 1475001.0 1475000.0 0.197528859422 0.156705133807 0.194594715462 0.266441976969
Herato16 Herato1601 1525001.0 1525000.0 0.1426910806 0.13146602194 0.14353084194 0.15052438646
Herato16 Herato1601 1575001.0 1575000.0 0.20480575194 0.183524234318 0.20636942644 0.22591472612
Herato16 Herato1601 1625001.0 1625000.0 0.10960635262 0.10057485408 0.1100787161 0.1192954242
Herato16 Herato1601 1675001.0 1675000.0 0.14260001536 0.136397860435 0.141599090438 0.149203274014
Herato16 Herato1601 1725001.0 1725000.0 0.18436857502 0.1716112961 0.18496074142 0.19786943088
Herato16 Herato1601 1775001.0 1775000.0 0.16102317246 0.150426359619 0.160089950025 0.173514205099
Herato16 Herato1601 1825001.0 1825000.0 0.09506924339 0.085922077118 0.094422262286 0.10784016448
Herato16 Herato1601 1875001.0 1875000.0 0.037849404994 0.034000791806 0.03763152726 0.042449526342
Herato16 Herato1601 1925001.0 1925000.0 0.0210661495138 0.0156769136414 0.020826927875 0.0285340084332
Herato16 Herato1601 1975001.0 1975000.0 0.031844758915 0.0284021977124 0.0318466139468 0.0355068194202
Herato16 Herato1601 2025001.0 2025000.0 0.028542855662 0.023665432938 0.027767034342 0.036800978828
Herato16 Herato1601 2075001.0 2075000.0 0.0800236278776 0.0610015639278 0.0759506682958 0.106086106309
Herato16 Herato1601 2125001.0 2125000.0 0.101392511122 0.095408843016 0.100576299422 0.10954460929
Herato16 Herato1601 2175001.0 2175000.0 0.130763479783 0.117476467734 0.129348663074 0.153478946693
Herato16 Herato1601 2225001.0 2225000.0 0.164598748382 0.143696830112 0.163953930274 0.1892337428
Herato16 Herato1601 2275001.0 2275000.0 0.18310227192 0.17420580592 0.18328313704 0.19281754436
Herato16 Herato1601 2325001.0 2325000.0 0.1956223659 0.181245683878 0.195552758374 0.21385987008
Herato16 Herato1601 2375001.0 2375000.0 0.19248396754 0.17980154848 0.19277765016 0.20803284662
Herato16 Herato1601 2425001.0 2425000.0 0.17941041618 0.16477487108 0.17862665122 0.20041189428
Herato16 Herato1601 2475001.0 2475000.0 0.2010554744 0.179583554 0.1995877332 0.2273163288
Herato16 Herato1601 2525001.0 2525000.0 0.158782478045 0.146805928375 0.158484230199 0.173575184624
Herato16 Herato1601 2575001.0 2575000.0 0.185402897942 0.172835473737 0.184823955739 0.200090161392
Herato16 Herato1601 2625001.0 2625000.0 0.20064463676 0.1850288228 0.1993540366 0.2173223728
Herato16 Herato1601 2675001.0 2675000.0 0.22981198928 0.20765621306 0.22965690496 0.25673281588
Herato16 Herato1601 2725001.0 2725000.0 0.11555480102 0.10546995028 0.11548537512 0.12680975502
Herato16 Herato1601 2775001.0 2775000.0 0.137050342487 0.101850381555 0.132932550516 0.191262864595
Herato16 Herato1601 2825001.0 2825000.0 0.224790988394 0.198940737191 0.223343517853 0.250199526634
Herato16 Herato1601 2875001.0 2875000.0 0.20222232634 0.19636839464 0.2020365071 0.20980864474
Herato16 Herato1601 2925001.0 2925000.0 0.2732586404 0.2511844094 0.271846134 0.3054276328
Herato16 Herato1601 2975001.0 2975000.0 0.24171068762 0.211611882622 0.2430125331 0.2724885005
Herato16 Herato1601 3025001.0 3025000.0 0.197126517001 0.176824394394 0.196523845575 0.212788299142
Herato16 Herato1601 3075001.0 3075000.0 0.21136791124 0.190428550886 0.21205691827 0.230163081996
Herato16 Herato1601 3125001.0 3125000.0 0.156495645651 0.140854739391 0.156478118793 0.171393478589
Herato16 Herato1601 3175001.0 3175000.0 0.134426445966 0.124342384366 0.133418832584 0.147732652186
Herato16 Herato1601 3225001.0 3225000.0 0.221156386302 0.191235465388 0.21993665266 0.258886645188
Herato16 Herato1601 3275001.0 3275000.0 0.149578769726 0.133135562886 0.1487448828 0.16814251804
Herato16 Herato1601 3325001.0 3325000.0 0.136631051 0.12752804622 0.13603677246 0.14801108852
Herato16 Herato1601 3375001.0 3375000.0 0.16083028404 0.1414288323 0.15950077516 0.1826986098
Herato16 Herato1601 3425001.0 3425000.0 0.17230771548 0.16121871744 0.17186970484 0.1847165303
Herato16 Herato1601 3475001.0 3475000.0 0.1598845117 0.15187938592 0.16082240488 0.16715378916
Herato16 Herato1601 3525001.0 3525000.0 0.17315765244 0.16092833596 0.17368302322 0.18271873592
Herato16 Herato1601 3575001.0 3575000.0 0.162724229958 0.146673063392 0.163125886878 0.17772108126
Herato16 Herato1601 3625001.0 3625000.0 0.161646057256 0.140261453624 0.155077189636 0.204808189528
Herato16 Herato1601 3675001.0 3675000.0 0.206973908256 0.177867846438 0.210459843428 0.228056583332
Herato16 Herato1601 3725001.0 3725000.0 0.263966731642 0.250934591542 0.263372371632 0.277910994388
Herato16 Herato1601 3775001.0 3775000.0 0.374893671288 0.343475176754 0.369055647492 0.422510321692
Herato16 Herato1601 3825001.0 3825000.0 0.32506616676 0.29477878118 0.32306473046 0.3590377216
Herato16 Herato1601 3875001.0 3875000.0 0.20855054822 0.193395081234 0.2066026392 0.22486234732
Herato16 Herato1601 3925001.0 3925000.0 0.154413976778 0.148164852196 0.154621200976 0.161943296
Herato16 Herato1601 3975001.0 3975000.0 0.22314283468 0.18242187153 0.2210786206 0.26779523828
Herato16 Herato1601 4025001.0 4025000.0 0.243450562551 0.1875549936 0.244923069666 0.271183581487
Herato16 Herato1601 4075001.0 4075000.0 0.20717675616 0.19194612548 0.20713162462 0.21731756476
Herato16 Herato1601 4125001.0 4125000.0 0.15926764753 0.149394429296 0.159211625215 0.169961006792
Herato16 Herato1601 4175001.0 4175000.0 0.0799348235624 0.0595487950568 0.0797821795574 0.0996915808626
Herato16 Herato1601 4225001.0 4225000.0 0.126672620668 0.116458293451 0.126063297558 0.137254006758
Herato16 Herato1601 4275001.0 4275000.0 0.178575246433 0.164919915091 0.177947861456 0.195198222
Herato16 Herato1601 4325001.0 4325000.0 0.230590648191 0.211089066369 0.229188167659 0.255655541171
Herato16 Herato1601 4375001.0 4375000.0 0.202372206211 0.188767171019 0.202109612144 0.219215628472
Herato16 Herato1601 4425001.0 4425000.0 0.193312222274 0.17585444335 0.192050413484 0.21483516338
Herato16 Herato1601 4475001.0 4475000.0 0.116157858586 0.109529259838 0.116523973138 0.12027730983
Herato16 Herato1601 4525001.0 4525000.0 0.0563908900662 0.0510778282828 0.0561973566328 0.062218532734
Herato16 Herato1601 4575001.0 4575000.0 0.15779943616 0.14927795396 0.1569597974 0.16764588722
Herato16 Herato1601 4625001.0 4625000.0 0.264184413458 0.250785537032 0.26458822119 0.281065308074
Herato16 Herato1601 4675001.0 4675000.0 0.249914175 0.239092905 0.24869847 0.265355955
Herato16 Herato1601 4725001.0 4725000.0 0.19487838862 0.18486131574 0.19533530132 0.20390210492
Herato16 Herato1601 4775001.0 4775000.0 0.210881902536 0.16530995654 0.210032571682 0.23383391728
Herato16 Herato1601 4825001.0 4825000.0 0.215809157 0.2016694846 0.2177848394 0.2292685432
Herato16 Herato1601 4875001.0 4875000.0 0.2362824428 0.2235871362 0.2349808258 0.2506363008
Herato16 Herato1601 4925001.0 4925000.0 0.18492937926 0.17246851788 0.18470368806 0.1975354828
Herato16 Herato1601 4975001.0 4975000.0 0.165213031528 0.139008285298 0.164968263178 0.193997037792
Herato16 Herato1601 5025001.0 5025000.0 0.22444851466 0.2086014559 0.22454201838 0.24226646072
Herato16 Herato1601 5075001.0 5075000.0 0.21537667286 0.20671390872 0.2150684735 0.22473802316
Herato16 Herato1601 5125001.0 5125000.0 0.28252578786 0.25801981226 0.28171850522 0.31125758052
Herato16 Herato1601 5175001.0 5175000.0 0.2038883852 0.17453974878 0.20152661396 0.23967276528
Herato16 Herato1601 5225001.0 5225000.0 0.10107760178 0.0915517202 0.10098123394 0.11250012942
Herato16 Herato1601 5275001.0 5275000.0 0.15280929472 0.131970043444 0.153222879851 0.1745538723
Herato16 Herato1601 5325001.0 5325000.0 0.163999041657 0.153304477847 0.163769154815 0.175667935646
Herato16 Herato1601 5375001.0 5375000.0 0.170470813976 0.161201272098 0.171260226574 0.178675023296
Herato16 Herato1601 5425001.0 5425000.0 0.20418481196 0.17965406177 0.202709245417 0.2312415935
Herato16 Herato1601 5475001.0 5475000.0 0.13459122074 0.12164227294 0.13385379702 0.15150290402
Herato16 Herato1601 5525001.0 5525000.0 0.144829695 0.1189453254 0.1454521138 0.174619691
Herato16 Herato1601 5575001.0 5575000.0 0.0732311669462 0.0633264260439 0.0729700112163 0.0843091653222
Herato16 Herato1601 5625001.0 5625000.0 0.13976869315 0.130078607168 0.139222596422 0.153265695504
Herato16 Herato1601 5675001.0 5675000.0 0.106409482436 0.0974961290648 0.105837882623 0.116877165975
Herato16 Herato1601 5725001.0 5725000.0 0.129010293226 0.116501207807 0.128014295539 0.144208956902
Herato16 Herato1601 5775001.0 5775000.0 0.13970811038 0.130400691444 0.139293276276 0.15068079382
Herato16 Herato1601 5825001.0 5825000.0 0.16532888276 0.1507397655 0.16468605434 0.17977316102
Herato16 Herato1601 5875001.0 5875000.0 0.160532754774 0.1488575065 0.160090047956 0.172236919904
Herato16 Herato1601 5916147.0 5925000.0 0.0877729555865 0.0812048741825 0.0876070747585 0.0962199045894
Herato16 Herato1602 5957294.0 25000.0 0.088835739714 0.080720876199 0.088716996296 0.098269562458
Herato16 Herato1602 6007294.0 75000.0 0.0800229280982 0.0748161722092 0.0800261858946 0.085368665976
Herato16 Herato1602 6057294.0 125000.0 0.128403467659 0.121505386655 0.128519820014 0.135297632038
Herato16 Herato1602 6107294.0 175000.0 0.076851700988 0.065595317102 0.076283065932 0.09272164664
Herato16 Herato1602 6157294.0 225000.0 0.132575761364 0.122787075476 0.131907768588 0.144195578048
Herato16 Herato1602 6192024.5 275000.0 0.218053832177 0.199433815631 0.216375986126 0.258198889009
Herato16 Herato1603 6226756.0 25000.0 0.30314623394 0.26544335976 0.30273150254 0.353288188
Herato16 Herato1603 6276756.0 75000.0 0.3419740432 0.3204178486 0.3408379996 0.3673651478
Herato16 Herato1603 6326756.0 125000.0 0.280685434975 0.238707238282 0.281300274572 0.324942900839
Herato16 Herato1603 6376756.0 175000.0 0.30680173214 0.266529727878 0.304478560916 0.34993803012
Herato16 Herato1603 6426756.0 225000.0 0.21677604394 0.194001414171 0.215761158694 0.24797674339
Herato16 Herato1603 6476756.0 275000.0 0.2675715244 0.241486119 0.264772064 0.3011022714
Herato16 Herato1603 6526756.0 325000.0 0.450404794836 0.347603471673 0.451934098828 0.539241054524
Herato16 Herato1603 6576756.0 375000.0 0.260283614775 0.220512713935 0.26098204175 0.304327783434
Herato16 Herato1603 6626756.0 425000.0 0.203481674158 0.18834851073 0.202672813256 0.222330834794
Herato16 Herato1603 6676756.0 475000.0 0.26460807813 0.242753780989 0.264519636838 0.29192228652
Herato16 Herato1603 6726756.0 525000.0 0.154774246122 0.137923282066 0.154909326292 0.172931381
Herato16 Herato1603 6776756.0 575000.0 0.08265466266 0.07764657904 0.0823900124 0.0885286909
Herato16 Herato1603 6826756.0 625000.0 0.13076555092 0.11570222664 0.1313896643 0.14945429502
Herato16 Herato1603 6876756.0 675000.0 0.12955561484 0.12363962034 0.1298895422 0.1361331316
Herato16 Herato1603 6926756.0 725000.0 0.044398308412 0.041016376318 0.044236796946 0.049696199148
Herato16 Herato1603 6976756.0 775000.0 0.065885058252 0.045932344974 0.066309872922 0.083159008258
Herato16 Herato1603 7026756.0 825000.0 0.077859127024 0.0678664035136 0.07799710896 0.088747210028
Herato16 Herato1603 7076756.0 875000.0 0.195274466496 0.168442192063 0.195597478598 0.22777971354
Herato16 Herato1603 7126756.0 925000.0 0.144408637132 0.135663521988 0.143621595214 0.155638020624
Herato16 Herato1603 7176756.0 975000.0 0.15636793036 0.1509375205 0.155788169 0.16541045904
Herato16 Herato1603 7226756.0 1025000.0 0.073678702748 0.065108895824 0.073325965386 0.083580513638
Herato16 Herato1603 7276756.0 1075000.0 0.14321954228 0.136754885484 0.1432475129 0.14900357694
Herato16 Herato1603 7326756.0 1125000.0 0.10845147116 0.1029779698 0.10834655126 0.11369910888
Herato16 Herato1603 7376756.0 1175000.0 0.207774960814 0.18048502172 0.20579708078 0.242086913388
Herato16 Herato1603 7426756.0 1225000.0 0.138619404 0.1340587656 0.1380393228 0.1450203
Herato16 Herato1603 7476756.0 1275000.0 0.2369322508 0.22336168454 0.2362893266 0.2502626198
Herato16 Herato1603 7526756.0 1325000.0 0.192847942832 0.173338689704 0.191654635461 0.2179841373
Herato16 Herato1603 7576756.0 1375000.0 0.157008288963 0.138733780649 0.157158948869 0.17276375468
Herato16 Herato1603 7626756.0 1425000.0 0.2226742376 0.2133359108 0.2224216678 0.2340252204
Herato16 Herato1603 7676756.0 1475000.0 0.2643255704 0.2543434882 0.26402157 0.2798311192
Herato16 Herato1603 7726756.0 1525000.0 0.21374691304 0.1983660551 0.2144603878 0.22604055296
Herato16 Herato1603 7776756.0 1575000.0 0.14099430728 0.129598565516 0.14106525868 0.15478140362
Herato16 Herato1603 7826756.0 1625000.0 0.067872383065 0.0353035899187 0.0650896414884 0.121798215161
Herato16 Herato1603 7876756.0 1675000.0 0.0227463457668 0.0181925124626 0.0218648009942 0.0313521915268
Herato16 Herato1603 7926756.0 1725000.0 0.044351345608 0.036372971056 0.044024593934 0.053528073982
Herato16 Herato1603 7976756.0 1775000.0 0.07790552844 0.06885739408 0.07776672242 0.0878740111
Herato16 Herato1603 8026756.0 1825000.0 0.143558730196 0.128869797264 0.143817350302 0.156854833072
Herato16 Herato1603 8076756.0 1875000.0 0.13206373941 0.114209823338 0.13055827247 0.15288693092
Herato16 Herato1603 8126756.0 1925000.0 0.157718925852 0.138222203716 0.1568762913 0.1827324124
Herato16 Herato1603 8176756.0 1975000.0 0.18513336266 0.17090905444 0.18503164732 0.19942630064
Herato16 Herato1603 8226756.0 2025000.0 0.2490107348 0.1790696966 0.2307671714 0.3442101632
Herato16 Herato1603 8276756.0 2075000.0 0.157428712332 0.148980102644 0.157812807648 0.16567836644
Herato16 Herato1603 8326756.0 2125000.0 0.24458811006 0.231655521741 0.243895231558 0.259144165495
Herato16 Herato1603 8376756.0 2175000.0 0.199725575976 0.179334361878 0.199574884626 0.221549500088
Herato16 Herato1603 8426756.0 2225000.0 0.148666544934 0.135045290198 0.1484434646 0.166771307562
Herato16 Herato1603 8476756.0 2275000.0 0.182176029973 0.160578322033 0.183067094981 0.204889365888
Herato16 Herato1603 8526756.0 2325000.0 0.16964424664 0.159382809854 0.16846807118 0.18582517422
Herato16 Herato1603 8576756.0 2375000.0 0.201996251588 0.187560932863 0.202856508686 0.217977660742
Herato16 Herato1603 8626756.0 2425000.0 0.138724485808 0.115629739497 0.131451401722 0.196649247726
Herato16 Herato1603 8676756.0 2475000.0 0.072447620658 0.0642288858117 0.0716000759974 0.085929617826
Herato16 Herato1603 8726756.0 2525000.0 0.133450865794 0.121255912358 0.134939953854 0.143887161132
Herato16 Herato1603 8776756.0 2575000.0 0.202038490864 0.168964006879 0.201461148306 0.243046024176
Herato16 Herato1603 8826756.0 2625000.0 0.202596663021 0.188311737245 0.202639125839 0.217924024624
Herato16 Herato1603 8876756.0 2675000.0 0.2452512464 0.2336100784 0.2452135688 0.2582558848
Herato16 Herato1603 8926756.0 2725000.0 0.17364302198 0.16323074338 0.17316677532 0.18356567824
Herato16 Herato1603 8976756.0 2775000.0 0.21033363334 0.1951510217 0.20950135336 0.22716743212
Herato16 Herato1603 9026756.0 2825000.0 0.21581913716 0.20106592652 0.21557554378 0.23412268444
Herato16 Herato1603 9076756.0 2875000.0 0.2476064476 0.2376766258 0.2483275552 0.2601197358
Herato16 Herato1603 9126756.0 2925000.0 0.2389502492 0.2260271648 0.239220552 0.250704236
Herato16 Herato1603 9176756.0 2975000.0 0.2617803304 0.249219586 0.2611179772 0.2761815176
Herato16 Herato1603 9226756.0 3025000.0 0.223659922858 0.21305690182 0.223278156427 0.237359074608
Herato16 Herato1603 9276756.0 3075000.0 0.123089153426 0.11164466499 0.122952447584 0.140084569932
Herato16 Herato1603 9326756.0 3125000.0 0.19243091408 0.1811472105 0.19209837506 0.20601622594
Herato16 Herato1603 9376756.0 3175000.0 0.1975373544 0.190567383 0.1965111648 0.2098541178
Herato16 Herato1603 9426756.0 3225000.0 0.15673527346 0.14571254282 0.15420641654 0.19291338236
Herato16 Herato1603 9476756.0 3275000.0 0.1619076592 0.1428728932 0.1620507462 0.177453896
Herato16 Herato1603 9526756.0 3325000.0 0.168124353 0.1583078434 0.1675775922 0.1794309252
Herato16 Herato1603 9576756.0 3375000.0 0.19898687198 0.18528468394 0.19835695124 0.21639537148
Herato16 Herato1603 9626756.0 3425000.0 0.2305348848 0.2155207104 0.2284347282 0.2504631594
Herato16 Herato1603 9676756.0 3475000.0 0.2689124873 0.22231371328 0.26944858198 0.313618692
Herato16 Herato1603 9726756.0 3525000.0 0.078874156874 0.073764045044 0.079330395444 0.083350317144
Herato16 Herato1603 9776756.0 3575000.0 0.08932482606 0.083493378004 0.089557098064 0.095901583644
Herato16 Herato1603 9826756.0 3625000.0 0.095517025817 0.0889036877576 0.0955348623856 0.102639107978
Herato16 Herato1603 9876756.0 3675000.0 0.0828300150858 0.072975688337 0.0821076240342 0.09378971561
Herato16 Herato1603 9926756.0 3725000.0 0.0813795006544 0.0732659303933 0.0806975788264 0.091363894782
Herato16 Herato1603 9976756.0 3775000.0 0.103039333017 0.0954082717615 0.103393141089 0.111241784052
Herato16 Herato1603 10026756.0 3825000.0 0.145975328092 0.135419973471 0.146271753707 0.15769729718
Herato16 Herato1603 10076756.0 3875000.0 0.2051359576 0.192196875 0.205844758 0.2174845032
Herato16 Herato1603 10126756.0 3925000.0 0.1606470344 0.1528120576 0.1606927492 0.1685385144
Herato16 Herato1603 10176756.0 3975000.0 0.1474635086 0.13944309964 0.1468114223 0.15608556708
Herato16 Herato1603 10224532.0 4025000.0 0.151494278023 0.135439305142 0.151639859228 0.167218933709
Herato16 Herato1604 10272309.0 25000.0 0.161137659088 0.141241416111 0.15956825011 0.18411553526
Herato16 Herato1604 10302211.0 75000.0 0.204082135863 0.183214926561 0.208247288862 0.215831597307
Herato16 Herato1605 10332114.0 25000.0 0.135672505 0.1286619832 0.1365303172 0.139865243
Herato16 Herato1605 10382114.0 75000.0 0.131403604324 0.11944714401 0.129287023462 0.147789065822
Herato16 Herato1605 10432114.0 125000.0 0.095484969976 0.0842557373628 0.0935303017666 0.111209299238
Herato16 Herato1605 10482114.0 175000.0 0.0700675411932 0.0644404736864 0.0697269177877 0.0756114964368
Herato16 Herato1605 10532114.0 225000.0 0.0870885465098 0.0769633870704 0.0872546986454 0.097618435708
Herato16 Herato1605 10582114.0 275000.0 0.0994077831368 0.0922553992882 0.0995152512838 0.107116399083
Herato16 Herato1605 10632114.0 325000.0 0.1425290418 0.1368398218 0.1425783924 0.1469160536
Herato16 Herato1605 10682114.0 375000.0 0.138855515622 0.128152876964 0.137864771474 0.15067736466
Herato16 Herato1605 10732114.0 425000.0 0.168100869446 0.152303043643 0.167380134802 0.186523767556
Herato16 Herato1605 10782114.0 475000.0 0.146933297871 0.108084062272 0.142339397311 0.216240886993
Herato16 Herato1605 10832114.0 525000.0 0.12646872656 0.11397211884 0.12606125378 0.1400601764
Herato16 Herato1605 10882114.0 575000.0 0.190833608 0.1861533978 0.1901462466 0.198395394
Herato16 Herato1605 10932114.0 625000.0 0.2146138966 0.195771503128 0.21468421066 0.23623001118
Herato16 Herato1605 10982114.0 675000.0 0.23584678604 0.22569964218 0.23430846994 0.2484572466
Herato16 Herato1605 11032114.0 725000.0 0.235968561888 0.185190981842 0.235210371632 0.286431950612
Herato16 Herato1605 11082114.0 775000.0 0.146333833604 0.13568773631 0.145800793718 0.159287159204
Herato16 Herato1605 11132114.0 825000.0 0.19327039358 0.17975312804 0.19337314354 0.20357398884
Herato16 Herato1605 11182114.0 875000.0 0.19752204028 0.18447662048 0.19706799372 0.20896317314
Herato16 Herato1605 11232114.0 925000.0 0.109737005 0.101372752128 0.10953522664 0.12020892064
Herato16 Herato1605 11282114.0 975000.0 0.145625702148 0.125879601759 0.141274347824 0.180603335032
Herato16 Herato1605 11332114.0 1025000.0 0.198933186408 0.187858113678 0.198177443748 0.212933970892
Herato16 Herato1605 11382114.0 1075000.0 0.1931286302 0.1868390392 0.1931276092 0.1985436566
Herato16 Herato1605 11432114.0 1125000.0 0.268880101704 0.251889211096 0.269151023632 0.285609658708
Herato16 Herato1605 11482114.0 1175000.0 0.21054314404 0.19125353808 0.21177650254 0.23084070926
Herato16 Herato1605 11532114.0 1225000.0 0.16168352436 0.13921824911 0.16104740118 0.1868445472
Herato16 Herato1605 11582114.0 1275000.0 0.161247016266 0.150333276261 0.161693811774 0.173745352949
Herato16 Herato1605 11632114.0 1325000.0 0.201122467386 0.18866006068 0.201197294783 0.21646911337
Herato16 Herato1605 11682114.0 1375000.0 0.17528848962 0.16518057548 0.17454206438 0.18704886356
Herato16 Herato1605 11732114.0 1425000.0 0.196050444515 0.182588369525 0.195393967207 0.213579742275
Herato16 Herato1605 11782114.0 1475000.0 0.139009680448 0.129420670744 0.139159828722 0.148183694924
Herato16 Herato1605 11832114.0 1525000.0 0.2094782778 0.197456407 0.2089876968 0.224165783
Herato16 Herato1605 11882114.0 1575000.0 0.2157444137 0.198994469691 0.21615215232 0.231846275504
Herato16 Herato1605 11932114.0 1625000.0 0.167418729267 0.110204167728 0.176551206758 0.188092091918
Herato16 Herato1605 11982114.0 1675000.0 0.123952421382 0.109411052941 0.122831469879 0.147562189441
Herato16 Herato1605 12032114.0 1725000.0 0.134092964078 0.124303510015 0.133634894044 0.144832338476
Herato16 Herato1605 12082114.0 1775000.0 0.13482012446 0.123908706226 0.134051114008 0.14628012998
Herato16 Herato1605 12132114.0 1825000.0 0.07179266117 0.0644936310492 0.07198949837 0.080571414562
Herato16 Herato1605 12182114.0 1875000.0 0.140251530236 0.12972248313 0.140056100424 0.151338663554
Herato16 Herato1605 12232114.0 1925000.0 0.146736317494 0.136996238702 0.146842136177 0.156090147942
Herato16 Herato1605 12282114.0 1975000.0 0.119685255778 0.109908442768 0.119136477788 0.131005110964
Herato16 Herato1605 12332114.0 2025000.0 0.13664493706 0.121089212938 0.13494182222 0.15837268608
Herato16 Herato1605 12382114.0 2075000.0 0.11483234178 0.107856623578 0.114597201736 0.12321038957
Herato16 Herato1605 12432114.0 2125000.0 0.1620607818 0.1485824334 0.1603172133 0.17977799204
Herato16 Herato1605 12482114.0 2175000.0 0.197861616491 0.18315224913 0.197045877301 0.215937492503
Herato16 Herato1605 12532114.0 2225000.0 0.11727843744 0.10734023322 0.1176496724 0.12706169604
Herato16 Herato1605 12582114.0 2275000.0 0.17019021472 0.15225915174 0.17041312702 0.18080921882
Herato16 Herato1605 12632114.0 2325000.0 0.123152841708 0.11073020078 0.121839637364 0.138546442641
Herato16 Herato1605 12682114.0 2375000.0 0.13173489158 0.10722856602 0.1357970636 0.1586370642
Herato16 Herato1605 12732114.0 2425000.0 0.10626696111 0.0987117144451 0.106479365909 0.11406815133
Herato16 Herato1605 12782114.0 2475000.0 0.16728648296 0.14814050036 0.1674241855 0.1866962282
Herato16 Herato1605 12832114.0 2525000.0 0.1148421544 0.1124739832 0.1145668232 0.1192156568
Herato16 Herato1605 12882114.0 2575000.0 0.1930043756 0.1825913762 0.1929233766 0.2042914448
Herato16 Herato1605 12932114.0 2625000.0 0.15044432524 0.14113272796 0.15048223058 0.15962964742
Herato16 Herato1605 12982114.0 2675000.0 0.069191932402 0.059052207576 0.067691721892 0.083018550728
Herato16 Herato1605 13032114.0 2725000.0 0.0339073167604 0.0304717279245 0.03392943057 0.037621657692
Herato16 Herato1605 13082114.0 2775000.0 0.12732848246 0.118555803444 0.127092109222 0.137378057318
Herato16 Herato1605 13132114.0 2825000.0 0.18503340569 0.163854436973 0.183753025318 0.21394239127
Herato16 Herato1605 13182114.0 2875000.0 0.145168570962 0.134913556994 0.146142688986 0.155959770448
Herato16 Herato1605 13232114.0 2925000.0 0.17205137482 0.15570218134 0.17316676098 0.19052892132
Herato16 Herato1605 13282114.0 2975000.0 0.15222858262 0.1375353058 0.15237535392 0.17132134078
Herato16 Herato1605 13332114.0 3025000.0 0.177555542804 0.156461172631 0.17896840358 0.195356295896
Herato16 Herato1605 13382114.0 3075000.0 0.17805865971 0.161782416436 0.176546720748 0.198005739222
Herato16 Herato1605 13432114.0 3125000.0 0.13874540336 0.133729453292 0.13880278948 0.1452418208
Herato16 Herato1605 13482114.0 3175000.0 0.17270069248 0.16221775778 0.17319951052 0.18808971964
Herato16 Herato1605 13532114.0 3225000.0 0.14547169062 0.130521812956 0.1457675732 0.159110366
Herato16 Herato1605 13582114.0 3275000.0 0.147013472532 0.134315792664 0.146494353156 0.162501780528
Herato16 Herato1605 13632114.0 3325000.0 0.186249971022 0.160330178624 0.186651838294 0.211733496598
Herato16 Herato1605 13682114.0 3375000.0 0.21715440018 0.196677706291 0.216722808134 0.24008627346
Herato16 Herato1605 13732114.0 3425000.0 0.183352480664 0.172217828265 0.183035431071 0.195937527623
Herato16 Herato1605 13782114.0 3475000.0 0.123493723459 0.109019386848 0.125008175156 0.13755709798
Herato16 Herato1605 13832114.0 3525000.0 0.100824298924 0.0906571265915 0.100546762819 0.112005626409
Herato16 Herato1605 13882114.0 3575000.0 0.124893961342 0.105056567237 0.122762594592 0.155755275827
Herato16 Herato1605 13932114.0 3625000.0 0.0596285093728 0.0497808241057 0.058870101528 0.0750269801402
Herato16 Herato1605 13982114.0 3675000.0 0.060216387439 0.0510484608407 0.0598871902791 0.0709564771496
Herato16 Herato1605 14032114.0 3725000.0 0.09089488462 0.08136150334 0.08969173216 0.10583933632
Herato16 Herato1605 14082114.0 3775000.0 0.11075509195 0.10602366372 0.11019882595 0.117072966
Herato16 Herato1605 14132114.0 3825000.0 0.097276207546 0.090204841366 0.097523039818 0.10301248037
Herato16 Herato1605 14182114.0 3875000.0 0.129853881614 0.124208278289 0.129507450854 0.138388711176
Herato16 Herato1605 14232114.0 3925000.0 0.12207870102 0.11607194232 0.12175730088 0.12934725302
Herato16 Herato1605 14282114.0 3975000.0 0.19491911951 0.181373763794 0.195502707991 0.202935628076
Herato16 Herato1605 14332114.0 4025000.0 0.1526533296 0.1358583495 0.15169659756 0.17893181246
Herato16 Herato1605 14382114.0 4075000.0 0.0812186108572 0.0756662009539 0.0810570237646 0.0883373708852
Herato16 Herato1605 14432114.0 4125000.0 0.138225092917 0.127160043268 0.13802635028 0.151857059982
Herato16 Herato1605 14482114.0 4175000.0 0.163607703212 0.149865116466 0.163291901919 0.179280654328
Herato16 Herato1605 14532114.0 4225000.0 0.089418904208 0.082911798768 0.088600973022 0.101598248436
Herato16 Herato1605 14582114.0 4275000.0 0.0967993943 0.0919414335 0.09713826358 0.10149056024
Herato16 Herato1605 14632114.0 4325000.0 0.066396123022 0.049089825512 0.063866809512 0.098392213364
Herato16 Herato1605 14682114.0 4375000.0 0.086575443718 0.081686693892 0.086387694326 0.091573613776
Herato16 Herato1605 14732114.0 4425000.0 0.088501841824 0.0812478171775 0.0881911398137 0.097714665452
Herato16 Herato1605 14782114.0 4475000.0 0.06690002656 0.063917104092 0.066689061926 0.070950699134
Herato16 Herato1605 14832114.0 4525000.0 0.06647780856 0.06599111418 0.0663258402 0.0678423468
Herato16 Herato1605 14882114.0 4575000.0 0.070844004982 0.06336855471 0.070452779662 0.080340002538
Herato16 Herato1605 14932114.0 4625000.0 0.10298980682 0.0883713329761 0.103871292182 0.11853154058
Herato16 Herato1605 14982114.0 4675000.0 0.087256475988 0.068128504626 0.08612204712 0.114460478576
Herato16 Herato1605 15032114.0 4725000.0 0.05055286591 0.03916258034 0.04522035755 0.06435990743
Herato16 Herato1605 15082114.0 4775000.0 0.0699507485152 0.0651952448948 0.0698132501552 0.075500740504
Herato16 Herato1605 15132114.0 4825000.0 0.0723266409254 0.0509036601667 0.0693971118614 0.111320415392
