chrom scaffold Cposition position mean p0025 p0500 p0975
Herato14 Herato1401 25001.0 25000.0 0.00598308686496 0.0038726659472 0.00579295912276 0.00904255170588
Herato14 Herato1401 75001.0 75000.0 0.00311656201888 0.00261103385275 0.00297120862672 0.00486747112256
Herato14 Herato1401 125001.0 125000.0 0.0632013358828 0.0295917947399 0.056449775765 0.127053876994
Herato14 Herato1401 175001.0 175000.0 0.0246381030228 0.00702079607457 0.0171933482332 0.0681936198814
Herato14 Herato1401 225001.0 225000.0 0.0171597312075 0.0148529956566 0.0169683273387 0.020411157004
Herato14 Herato1401 252980.5 275000.0 0.0087727820104 0.00811433596241 0.00879301359288 0.0094047430777
Herato14 Herato1402 264682.0 25000.0 0.0243097907923 0.0224852058824 0.0243658534572 0.0260609845775
Herato14 Herato1403 298404.0 25000.0 0.03519431246 0.02515843074 0.03328652932 0.049642112
Herato14 Herato1403 330224.5 75000.0 0.0729030578202 0.0306890226665 0.0541208723786 0.21061531578
Herato14 Herato1404 350541.0 25000.0 0.0727467290785 0.0500570552579 0.0701618381486 0.114812542582
Herato14 Herato1405 387313.5 25000.0 0.023398209385 0.0206174334178 0.0232667713295 0.0263211990291
Herato14 Herato1406 429864.0 25000.0 0.0162321739843 0.0128119321227 0.0144891198698 0.0300807187724
Herato14 Herato1407 474138.0 25000.0 0.0700896511908 0.0653485073689 0.069072486612 0.0775937983756
Herato14 Herato1407 503393.0 75000.0 0.0813373150411 0.0782854768508 0.0799398021152 0.0874935915394
Herato14 Herato1408 532649.0 25000.0 0.049711731172 0.037458113898 0.043416636194 0.146894355392
Herato14 Herato1408 582649.0 75000.0 0.039889064072 0.0306123383304 0.0394910259312 0.0528283863323
Herato14 Herato1408 632649.0 125000.0 0.0148937915109 0.00709528113258 0.0128570922465 0.0364210339699
Herato14 Herato1408 682649.0 175000.0 0.0534068465034 0.017516133277 0.0487232933524 0.113126507262
Herato14 Herato1408 732649.0 225000.0 0.0277757062917 0.0173068724165 0.0272600596652 0.0406556590026
Herato14 Herato1408 782649.0 275000.0 0.0655706285879 0.0272944982523 0.056275422117 0.139465925935
Herato14 Herato1408 832649.0 325000.0 0.0856913210466 0.0529809658636 0.0808507925099 0.150398381487
Herato14 Herato1408 882649.0 375000.0 0.0337054916942 0.0230845673749 0.0310919058364 0.0678167165456
Herato14 Herato1408 932649.0 425000.0 0.068062554166 0.0436616140583 0.062083194172 0.13299108756
Herato14 Herato1408 982649.0 475000.0 0.025674355076 0.019430315424 0.024866891602 0.033194506766
Herato14 Herato1408 1032649.0 525000.0 0.036088757096 0.0278962689481 0.035172111906 0.04917672842
Herato14 Herato1408 1082649.0 575000.0 0.0205686135136 0.0179822896131 0.0204193740858 0.0234805906698
Herato14 Herato1408 1132649.0 625000.0 0.0419685693079 0.0256508215667 0.0404323278867 0.0684223556289
Herato14 Herato1408 1182649.0 675000.0 0.066188446062 0.028022267033 0.0636351506934 0.118474447602
Herato14 Herato1408 1232649.0 725000.0 0.0497727482833 0.0249773580418 0.0460132738753 0.100502849912
Herato14 Herato1408 1282649.0 775000.0 0.0307731337708 0.0197067544343 0.0293339571365 0.0530052152598
Herato14 Herato1408 1332649.0 825000.0 0.0682541942966 0.0260503799111 0.0610380329298 0.138904907852
Herato14 Herato1408 1382649.0 875000.0 0.0459897867902 0.0298687149701 0.045249922745 0.0684473665672
Herato14 Herato1408 1432649.0 925000.0 0.0415006273314 0.0278160586905 0.0403831835036 0.0609743606792
Herato14 Herato1408 1482649.0 975000.0 0.071153676888 0.0281887152 0.059060091414 0.188751002408
Herato14 Herato1408 1532649.0 1025000.0 0.0190027087336 0.016953244078 0.0185498481172 0.0220015711044
Herato14 Herato1408 1582649.0 1075000.0 0.0401034528075 0.0235010197721 0.0381093217839 0.0671695455398
Herato14 Herato1408 1632649.0 1125000.0 0.0530180580582 0.0361569884964 0.0505415548379 0.0839943229246
Herato14 Herato1408 1682649.0 1175000.0 0.0330967946195 0.0148688170756 0.0307362423918 0.0805830324521
Herato14 Herato1408 1732649.0 1225000.0 0.029294476591 0.0219933705335 0.027296874361 0.0421687707084
Herato14 Herato1408 1782649.0 1275000.0 0.0110933970407 0.00973298403033 0.0110023657489 0.0126900574159
Herato14 Herato1408 1832649.0 1325000.0 0.0539229884981 0.0168127331473 0.0329230455694 0.176701025746
Herato14 Herato1408 1882649.0 1375000.0 0.0116235363213 0.00721494596053 0.0112030916181 0.0185245168816
Herato14 Herato1408 1932649.0 1425000.0 0.023818390858 0.015210127248 0.022897679158 0.039341553602
Herato14 Herato1408 1982649.0 1475000.0 0.0674402530912 0.0308063769593 0.060423595979 0.148877999196
Herato14 Herato1408 2032649.0 1525000.0 0.0677106423438 0.0273997532523 0.062297950488 0.140614573596
Herato14 Herato1408 2082649.0 1575000.0 0.0240295990219 0.0128311156574 0.0228363954417 0.0419430702644
Herato14 Herato1408 2132649.0 1625000.0 0.0269074446983 0.0167612269958 0.0261217427894 0.040815415911
Herato14 Herato1408 2182649.0 1675000.0 0.104720778434 0.0474734221774 0.0966402829906 0.21405118952
Herato14 Herato1408 2232649.0 1725000.0 0.0437918191915 0.0350072812739 0.0434045294673 0.0545076293402
Herato14 Herato1408 2282649.0 1775000.0 0.071632399599 0.0169927777798 0.0527120765236 0.204918255294
Herato14 Herato1408 2332649.0 1825000.0 0.0222500002242 0.0200082250045 0.0222626277253 0.0250730604615
Herato14 Herato1408 2382649.0 1875000.0 0.0573480662641 0.0370720262841 0.0553151585446 0.0898827592151
Herato14 Herato1408 2432649.0 1925000.0 0.0311011932121 0.0178190714234 0.0306838262229 0.0445461096332
Herato14 Herato1408 2482649.0 1975000.0 0.051890031034 0.0347685169078 0.0500082477444 0.083214427392
Herato14 Herato1408 2532649.0 2025000.0 0.0254960033424 0.0213211376348 0.025345765659 0.0302888026572
Herato14 Herato1408 2582649.0 2075000.0 0.0138978599432 0.0113413568663 0.0138498532288 0.0171239665817
Herato14 Herato1408 2632649.0 2125000.0 0.0520875704077 0.0337748561505 0.0497856862779 0.0837105739268
Herato14 Herato1408 2682649.0 2175000.0 0.0308893466314 0.0231815961778 0.0301545016345 0.0391096126138
Herato14 Herato1408 2732649.0 2225000.0 0.0264314934052 0.0215934893074 0.0257852772316 0.0339112880082
Herato14 Herato1408 2782649.0 2275000.0 0.0335606334132 0.028008843792 0.0333462285584 0.0400992923276
Herato14 Herato1408 2832649.0 2325000.0 0.0613444628872 0.042325582873 0.0596069674656 0.0910601026244
Herato14 Herato1408 2882649.0 2375000.0 0.018717226711 0.0160220696227 0.0185926434824 0.0232942430994
Herato14 Herato1408 2932649.0 2425000.0 0.0453289014678 0.0189888539773 0.0448364253028 0.0760350119219
Herato14 Herato1408 2982649.0 2475000.0 0.0360330057162 0.0263091671349 0.0353455834273 0.0497555959278
Herato14 Herato1408 3032649.0 2525000.0 0.0252044209198 0.017231130989 0.0251154125856 0.0328767648286
Herato14 Herato1408 3082649.0 2575000.0 0.0301252691509 0.0224287292895 0.0299261931571 0.0390669023636
Herato14 Herato1408 3132649.0 2625000.0 0.0350759565566 0.0293320940233 0.0349285080277 0.0403260934996
Herato14 Herato1408 3182649.0 2675000.0 0.0464127604441 0.0279920833479 0.04358736035 0.0780446808328
Herato14 Herato1408 3232649.0 2725000.0 0.0578796638346 0.0326983448506 0.0529162305451 0.106734110898
Herato14 Herato1408 3282649.0 2775000.0 0.0170085472926 0.0149254071616 0.017065462424 0.01913438298
Herato14 Herato1408 3332649.0 2825000.0 0.0233193816902 0.0158290640576 0.0211954061855 0.0454102860218
Herato14 Herato1408 3382649.0 2875000.0 0.0556831355829 0.0206801486144 0.0492253243241 0.150136855883
Herato14 Herato1408 3432649.0 2925000.0 0.0875958723568 0.0200483452191 0.0642417922468 0.290703174182
Herato14 Herato1408 3482649.0 2975000.0 0.0312641755447 0.0229474367503 0.0308784832276 0.0411715394408
Herato14 Herato1408 3532649.0 3025000.0 0.021591968785 0.0154203562134 0.018626701164 0.0337084427802
Herato14 Herato1408 3582649.0 3075000.0 0.0179338318642 0.0130856334557 0.0173828829871 0.0290380406569
Herato14 Herato1408 3632649.0 3125000.0 0.0056434155132 0.00463395988582 0.00559549464838 0.006900705466
Herato14 Herato1408 3682649.0 3175000.0 0.0444453644403 0.0252282725312 0.0412955023809 0.0802492282649
Herato14 Herato1408 3732649.0 3225000.0 0.0308315547284 0.00699848082477 0.0253676255113 0.0931042517555
Herato14 Herato1408 3782649.0 3275000.0 0.0268410949246 0.00900326058038 0.0235618509528 0.0617461278312
Herato14 Herato1408 3832649.0 3325000.0 0.0157948883026 0.0139896027748 0.0158650386582 0.0177773494383
Herato14 Herato1408 3882649.0 3375000.0 0.0164782201998 0.0147392330273 0.0164048850404 0.0190327645726
Herato14 Herato1408 3932649.0 3425000.0 0.036561727534 0.0172138127564 0.0327965038654 0.0843043567184
Herato14 Herato1408 3982649.0 3475000.0 0.0225870110025 0.0161206402035 0.0225007532888 0.0290559152288
Herato14 Herato1408 4032649.0 3525000.0 0.0612477717076 0.0343403399156 0.0579343670018 0.101845885866
Herato14 Herato1408 4082649.0 3575000.0 0.0149798230708 0.0139039709457 0.0150308761528 0.015986515924
Herato14 Herato1408 4132649.0 3625000.0 0.027667873 0.024690073906 0.027670662962 0.030750733816
Herato14 Herato1408 4182649.0 3675000.0 0.031153746067 0.0265849912409 0.030928823623 0.0371610189822
Herato14 Herato1408 4232649.0 3725000.0 0.0311950579057 0.0241453185018 0.0315589689296 0.0400207806996
Herato14 Herato1408 4282649.0 3775000.0 0.0552103309353 0.0300851095125 0.0533911125427 0.087899498266
Herato14 Herato1408 4332649.0 3825000.0 0.0185022005156 0.011529423343 0.0167930404028 0.033735687033
Herato14 Herato1408 4382649.0 3875000.0 0.0623516447963 0.0354879509485 0.0580501401378 0.111470047634
Herato14 Herato1408 4432649.0 3925000.0 0.01346047894 0.010649221674 0.013076415618 0.01846898328
Herato14 Herato1408 4482649.0 3975000.0 0.0581452687562 0.0304022551464 0.0536579390356 0.114934543739
Herato14 Herato1408 4532649.0 4025000.0 0.0224026785176 0.0185209781447 0.0222171518752 0.0272273059109
Herato14 Herato1408 4582649.0 4075000.0 0.0338425802096 0.0251901617421 0.034742890228 0.0454789192094
Herato14 Herato1408 4632649.0 4125000.0 0.0585481037398 0.0308966825396 0.0527266339938 0.121238173063
Herato14 Herato1408 4682649.0 4175000.0 0.0129361912363 0.0120714076752 0.0129626516558 0.0139461543236
Herato14 Herato1408 4732649.0 4225000.0 0.089187257607 0.0297986571381 0.0766406534978 0.222316803947
Herato14 Herato1408 4782649.0 4275000.0 0.0489154117736 0.0299028488023 0.048385751282 0.07377407149
Herato14 Herato1408 4832649.0 4325000.0 0.0578450524535 0.0367901830764 0.055258174112 0.0909512074018
Herato14 Herato1408 4882649.0 4375000.0 0.0234143472989 0.0147499540654 0.0219439593314 0.041455008427
Herato14 Herato1408 4932649.0 4425000.0 0.0184063350855 0.0166163025406 0.0182244256011 0.0213690776882
Herato14 Herato1408 4982649.0 4475000.0 0.0449842782414 0.0250372082225 0.04259662405 0.0782814341184
Herato14 Herato1408 5032649.0 4525000.0 0.0322092475984 0.0169922514218 0.0262841205028 0.0691332488502
Herato14 Herato1408 5082649.0 4575000.0 0.0260727372552 0.022049425177 0.0259345894128 0.0310308605675
Herato14 Herato1408 5132649.0 4625000.0 0.0178242352507 0.0156906769927 0.0178601144934 0.0202280099164
Herato14 Herato1408 5182649.0 4675000.0 0.0695489556028 0.0438666574486 0.0659552758132 0.115940670674
Herato14 Herato1408 5232649.0 4725000.0 0.0827415262308 0.0444846340661 0.0775172103624 0.149710167095
Herato14 Herato1408 5282649.0 4775000.0 0.0583857305482 0.040692462961 0.057387375859 0.083049439362
Herato14 Herato1408 5332649.0 4825000.0 0.0527398144877 0.0376332131368 0.0513620054914 0.0773710145922
Herato14 Herato1408 5382649.0 4875000.0 0.0447346880396 0.024731480473 0.042970849895 0.0788769802242
Herato14 Herato1408 5432649.0 4925000.0 0.0604838996428 0.0364865732719 0.0591166929037 0.0928295961794
Herato14 Herato1408 5482649.0 4975000.0 0.0278885334205 0.0153397923226 0.0273318038771 0.0429705698345
Herato14 Herato1408 5532649.0 5025000.0 0.0405960297652 0.0152576360325 0.0379993042278 0.0848978794352
Herato14 Herato1408 5582649.0 5075000.0 0.0469297732012 0.0145498451892 0.0380451433397 0.126337019173
Herato14 Herato1408 5632649.0 5125000.0 0.0345788552572 0.0254662879312 0.0338341526666 0.048111559282
Herato14 Herato1408 5682649.0 5175000.0 0.0351167223554 0.0164302833593 0.0326286396562 0.0685939008606
Herato14 Herato1408 5732649.0 5225000.0 0.0465792034684 0.0384715001304 0.0464176873476 0.056661775896
Herato14 Herato1408 5782649.0 5275000.0 0.0540241663462 0.0437642300251 0.0532931767004 0.0689026448204
Herato14 Herato1408 5832649.0 5325000.0 0.0295082056636 0.0253702756851 0.0289710474448 0.0350975780866
Herato14 Herato1408 5882649.0 5375000.0 0.0240359474278 0.0205846125639 0.0239646952621 0.0279830039425
Herato14 Herato1408 5932649.0 5425000.0 0.0455128180894 0.0245494202223 0.0424995619612 0.0843365315502
Herato14 Herato1408 5982649.0 5475000.0 0.0177504772789 0.0136811906612 0.0166174401589 0.0300450928898
Herato14 Herato1408 6032649.0 5525000.0 0.010471706879 0.00849980855578 0.010353699926 0.0132065506976
Herato14 Herato1408 6082649.0 5575000.0 0.0420605580148 0.0324505765488 0.040550196852 0.059387212808
Herato14 Herato1408 6132649.0 5625000.0 0.0183298689467 0.0160345381518 0.0178741650464 0.0216835691226
Herato14 Herato1408 6182649.0 5675000.0 0.187106130576 0.0784386110924 0.168811827633 0.356656396474
Herato14 Herato1408 6232649.0 5725000.0 0.0637418791196 0.0345433617069 0.0601045849821 0.11317216642
Herato14 Herato1408 6282649.0 5775000.0 0.0362416339216 0.0199667368275 0.0346103556742 0.0682975601016
Herato14 Herato1408 6332649.0 5825000.0 0.0520459953958 0.0343874270267 0.050505335061 0.080827278129
Herato14 Herato1408 6382649.0 5875000.0 0.044109255787 0.0264376779771 0.0416546726494 0.081598020097
Herato14 Herato1408 6432649.0 5925000.0 0.0383925237009 0.0322348975222 0.0381015912339 0.0453432332702
Herato14 Herato1408 6482649.0 5975000.0 0.0229832072772 0.0164227117136 0.0225633435659 0.0324290206606
Herato14 Herato1408 6532385.5 6025000.0 0.110893782759 0.0734701632478 0.10649059046 0.169166873762
Herato14 Herato1409 6574417.5 25000.0 0.0175105535037 0.00899618294747 0.0163571258649 0.0341160221429
Herato14 Herato1410 6616713.0 25000.0 0.0116919577012 0.0062609674002 0.0088311977068 0.024481105629
Herato14 Herato1410 6666713.0 75000.0 0.0287528319031 0.0197650112228 0.0277070163088 0.0440561659021
Herato14 Herato1410 6716713.0 125000.0 0.0156869182542 0.013129408232 0.0155948381422 0.0188767308492
Herato14 Herato1410 6766713.0 175000.0 0.036951168488 0.031566647394 0.0364618711276 0.0496714995548
Herato14 Herato1410 6816713.0 225000.0 0.01457191028 0.01362424848 0.01428577162 0.01645435304
Herato14 Herato1410 6866713.0 275000.0 0.02226224428 0.01899451434 0.02178719014 0.0276788897
Herato14 Herato1410 6916713.0 325000.0 0.0197448132332 0.0179699230765 0.0196730156654 0.0215338971746
Herato14 Herato1410 6966713.0 375000.0 0.03101399056 0.0256677096 0.0311190339 0.0348315739
Herato14 Herato1410 7003519.5 425000.0 0.017885740736 0.0142618392834 0.0177369911913 0.0281124581375
Herato14 Herato1411 7040327.0 25000.0 0.0185677974202 0.0159608913653 0.0183533980368 0.0252498793536
Herato14 Herato1411 7090327.0 75000.0 0.060398498312 0.0395672623694 0.06049167012 0.087113911632
Herato14 Herato1411 7140327.0 125000.0 0.03478717762 0.028209037128 0.033325313316 0.0448289488
Herato14 Herato1411 7190327.0 175000.0 0.027405014452 0.018223637048 0.024951708546 0.044461255208
Herato14 Herato1411 7240327.0 225000.0 0.0198108501434 0.0160548210978 0.0193722723978 0.026914516258
Herato14 Herato1411 7290327.0 275000.0 0.0252282482958 0.019147963209 0.0245383591012 0.0342779803394
Herato14 Herato1411 7340327.0 325000.0 0.0442165197976 0.0245123015839 0.0439179598321 0.0700317432814
Herato14 Herato1411 7390327.0 375000.0 0.0267312473722 0.02013683373 0.0260457272546 0.036591269776
Herato14 Herato1411 7440327.0 425000.0 0.0424545332118 0.0339727492465 0.0418436372728 0.0547031967524
Herato14 Herato1411 7490327.0 475000.0 0.0659510905058 0.0429417675444 0.0611310606 0.119407759156
Herato14 Herato1411 7540327.0 525000.0 0.0452221649772 0.0227209988872 0.0436476924058 0.0757859838028
Herato14 Herato1411 7590327.0 575000.0 0.0869173185234 0.0426353178215 0.0801378815805 0.16894109607
Herato14 Herato1411 7640327.0 625000.0 0.030335334086 0.0184294642208 0.028308969366 0.05319048725
Herato14 Herato1411 7690327.0 675000.0 0.0809468582922 0.0369706434479 0.0749862805116 0.160301043625
Herato14 Herato1411 7740327.0 725000.0 0.0285518112836 0.0197427306216 0.0280379138401 0.04176770244
Herato14 Herato1411 7790327.0 775000.0 0.0535246950336 0.0335850805003 0.0510167303359 0.0909979015624
Herato14 Herato1411 7840327.0 825000.0 0.01315551254 0.00724876275971 0.0132833278122 0.0197666699806
Herato14 Herato1411 7890327.0 875000.0 0.0571396389818 0.027724665925 0.0553501801048 0.112332477516
Herato14 Herato1411 7940327.0 925000.0 0.0272381494371 0.0166866456339 0.0265228080067 0.0426307671984
Herato14 Herato1411 7990327.0 975000.0 0.0210218663404 0.0168034942001 0.0208962301468 0.026180284236
Herato14 Herato1411 8040327.0 1025000.0 0.0810587066868 0.0341626988804 0.0759382605575 0.163370235395
Herato14 Herato1411 8090327.0 1075000.0 0.0384735876185 0.0223683607478 0.0361650206852 0.0732254622759
Herato14 Herato1411 8140327.0 1125000.0 0.016458670588 0.013244580132 0.016216082232 0.021065250836
Herato14 Herato1411 8190327.0 1175000.0 0.0048877688844 0.0041705306674 0.0049184753054 0.0057121817248
Herato14 Herato1411 8240327.0 1225000.0 0.0104313851463 0.00815035291483 0.0103751555001 0.0132653885804
Herato14 Herato1411 8290327.0 1275000.0 0.011575594638 0.0100966152083 0.0114104784201 0.0134713944934
Herato14 Herato1411 8340327.0 1325000.0 0.0229291422088 0.0172423218688 0.0236374250062 0.0296110842016
Herato14 Herato1411 8390327.0 1375000.0 0.02747446711 0.0146234241839 0.0261699862613 0.0496817007212
Herato14 Herato1411 8440327.0 1425000.0 0.125650622963 0.0586785046343 0.113569604891 0.256270328174
Herato14 Herato1411 8490327.0 1475000.0 0.056100812556 0.0363167311361 0.0536640311204 0.0904811229986
Herato14 Herato1411 8540327.0 1525000.0 0.0413453530872 0.0318912268496 0.0391899722596 0.06547134866
Herato14 Herato1411 8590327.0 1575000.0 0.029581104424 0.025211412562 0.030044890982 0.032842211712
Herato14 Herato1411 8640327.0 1625000.0 0.0369614370942 0.0276705605271 0.0341379837598 0.0574843878706
Herato14 Herato1411 8690327.0 1675000.0 0.0323191683386 0.0292819632783 0.032186390535 0.0352640899568
Herato14 Herato1411 8740327.0 1725000.0 0.00935396596814 0.00823471766198 0.00938870294092 0.0107090601978
Herato14 Herato1411 8790327.0 1775000.0 0.0181469362772 0.0136770092673 0.0173478045432 0.0285539103436
Herato14 Herato1411 8840327.0 1825000.0 0.0536542865524 0.0274511171057 0.05379176075 0.0937038841384
Herato14 Herato1411 8890327.0 1875000.0 0.032009430111 0.0215459450407 0.030725231044 0.0518066526196
Herato14 Herato1411 8940327.0 1925000.0 0.01925299632 0.01800340878 0.0192365014 0.02087476086
Herato14 Herato1411 8990327.0 1975000.0 0.02261402429 0.0198998633592 0.022814115682 0.02479714474
Herato14 Herato1411 9040327.0 2025000.0 0.0995354893774 0.0317576520931 0.0911157634106 0.224597682964
Herato14 Herato1411 9090327.0 2075000.0 0.0565822197825 0.0256430125784 0.0510904591428 0.126088212607
Herato14 Herato1411 9140327.0 2125000.0 0.0453750121021 0.0188615761093 0.0420470745703 0.0936980680361
Herato14 Herato1411 9190327.0 2175000.0 0.0155836149029 0.00931191512822 0.0145671386177 0.0260534758795
Herato14 Herato1411 9240327.0 2225000.0 0.0225551277568 0.015284991934 0.0217809797809 0.0347785326672
Herato14 Herato1411 9290327.0 2275000.0 0.0182934461922 0.0129562530759 0.0171802802214 0.0307933579011
Herato14 Herato1411 9340327.0 2325000.0 0.0810417470124 0.0161833434604 0.0772633938886 0.194392271735
Herato14 Herato1411 9390327.0 2375000.0 0.110657511443 0.0499275512504 0.101237147777 0.21133882509
Herato14 Herato1411 9440327.0 2425000.0 0.0362397565416 0.0172211262577 0.0331254184141 0.0743332394582
Herato14 Herato1411 9490327.0 2475000.0 0.041943919892 0.025227303316 0.038603005886 0.076361101292
Herato14 Herato1411 9540327.0 2525000.0 0.0448731358946 0.0272575785082 0.0430347950527 0.0740104039446
Herato14 Herato1411 9590327.0 2575000.0 0.0313820441794 0.0227900060945 0.031110694926 0.0400085581658
Herato14 Herato1411 9640327.0 2625000.0 0.027724079194 0.0239811658618 0.027774332528 0.03300179459
Herato14 Herato1411 9690327.0 2675000.0 0.0464746440396 0.0369202828373 0.0471067774491 0.0592924836344
Herato14 Herato1411 9740327.0 2725000.0 0.0314749687694 0.0227126661092 0.0308286658522 0.0442712906168
Herato14 Herato1411 9790327.0 2775000.0 0.0666838542252 0.0309706155285 0.0645900387078 0.127750277172
Herato14 Herato1411 9840327.0 2825000.0 0.107050046905 0.0428264858909 0.087264074229 0.265407586884
Herato14 Herato1411 9890327.0 2875000.0 0.0155731022812 0.0141477639798 0.0157111747384 0.01724892014
Herato14 Herato1411 9940327.0 2925000.0 0.0217250703751 0.0164985604253 0.0214840360295 0.0286841660191
Herato14 Herato1411 9990327.0 2975000.0 0.0141563766594 0.0106618744318 0.0138518321948 0.0198043144796
Herato14 Herato1411 10040327.0 3025000.0 0.0690741352624 0.026530972931 0.0645984448393 0.14565912661
Herato14 Herato1411 10090327.0 3075000.0 0.0185257662974 0.00999992437391 0.0165280678147 0.0359486887672
Herato14 Herato1411 10140327.0 3125000.0 0.0229710570256 0.0173508484315 0.0223784541233 0.0333835385174
Herato14 Herato1411 10190327.0 3175000.0 0.012976792022 0.0111179593088 0.0129282733004 0.0151035679136
Herato14 Herato1411 10240327.0 3225000.0 0.496423098638 0.204762986156 0.471020862042 0.945403097572
Herato14 Herato1411 10290327.0 3275000.0 0.0320229155672 0.0259460390205 0.0316881024368 0.0398742843388
Herato14 Herato1411 10340327.0 3325000.0 0.0230288827264 0.0173357104314 0.0224613018261 0.0309363778125
Herato14 Herato1411 10390327.0 3375000.0 0.0665074803183 0.0279787460547 0.0589258163576 0.149043798474
Herato14 Herato1411 10440327.0 3425000.0 0.0527962070447 0.0326079352099 0.0505605866342 0.0855325263651
Herato14 Herato1411 10490327.0 3475000.0 0.0453565820147 0.0184971527197 0.0416863463673 0.092737615049
Herato14 Herato1411 10540327.0 3525000.0 0.00282050577797 0.00255407244673 0.00281649588405 0.00305733602876
Herato14 Herato1411 10590327.0 3575000.0 0.0561123448596 0.0329926811956 0.053870698247 0.093837967702
Herato14 Herato1411 10640327.0 3625000.0 0.0187898469758 0.014403167286 0.0185824979473 0.0244097004563
Herato14 Herato1411 10690327.0 3675000.0 0.031432354024 0.023503644294 0.030902971302 0.040998717934
Herato14 Herato1411 10740327.0 3725000.0 0.0243339505335 0.0154846268751 0.022880462345 0.0375416225692
Herato14 Herato1411 10790327.0 3775000.0 0.086176110656 0.0433236973365 0.0835547739224 0.148359855188
Herato14 Herato1411 10840327.0 3825000.0 0.0647022498256 0.0314833955931 0.0546034651192 0.149996342685
Herato14 Herato1411 10890327.0 3875000.0 0.0106280066755 0.00925751910992 0.0106526149526 0.012110457372
Herato14 Herato1411 10940327.0 3925000.0 0.0177518219052 0.0150016188986 0.0176465514396 0.0212109495434
Herato14 Herato1411 10990327.0 3975000.0 0.0309659462385 0.0187358951886 0.0294441126479 0.0514376571326
Herato14 Herato1411 11040327.0 4025000.0 0.0351908858264 0.0183157080753 0.0324630200969 0.0681143846476
Herato14 Herato1411 11090327.0 4075000.0 0.035241154582 0.0172719295814 0.0338323674274 0.0626950203024
Herato14 Herato1411 11140327.0 4125000.0 0.0269575680933 0.00948045802316 0.0258202981727 0.0526490128411
Herato14 Herato1411 11190327.0 4175000.0 0.0299291066812 0.0236355395768 0.0293585412903 0.0390398527726
Herato14 Herato1411 11240327.0 4225000.0 0.0346601522311 0.0248991909522 0.0337159645923 0.0515184007354
Herato14 Herato1411 11290327.0 4275000.0 0.0174336551596 0.0144071951402 0.0173263893862 0.0235272240256
Herato14 Herato1411 11340327.0 4325000.0 0.0254504667628 0.0201379589138 0.0249851515606 0.033936104971
Herato14 Herato1411 11390327.0 4375000.0 0.0200807873738 0.0179686240572 0.0200243761442 0.0225553368344
Herato14 Herato1411 11440327.0 4425000.0 0.0593770202296 0.0406900895595 0.0580648681412 0.0878366393062
Herato14 Herato1411 11490327.0 4475000.0 0.0266787131426 0.0198566245013 0.0263914196855 0.0334600521752
Herato14 Herato1411 11540327.0 4525000.0 0.090326614627 0.0431742210109 0.084127716943 0.164996187231
Herato14 Herato1411 11590327.0 4575000.0 0.038697110862 0.027585675174 0.037397128158 0.054656336834
Herato14 Herato1411 11640327.0 4625000.0 0.0324753075217 0.0228824027396 0.0328993488141 0.0405590163738
Herato14 Herato1411 11690327.0 4675000.0 0.0817407708335 0.0497883968888 0.0784026909718 0.134312679652
Herato14 Herato1411 11740327.0 4725000.0 0.035947601422 0.0285977700832 0.0355480065616 0.0464240900058
Herato14 Herato1411 11790327.0 4775000.0 0.043803121178 0.0303736216912 0.042958622214 0.063091176158
Herato14 Herato1411 11840327.0 4825000.0 0.0304604674532 0.0180407280034 0.0264695778135 0.0575770005645
Herato14 Herato1411 11890327.0 4875000.0 0.0096150954234 0.00670554130677 0.0087268528706 0.0159174929636
Herato14 Herato1411 11940327.0 4925000.0 0.0312130706886 0.017205571736 0.029689023479 0.0574125229748
Herato14 Herato1411 11990327.0 4975000.0 0.0235574929107 0.0144971451516 0.0222933463589 0.0428644164574
Herato14 Herato1411 12040327.0 5025000.0 0.0416059915738 0.0225175380878 0.0377792249662 0.0844765656452
Herato14 Herato1411 12090327.0 5075000.0 0.0541903018046 0.0274245880254 0.0470363381744 0.111387944327
Herato14 Herato1411 12140327.0 5125000.0 0.0815811321253 0.0494323642963 0.0775148591047 0.139879913512
Herato14 Herato1411 12190327.0 5175000.0 0.0216505786882 0.0190642596721 0.0216914600014 0.0241469949348
Herato14 Herato1411 12240327.0 5225000.0 0.0559356565472 0.0299520448811 0.0525544110275 0.101373343812
Herato14 Herato1411 12290327.0 5275000.0 0.0613621951133 0.0305613409672 0.0553178963164 0.120055375658
Herato14 Herato1411 12340327.0 5325000.0 0.0373530587048 0.0282752219798 0.0368234914709 0.0505226015744
Herato14 Herato1411 12390327.0 5375000.0 0.040876702344 0.0277213371598 0.039266148952 0.0624865428
Herato14 Herato1411 12440327.0 5425000.0 0.0615702577202 0.0206896259215 0.0574336769364 0.138708517637
Herato14 Herato1411 12490327.0 5475000.0 0.0100663457635 0.00760135985722 0.00984599353038 0.0138624205868
Herato14 Herato1411 12540327.0 5525000.0 0.0157844697284 0.0107158632451 0.0128107526068 0.0246966265328
Herato14 Herato1411 12590327.0 5575000.0 0.0253376245496 0.0225300561866 0.0252414233666 0.0283126596608
Herato14 Herato1411 12640327.0 5625000.0 0.023053025192 0.021785955304 0.022930183102 0.024723765834
Herato14 Herato1411 12690327.0 5675000.0 0.0240270680224 0.0200206644546 0.0236839234283 0.02905621669
Herato14 Herato1411 12740327.0 5725000.0 0.0257788943896 0.0151643156718 0.0243070187248 0.0445638516818
Herato14 Herato1411 12790327.0 5775000.0 0.0748846272195 0.0437597331361 0.0697543480882 0.131951123043
Herato14 Herato1411 12840327.0 5825000.0 0.0204250853849 0.0149185530709 0.0199988066713 0.0283987167681
Herato14 Herato1411 12890327.0 5875000.0 0.0105150382232 0.00812251900716 0.0101559362558 0.0141174732161
Herato14 Herato1411 12940327.0 5925000.0 0.0321839923294 0.0209230831462 0.0312517100706 0.048140123252
Herato14 Herato1411 12990327.0 5975000.0 0.0178290754933 0.0130986851008 0.0179566631141 0.0225024390878
Herato14 Herato1411 13040327.0 6025000.0 0.0393282723008 0.0259114323657 0.0381322710172 0.058876687526
Herato14 Herato1411 13090327.0 6075000.0 0.0240287188446 0.0193351390693 0.0238439267927 0.0281568137658
Herato14 Herato1411 13140327.0 6125000.0 0.0123892649784 0.00946330405125 0.0121249864225 0.0161261350244
Herato14 Herato1411 13190327.0 6175000.0 0.016725278324 0.0142849473572 0.01660342476 0.019716797804
Herato14 Herato1411 13240327.0 6225000.0 0.0330278347064 0.0214515961093 0.0327622622417 0.0472614200112
Herato14 Herato1411 13290327.0 6275000.0 0.11490451588 0.0529137586027 0.107874547226 0.213953575058
Herato14 Herato1411 13340327.0 6325000.0 0.0588368559116 0.0365424104476 0.0553215358568 0.112216646815
Herato14 Herato1411 13390327.0 6375000.0 0.0548046136196 0.0434135303232 0.0545286276218 0.0677279555417
Herato14 Herato1411 13440327.0 6425000.0 0.071943929052 0.045952491746 0.069561514338 0.113793826074
Herato14 Herato1411 13490327.0 6475000.0 0.0267919685443 0.00920287799437 0.0243887514859 0.064436132676
Herato14 Herato1411 13540327.0 6525000.0 0.0268995215143 0.0211704103741 0.0260920650988 0.0350428252646
Herato14 Herato1411 13590327.0 6575000.0 0.0216791080928 0.00869474506981 0.0206200810251 0.0421877661298
Herato14 Herato1411 13640327.0 6625000.0 0.0583752938205 0.028573515522 0.0528821774322 0.117979720901
Herato14 Herato1411 13690327.0 6675000.0 0.0326646431441 0.018616653506 0.0308223876391 0.0565222922205
Herato14 Herato1411 13740327.0 6725000.0 0.0492242961739 0.0169700414114 0.0428665097095 0.126505306753
Herato14 Herato1411 13790327.0 6775000.0 0.0314624912525 0.0234128563067 0.0308978241093 0.043739808868
Herato14 Herato1411 13840327.0 6825000.0 0.0378283480841 0.0274879778532 0.0369090034064 0.053164956118
Herato14 Herato1411 13890327.0 6875000.0 0.0658169734138 0.0401049497819 0.0641399895339 0.101569608365
Herato14 Herato1411 13940327.0 6925000.0 0.0569431042992 0.0204297446175 0.054946925783 0.101538337628
Herato14 Herato1411 13990327.0 6975000.0 0.0432410380134 0.0233663050692 0.0417561995309 0.0817677834212
