chrom scaffold Cposition position mean p0025 p0500 p0975
Herato04 Herato0401 25001.0 25000.0 0.250992180909 0.0658108255364 0.221222852624 0.648935278506
Herato04 Herato0401 75001.0 75000.0 0.0154143923258 0.0110563279368 0.0152134351349 0.0208311112688
Herato04 Herato0401 125001.0 125000.0 0.0381343236146 0.0290621264801 0.0377070215342 0.0498320813214
Herato04 Herato0401 175001.0 175000.0 0.0816517794841 0.0504653247481 0.0777881075857 0.138057650872
Herato04 Herato0401 225001.0 225000.0 0.066793443206 0.0363185140244 0.0605033478292 0.128860135205
Herato04 Herato0401 275001.0 275000.0 0.0631389706717 0.0340424971373 0.0583708763036 0.121170573389
Herato04 Herato0401 325001.0 325000.0 0.0617467941932 0.0243987675388 0.0578475643093 0.130348912187
Herato04 Herato0401 375001.0 375000.0 0.0202173746978 0.0153095366729 0.0198723676474 0.027004917486
Herato04 Herato0401 425001.0 425000.0 0.0314458165528 0.00840136166867 0.0150005946203 0.0734252713318
Herato04 Herato0401 475001.0 475000.0 0.140198439558 0.0878266260474 0.132852224356 0.231701671755
Herato04 Herato0401 525001.0 525000.0 0.13099372346 0.0755423994142 0.122029532077 0.229564580229
Herato04 Herato0401 575001.0 575000.0 0.106327080701 0.0517682086917 0.104291576898 0.169988894244
Herato04 Herato0401 625001.0 625000.0 0.0647573155422 0.0357688219935 0.0585269007828 0.157436687204
Herato04 Herato0401 675001.0 675000.0 0.027462169867 0.0191774324798 0.0268793321946 0.0406950033368
Herato04 Herato0401 725001.0 725000.0 0.108990434772 0.0456295828439 0.0923281546415 0.252228805622
Herato04 Herato0401 775001.0 775000.0 0.110334544928 0.0429028439238 0.104262894683 0.213315540077
Herato04 Herato0401 825001.0 825000.0 0.242583300338 0.0696717357278 0.214553933088 0.540018143133
Herato04 Herato0401 875001.0 875000.0 0.009086526464 0.007919004688 0.009189529164 0.01036088482
Herato04 Herato0401 925001.0 925000.0 0.0467089995002 0.0183213640474 0.0425568528599 0.0987600799891
Herato04 Herato0401 975001.0 975000.0 0.0101300876108 0.00919684855355 0.0101195221463 0.011001116837
Herato04 Herato0401 1025001.0 1025000.0 0.0376886824052 0.0157942894302 0.0368114772616 0.0786078943078
Herato04 Herato0401 1075001.0 1075000.0 0.0206893049972 0.0120351389833 0.0200880617938 0.0352177635153
Herato04 Herato0401 1125001.0 1125000.0 0.0927695057481 0.0339621835492 0.0822234657034 0.220639362505
Herato04 Herato0401 1175001.0 1175000.0 0.0690098303694 0.0295193370427 0.063178455374 0.144406077945
Herato04 Herato0401 1225001.0 1225000.0 0.0179296454702 0.00963051424828 0.0161813573508 0.0386138042875
Herato04 Herato0401 1275001.0 1275000.0 0.0871788465112 0.0260979580088 0.0812864652974 0.193169264096
Herato04 Herato0401 1325001.0 1325000.0 0.0361105321577 0.0267712379917 0.0354099796682 0.049772831978
Herato04 Herato0401 1375001.0 1375000.0 0.0168261205662 0.0145997439101 0.0167032935752 0.0197085854356
Herato04 Herato0401 1425001.0 1425000.0 0.0218538665518 0.0187580754092 0.0216019538288 0.0260874754338
Herato04 Herato0401 1475001.0 1475000.0 0.161502600599 0.0665110553044 0.131867088319 0.415613134499
Herato04 Herato0401 1525001.0 1525000.0 0.0227983187255 0.0197645572784 0.0225802703751 0.0271448197893
Herato04 Herato0401 1575001.0 1575000.0 0.014173643056 0.0104767902453 0.01365036582 0.0201387722444
Herato04 Herato0401 1625001.0 1625000.0 0.0771209909073 0.0310926667983 0.0724768918004 0.157086843082
Herato04 Herato0401 1675001.0 1675000.0 0.0274695519813 0.0153699877144 0.0267370955417 0.0431865656748
Herato04 Herato0401 1725001.0 1725000.0 0.039657569838 0.0180131311444 0.0312952006472 0.100924080262
Herato04 Herato0401 1775001.0 1775000.0 0.0440128130129 0.0289773048379 0.0420417260156 0.0701004362776
Herato04 Herato0401 1825001.0 1825000.0 0.024088449206 0.0183930984137 0.0237589047618 0.032038823365
Herato04 Herato0401 1875001.0 1875000.0 0.0571811515861 0.0256907694121 0.0490007616878 0.1360621663
Herato04 Herato0401 1925001.0 1925000.0 0.0145243277773 0.010349323976 0.0142094680079 0.0198062613348
Herato04 Herato0401 1975001.0 1975000.0 0.0218924563868 0.0197600228541 0.0217049853529 0.0244369442947
Herato04 Herato0401 2025001.0 2025000.0 0.0453494239948 0.0328501169883 0.0439810233382 0.0641076575236
Herato04 Herato0401 2075001.0 2075000.0 0.0789654597303 0.0484408852968 0.0778559558213 0.122492941626
Herato04 Herato0401 2125001.0 2125000.0 0.077796852575 0.0252709171347 0.0747046656626 0.166810660928
Herato04 Herato0401 2175001.0 2175000.0 0.181187246761 0.0830944802452 0.162977593875 0.399156814269
Herato04 Herato0401 2225001.0 2225000.0 0.163974709072 0.0482052156875 0.140578166601 0.412046698084
Herato04 Herato0401 2275001.0 2275000.0 0.0794936114035 0.0234339708925 0.0678406071059 0.207172283232
Herato04 Herato0401 2325001.0 2325000.0 0.013508180018 0.0093025163811 0.0119966973856 0.0304004006222
Herato04 Herato0401 2375001.0 2375000.0 0.0263167965105 0.0116511484577 0.0251963982933 0.0458695144078
Herato04 Herato0401 2425001.0 2425000.0 0.102227135587 0.0466193199933 0.0914927408945 0.238063443774
Herato04 Herato0401 2475001.0 2475000.0 0.0849015376677 0.0383983241447 0.0729429853472 0.183649129423
Herato04 Herato0401 2525001.0 2525000.0 0.0172198876389 0.010087992955 0.015763795681 0.0301191780091
Herato04 Herato0401 2575001.0 2575000.0 0.0617102289169 0.0327658687258 0.0586436945485 0.10910649551
Herato04 Herato0401 2625001.0 2625000.0 0.0288220066335 0.0237763952129 0.028570409997 0.0357276619948
Herato04 Herato0401 2667575.0 2675000.0 0.0195771157578 0.014661442586 0.0197371452857 0.0259725748979
Herato04 Herato0402 2710150.0 25000.0 0.110066262378 0.0496167789899 0.1024728818 0.219166744407
Herato04 Herato0402 2760150.0 75000.0 0.0543874819335 0.0262396620471 0.0525602690756 0.0948591117098
Herato04 Herato0402 2786119.5 125000.0 0.125706627127 0.106155775142 0.1252776328 0.153963806086
Herato04 Herato0403 2812090.0 25000.0 0.0514381896382 0.0250175200543 0.0488930677497 0.0984905984684
Herato04 Herato0403 2862090.0 75000.0 0.296874321055 0.0972371886639 0.260776548607 0.705012922258
Herato04 Herato0403 2912090.0 125000.0 0.0167593412405 0.0124059844823 0.0163174999035 0.0238689086141
Herato04 Herato0403 2962090.0 175000.0 0.024633977998 0.0183551927888 0.0240281280482 0.0349378088532
Herato04 Herato0403 3012090.0 225000.0 0.0195289830469 0.0171129419346 0.0195847434912 0.0220959231634
Herato04 Herato0403 3062090.0 275000.0 0.0650837740055 0.0319771466996 0.0622324380256 0.1140848051
Herato04 Herato0403 3112090.0 325000.0 0.0261273538664 0.0151675864219 0.0253968338484 0.0435682493827
Herato04 Herato0403 3162090.0 375000.0 0.0603669085475 0.041605590528 0.0588527020929 0.083999895901
Herato04 Herato0403 3212090.0 425000.0 0.0223246331598 0.0151993984549 0.0221025774383 0.0320222622984
Herato04 Herato0403 3262090.0 475000.0 0.033220553138 0.0193305867082 0.0320894898484 0.056428324638
Herato04 Herato0403 3312090.0 525000.0 0.0281504851465 0.0192430185702 0.027766964018 0.0403639701215
Herato04 Herato0403 3362090.0 575000.0 0.0322007227088 0.0248534367429 0.031457553062 0.0444371341302
Herato04 Herato0403 3412090.0 625000.0 0.11358780809 0.0483556250658 0.10392105817 0.231005267559
Herato04 Herato0403 3462090.0 675000.0 0.015436393931 0.0137665783632 0.015370891486 0.0176106724026
Herato04 Herato0403 3512090.0 725000.0 0.00966824538724 0.00713269858116 0.00955553813858 0.0129523852917
Herato04 Herato0403 3562090.0 775000.0 0.0282009640147 0.0117891360379 0.0219585399084 0.0619811443376
Herato04 Herato0403 3612090.0 825000.0 0.0272662291196 0.0156115852486 0.0262609745239 0.0440272499303
Herato04 Herato0403 3662090.0 875000.0 0.0754128678336 0.0402538350775 0.0697285535403 0.139830489089
Herato04 Herato0403 3712090.0 925000.0 0.0203464488755 0.0142707918044 0.019783386647 0.0293484220048
Herato04 Herato0403 3762090.0 975000.0 0.0685173025051 0.0364699876959 0.0631811175852 0.134760673752
Herato04 Herato0403 3812090.0 1025000.0 0.128548688492 0.0668699513712 0.121271440024 0.229807243048
Herato04 Herato0403 3856277.5 1075000.0 0.0841510079677 0.0215551949738 0.0670736535333 0.245360554678
Herato04 Herato0404 3900466.0 25000.0 0.097805212969 0.0403867515751 0.0878506101956 0.213584394214
Herato04 Herato0404 3950466.0 75000.0 0.0466789184902 0.0309264444543 0.0465662445921 0.0671314041353
Herato04 Herato0404 3987213.0 125000.0 0.0824873278284 0.0498540237933 0.0809251339065 0.131497328765
Herato04 Herato0405 4023961.0 25000.0 0.0369844584182 0.0189254453254 0.0328681223644 0.0774313132104
Herato04 Herato0405 4073961.0 75000.0 0.0588734834201 0.0186608052329 0.0464064767726 0.166418062896
Herato04 Herato0405 4123961.0 125000.0 0.0331937745998 0.023975706077 0.0332453262525 0.0410780970807
Herato04 Herato0405 4173961.0 175000.0 0.0265833528574 0.0220955908236 0.0259423905352 0.035891957
Herato04 Herato0405 4223961.0 225000.0 0.016210291856 0.0148141434656 0.016096068758 0.017601803886
Herato04 Herato0405 4273961.0 275000.0 0.0810186721776 0.0329867117283 0.0746673338855 0.166514155858
Herato04 Herato0405 4323961.0 325000.0 0.0366698884085 0.00745248324292 0.027530350865 0.0978485316531
Herato04 Herato0405 4373961.0 375000.0 0.0370575753493 0.0211027968159 0.0342187196403 0.0645585406171
Herato04 Herato0405 4423961.0 425000.0 0.0333882170862 0.0215824879795 0.0316580231881 0.0558052409018
Herato04 Herato0405 4473961.0 475000.0 0.0447193527022 0.0387292802221 0.0446874406005 0.0498241910502
Herato04 Herato0405 4523961.0 525000.0 0.153415405606 0.0950003008712 0.145269323621 0.261992719203
Herato04 Herato0405 4573961.0 575000.0 0.0397146205384 0.0322440612455 0.0395868547971 0.0484373441962
Herato04 Herato0405 4623961.0 625000.0 0.056314564334 0.0272006940449 0.053767740362 0.097370170375
Herato04 Herato0405 4673961.0 675000.0 0.0221757464379 0.0127754758243 0.022251418868 0.0333748446116
Herato04 Herato0405 4723961.0 725000.0 0.0452656631838 0.0253439083344 0.044207393596 0.0726078119472
Herato04 Herato0405 4773961.0 775000.0 0.016346723193 0.0134176497082 0.0162980396625 0.0198121619455
Herato04 Herato0405 4823961.0 825000.0 0.0617357760744 0.0316333751547 0.0573498837794 0.111926830372
Herato04 Herato0405 4873961.0 875000.0 0.179874272562 0.0776907817357 0.164506504338 0.371887289851
Herato04 Herato0405 4923961.0 925000.0 0.016022242828 0.01276263206 0.015949466334 0.019404451798
Herato04 Herato0405 4973961.0 975000.0 0.0824122664278 0.0478576246945 0.0768680260727 0.144880877709
Herato04 Herato0405 5023961.0 1025000.0 0.0388692992614 0.0265288557678 0.037679900234 0.0588200296601
Herato04 Herato0405 5073961.0 1075000.0 0.0988380052266 0.0446546789168 0.088818973287 0.207077854082
Herato04 Herato0405 5123961.0 1125000.0 0.0732161407926 0.0522686337153 0.0703158331015 0.111405296792
Herato04 Herato0405 5173961.0 1175000.0 0.0230644997279 0.0159123542413 0.0227696456218 0.033951313582
Herato04 Herato0405 5223961.0 1225000.0 0.0609893343378 0.0472053302151 0.060507046934 0.076972331452
Herato04 Herato0405 5273961.0 1275000.0 0.0728402383577 0.0339164282512 0.0648365715233 0.160466412006
Herato04 Herato0405 5323961.0 1325000.0 0.0203155181877 0.00635285639646 0.0202209785215 0.0418704013305
Herato04 Herato0405 5373961.0 1375000.0 0.0763715341479 0.0293153707436 0.0730121556937 0.144657431194
Herato04 Herato0405 5423961.0 1425000.0 0.0149233643184 0.0102353513436 0.0137833204148 0.0229264302512
Herato04 Herato0405 5473961.0 1475000.0 0.0501059516909 0.0207223196707 0.0482387830273 0.0939329534352
Herato04 Herato0405 5523961.0 1525000.0 0.0344884858848 0.0195776474895 0.0331198608266 0.0594101436492
Herato04 Herato0405 5573961.0 1575000.0 0.071562915088 0.046780156672 0.0693880725852 0.10783069937
Herato04 Herato0405 5623961.0 1625000.0 0.0669501793608 0.0584982700646 0.0648671247644 0.0786478260032
Herato04 Herato0405 5673961.0 1675000.0 0.086385482156 0.077083370822 0.08578959013 0.096788450222
Herato04 Herato0405 5712140.5 1725000.0 0.0518432379908 0.0452160900695 0.0516078618749 0.058917503384
Herato04 Herato0406 5750321.0 25000.0 0.036474840936 0.027593605861 0.0360904242004 0.043569686363
Herato04 Herato0406 5800321.0 75000.0 0.0635333019414 0.050314510703 0.0635991767709 0.0816769566166
Herato04 Herato0406 5833316.0 125000.0 0.0411459016886 0.0384805001876 0.0412424265166 0.0431795043152
Herato04 Herato0407 5858351.0 25000.0 0.0697660000141 0.0550590356752 0.0677633264716 0.088835891493
Herato04 Herato0408 5900391.0 25000.0 0.068759919896 0.06261652802 0.069113736558 0.073861605724
Herato04 Herato0408 5927978.0 75000.0 0.0540599284886 0.0504876691148 0.0543107866254 0.0571097313491
Herato04 Herato0409 5946729.5 25000.0 0.0460430417298 0.0413774952145 0.0461087403161 0.0510207111022
Herato04 Herato0410 5984437.0 25000.0 0.158375839766 0.063977393936 0.13996411493 0.342087314718
Herato04 Herato0411 6030981.0 25000.0 0.0931333623104 0.0533304634985 0.0907583306009 0.146189151365
Herato04 Herato0411 6080981.0 75000.0 0.0373116254976 0.0288950126405 0.0377356345973 0.0472498446201
Herato04 Herato0411 6130981.0 125000.0 0.039152077138 0.0322556024978 0.0386402320607 0.048273825812
Herato04 Herato0411 6180981.0 175000.0 0.0952738072386 0.0876499117115 0.0954310074129 0.102072361385
Herato04 Herato0411 6230981.0 225000.0 0.0716808827248 0.0580079117457 0.070574705047 0.0896880106324
Herato04 Herato0411 6280981.0 275000.0 0.0683596351615 0.0348048012963 0.0586882522005 0.149569456353
Herato04 Herato0411 6330981.0 325000.0 0.052618018145 0.0260002320602 0.0478307089512 0.106229192082
Herato04 Herato0411 6380981.0 375000.0 0.101657301342 0.033599412578 0.102289834743 0.163851987902
Herato04 Herato0411 6430981.0 425000.0 0.045885495508 0.0334211232129 0.0450411380044 0.0620457722132
Herato04 Herato0411 6480981.0 475000.0 0.0571059495428 0.0165088585958 0.0545457627553 0.118221755407
Herato04 Herato0411 6530981.0 525000.0 0.0232298595216 0.0194801100737 0.0234423128558 0.026056795044
Herato04 Herato0411 6580981.0 575000.0 0.028839654356 0.017296059414 0.029440430666 0.0339276275
Herato04 Herato0411 6630981.0 625000.0 0.0283740752703 0.0244932064046 0.028349647602 0.0329223529075
Herato04 Herato0411 6680981.0 675000.0 0.0835698307104 0.0448066427745 0.0776749329158 0.15209382583
Herato04 Herato0411 6730981.0 725000.0 0.054694677013 0.0314166531255 0.0522936608794 0.0938786308536
Herato04 Herato0411 6780981.0 775000.0 0.0384893640216 0.0201748386386 0.0368235000466 0.0823008871062
Herato04 Herato0411 6830981.0 825000.0 0.057148145337 0.0308551834505 0.0514112983898 0.116734173687
Herato04 Herato0411 6880981.0 875000.0 0.0613668367681 0.0422644765998 0.0602387466973 0.081902697084
Herato04 Herato0411 6930981.0 925000.0 0.05394929055 0.0348304798502 0.0507944150872 0.082881553094
Herato04 Herato0411 6980981.0 975000.0 0.0194025721841 0.0100191066499 0.0167966560547 0.0358906418138
Herato04 Herato0411 7030981.0 1025000.0 0.00895586068712 0.0051704693193 0.00835958632554 0.0163603184432
Herato04 Herato0411 7080981.0 1075000.0 0.0269279718365 0.0191615282831 0.0268309859621 0.0358109551062
Herato04 Herato0411 7130981.0 1125000.0 0.0304747097705 0.0188739009529 0.0299141646302 0.046498339963
Herato04 Herato0411 7180981.0 1175000.0 0.0189696129635 0.0146066107391 0.0186011799821 0.0268651439806
Herato04 Herato0411 7230981.0 1225000.0 0.0239316200128 0.018732481939 0.0237424806396 0.030113424578
Herato04 Herato0411 7280981.0 1275000.0 0.035128201053 0.0202951133208 0.0311394331815 0.0690466848744
Herato04 Herato0411 7330981.0 1325000.0 0.0549942345107 0.0260989729937 0.0516562773676 0.110893873687
Herato04 Herato0411 7380981.0 1375000.0 0.0119935701847 0.00955031055313 0.011869557577 0.0156783288903
Herato04 Herato0411 7430981.0 1425000.0 0.0368354698099 0.0224224121114 0.0350680219763 0.0605804481031
Herato04 Herato0411 7480981.0 1475000.0 0.0433788321985 0.0268114592323 0.0425529447639 0.0678051653843
Herato04 Herato0411 7530981.0 1525000.0 0.0669329167048 0.0406235254543 0.0654577773126 0.104428107418
Herato04 Herato0411 7580981.0 1575000.0 0.0380337984681 0.0201887821006 0.0348717990211 0.0783295422174
Herato04 Herato0411 7630981.0 1625000.0 0.0122580835482 0.010231655478 0.0118216509898 0.0153664889834
Herato04 Herato0411 7680981.0 1675000.0 0.0448210117416 0.0304018760082 0.0435369359377 0.0662608925418
Herato04 Herato0411 7730981.0 1725000.0 0.0259810125002 0.0211812359815 0.0257196970582 0.0318512495915
Herato04 Herato0411 7780981.0 1775000.0 0.0157373204683 0.00901164270583 0.0158326020685 0.0268829322476
Herato04 Herato0411 7830981.0 1825000.0 0.0748911497132 0.0530106572824 0.0711434986132 0.114485662224
Herato04 Herato0411 7880981.0 1875000.0 0.0201817783282 0.0110595891457 0.0188721751663 0.0376162618107
Herato04 Herato0411 7930981.0 1925000.0 0.0481160113517 0.026613808768 0.0454076151242 0.0816395671031
Herato04 Herato0411 7980981.0 1975000.0 0.019085152338 0.0146579936697 0.0192627849405 0.0240823964646
Herato04 Herato0411 8030981.0 2025000.0 0.0482220732385 0.0317845141419 0.0462667464946 0.0776387155896
Herato04 Herato0411 8080981.0 2075000.0 0.0119516986854 0.00889123571721 0.0115278468845 0.0183817537387
Herato04 Herato0411 8130981.0 2125000.0 0.0590282296595 0.0228742380915 0.050683532701 0.150454961216
Herato04 Herato0411 8180981.0 2175000.0 0.0143530429824 0.0102150290837 0.0125720889203 0.0369195167255
Herato04 Herato0411 8230981.0 2225000.0 0.033443729237 0.00960736230646 0.0340904750108 0.0567279733247
Herato04 Herato0411 8280981.0 2275000.0 0.00935804521288 0.00815397940136 0.00932704967332 0.0107479436003
Herato04 Herato0411 8330981.0 2325000.0 0.0303518181441 0.00949371906635 0.0320843177112 0.062035839288
Herato04 Herato0411 8380981.0 2375000.0 0.0838418101405 0.0232372635404 0.0708531828124 0.235203581586
Herato04 Herato0411 8430981.0 2425000.0 0.0350699590854 0.021122412323 0.0339973783411 0.0525955492688
Herato04 Herato0411 8480981.0 2475000.0 0.0516388494046 0.0221136300419 0.0481260664675 0.106911007475
Herato04 Herato0411 8530981.0 2525000.0 0.044444457348 0.035493580685 0.04197263243 0.05564836471
Herato04 Herato0411 8580981.0 2575000.0 0.0233599532944 0.0208801230208 0.0230502259542 0.0264472288862
Herato04 Herato0411 8630981.0 2625000.0 0.0768930339413 0.0613079986995 0.0758348663279 0.0988161995792
Herato04 Herato0411 8680981.0 2675000.0 0.0595772569669 0.0312980845629 0.0565501499225 0.107126705071
Herato04 Herato0411 8730981.0 2725000.0 0.0630803711449 0.0320545061987 0.0585231105626 0.11501603999
Herato04 Herato0411 8780981.0 2775000.0 0.0509521360474 0.0341531616656 0.0492251750558 0.0771684749054
Herato04 Herato0411 8830981.0 2825000.0 0.0149727323118 0.0109928475731 0.0146383563476 0.0210447521619
Herato04 Herato0411 8880981.0 2875000.0 0.0790918759022 0.0440254710948 0.0746382548658 0.137166878675
Herato04 Herato0411 8930981.0 2925000.0 0.0240996787626 0.018725007964 0.0240334196614 0.0296133356848
Herato04 Herato0411 8980981.0 2975000.0 0.0167229445684 0.0142324560056 0.0166948319112 0.019510273709
Herato04 Herato0411 9030981.0 3025000.0 0.0399872602517 0.014592502521 0.0374755264628 0.078180067367
Herato04 Herato0411 9080981.0 3075000.0 0.0185700575466 0.0109646095966 0.0184268255487 0.0257940199373
Herato04 Herato0411 9130981.0 3125000.0 0.0437418692796 0.0159223304611 0.0373598641136 0.109332899117
Herato04 Herato0411 9180981.0 3175000.0 0.0166288289562 0.0131080695446 0.016454932411 0.0209517586545
Herato04 Herato0411 9230981.0 3225000.0 0.0276855530764 0.0150645049008 0.0231793172509 0.110570096876
Herato04 Herato0411 9280981.0 3275000.0 0.0450125755286 0.0168661828889 0.0420359964308 0.0913975321302
Herato04 Herato0411 9330981.0 3325000.0 0.0194131424287 0.00438658694897 0.0188639721263 0.0444853238865
Herato04 Herato0411 9380981.0 3375000.0 0.0316468763837 0.0193620397615 0.0303302597258 0.048028680737
Herato04 Herato0411 9430981.0 3425000.0 0.0529417869792 0.0242804564609 0.0482652927567 0.106001138174
Herato04 Herato0411 9480981.0 3475000.0 0.0590558792249 0.0392934152451 0.0581181219535 0.0886956619106
Herato04 Herato0411 9530981.0 3525000.0 0.0070099385479 0.00525974787574 0.0071124352675 0.00929060932782
Herato04 Herato0411 9580981.0 3575000.0 0.009066557114 0.0080300213994 0.009085108186 0.010228914694
Herato04 Herato0411 9630981.0 3625000.0 0.060451132447 0.0346448785684 0.056232392484 0.105747898557
Herato04 Herato0411 9680981.0 3675000.0 0.0466158622921 0.0279978860358 0.044865434168 0.072641925567
Herato04 Herato0411 9730981.0 3725000.0 0.026246914224 0.0170066037397 0.0253274765386 0.0395086523775
Herato04 Herato0411 9780981.0 3775000.0 0.0736839399222 0.0305433303959 0.0659981989984 0.175449747752
Herato04 Herato0411 9830981.0 3825000.0 0.163271405798 0.0651434485132 0.147938882987 0.343207644682
Herato04 Herato0411 9880981.0 3875000.0 0.0294451164143 0.0218941560339 0.0289459368454 0.0396562635889
Herato04 Herato0411 9930981.0 3925000.0 0.0853185666982 0.0149712334385 0.0781362557345 0.186332821065
Herato04 Herato0411 9980981.0 3975000.0 0.0462831882626 0.0272344975276 0.0425248990314 0.0855210121052
Herato04 Herato0411 10030981.0 4025000.0 0.0353370685924 0.0217344027214 0.0341860158579 0.0588581262115
Herato04 Herato0411 10080981.0 4075000.0 0.0290719589758 0.0237437827086 0.0278827420368 0.0375750190444
Herato04 Herato0411 10130981.0 4125000.0 0.0197330820825 0.0135754146837 0.0194137308951 0.0277885716402
Herato04 Herato0411 10180981.0 4175000.0 0.0214373114609 0.0173243310981 0.0213767002198 0.0263924044922
Herato04 Herato0411 10230981.0 4225000.0 0.040317090254 0.0223678580918 0.0383502131565 0.0702596851131
Herato04 Herato0411 10280981.0 4275000.0 0.0108656003844 0.00777550257838 0.0102850200323 0.0176650199413
Herato04 Herato0411 10330981.0 4325000.0 0.0146803704154 0.0124619738358 0.0146950052877 0.0171494745765
Herato04 Herato0411 10380981.0 4375000.0 0.0502310894602 0.03243777226 0.0494077563366 0.0758258143656
Herato04 Herato0411 10430981.0 4425000.0 0.0722523898366 0.037686657009 0.0685321330802 0.141570118006
Herato04 Herato0411 10480981.0 4475000.0 0.100602850135 0.0299909162257 0.0844806933598 0.277184146027
Herato04 Herato0411 10530981.0 4525000.0 0.00713717495056 0.00547888126131 0.00698054812198 0.00984153684434
Herato04 Herato0411 10580981.0 4575000.0 0.0209224210419 0.0126743182532 0.0193572630537 0.0385958761507
Herato04 Herato0411 10630981.0 4625000.0 0.0302910588147 0.0121694777147 0.029812587439 0.0475108038071
Herato04 Herato0411 10680981.0 4675000.0 0.0125382959301 0.00638503893129 0.0118465911044 0.0249393889347
Herato04 Herato0411 10730981.0 4725000.0 0.0153702660515 0.00994985638255 0.0148298274353 0.0240722946201
Herato04 Herato0411 10780981.0 4775000.0 0.0051387946752 0.0035326449096 0.0050438084294 0.0073580453052
Herato04 Herato0411 10830981.0 4825000.0 0.0154531968067 0.00985789983244 0.0153352759141 0.0229647396887
Herato04 Herato0411 10880981.0 4875000.0 0.0480277359082 0.0172476926874 0.0470824288704 0.095519370422
Herato04 Herato0411 10930981.0 4925000.0 0.037393080581 0.01572885943 0.034952832138 0.0676375426393
Herato04 Herato0411 10980981.0 4975000.0 0.0441218753692 0.0211523251964 0.041118356234 0.0928564536051
Herato04 Herato0411 11030981.0 5025000.0 0.0232764204772 0.0184752796623 0.0229011421788 0.030803080176
Herato04 Herato0411 11080981.0 5075000.0 0.0312036304045 0.0133195143476 0.0276808911832 0.0616528234496
Herato04 Herato0411 11130981.0 5125000.0 0.117841503351 0.0266087287318 0.109766999733 0.253522277745
Herato04 Herato0411 11180981.0 5175000.0 0.0576190024791 0.0243535277021 0.0547575477083 0.112192781848
Herato04 Herato0411 11230981.0 5225000.0 0.0313066184536 0.0179218707649 0.0298909644641 0.0519257047445
Herato04 Herato0411 11280981.0 5275000.0 0.0283558408395 0.0102923820143 0.0265062681382 0.0615348080506
Herato04 Herato0411 11330981.0 5325000.0 0.0334074938656 0.0196412851251 0.0325942202139 0.0517821641934
Herato04 Herato0411 11380981.0 5375000.0 0.0404047690166 0.0255660141345 0.0386170201026 0.06699772868
Herato04 Herato0411 11430981.0 5425000.0 0.0407925463622 0.0209961631159 0.0382566528441 0.0783119568299
Herato04 Herato0411 11480981.0 5475000.0 0.123327218592 0.0556792583067 0.107759904084 0.293574998872
Herato04 Herato0411 11530981.0 5525000.0 0.0202453653229 0.0135322758512 0.0198153635332 0.0292410503148
Herato04 Herato0411 11580981.0 5575000.0 0.0204748039664 0.0167129555154 0.0204618382398 0.0245071882064
Herato04 Herato0411 11630981.0 5625000.0 0.0194625126925 0.016399772914 0.0193606665988 0.0238625319455
Herato04 Herato0411 11680981.0 5675000.0 0.0290131164119 0.0160863955501 0.026920289688 0.0557505095016
Herato04 Herato0411 11730981.0 5725000.0 0.0178438572529 0.0112435171484 0.0178485261907 0.0232561600644
Herato04 Herato0411 11780981.0 5775000.0 0.0140970247814 0.0113557825599 0.013901317452 0.0175707876455
Herato04 Herato0411 11830981.0 5825000.0 0.0608186582312 0.037008526782 0.056846513896 0.1046382514
Herato04 Herato0411 11880981.0 5875000.0 0.0385183040996 0.0159620795008 0.0339326038864 0.0827888576283
Herato04 Herato0411 11930981.0 5925000.0 0.00748996823262 0.00471571014699 0.00667594446296 0.0159433503834
Herato04 Herato0411 11980981.0 5975000.0 0.08278303268 0.0550842059065 0.0807195294752 0.118671564068
Herato04 Herato0411 12030981.0 6025000.0 0.034353704406 0.0281379295856 0.0344040535742 0.039619000752
Herato04 Herato0411 12080981.0 6075000.0 0.001126842308 0.0008953827952 0.0011729740918 0.001334258217
Herato04 Herato0411 12130981.0 6125000.0 0.0276706153271 0.0180139297633 0.0273588343653 0.0382429695176
Herato04 Herato0411 12180981.0 6175000.0 0.096947010277 0.0419832235128 0.0879966163794 0.201531093939
Herato04 Herato0411 12230981.0 6225000.0 0.0167632911793 0.0125548162895 0.0164170406828 0.0226912777552
Herato04 Herato0411 12280981.0 6275000.0 0.0454860191782 0.0321447503543 0.0445444157368 0.0655982956602
Herato04 Herato0411 12330981.0 6325000.0 0.0347231097744 0.0250692454346 0.031125401341 0.0688372547708
Herato04 Herato0411 12380981.0 6375000.0 0.0736751958643 0.0486168421275 0.0720848797057 0.113326142906
Herato04 Herato0411 12430981.0 6425000.0 0.039588042634 0.0343673516712 0.0393191724474 0.046380031252
Herato04 Herato0411 12460064.0 6475000.0 0.0139842930443 0.0128228355376 0.0139101980162 0.015430350845
Herato04 Herato0412 12489148.0 25000.0 0.0621859941384 0.053027852765 0.0618628911596 0.07339840001
Herato04 Herato0412 12539148.0 75000.0 0.056264421542 0.0500316989576 0.05605313134 0.063179051272
Herato04 Herato0412 12589148.0 125000.0 0.057839173884 0.0515248118523 0.0578474110224 0.06446991844
Herato04 Herato0412 12639148.0 175000.0 0.0347359390626 0.0274270439439 0.034104036522 0.0457164914356
Herato04 Herato0412 12689148.0 225000.0 0.090464663608 0.0737701685005 0.0868116000093 0.128321203482
Herato04 Herato0412 12738617.5 275000.0 0.0865093406486 0.0835749217189 0.0864147579027 0.0892894016224
Herato04 Herato0413 12788088.0 25000.0 0.0732296873408 0.0606191695552 0.0723920225576 0.089389730468
Herato04 Herato0413 12838088.0 75000.0 0.0897082151312 0.0605702135739 0.0934489092814 0.119975114409
Herato04 Herato0413 12888088.0 125000.0 0.075733099632 0.0646630086053 0.0758405138213 0.0884908337044
Herato04 Herato0413 12938088.0 175000.0 0.0804770119167 0.0673555649569 0.0796117130557 0.0984130963742
Herato04 Herato0413 12988088.0 225000.0 0.0714944849918 0.0429997466279 0.0692752200417 0.117435091806
Herato04 Herato0413 13020158.0 275000.0 0.0173369593281 0.0157930879491 0.0172568822207 0.0190406927086
Herato04 Herato0414 13038890.0 25000.0 0.0554555058245 0.0348537681285 0.054328868447 0.0869064831104
Herato04 Herato0415 13075552.0 25000.0 0.0677134022039 0.0519763762613 0.0661689136255 0.0930021614542
Herato04 Herato0415 13103849.0 75000.0 0.0304290226084 0.0281677472954 0.0305837331498 0.0330535429299
Herato04 Herato0416 13126177.5 25000.0 0.0399314553075 0.0317549515023 0.0394222341959 0.0500285824823
Herato04 Herato0417 13170209.0 25000.0 0.0404586049575 0.0311839176075 0.0397197867775 0.0533406299278
Herato04 Herato0417 13220209.0 75000.0 0.0418379572389 0.0313629521583 0.0410548390331 0.0586453796033
Herato04 Herato0417 13270209.0 125000.0 0.080459919092 0.074614151975 0.0802680791536 0.0873872306992
Herato04 Herato0417 13299605.5 175000.0 0.0809452873195 0.0757200949392 0.0807868677584 0.0873389921528
Herato04 Herato0418 13329003.0 25000.0 0.043912553218 0.039079819198 0.043305244452 0.049488899832
Herato04 Herato0418 13369707.0 75000.0 0.0460244677464 0.0382272338076 0.0458828537118 0.0547222751872
Herato04 Herato0419 13410412.0 25000.0 0.0316187852162 0.0203239667357 0.0304134357241 0.0508296988016
Herato04 Herato0419 13460412.0 75000.0 0.0554686978646 0.016178379738 0.049291318079 0.129585781737
Herato04 Herato0419 13510412.0 125000.0 0.020914736802 0.0148251426685 0.0191614222364 0.0340090008164
Herato04 Herato0419 13560412.0 175000.0 0.0342714754163 0.0230243693473 0.0325610762375 0.0571763620805
Herato04 Herato0419 13610412.0 225000.0 0.155326479673 0.0657999589811 0.146496903574 0.299319604988
Herato04 Herato0419 13660412.0 275000.0 0.138693452596 0.0702503296057 0.125359173385 0.270189157446
Herato04 Herato0419 13710412.0 325000.0 0.030186372102 0.0224867266321 0.0304069713526 0.0375509053246
Herato04 Herato0419 13760412.0 375000.0 0.0227450913582 0.00871390862888 0.0169547761563 0.0620671680161
Herato04 Herato0419 13810412.0 425000.0 0.112824077209 0.0537912017601 0.103820058127 0.20620692753
Herato04 Herato0419 13860412.0 475000.0 0.0238722435858 0.0203684294804 0.0237955498878 0.0281487910668
Herato04 Herato0419 13910412.0 525000.0 0.006385293206 0.005667373646 0.006444933858 0.00697369519
Herato04 Herato0419 13960412.0 575000.0 0.126973487148 0.0538190013261 0.108565575513 0.312852635064
Herato04 Herato0419 14010412.0 625000.0 0.0420424106505 0.0212443609219 0.0388168278063 0.0813728650069
Herato04 Herato0419 14060412.0 675000.0 0.22731490762 0.0975823058939 0.21423749355 0.440743804547
Herato04 Herato0419 14110412.0 725000.0 0.074070031096 0.053570790582 0.07184444787 0.108369540652
Herato04 Herato0419 14160412.0 775000.0 0.0617094691026 0.0236770755532 0.050191616122 0.148368384984
Herato04 Herato0419 14210412.0 825000.0 0.0881956548448 0.0426234000789 0.0832799203339 0.164528624457
Herato04 Herato0419 14260412.0 875000.0 0.0236279672682 0.0168828916405 0.0230861007031 0.0351511405308
Herato04 Herato0419 14310412.0 925000.0 0.0587505925483 0.0355777935205 0.0543445311389 0.106657825876
Herato04 Herato0419 14360412.0 975000.0 0.065518666443 0.0329833353141 0.0585721807408 0.13886036282
Herato04 Herato0419 14410412.0 1025000.0 0.01902567924 0.00459563318852 0.0160626058312 0.0716911125342
Herato04 Herato0419 14460412.0 1075000.0 0.0102759489629 0.00834190450339 0.00997262083078 0.0139314202698
Herato04 Herato0419 14510412.0 1125000.0 0.0426656953663 0.0249224459926 0.041144930599 0.0708192451304
Herato04 Herato0419 14560412.0 1175000.0 0.0531864876231 0.0247037988002 0.0517591017352 0.0838877869628
Herato04 Herato0419 14610412.0 1225000.0 0.0524978766187 0.0269895470368 0.0542213490343 0.0911930926068
Herato04 Herato0419 14660412.0 1275000.0 0.0153818916169 0.0102032791814 0.0148249602524 0.0239955466156
Herato04 Herato0419 14710412.0 1325000.0 0.0308697600803 0.0227473373044 0.0310242728214 0.0401591122576
Herato04 Herato0419 14760412.0 1375000.0 0.0236202079093 0.0117140373472 0.0218991826068 0.0447044839594
Herato04 Herato0419 14810412.0 1425000.0 0.012334021611 0.0108458484339 0.0122536356682 0.0142985850385
Herato04 Herato0419 14860412.0 1475000.0 0.026530007107 0.0162380268189 0.025074616341 0.0449626654914
Herato04 Herato0419 14910412.0 1525000.0 0.0304887848214 0.0140362927786 0.0294561690898 0.0586998935496
Herato04 Herato0419 14960412.0 1575000.0 0.012868205282 0.01116812778 0.01284703856 0.014689237774
Herato04 Herato0419 15010412.0 1625000.0 0.0343266980461 0.0172974967583 0.0340402130877 0.0561486442046
Herato04 Herato0419 15060412.0 1675000.0 0.00838955868874 0.00494400217982 0.00796773711624 0.0161176500171
Herato04 Herato0419 15110412.0 1725000.0 0.0198799011266 0.0155693259078 0.019929548031 0.0244699485351
Herato04 Herato0419 15160412.0 1775000.0 0.012058817299 0.00774009529657 0.010780105614 0.023359764069
Herato04 Herato0419 15210412.0 1825000.0 0.102219893265 0.0524234434 0.0956390990274 0.188900511862
Herato04 Herato0419 15260412.0 1875000.0 0.146189276093 0.0213212428686 0.131815295454 0.357659693777
Herato04 Herato0419 15310412.0 1925000.0 0.0497598424787 0.0304885019932 0.0478392285343 0.0794600248308
Herato04 Herato0419 15360412.0 1975000.0 0.00658892536214 0.00527787755027 0.00643392584906 0.00846220682188
Herato04 Herato0419 15410412.0 2025000.0 0.00228320266852 0.00185925987081 0.00226196829294 0.00270151525568
Herato04 Herato0419 15460412.0 2075000.0 0.0163573792752 0.0133452477464 0.0160785565212 0.019577213262
Herato04 Herato0419 15510412.0 2125000.0 0.0272215073631 0.0180364282958 0.0266455275561 0.0399058133215
Herato04 Herato0419 15560412.0 2175000.0 0.0182862425096 0.0123183482152 0.0180234135877 0.0274246365498
