chrom scaffold Cposition position mean p0025 p0500 p0975
Herato19 Herato1901 25001.0 25000.0 0.0228834126402 0.0166475912474 0.0225920217732 0.0311415455292
Herato19 Herato1901 75001.0 75000.0 0.0123293830823 0.0105487384465 0.012257758631 0.0143983408218
Herato19 Herato1901 125001.0 125000.0 0.014801085228 0.0101726510042 0.014491822974 0.022171285132
Herato19 Herato1901 175001.0 175000.0 0.0097904839394 0.0064809710948 0.0094259606972 0.0160762692302
Herato19 Herato1901 225001.0 225000.0 0.048895886553 0.0304706701639 0.0462733944802 0.084319791579
Herato19 Herato1901 275001.0 275000.0 0.0477207602276 0.0290930556056 0.0446622580222 0.0811333581188
Herato19 Herato1901 325001.0 325000.0 0.02228472908 0.02079899852 0.022220227612 0.02443240011
Herato19 Herato1901 375001.0 375000.0 0.0235213849424 0.0209634034892 0.023458140775 0.0265746365636
Herato19 Herato1901 425001.0 425000.0 0.0201060100218 0.0173652512281 0.0198954105866 0.0237055283976
Herato19 Herato1901 475001.0 475000.0 0.039788621301 0.0212322118789 0.0345617063872 0.0793960792332
Herato19 Herato1901 525001.0 525000.0 0.02065141801 0.01835487895 0.020475653944 0.02321748794
Herato19 Herato1901 575001.0 575000.0 0.0228239530494 0.020629584645 0.0226612944482 0.0254119372896
Herato19 Herato1901 625001.0 625000.0 0.0194297183364 0.0168183618803 0.0192814689908 0.022642571944
Herato19 Herato1901 675001.0 675000.0 0.03558762852 0.03471076904 0.03560806732 0.0361096863
Herato19 Herato1901 725001.0 725000.0 0.03993008593 0.036849002266 0.040026678632 0.042136186268
Herato19 Herato1901 775001.0 775000.0 0.037621349622 0.0265572010362 0.0368262971204 0.051703450598
Herato19 Herato1901 825001.0 825000.0 0.029359810826 0.026876861766 0.029267426524 0.032329817044
Herato19 Herato1901 875001.0 875000.0 0.045955172472 0.041629018744 0.045780849988 0.05111191559
Herato19 Herato1901 925001.0 925000.0 0.035280431216 0.032521959214 0.035191838516 0.038526829956
Herato19 Herato1901 975001.0 975000.0 0.0341832537494 0.0294382225336 0.0339884965071 0.0403883518334
Herato19 Herato1901 1025001.0 1025000.0 0.03288974008 0.03186193408 0.03278761084 0.03490156466
Herato19 Herato1901 1075001.0 1075000.0 0.039542137762 0.038808365572 0.039331040024 0.04186851472
Herato19 Herato1901 1125001.0 1125000.0 0.0276292347636 0.0241665010337 0.0276572324118 0.031602159968
Herato19 Herato1901 1175001.0 1175000.0 0.0326443623934 0.0284846794104 0.0322941145958 0.03860026689
Herato19 Herato1901 1225001.0 1225000.0 0.03237135863 0.02926092017 0.032207240046 0.03593618054
Herato19 Herato1901 1275001.0 1275000.0 0.03516787413 0.031106803811 0.0348708875872 0.04033365165
Herato19 Herato1901 1325001.0 1325000.0 0.033359059668 0.029956522526 0.033367570202 0.03701182883
Herato19 Herato1901 1375001.0 1375000.0 0.0308497402402 0.0274807089846 0.030684841432 0.0345807531118
Herato19 Herato1901 1425001.0 1425000.0 0.029827944474 0.027721195652 0.029885395576 0.032055216978
Herato19 Herato1901 1475001.0 1475000.0 0.029173095048 0.027651433176 0.029205487984 0.0309673521
Herato19 Herato1901 1525001.0 1525000.0 0.0339519155708 0.0320908689845 0.0338062244604 0.0364860331778
Herato19 Herato1901 1575001.0 1575000.0 0.0321251335 0.03161738296 0.0319918808 0.03342179394
Herato19 Herato1901 1625001.0 1625000.0 0.02645134982 0.02390728938 0.02571238446 0.03314336342
Herato19 Herato1901 1675001.0 1675000.0 0.0261699401692 0.0201433306981 0.0260557645224 0.03256008168
Herato19 Herato1901 1725001.0 1725000.0 0.0309680783794 0.0281587002436 0.0308596376838 0.034212401809
Herato19 Herato1901 1775001.0 1775000.0 0.030305907292 0.02828336931 0.030381384766 0.032899135016
Herato19 Herato1901 1825001.0 1825000.0 0.033588502168 0.032330043404 0.033623987214 0.034841772208
Herato19 Herato1901 1875001.0 1875000.0 0.018826614636 0.016496097068 0.018748142518 0.021698790418
Herato19 Herato1901 1925001.0 1925000.0 0.029139065364 0.025798101912 0.028993153796 0.033595936876
Herato19 Herato1901 1975001.0 1975000.0 0.0313991138216 0.0229193958964 0.0313992740418 0.0381602349804
Herato19 Herato1901 2025001.0 2025000.0 0.0301452951144 0.0192627496778 0.02969457779 0.048233970189
Herato19 Herato1901 2075001.0 2075000.0 0.026825876356 0.022717223448 0.02667511894 0.03182909153
Herato19 Herato1901 2125001.0 2125000.0 0.012045087048 0.0106774089419 0.0120504792792 0.013663129286
Herato19 Herato1901 2175001.0 2175000.0 0.014180125826 0.0111054127598 0.013391257994 0.020395278562
Herato19 Herato1901 2225001.0 2225000.0 0.0358631991528 0.0216377494119 0.0340660036528 0.061409997168
Herato19 Herato1901 2275001.0 2275000.0 0.022605295148 0.0186866564884 0.022384907036 0.027848349638
Herato19 Herato1901 2325001.0 2325000.0 0.0180567002204 0.0110514045524 0.016464975367 0.0354249246144
Herato19 Herato1901 2375001.0 2375000.0 0.0222346864644 0.019401139716 0.0219937519262 0.0257713100354
Herato19 Herato1901 2425001.0 2425000.0 0.028212502896 0.0252835169208 0.028516107908 0.031273831532
Herato19 Herato1901 2475001.0 2475000.0 0.03699867012 0.035232196524 0.0369871936 0.03897718298
Herato19 Herato1901 2525001.0 2525000.0 0.02831029406 0.0237564173533 0.02851185702 0.0330186518
Herato19 Herato1901 2575001.0 2575000.0 0.0344498649293 0.031607120163 0.0338983383558 0.0382595244298
Herato19 Herato1901 2625001.0 2625000.0 0.035030634597 0.032806844443 0.0348389006289 0.0380255771652
Herato19 Herato1901 2675001.0 2675000.0 0.035083880944 0.0298569269688 0.0349245475924 0.041866112294
Herato19 Herato1901 2725001.0 2725000.0 0.0498483888145 0.0389372995905 0.0485327677846 0.0689084484064
Herato19 Herato1901 2775001.0 2775000.0 0.0326364342376 0.0290403440946 0.0326746906218 0.0368994188252
Herato19 Herato1901 2825001.0 2825000.0 0.0302008515808 0.0277855118004 0.030202898171 0.0328602839848
Herato19 Herato1901 2875001.0 2875000.0 0.04099317782 0.03848233864 0.04100698778 0.04435584808
Herato19 Herato1901 2925001.0 2925000.0 0.0298905959148 0.029052313883 0.0296791047674 0.0313878616712
Herato19 Herato1901 2975001.0 2975000.0 0.02947429134 0.02888449302 0.02940155096 0.03019142554
Herato19 Herato1901 3025001.0 3025000.0 0.02440677129 0.020930706896 0.024430605536 0.028177091656
Herato19 Herato1901 3075001.0 3075000.0 0.0259147006644 0.0233324060135 0.0258244409051 0.0288845092408
Herato19 Herato1901 3125001.0 3125000.0 0.029374806565 0.0257788969184 0.0293996907274 0.033073314579
Herato19 Herato1901 3175001.0 3175000.0 0.0249214246913 0.0227999811351 0.0248901551736 0.0271385471882
Herato19 Herato1901 3225001.0 3225000.0 0.0223839717584 0.0185398886533 0.0220528830979 0.0280862145368
Herato19 Herato1901 3275001.0 3275000.0 0.0309080546704 0.0279207419302 0.0308737407101 0.0342530014332
Herato19 Herato1901 3325001.0 3325000.0 0.039020897934 0.026939505854 0.039459963926 0.052649060698
Herato19 Herato1901 3375001.0 3375000.0 0.040539827606 0.035577426676 0.041607315478 0.04482753558
Herato19 Herato1901 3425001.0 3425000.0 0.0414458068546 0.0376052930383 0.0412524508858 0.0455848120916
Herato19 Herato1901 3455158.5 3475000.0 0.0215772570141 0.0162859083665 0.0207256630926 0.0295956894523
Herato19 Herato1902 3485317.0 25000.0 0.026544928856 0.022979484764 0.027120604112 0.029892244252
Herato19 Herato1902 3535317.0 75000.0 0.0321561360264 0.0289870423126 0.0321753185636 0.035722822764
Herato19 Herato1902 3585317.0 125000.0 0.0325403767944 0.0282302167003 0.032370773924 0.0385638468296
Herato19 Herato1902 3635317.0 175000.0 0.03291096852 0.0315485006824 0.032963284648 0.034114329038
Herato19 Herato1902 3685317.0 225000.0 0.02977201412 0.029485967032 0.02972765616 0.0302446719
Herato19 Herato1902 3735317.0 275000.0 0.0276107857888 0.0230239980495 0.0271540788264 0.034951937406
Herato19 Herato1902 3782195.5 325000.0 0.0445545850378 0.0339795181198 0.0428323530032 0.0660703613872
Herato19 Herato1903 3829075.0 25000.0 0.0551037241982 0.0386470137457 0.0541105268639 0.0828676050982
Herato19 Herato1903 3879075.0 75000.0 0.0421542483309 0.032223424058 0.0412747924802 0.0565066833312
Herato19 Herato1903 3929075.0 125000.0 0.0328273949112 0.029676986567 0.0328475130031 0.0363563171848
Herato19 Herato1903 3979075.0 175000.0 0.0382308936572 0.0331316724678 0.0379987131978 0.0452626486356
Herato19 Herato1903 4029075.0 225000.0 0.0280123014568 0.0233149823912 0.027047603616 0.0367526027972
Herato19 Herato1903 4079075.0 275000.0 0.0144265966744 0.0133719017783 0.0144360469465 0.0154957175196
Herato19 Herato1903 4129075.0 325000.0 0.014647369859 0.0131837262975 0.0146252073481 0.016405267874
Herato19 Herato1903 4179075.0 375000.0 0.0341264236939 0.0273444037507 0.0335388888907 0.043218803648
Herato19 Herato1903 4217966.0 425000.0 0.0540357818656 0.0317890795983 0.0480074335105 0.112180715053
Herato19 Herato1904 4256858.0 25000.0 0.0293094336528 0.0267702793102 0.0292582891586 0.031535629268
Herato19 Herato1904 4306858.0 75000.0 0.0086631994592 0.00805226552714 0.0086389896146 0.009597211972
Herato19 Herato1904 4356858.0 125000.0 0.032533173582 0.029991785332 0.032475859652 0.03569723343
Herato19 Herato1904 4406858.0 175000.0 0.032185445884 0.026263006466 0.03138044824 0.04151928456
Herato19 Herato1904 4456858.0 225000.0 0.027439220092 0.0242678224128 0.0273425082826 0.03178658866
Herato19 Herato1904 4506858.0 275000.0 0.0250596764938 0.0233258567444 0.0250039921352 0.026951257825
Herato19 Herato1904 4556858.0 325000.0 0.0193591000048 0.0159761360062 0.0192096862382 0.023249933912
Herato19 Herato1904 4606858.0 375000.0 0.011160271998 0.00879862510647 0.0110419636463 0.014176392877
Herato19 Herato1904 4656858.0 425000.0 0.029424229008 0.0264551000104 0.0292073491676 0.03342854708
Herato19 Herato1904 4706858.0 475000.0 0.0391838047474 0.0337045334923 0.0393947832712 0.0443066765694
Herato19 Herato1904 4756858.0 525000.0 0.0286832853627 0.0251541269217 0.027858614774 0.0335310312684
Herato19 Herato1904 4806858.0 575000.0 0.0355579848934 0.032659347017 0.0355673800986 0.0384545257534
Herato19 Herato1904 4856858.0 625000.0 0.034234009244 0.033361016558 0.033888898442 0.035826277854
Herato19 Herato1904 4906858.0 675000.0 0.03262869213 0.03005909749 0.032649814902 0.034849358154
Herato19 Herato1904 4956858.0 725000.0 0.037534280938 0.033960582528 0.03757814217 0.041503921502
Herato19 Herato1904 5006858.0 775000.0 0.029273305903 0.027266790775 0.0290669389276 0.0320500633258
Herato19 Herato1904 5056858.0 825000.0 0.0315789981756 0.0295550170792 0.0316014052616 0.0332730591736
Herato19 Herato1904 5106858.0 875000.0 0.0221250498504 0.0186599446472 0.0225393011684 0.0228233652064
Herato19 Herato1904 5156858.0 925000.0 0.0355001491881 0.0303710040373 0.0350953649397 0.0425794122042
Herato19 Herato1904 5206858.0 975000.0 0.0217206387298 0.0176253769851 0.0212216450186 0.0279207813796
Herato19 Herato1904 5256858.0 1025000.0 0.02448711255 0.02101316594 0.024343650728 0.028415109884
Herato19 Herato1904 5306858.0 1075000.0 0.02674677002 0.02401231525 0.026679660342 0.02972676708
Herato19 Herato1904 5356858.0 1125000.0 0.032639136358 0.0252036057015 0.0316581639372 0.044466304818
Herato19 Herato1904 5406858.0 1175000.0 0.08133125115 0.0743403725454 0.081013329022 0.089161601754
Herato19 Herato1904 5456858.0 1225000.0 0.08806132608 0.08285624616 0.08792600094 0.09335156724
Herato19 Herato1904 5506858.0 1275000.0 0.068690334968 0.05961225427 0.069409981078 0.07523911869
Herato19 Herato1904 5556858.0 1325000.0 0.08267434136 0.0709467976278 0.0828430760096 0.09127742755
Herato19 Herato1904 5606858.0 1375000.0 0.055970207518 0.045073639594 0.054790904974 0.06925091662
Herato19 Herato1904 5656858.0 1425000.0 0.05790548472 0.05444756728 0.05791734362 0.06192112966
Herato19 Herato1904 5706858.0 1475000.0 0.06809886951 0.0622567047282 0.0673725517124 0.0765780787842
Herato19 Herato1904 5756858.0 1525000.0 0.043034523376 0.03952852474 0.04280978242 0.046644856984
Herato19 Herato1904 5806858.0 1575000.0 0.051014875898 0.0439514306632 0.0511006292262 0.057762017962
Herato19 Herato1904 5856858.0 1625000.0 0.05918333343 0.054322829524 0.058934731304 0.06485998936
Herato19 Herato1904 5906858.0 1675000.0 0.047563181364 0.0413333773777 0.0472054035788 0.056482287374
Herato19 Herato1904 5956858.0 1725000.0 0.04014987231 0.03503477789 0.03985339918 0.046100134709
Herato19 Herato1904 6006858.0 1775000.0 0.046267416132 0.038469130982 0.046389646038 0.054050774866
Herato19 Herato1904 6056858.0 1825000.0 0.0282233570277 0.0255754620265 0.0282892755712 0.030823836641
Herato19 Herato1904 6106858.0 1875000.0 0.015393995366 0.012869314312 0.0153587984252 0.017954977626
Herato19 Herato1904 6156858.0 1925000.0 0.0755999891808 0.0490861474546 0.0698812669012 0.152682084169
Herato19 Herato1904 6206858.0 1975000.0 0.057343439672 0.048915275408 0.057267035266 0.06748916782
Herato19 Herato1904 6256858.0 2025000.0 0.05940890128 0.05433314366 0.05940384354 0.06543280652
Herato19 Herato1904 6306858.0 2075000.0 0.068417793674 0.0475149002976 0.064330141716 0.108870555738
Herato19 Herato1904 6356858.0 2125000.0 0.06008997308 0.05488126898 0.05935358656 0.07168807026
Herato19 Herato1904 6406858.0 2175000.0 0.0897750682788 0.0607519860893 0.0867251390272 0.13815486502
Herato19 Herato1904 6456858.0 2225000.0 0.08347769047 0.06604379633 0.082176143712 0.10973977414
Herato19 Herato1904 6506858.0 2275000.0 0.041372085676 0.037727430684 0.041333956874 0.044976960742
Herato19 Herato1904 6556858.0 2325000.0 0.0398859712029 0.034790975259 0.0396009193137 0.0471632308726
Herato19 Herato1904 6606858.0 2375000.0 0.0379495905 0.030311486274 0.037629498218 0.047674337978
Herato19 Herato1904 6656858.0 2425000.0 0.04717743374 0.044003009048 0.047205361512 0.05036579212
Herato19 Herato1904 6706858.0 2475000.0 0.058596280864 0.052376522272 0.058256511758 0.065997115286
Herato19 Herato1904 6756858.0 2525000.0 0.0595415154 0.056509348838 0.05936033158 0.06329933228
Herato19 Herato1904 6806858.0 2575000.0 0.050621597862 0.045905972858 0.050543871578 0.05600522608
Herato19 Herato1904 6856858.0 2625000.0 0.0562105311672 0.0517283453796 0.0562530472036 0.061723379574
Herato19 Herato1904 6906858.0 2675000.0 0.047683591954 0.04234284189 0.047465178612 0.053956805464
Herato19 Herato1904 6956858.0 2725000.0 0.053668329522 0.050604707516 0.053608107106 0.057197211906
Herato19 Herato1904 7006858.0 2775000.0 0.049643081624 0.041015169176 0.0500956451188 0.059295229724
Herato19 Herato1904 7056858.0 2825000.0 0.0419304283182 0.0349924297756 0.0411900998718 0.053025330322
Herato19 Herato1904 7106858.0 2875000.0 0.0566881996636 0.034832350697 0.0531671609004 0.101547350056
Herato19 Herato1904 7156858.0 2925000.0 0.0404703601246 0.0358878133738 0.0401676395712 0.0465445019062
Herato19 Herato1904 7206858.0 2975000.0 0.049826081676 0.03438771582 0.049145776098 0.066298967398
Herato19 Herato1904 7256858.0 3025000.0 0.053727691994 0.04906822763 0.053643331478 0.05968124836
Herato19 Herato1904 7306858.0 3075000.0 0.050350384832 0.043095095899 0.051192489962 0.058415669532
Herato19 Herato1904 7356858.0 3125000.0 0.0396350253002 0.035633250153 0.0396608191214 0.0441759910484
Herato19 Herato1904 7406858.0 3175000.0 0.0563239194026 0.0449770503781 0.055067502666 0.0734815611212
Herato19 Herato1904 7456858.0 3225000.0 0.0322962134637 0.0217011587596 0.0312185729581 0.0485706780528
Herato19 Herato1904 7506858.0 3275000.0 0.04983822382 0.04681395762 0.04986411922 0.0530974549
Herato19 Herato1904 7556858.0 3325000.0 0.068605924536 0.058985895312 0.068506032802 0.079336406794
Herato19 Herato1904 7606858.0 3375000.0 0.06900270018 0.0652346088 0.068602603424 0.07358554656
Herato19 Herato1904 7656858.0 3425000.0 0.069447198204 0.062753364708 0.069300531746 0.07601788382
Herato19 Herato1904 7706858.0 3475000.0 0.0714582538 0.065058905576 0.070876412186 0.078990604908
Herato19 Herato1904 7756858.0 3525000.0 0.0444650640832 0.040661537858 0.0445538558288 0.047899447568
Herato19 Herato1904 7806858.0 3575000.0 0.09179200348 0.069573735088 0.09166254602 0.12341158184
Herato19 Herato1904 7856858.0 3625000.0 0.05041717878 0.04987456702 0.0503075247 0.05139963372
Herato19 Herato1904 7906858.0 3675000.0 0.049596502876 0.047923363492 0.049512341434 0.05118987652
Herato19 Herato1904 7956858.0 3725000.0 0.06157160888 0.055942789948 0.061606576026 0.067445109568
Herato19 Herato1904 8006858.0 3775000.0 0.043158790154 0.0408411541554 0.043044943462 0.045584921146
Herato19 Herato1904 8056858.0 3825000.0 0.0566546206725 0.0473153904216 0.0564911723477 0.0670093367638
Herato19 Herato1904 8106858.0 3875000.0 0.084369777775 0.0424129496625 0.0775020456422 0.161156739147
Herato19 Herato1904 8156858.0 3925000.0 0.0260639286059 0.0232472501181 0.0258870650725 0.0304232128318
Herato19 Herato1904 8206858.0 3975000.0 0.044169603044 0.040278962862 0.044426477318 0.04863588829
Herato19 Herato1904 8256858.0 4025000.0 0.050565204898 0.042732298556 0.050169732928 0.060184877734
Herato19 Herato1904 8306858.0 4075000.0 0.048738089 0.04619823856 0.0483562342 0.05145957848
Herato19 Herato1904 8356858.0 4125000.0 0.0387767639554 0.0364113649378 0.0388440189798 0.04107842525
Herato19 Herato1904 8406858.0 4175000.0 0.0523643610188 0.0491434179417 0.0520616970978 0.05591031442
Herato19 Herato1904 8456858.0 4225000.0 0.042835903652 0.0377035475437 0.042785884986 0.048028443856
Herato19 Herato1904 8506858.0 4275000.0 0.0338099887848 0.030405539267 0.0337942267044 0.0375941078824
Herato19 Herato1904 8556858.0 4325000.0 0.060613091106 0.0552325475414 0.0605332722754 0.066687482326
Herato19 Herato1904 8606858.0 4375000.0 0.07010993592 0.0635226595 0.07002947288 0.07762672362
Herato19 Herato1904 8656858.0 4425000.0 0.0604114852968 0.0575168527312 0.0605284407624 0.0626220061666
Herato19 Herato1904 8706858.0 4475000.0 0.06062994112 0.05634461552 0.06073450586 0.06547534944
Herato19 Herato1904 8756858.0 4525000.0 0.081191411704 0.073630454744 0.080984013034 0.08991463822
Herato19 Herato1904 8806858.0 4575000.0 0.063386621552 0.057929799398 0.063467525048 0.070309178436
Herato19 Herato1904 8856858.0 4625000.0 0.082391913782 0.075788313206 0.082326116988 0.089376664838
Herato19 Herato1904 8906858.0 4675000.0 0.0575810696568 0.0529409616132 0.0576131586406 0.0626328142874
Herato19 Herato1904 8956858.0 4725000.0 0.048764416702 0.045422337812 0.048866132022 0.052721656724
Herato19 Herato1904 9006858.0 4775000.0 0.086003873359 0.0704596919839 0.0850502337798 0.111359372462
Herato19 Herato1904 9056858.0 4825000.0 0.04573558203 0.039936964632 0.045146525542 0.052348156312
Herato19 Herato1904 9106858.0 4875000.0 0.062756663256 0.054541481906 0.062587078984 0.071300099954
Herato19 Herato1904 9156858.0 4925000.0 0.065727141242 0.055728637696 0.066436847234 0.074141493738
Herato19 Herato1904 9206858.0 4975000.0 0.058928268204 0.0521791910654 0.0577341226728 0.0709413139888
Herato19 Herato1904 9256858.0 5025000.0 0.057133591846 0.046487329481 0.0552536350426 0.0718361451212
Herato19 Herato1904 9306858.0 5075000.0 0.068245420394 0.061730877478 0.06821812722 0.07546056166
Herato19 Herato1904 9356858.0 5125000.0 0.061707384042 0.05675018323 0.061301355104 0.068283076344
Herato19 Herato1904 9406858.0 5175000.0 0.05751084794 0.052124965266 0.05677843208 0.0643317331
Herato19 Herato1904 9456858.0 5225000.0 0.024951018456 0.0228446535256 0.0249940300724 0.0268965132124
Herato19 Herato1904 9506858.0 5275000.0 0.025539055794 0.0234480744816 0.025350030125 0.028067539766
Herato19 Herato1904 9556858.0 5325000.0 0.0302584864012 0.0226136563751 0.0300489671866 0.0389662330156
Herato19 Herato1904 9606858.0 5375000.0 0.02320817966 0.0198755630732 0.023160154356 0.026301225722
Herato19 Herato1904 9656858.0 5425000.0 0.028841893896 0.024094771628 0.027646708014 0.041820724632
Herato19 Herato1904 9706858.0 5475000.0 0.0537251891552 0.0491114973504 0.0538919473006 0.058304786504
Herato19 Herato1904 9756858.0 5525000.0 0.05512997431 0.0400442260999 0.050002433259 0.090551012259
Herato19 Herato1904 9806858.0 5575000.0 0.08059152333 0.047194546222 0.076150750404 0.13451690967
Herato19 Herato1904 9856858.0 5625000.0 0.027276974444 0.0247295598995 0.027170728216 0.03032040981
Herato19 Herato1904 9906858.0 5675000.0 0.021751101926 0.0197704003472 0.021565073116 0.024244499672
Herato19 Herato1904 9956858.0 5725000.0 0.05146244967 0.047814565268 0.05138782718 0.055863501068
Herato19 Herato1904 10006858.0 5775000.0 0.060247099812 0.0578080656767 0.060354816167 0.062815923904
Herato19 Herato1904 10056858.0 5825000.0 0.0588200869798 0.0548621309935 0.0588725692398 0.062432324234
Herato19 Herato1904 10106858.0 5875000.0 0.0763400598 0.0720794552 0.07637472722 0.07952393592
Herato19 Herato1904 10156858.0 5925000.0 0.0960001024756 0.0698830057759 0.0890143504332 0.14505516355
Herato19 Herato1904 10206858.0 5975000.0 0.034215814821 0.0297601231447 0.0340211855176 0.0394855762546
Herato19 Herato1904 10256858.0 6025000.0 0.0459286932994 0.042347162284 0.0456800127916 0.050088673548
Herato19 Herato1904 10306858.0 6075000.0 0.03342310739 0.028809507474 0.03344992101 0.039520167542
Herato19 Herato1904 10356858.0 6125000.0 0.0293782102274 0.0228098929816 0.029658929601 0.0372532931788
Herato19 Herato1904 10406858.0 6175000.0 0.0303631127998 0.0251467143735 0.0297445066424 0.0378275173204
Herato19 Herato1904 10456858.0 6225000.0 0.0427010139192 0.0362436273841 0.0420484071196 0.0562574490456
Herato19 Herato1904 10506858.0 6275000.0 0.0268151469656 0.0232250515878 0.0264289495152 0.0314682820868
Herato19 Herato1904 10556858.0 6325000.0 0.0296892949328 0.0159558854844 0.0289795321744 0.0467276663974
Herato19 Herato1904 10606858.0 6375000.0 0.030652715156 0.027220416746 0.030524130922 0.034334995402
Herato19 Herato1904 10656858.0 6425000.0 0.0453506594861 0.035920578149 0.0446814123005 0.0585547635778
Herato19 Herato1904 10706858.0 6475000.0 0.06326693172 0.05994901856 0.0630645732 0.06676647224
Herato19 Herato1904 10756858.0 6525000.0 0.0304132147538 0.0275469736187 0.0302689561131 0.0336665810338
Herato19 Herato1904 10806858.0 6575000.0 0.0242201338652 0.019664271251 0.0243279589348 0.0274610427504
Herato19 Herato1904 10856858.0 6625000.0 0.026790082246 0.023766054365 0.02671715192 0.030091599112
Herato19 Herato1904 10906858.0 6675000.0 0.06994496936 0.067504316132 0.069765941156 0.0734522854
Herato19 Herato1904 10956858.0 6725000.0 0.048088451656 0.044935442434 0.048083987108 0.051338013408
Herato19 Herato1904 11006858.0 6775000.0 0.030036920438 0.0270929540004 0.029858182526 0.033735708774
Herato19 Herato1904 11056858.0 6825000.0 0.052022047806 0.046942035348 0.051822756196 0.057568909176
Herato19 Herato1904 11106858.0 6875000.0 0.0623199975948 0.0529410090208 0.0622268999206 0.0712794871646
Herato19 Herato1904 11156858.0 6925000.0 0.068057909572 0.064081385836 0.067809580546 0.073654229022
Herato19 Herato1904 11206858.0 6975000.0 0.0439191111 0.040823940746 0.043674454156 0.047653045716
Herato19 Herato1904 11256858.0 7025000.0 0.0642216390032 0.0493357112364 0.0633402720179 0.083966586339
Herato19 Herato1904 11306858.0 7075000.0 0.047728130455 0.0381828822676 0.0471112302916 0.0598710180074
Herato19 Herato1904 11356858.0 7125000.0 0.0761756046872 0.0697640079092 0.0750756661922 0.0838267730032
Herato19 Herato1904 11406858.0 7175000.0 0.065644852688 0.056723395668 0.06508264828 0.075929716196
Herato19 Herato1904 11456858.0 7225000.0 0.04628545498 0.04384125064 0.0460987852 0.04949255718
Herato19 Herato1904 11506858.0 7275000.0 0.0729018388 0.0647282959 0.07247712202 0.0823613514
Herato19 Herato1904 11556858.0 7325000.0 0.0857500881744 0.079878526516 0.085549646904 0.092161912892
Herato19 Herato1904 11606858.0 7375000.0 0.0843906282158 0.0778365495481 0.0842903278919 0.0896375134998
Herato19 Herato1904 11656858.0 7425000.0 0.06880567314 0.061637331632 0.068720221962 0.076157270662
Herato19 Herato1904 11706858.0 7475000.0 0.080346784538 0.0738890732958 0.080624684988 0.087874363244
Herato19 Herato1904 11756858.0 7525000.0 0.057811505392 0.0538810990329 0.0577334560874 0.0624415774712
Herato19 Herato1904 11806858.0 7575000.0 0.0891656675 0.085431528 0.0894458526 0.0923872976
Herato19 Herato1904 11856858.0 7625000.0 0.071397123278 0.065439912464 0.071084711302 0.079306482562
Herato19 Herato1904 11906858.0 7675000.0 0.09125354106 0.08776133784 0.09136178514 0.09550848396
Herato19 Herato1904 11956858.0 7725000.0 0.0871036474668 0.0758016465446 0.0876979206316 0.095883968674
Herato19 Herato1904 12006858.0 7775000.0 0.0775401527487 0.0688441114133 0.0773124903141 0.0875449490132
Herato19 Herato1904 12056858.0 7825000.0 0.050141239288 0.043083388266 0.04982670907 0.05872569223
Herato19 Herato1904 12106858.0 7875000.0 0.032479735178 0.027483085076 0.032254363522 0.038411030742
Herato19 Herato1904 12156858.0 7925000.0 0.0708915803809 0.0629033677433 0.0710999051561 0.079165223254
Herato19 Herato1904 12206858.0 7975000.0 0.045735104258 0.037337599805 0.045509121188 0.0571305509936
Herato19 Herato1904 12256858.0 8025000.0 0.0609907419 0.05897948698 0.06102255146 0.06315461698
Herato19 Herato1904 12306858.0 8075000.0 0.055698601226 0.0516722472831 0.0557955812584 0.060106418122
Herato19 Herato1904 12356858.0 8125000.0 0.053290832128 0.045901179238 0.053034381942 0.06270977697
Herato19 Herato1904 12406858.0 8175000.0 0.0481179863926 0.044213640322 0.0479230444397 0.053369434519
Herato19 Herato1904 12456858.0 8225000.0 0.045432932124 0.042988538896 0.045116556252 0.048128853502
Herato19 Herato1904 12506858.0 8275000.0 0.0583025495543 0.0481936749546 0.0579520828188 0.0694855739066
Herato19 Herato1904 12556858.0 8325000.0 0.05883144805 0.050931617476 0.058775359826 0.067849188856
Herato19 Herato1904 12596711.0 8375000.0 0.0509626319262 0.0442415291221 0.05060335272 0.0603791124285
Herato19 Herato1905 12636565.0 25000.0 0.032059013082 0.023104647414 0.029836585956 0.053601024852
Herato19 Herato1905 12686565.0 75000.0 0.03485318153 0.027979083404 0.03426820909 0.046143554174
Herato19 Herato1905 12736565.0 125000.0 0.0507638159383 0.0411427774073 0.0498670748936 0.0655529994588
Herato19 Herato1905 12786565.0 175000.0 0.0377862233 0.03557032124 0.03799972888 0.0396754686
Herato19 Herato1905 12836565.0 225000.0 0.06985534251 0.0527815071 0.063534233488 0.094377718468
Herato19 Herato1905 12886565.0 275000.0 0.065295427548 0.05894925664 0.065223140604 0.072381326808
Herato19 Herato1905 12927127.0 325000.0 0.0559984724007 0.0479152287027 0.0559446880864 0.0652341813392
Herato19 Herato1906 12967690.0 25000.0 0.0309216776816 0.0261741569063 0.030307582592 0.040093235746
Herato19 Herato1906 13017690.0 75000.0 0.03429666742 0.0282443486748 0.033269762654 0.045535912578
Herato19 Herato1906 13067690.0 125000.0 0.029585216384 0.0284961451322 0.029392764404 0.031367504084
Herato19 Herato1906 13117690.0 175000.0 0.0520657519838 0.0392034535444 0.0509184594771 0.0696581807912
Herato19 Herato1906 13167690.0 225000.0 0.056212908725 0.0369586137826 0.0530767611324 0.0877609252682
Herato19 Herato1906 13217690.0 275000.0 0.08774777294 0.0834121662 0.08740429456 0.09286399814
Herato19 Herato1906 13267690.0 325000.0 0.035237682038 0.0274348418183 0.03163133192 0.055110026812
Herato19 Herato1906 13317690.0 375000.0 0.053372208448 0.046633961138 0.052798100804 0.0644331892
Herato19 Herato1906 13367690.0 425000.0 0.08058153046 0.0747848974625 0.080015037954 0.08821938772
Herato19 Herato1906 13417690.0 475000.0 0.08274531156 0.07595380716 0.08237673398 0.09285494056
Herato19 Herato1906 13467690.0 525000.0 0.072948120888 0.068369466388 0.072717216478 0.078087960876
Herato19 Herato1906 13517690.0 575000.0 0.1260322832 0.1194801536 0.1260284904 0.1334870916
Herato19 Herato1906 13567690.0 625000.0 0.07669957389 0.07247949118 0.076243101902 0.0827832736
Herato19 Herato1906 13617690.0 675000.0 0.06668097274 0.0636587585 0.06610723042 0.07056343428
Herato19 Herato1906 13667690.0 725000.0 0.051447605732 0.043426465218 0.051618547268 0.05851543302
Herato19 Herato1906 13717690.0 775000.0 0.09348499576 0.08270135912 0.09516922572 0.09893624522
Herato19 Herato1906 13767690.0 825000.0 0.09480215586 0.08980477436 0.09380536724 0.101422935
Herato19 Herato1906 13817690.0 875000.0 0.08164933272 0.0779872956 0.08067435282 0.08738739846
Herato19 Herato1906 13867690.0 925000.0 0.07067077968 0.06374013328 0.07022684516 0.08121911236
Herato19 Herato1906 13917690.0 975000.0 0.094030132512 0.0784024618238 0.0914465729508 0.122649847426
Herato19 Herato1906 13967690.0 1025000.0 0.0683538889994 0.0631293163618 0.0682162211446 0.0730945197662
Herato19 Herato1906 14017690.0 1075000.0 0.0794633777912 0.0726302476712 0.0793473120904 0.085909085978
Herato19 Herato1906 14067690.0 1125000.0 0.093590097864 0.087411509378 0.093464635008 0.1005410516
Herato19 Herato1906 14117690.0 1175000.0 0.05517938588 0.0517554561 0.05504761086 0.05888455834
Herato19 Herato1906 14167690.0 1225000.0 0.07431976094 0.0676804634 0.07361445578 0.08493455
Herato19 Herato1906 14217690.0 1275000.0 0.07334929144 0.06350318416 0.07310987288 0.08402593292
Herato19 Herato1906 14267690.0 1325000.0 0.029340547364 0.026403626182 0.029829948876 0.032502514918
Herato19 Herato1906 14317690.0 1375000.0 0.0398707300834 0.0196392648304 0.0367525940048 0.082251427524
Herato19 Herato1906 14367399.5 1425000.0 0.0416055227417 0.0228836538815 0.0344605641483 0.110429378635
Herato19 Herato1907 14417110.0 25000.0 0.0322376791388 0.0194764649701 0.0310096822272 0.0511263345654
Herato19 Herato1907 14452381.0 75000.0 0.0306486228946 0.0220475772723 0.0301904161401 0.042164887012
Herato19 Herato1908 14487653.0 25000.0 0.0265822335952 0.0210481287186 0.026096138863 0.033866355264
Herato19 Herato1908 14537653.0 75000.0 0.0282100518708 0.0222573909873 0.027646834938 0.0361003236156
Herato19 Herato1908 14587653.0 125000.0 0.03146700862 0.0294419215952 0.031459972696 0.033457866056
Herato19 Herato1908 14637653.0 175000.0 0.0268336913112 0.025384333327 0.0267338582904 0.0286300569892
Herato19 Herato1908 14687653.0 225000.0 0.029022098706 0.0262530334421 0.0291093029438 0.03207909226
Herato19 Herato1908 14737653.0 275000.0 0.0225735801615 0.0207847672069 0.0224411017741 0.0247456738116
Herato19 Herato1908 14787653.0 325000.0 0.03191190936 0.02855174154 0.03180557132 0.03478845022
Herato19 Herato1908 14837653.0 375000.0 0.07538945426 0.0721842736 0.07464839612 0.08120745022
Herato19 Herato1908 14887653.0 425000.0 0.06876430224 0.0619310443 0.06848752028 0.0771174263
Herato19 Herato1908 14937653.0 475000.0 0.081896359032 0.0726091910099 0.0813573155386 0.0935797732918
Herato19 Herato1908 14987653.0 525000.0 0.0346573300354 0.0305689928368 0.0344803543392 0.038991326314
Herato19 Herato1908 15037653.0 575000.0 0.06006403786 0.0559703249597 0.0597968655248 0.0638985774464
Herato19 Herato1908 15087653.0 625000.0 0.07293774032 0.06528758352 0.07273834828 0.08385859672
Herato19 Herato1908 15137653.0 675000.0 0.082946480856 0.0787438323111 0.0829580836616 0.0871555815
Herato19 Herato1908 15187653.0 725000.0 0.075235722 0.07163398008 0.0756694866 0.07756109912
Herato19 Herato1908 15237653.0 775000.0 0.07017621484 0.06748261358 0.07057283314 0.07258153102
Herato19 Herato1908 15287653.0 825000.0 0.062491225888 0.058115802698 0.062835154106 0.066507773904
Herato19 Herato1908 15337653.0 875000.0 0.070688869858 0.064596674449 0.07068635051 0.0770384222084
Herato19 Herato1908 15387653.0 925000.0 0.077248129212 0.074255369954 0.076933440732 0.08257117298
Herato19 Herato1908 15437653.0 975000.0 0.0271187300152 0.020064522492 0.0280399972636 0.03745010182
Herato19 Herato1908 15487653.0 1025000.0 0.0254310350734 0.0235523439758 0.0255253722409 0.0269602369965
Herato19 Herato1908 15537653.0 1075000.0 0.016621078052 0.015278839586 0.016480433266 0.017618315212
Herato19 Herato1908 15587653.0 1125000.0 0.0172202429248 0.0148670724344 0.0170180792598 0.0202229756782
Herato19 Herato1908 15637653.0 1175000.0 0.020922132018 0.019794339712 0.02083414597 0.0222561592
Herato19 Herato1908 15687653.0 1225000.0 0.023842984218 0.022598551904 0.023723901994 0.025724689956
Herato19 Herato1908 15737653.0 1275000.0 0.0141900017476 0.0129771915198 0.013989127962 0.0159732860148
Herato19 Herato1908 15787653.0 1325000.0 0.025285371522 0.0222960343564 0.025266816056 0.02858993192
Herato19 Herato1908 15837653.0 1375000.0 0.0654162236756 0.0589905482449 0.0651820525304 0.073075088832
Herato19 Herato1908 15887653.0 1425000.0 0.0709062286044 0.0641363332967 0.0710572198117 0.07751823669
Herato19 Herato1908 15937653.0 1475000.0 0.077840135748 0.06051647715 0.081436362326 0.09790175988
Herato19 Herato1908 15987653.0 1525000.0 0.081727999972 0.071676540908 0.082148636718 0.09279221803
Herato19 Herato1908 16037653.0 1575000.0 0.056735574164 0.050356258096 0.056364121688 0.064727320482
Herato19 Herato1908 16087653.0 1625000.0 0.05260112744 0.048050560084 0.052443908846 0.057506567912
Herato19 Herato1908 16137653.0 1675000.0 0.039161791118 0.033897420036 0.03929756189 0.043340364544
Herato19 Herato1908 16187653.0 1725000.0 0.0170756495368 0.0130399148746 0.0165546964004 0.025047856838
Herato19 Herato1908 16237653.0 1775000.0 0.046394166636 0.0265759460786 0.044730318466 0.081246783158
Herato19 Herato1908 16287653.0 1825000.0 0.048574925834 0.046611266652 0.048497884284 0.050855300094
Herato19 Herato1908 16337653.0 1875000.0 0.081009547514 0.069616934072 0.081251871794 0.09412039017
Herato19 Herato1908 16387653.0 1925000.0 0.051750101192 0.045447409972 0.051600607288 0.058500294262
Herato19 Herato1908 16437653.0 1975000.0 0.04176726042 0.03993544564 0.04163651002 0.0447596516
Herato19 Herato1908 16487653.0 2025000.0 0.07427870492 0.0521242284314 0.07225123325 0.110142074612
Herato19 Herato1908 16537653.0 2075000.0 0.050003165918 0.041478153888 0.0493609784416 0.061802291628
Herato19 Herato1908 16587653.0 2125000.0 0.0604416549092 0.0535877089292 0.0599234776992 0.069424050288
Herato19 Herato1908 16637653.0 2175000.0 0.08598330102 0.08244379044 0.08578042514 0.08998154726
Herato19 Herato1908 16687653.0 2225000.0 0.06339472895 0.059415948008 0.063270500404 0.068154445844
Herato19 Herato1908 16737653.0 2275000.0 0.059677448555 0.0565191293948 0.0595127139446 0.063901553934
Herato19 Herato1908 16787653.0 2325000.0 0.0415475356756 0.0390088413364 0.0414237546498 0.044153542162
Herato19 Herato1908 16837653.0 2375000.0 0.0811687638108 0.054677617892 0.0781833046004 0.12403005032
Herato19 Herato1908 16887653.0 2425000.0 0.040334057544 0.029395384794 0.039937668364 0.05444830324
Herato19 Herato1908 16937653.0 2475000.0 0.061956544043 0.0460677971948 0.059383847328 0.095775675693
Herato19 Herato1908 16987653.0 2525000.0 0.0364132762714 0.0206079563544 0.0346751878664 0.0589257707354
Herato19 Herato1908 17037653.0 2575000.0 0.077842927962 0.070673305742 0.077619620682 0.085928946032
Herato19 Herato1908 17087653.0 2625000.0 0.059985129964 0.0558971303704 0.059888862048 0.064877015904
Herato19 Herato1908 17137653.0 2675000.0 0.088624885036 0.0823133578286 0.088091446646 0.095849692358
Herato19 Herato1908 17187653.0 2725000.0 0.077897698212 0.0688687391556 0.07736246079 0.08867346932
Herato19 Herato1908 17216002.0 2775000.0 0.0183506549567 0.0167055503135 0.01828555106 0.0202884406091
Herato19 Herato1909 17232544.0 25000.0 0.0310949284991 0.026428654777 0.0311350040907 0.0360057836719
Herato19 Herato1910 17270737.0 25000.0 0.0335148545528 0.0285741146962 0.0333000929486 0.041164285282
Herato19 Herato1910 17320737.0 75000.0 0.015171514682 0.0130882659476 0.0149700900562 0.017962003798
Herato19 Herato1910 17370737.0 125000.0 0.0123655435275 0.0108965761338 0.0123505231369 0.0139394609145
Herato19 Herato1910 17420737.0 175000.0 0.0156769783108 0.011234535691 0.0132141279728 0.030659281524
Herato19 Herato1910 17470737.0 225000.0 0.010388889315 0.00841198746152 0.0103313361069 0.0129397604022
Herato19 Herato1910 17520737.0 275000.0 0.0097414920734 0.00712042310488 0.0093635421844 0.01419100817
Herato19 Herato1910 17570737.0 325000.0 0.0128354957424 0.0113149445112 0.0126826809582 0.015008043386
Herato19 Herato1910 17620737.0 375000.0 0.00916905473234 0.00709812054498 0.00912663303552 0.0114890921588
Herato19 Herato1910 17670737.0 425000.0 0.0244152573705 0.0170087733576 0.0231109989611 0.03791721088
Herato19 Herato1910 17720737.0 475000.0 0.0191152836338 0.0168599252179 0.0190121283792 0.0218205337386
Herato19 Herato1910 17770737.0 525000.0 0.043804754856 0.040114889476 0.04359717675 0.04852380953
Herato19 Herato1910 17820737.0 575000.0 0.055983585 0.05322241618 0.05572401238 0.05901668744
Herato19 Herato1910 17870737.0 625000.0 0.062837210062 0.057980944058 0.062373615324 0.068938285876
Herato19 Herato1910 17920737.0 675000.0 0.055895401226 0.052788382818 0.05539111946 0.061130216974
Herato19 Herato1910 17970737.0 725000.0 0.056038889692 0.048774753516 0.055782276934 0.06498806386
Herato19 Herato1910 18020737.0 775000.0 0.0461195965646 0.0376922881421 0.0456938345664 0.0565951167
Herato19 Herato1910 18070737.0 825000.0 0.057202642978 0.053813037126 0.057007475694 0.061700805258
Herato19 Herato1910 18120737.0 875000.0 0.0431288708079 0.0319741811392 0.0420376577194 0.060724527662
Herato19 Herato1910 18170737.0 925000.0 0.0303356126373 0.0277031400528 0.0302806936767 0.0337016211818
Herato19 Herato1910 18220737.0 975000.0 0.0728731201088 0.0660971925245 0.0730827442882 0.0799800364544
Herato19 Herato1910 18270737.0 1025000.0 0.0502422032498 0.0448997475099 0.050179479261 0.055725274258
Herato19 Herato1910 18320737.0 1075000.0 0.0456135168372 0.0318030450905 0.0449915920371 0.0580458986532
Herato19 Herato1910 18370737.0 1125000.0 0.031857359836 0.028466482264 0.031691056576 0.035499401228
Herato19 Herato1910 18420737.0 1175000.0 0.0564310635029 0.0476779898665 0.0565663042785 0.065990266173
Herato19 Herato1910 18470737.0 1225000.0 0.0315148752612 0.0284399811046 0.0315441409242 0.0346132226356
Herato19 Herato1910 18520737.0 1275000.0 0.057771200924 0.051871520142 0.057408639668 0.065523907178
Herato19 Herato1910 18570737.0 1325000.0 0.09396013488 0.0863226662 0.09347772692 0.10341115714
Herato19 Herato1910 18620737.0 1375000.0 0.0722517768342 0.0639894312335 0.071847757377 0.0826582244162
Herato19 Herato1910 18670737.0 1425000.0 0.060372070628 0.050084906978 0.059567576114 0.0758663676
Herato19 Herato1910 18720737.0 1475000.0 0.044848036279 0.0390622156729 0.044060116587 0.051621218403
Herato19 Herato1910 18770737.0 1525000.0 0.0404338194532 0.0367145071912 0.0404978342329 0.043998530969
Herato19 Herato1910 18820737.0 1575000.0 0.0721652933408 0.0447693129908 0.0658534055798 0.135237789333
Herato19 Herato1910 18870737.0 1625000.0 0.04468185942 0.04148776156 0.04450749182 0.0476667732
Herato19 Herato1910 18920737.0 1675000.0 0.061055473334 0.050201415172 0.060845814578 0.073232883536
Herato19 Herato1910 18970737.0 1725000.0 0.0482468166705 0.040996833503 0.0481528562205 0.05680189997
Herato19 Herato1910 19020737.0 1775000.0 0.072253189746 0.065449997476 0.072358109046 0.08042447179
Herato19 Herato1910 19070737.0 1825000.0 0.06627745278 0.06412745106 0.0662227296 0.06858803632
Herato19 Herato1910 19120737.0 1875000.0 0.08935151868 0.0878041199 0.089125205 0.09217838374
Herato19 Herato1910 19170737.0 1925000.0 0.07727048654 0.07050151394 0.07760235024 0.08085440494
Herato19 Herato1910 19220737.0 1975000.0 0.062057002128 0.058425462444 0.06180987788 0.066715846004
Herato19 Herato1910 19270737.0 2025000.0 0.0740286092 0.06775527662 0.07355442148 0.08176045514
Herato19 Herato1910 19320737.0 2075000.0 0.069615061928 0.0618445472587 0.0696339999134 0.079174650252
Herato19 Herato1910 19370737.0 2125000.0 0.0503527403076 0.0449263422786 0.05022598712 0.05673874386
Herato19 Herato1910 19420737.0 2175000.0 0.0578436879224 0.050702862603 0.0579383380156 0.0670003439368
Herato19 Herato1910 19470737.0 2225000.0 0.0891386335154 0.0712027726266 0.0881388718152 0.108900935151
Herato19 Herato1910 19520737.0 2275000.0 0.0891206056899 0.0835229709619 0.0885043694931 0.0959123440048
Herato19 Herato1910 19570737.0 2325000.0 0.108479389528 0.102467667988 0.107767515294 0.118373137158
Herato19 Herato1910 19620737.0 2375000.0 0.049178353694 0.045806232514 0.049068882362 0.052704782232
Herato19 Herato1910 19670737.0 2425000.0 0.09004511774 0.08270218094 0.08983169692 0.09759359864
Herato19 Herato1910 19720737.0 2475000.0 0.0710314074668 0.0660261626801 0.0708754004854 0.075880472669
Herato19 Herato1910 19770737.0 2525000.0 0.04797590029 0.043367273872 0.04775510488 0.05263088562
Herato19 Herato1910 19820737.0 2575000.0 0.0394952057109 0.035649648994 0.0395695532723 0.0432591957724
Herato19 Herato1910 19870737.0 2625000.0 0.0479699349 0.042429887926 0.04826715844 0.053488546856
Herato19 Herato1910 19920737.0 2675000.0 0.078546755606 0.070165838954 0.0779649243 0.088236002676
Herato19 Herato1910 19970737.0 2725000.0 0.074007414382 0.069418501298 0.074077581254 0.07852392898
Herato19 Herato1910 20020737.0 2775000.0 0.0796184266638 0.0706857328087 0.0788991756376 0.094580692098
Herato19 Herato1910 20070737.0 2825000.0 0.0686494904258 0.0595410280755 0.0678635976538 0.080483628378
Herato19 Herato1910 20120737.0 2875000.0 0.0734509647328 0.0548556884365 0.072205563152 0.104900345257
Herato19 Herato1910 20170737.0 2925000.0 0.074635258738 0.069996155076 0.074599479512 0.079962447686
Herato19 Herato1910 20220737.0 2975000.0 0.0664805806336 0.0599194660744 0.0663729988224 0.0740976795036
Herato19 Herato1910 20270737.0 3025000.0 0.07224121509 0.0661010150219 0.0723138800584 0.0794407216304
Herato19 Herato1910 20320737.0 3075000.0 0.07799569267 0.0688846302123 0.0781206242172 0.087955446354
Herato19 Herato1910 20370737.0 3125000.0 0.04801923854 0.04473954444 0.0482191465 0.05272786436
Herato19 Herato1910 20420737.0 3175000.0 0.06984675446 0.0666975318 0.0696428143 0.07431935224
Herato19 Herato1910 20470737.0 3225000.0 0.095237761318 0.088084460414 0.094782665144 0.104776566678
Herato19 Herato1910 20520737.0 3275000.0 0.086232776846 0.0779027524855 0.0862213829188 0.0957003952188
Herato19 Herato1910 20570737.0 3325000.0 0.088879434 0.0857067036 0.0886405296 0.093592548
Herato19 Herato1910 20620737.0 3375000.0 0.10289364115 0.0956684612497 0.103105807112 0.111600199147
Herato19 Herato1910 20670737.0 3425000.0 0.0948412296378 0.0872670216888 0.0946440404166 0.104154233595
Herato19 Herato1910 20720737.0 3475000.0 0.114606139536 0.103001265896 0.115301438152 0.126018377864
Herato19 Herato1910 20770737.0 3525000.0 0.075724587222 0.065752990061 0.074954180542 0.088828751172
Herato19 Herato1910 20820737.0 3575000.0 0.07168763448 0.06528213458 0.0716178103 0.07875189968
Herato19 Herato1910 20870737.0 3625000.0 0.037904960914 0.033688748578 0.037823525624 0.041783409684
Herato19 Herato1910 20920737.0 3675000.0 0.049700054928 0.046470074092 0.049752079484 0.053600487376
Herato19 Herato1910 20970737.0 3725000.0 0.034832598972 0.030307903924 0.034674743024 0.03949193925
Herato19 Herato1910 21020737.0 3775000.0 0.101783781326 0.0943225033398 0.101406462242 0.110572022056
Herato19 Herato1910 21070737.0 3825000.0 0.08856906554 0.08398520298 0.08864301794 0.0929103896
Herato19 Herato1910 21120737.0 3875000.0 0.09238544182 0.0891528607 0.09243241596 0.09494887556
Herato19 Herato1910 21170737.0 3925000.0 0.097241222484 0.09349541507 0.096895356446 0.10188724796
Herato19 Herato1910 21220737.0 3975000.0 0.10458260156 0.09364337246 0.104599389374 0.118132464354
Herato19 Herato1910 21270737.0 4025000.0 0.08275300062 0.07771560158 0.08256557276 0.08943685672
Herato19 Herato1910 21320737.0 4075000.0 0.112411268474 0.105579469271 0.112307993888 0.119364705464
Herato19 Herato1910 21370737.0 4125000.0 0.09994956688 0.09536868352 0.10012370448 0.1044991848
Herato19 Herato1910 21420737.0 4175000.0 0.101581019862 0.091809665138 0.101095694738 0.113964474288
Herato19 Herato1910 21470737.0 4225000.0 0.097603280118 0.089335865087 0.0972458418318 0.106182516902
Herato19 Herato1910 21520737.0 4275000.0 0.117188658646 0.105087615308 0.116878559803 0.132521926925
Herato19 Herato1910 21570737.0 4325000.0 0.07921216358 0.0729293357 0.07910768426 0.08749987638
Herato19 Herato1910 21620737.0 4375000.0 0.0881532191698 0.0789227967478 0.0876238761058 0.0994157537506
Herato19 Herato1910 21670737.0 4425000.0 0.0912144508 0.08400803786 0.09223313158 0.09631130476
Herato19 Herato1910 21720737.0 4475000.0 0.09770580882 0.09017057058 0.09702840516 0.1049433492
Herato19 Herato1910 21770737.0 4525000.0 0.0768472439274 0.0735949473208 0.0768001767776 0.08053479476
Herato19 Herato1910 21820737.0 4575000.0 0.06185539928 0.053520039144 0.061439861028 0.07139623285
Herato19 Herato1910 21870737.0 4625000.0 0.06728358374 0.06039403496 0.06717250918 0.0753057111
Herato19 Herato1910 21920737.0 4675000.0 0.0849463537082 0.0712007691339 0.0842034301582 0.105092239715
Herato19 Herato1910 21970737.0 4725000.0 0.08404931724 0.0803277192 0.08420512956 0.08788023886
Herato19 Herato1910 22020737.0 4775000.0 0.0830913432 0.078285157936 0.08280985032 0.08805943628
Herato19 Herato1910 22070737.0 4825000.0 0.08466759758 0.077783119386 0.085047097892 0.09109491268
Herato19 Herato1910 22120737.0 4875000.0 0.061073243818 0.05614729156 0.060760552876 0.06594609778
Herato19 Herato1910 22170737.0 4925000.0 0.05407990182 0.05063349922 0.05360126864 0.05800802308
Herato19 Herato1910 22220737.0 4975000.0 0.065261854123 0.0592892004486 0.065004544487 0.07166218127
Herato19 Herato1910 22270737.0 5025000.0 0.044716731222 0.0378574704579 0.0447787475744 0.05246752893
Herato19 Herato1910 22320737.0 5075000.0 0.02738948972 0.02514639858 0.02756607312 0.02935064126
Herato19 Herato1910 22370737.0 5125000.0 0.025674771448 0.0235485430064 0.0257526188712 0.027290562402
Herato19 Herato1910 22420737.0 5175000.0 0.0151967002962 0.0139317737832 0.0151542170592 0.0165738143066
Herato19 Herato1910 22470737.0 5225000.0 0.0478830617049 0.0182798561467 0.0440922972697 0.102838208604
Herato19 Herato1910 22520737.0 5275000.0 0.0061819872222 0.00566899944991 0.00614980652798 0.0068144525684
Herato19 Herato1910 22570737.0 5325000.0 0.0351607192312 0.0190948051772 0.0344334863812 0.0580012522726
Herato19 Herato1910 22620737.0 5375000.0 0.0181173678516 0.011963209078 0.0177482189576 0.0259623843596
Herato19 Herato1910 22670737.0 5425000.0 0.017515465238 0.014504680204 0.017444969984 0.02090910026
Herato19 Herato1910 22720737.0 5475000.0 0.00987501122 0.007344988022 0.009912358924 0.013189468288
