chrom scaffold Cposition position mean p0025 p0500 p0975
Herato04 Herato0401 25001.0 25000.0 0.0165396703918 0.0142135302264 0.0164266001502 0.0200278588484
Herato04 Herato0401 75001.0 75000.0 0.0537904668261 0.0290474452312 0.0476147832041 0.113783378168
Herato04 Herato0401 125001.0 125000.0 0.0242634061698 0.016304479937 0.0235604574904 0.0360404640252
Herato04 Herato0401 175001.0 175000.0 0.0433448368711 0.0257021928897 0.0388940246769 0.0897173022494
Herato04 Herato0401 225001.0 225000.0 0.010408458796 0.00685656140874 0.0102803996661 0.0152648551462
Herato04 Herato0401 275001.0 275000.0 0.0292431816163 0.016547216423 0.0280851440145 0.0482409294404
Herato04 Herato0401 325001.0 325000.0 0.0354573771845 0.0108671747133 0.0307455704943 0.0870820636766
Herato04 Herato0401 375001.0 375000.0 0.0302083724776 0.0114708401242 0.0255141418878 0.0932442461976
Herato04 Herato0401 425001.0 425000.0 0.0149444153856 0.012880589623 0.0148623228156 0.0176337071254
Herato04 Herato0401 475001.0 475000.0 0.028755855163 0.0231264429958 0.0284441971631 0.035828862035
Herato04 Herato0401 525001.0 525000.0 0.0128402885832 0.0099690027062 0.0125645155582 0.0174754821964
Herato04 Herato0401 575001.0 575000.0 0.0250986640234 0.0105934256159 0.0217511872535 0.061102332596
Herato04 Herato0401 625001.0 625000.0 0.0147159055112 0.0128540249139 0.0146148473986 0.0169621197538
Herato04 Herato0401 675001.0 675000.0 0.0490697477402 0.0263739249794 0.0461650906056 0.0920165144172
Herato04 Herato0401 725001.0 725000.0 0.0154684042844 0.0132187958924 0.0154393463992 0.01792280978
Herato04 Herato0401 775001.0 775000.0 0.0195665749777 0.0156693456278 0.0193000181811 0.024640088336
Herato04 Herato0401 825001.0 825000.0 0.0206326205841 0.0147513199108 0.0197506652668 0.0311324749796
Herato04 Herato0401 875001.0 875000.0 0.013730883486 0.0091838081 0.013467654158 0.0199812916
Herato04 Herato0401 925001.0 925000.0 0.0112898442979 0.00908400393222 0.0112579417921 0.0135771769234
Herato04 Herato0401 975001.0 975000.0 0.0220241304492 0.0177403024322 0.021807841618 0.0277465686473
Herato04 Herato0401 1025001.0 1025000.0 0.0334789996396 0.0217982587079 0.0322278575914 0.0541574781411
Herato04 Herato0401 1075001.0 1075000.0 0.0160087403128 0.0133736426069 0.0162793390174 0.018590706244
Herato04 Herato0401 1125001.0 1125000.0 0.00620676679072 0.00499060201621 0.00618495524072 0.00728717364992
Herato04 Herato0401 1175001.0 1175000.0 0.0259837093559 0.0210592991052 0.0255563438065 0.0330807301455
Herato04 Herato0401 1225001.0 1225000.0 0.052584233908 0.0376806968839 0.0504325234231 0.0792912106224
Herato04 Herato0401 1275001.0 1275000.0 0.0197762171774 0.0150389482091 0.0191630170581 0.02818213454
Herato04 Herato0401 1325001.0 1325000.0 0.0141441441894 0.00866044202986 0.0133135157787 0.0229785168576
Herato04 Herato0401 1375001.0 1375000.0 0.0479327459918 0.0236738914232 0.0459452649735 0.0745587258723
Herato04 Herato0401 1425001.0 1425000.0 0.0490859667614 0.0306363678512 0.0456167316521 0.0881048405412
Herato04 Herato0401 1475001.0 1475000.0 0.044139154494 0.0219394234249 0.0389556063799 0.0922234231957
Herato04 Herato0401 1525001.0 1525000.0 0.0687307111942 0.02793477084 0.0648166619814 0.143897821503
Herato04 Herato0401 1575001.0 1575000.0 0.0495475833233 0.0257708116522 0.0466305466159 0.0927834932428
Herato04 Herato0401 1625001.0 1625000.0 0.071597758514 0.0329491723519 0.0658353310189 0.13933372865
Herato04 Herato0401 1675001.0 1675000.0 0.10519312031 0.0468131664955 0.0939829544056 0.219541443842
Herato04 Herato0401 1725001.0 1725000.0 0.0223605442534 0.0164183629934 0.0230157834315 0.027762078539
Herato04 Herato0401 1775001.0 1775000.0 0.0250542316809 0.0207511212657 0.0248462481277 0.0303132646454
Herato04 Herato0401 1825001.0 1825000.0 0.04956001358 0.024717768318 0.044423505544 0.11363743014
Herato04 Herato0401 1875001.0 1875000.0 0.026244313086 0.020148975792 0.023741096578 0.042252488268
Herato04 Herato0401 1925001.0 1925000.0 0.0922503450953 0.0402595860054 0.0850756554597 0.181135200667
Herato04 Herato0401 1975001.0 1975000.0 0.0385459100398 0.0263795504259 0.0366797899756 0.0584898370048
Herato04 Herato0401 2025001.0 2025000.0 0.0280785838287 0.0251229420535 0.0280878152417 0.0317159697892
Herato04 Herato0401 2075001.0 2075000.0 0.0149816178058 0.0129209693561 0.0149785970291 0.0175523774916
Herato04 Herato0401 2125001.0 2125000.0 0.0299729453358 0.024314342973 0.0296688536854 0.0370395504486
Herato04 Herato0401 2175001.0 2175000.0 0.0330616293129 0.0193707534023 0.0314160907584 0.0570121718325
Herato04 Herato0401 2225001.0 2225000.0 0.029534676938 0.023107540324 0.029218872796 0.037872481832
Herato04 Herato0401 2275001.0 2275000.0 0.0280968610642 0.0195766600455 0.0269941250336 0.0423207134282
Herato04 Herato0401 2325001.0 2325000.0 0.0405383165898 0.0287246084144 0.0392232869621 0.0571371750966
Herato04 Herato0401 2375001.0 2375000.0 0.0201140693796 0.0159769597959 0.0196798435366 0.027973220182
Herato04 Herato0401 2425001.0 2425000.0 0.0118169115537 0.0108103455937 0.011848648181 0.0128098125652
Herato04 Herato0401 2475001.0 2475000.0 0.0174715445027 0.0132386876442 0.0177928887148 0.021762201647
Herato04 Herato0401 2525001.0 2525000.0 0.0643806352734 0.0281634245482 0.0536568698786 0.135676748968
Herato04 Herato0401 2575001.0 2575000.0 0.0392069219644 0.0314119846488 0.039057664575 0.0487330237716
Herato04 Herato0401 2625001.0 2625000.0 0.0217347311172 0.0146523984366 0.021203805393 0.032269565019
Herato04 Herato0401 2667575.0 2675000.0 0.0138357432514 0.0119040563759 0.0138671695886 0.0158423418772
Herato04 Herato0402 2710150.0 25000.0 0.0331139838299 0.0202704378348 0.0314781061138 0.0561755668374
Herato04 Herato0402 2760150.0 75000.0 0.0362782156352 0.0239989946008 0.0347768250481 0.0590234753958
Herato04 Herato0402 2786119.5 125000.0 0.0447350593089 0.0401982707581 0.0444566157813 0.0498218313564
Herato04 Herato0403 2812090.0 25000.0 0.0236201918614 0.0207640131869 0.0235872903804 0.0267338413488
Herato04 Herato0403 2862090.0 75000.0 0.0249001384828 0.0192489126698 0.024008573366 0.033737710947
Herato04 Herato0403 2912090.0 125000.0 0.0627934169426 0.0321253081774 0.0463080886222 0.146034395919
Herato04 Herato0403 2962090.0 175000.0 0.0341549653912 0.0135290154184 0.0320263817586 0.0685906167294
Herato04 Herato0403 3012090.0 225000.0 0.0489378753436 0.0215002651814 0.0473634718358 0.108292063228
Herato04 Herato0403 3062090.0 275000.0 0.0265214944466 0.0198301911929 0.0255759373002 0.0383953522538
Herato04 Herato0403 3112090.0 325000.0 0.0428191348442 0.0202111735287 0.0387215068929 0.0961465188792
Herato04 Herato0403 3162090.0 375000.0 0.0491913035938 0.0141175435066 0.0444340634476 0.100325983127
Herato04 Herato0403 3212090.0 425000.0 0.0253883860738 0.0177457467258 0.0241149345648 0.0379470236328
Herato04 Herato0403 3262090.0 475000.0 0.05907984124 0.035398534142 0.054896165022 0.10575764009
Herato04 Herato0403 3312090.0 525000.0 0.0125900329764 0.00935311335018 0.0122906808662 0.0185087668274
Herato04 Herato0403 3362090.0 575000.0 0.0507666755804 0.0321673351044 0.0487438478042 0.0786355270284
Herato04 Herato0403 3412090.0 625000.0 0.0171282736782 0.0143520694859 0.0170569755523 0.0207511081578
Herato04 Herato0403 3462090.0 675000.0 0.0335242149163 0.0256123076643 0.0333658432431 0.0417959469462
Herato04 Herato0403 3512090.0 725000.0 0.0139583614938 0.0127665442179 0.0138512915536 0.0153185218536
Herato04 Herato0403 3562090.0 775000.0 0.0189593874973 0.0128986643408 0.0196058016972 0.0245355008899
Herato04 Herato0403 3612090.0 825000.0 0.0183050000539 0.0158715700511 0.0182412167993 0.0211127277995
Herato04 Herato0403 3662090.0 875000.0 0.117238096086 0.0515788261779 0.0988253853985 0.284389885583
Herato04 Herato0403 3712090.0 925000.0 0.0920646352508 0.0485927271864 0.0849553509663 0.177737265182
Herato04 Herato0403 3762090.0 975000.0 0.0324371866604 0.023534779473 0.0319512473677 0.0440327182581
Herato04 Herato0403 3812090.0 1025000.0 0.0175372169959 0.014036784311 0.016665596587 0.0241855753318
Herato04 Herato0403 3856277.5 1075000.0 0.0200994845794 0.0114996187338 0.0195610237121 0.0339116406245
Herato04 Herato0404 3900466.0 25000.0 0.145512058735 0.0232827528347 0.142378512747 0.368218490076
Herato04 Herato0404 3950466.0 75000.0 0.0263820361038 0.0230155399989 0.0261459680631 0.0304606688861
Herato04 Herato0404 3987213.0 125000.0 0.0446975622993 0.0223048928087 0.0378578213093 0.101605747416
Herato04 Herato0405 4023961.0 25000.0 0.044818214622 0.0247521145031 0.0424891589732 0.0798833368439
Herato04 Herato0405 4073961.0 75000.0 0.0246925695096 0.0127447846253 0.0231101688893 0.0488477707006
Herato04 Herato0405 4123961.0 125000.0 0.0268172042002 0.0201359944952 0.0262518921854 0.0363816940863
Herato04 Herato0405 4173961.0 175000.0 0.0234642689229 0.0144985882183 0.0212594321992 0.0467831011912
Herato04 Herato0405 4223961.0 225000.0 0.02880610181 0.023538099808 0.028620595698 0.035788637702
Herato04 Herato0405 4273961.0 275000.0 0.0303992481098 0.0280089785118 0.0303943983416 0.0327077975438
Herato04 Herato0405 4323961.0 325000.0 0.0233852218544 0.0165479305961 0.0224489418367 0.0353086457229
Herato04 Herato0405 4373961.0 375000.0 0.0535533896629 0.0242268224377 0.0490095465081 0.111793501613
Herato04 Herato0405 4423961.0 425000.0 0.0266175241394 0.0181305855321 0.0258749261814 0.0379510353729
Herato04 Herato0405 4473961.0 475000.0 0.0664486175232 0.0333849571801 0.061419580217 0.127751805576
Herato04 Herato0405 4523961.0 525000.0 0.133369279165 0.0553101958311 0.126956247949 0.256974639414
Herato04 Herato0405 4573961.0 575000.0 0.0392800088578 0.033606385542 0.0388028123328 0.0465868138044
Herato04 Herato0405 4623961.0 625000.0 0.035672564132 0.030580206014 0.03576343467 0.0415557778
Herato04 Herato0405 4673961.0 675000.0 0.0194308347384 0.0163289910448 0.0192044333914 0.023142318393
Herato04 Herato0405 4723961.0 725000.0 0.0130590709399 0.00841232417143 0.0120647220884 0.021048098406
Herato04 Herato0405 4773961.0 775000.0 0.0224077339218 0.0182714108399 0.0221602983486 0.0276000368616
Herato04 Herato0405 4823961.0 825000.0 0.0408093659626 0.0309049386204 0.0401382659908 0.0539305448459
Herato04 Herato0405 4873961.0 875000.0 0.0270084518594 0.0207377533373 0.0276151445808 0.0344872532042
Herato04 Herato0405 4923961.0 925000.0 0.137680450754 0.0528705503987 0.123986711787 0.296213983901
Herato04 Herato0405 4973961.0 975000.0 0.0405364712586 0.0251613554005 0.0389547562284 0.0688599867222
Herato04 Herato0405 5023961.0 1025000.0 0.041490777376 0.0233307139245 0.03966890669 0.071267399126
Herato04 Herato0405 5073961.0 1075000.0 0.0346877847349 0.0262569701197 0.0348360320496 0.044097122906
Herato04 Herato0405 5123961.0 1125000.0 0.0370079858139 0.0307317470188 0.0368476783172 0.044820537096
Herato04 Herato0405 5173961.0 1175000.0 0.0410293180151 0.0346882319418 0.0409321519157 0.048631746968
Herato04 Herato0405 5223961.0 1225000.0 0.0145701866722 0.0125691249434 0.0146048476822 0.01646020074
Herato04 Herato0405 5273961.0 1275000.0 0.0439630558158 0.0212466987137 0.0411835556979 0.081753293825
Herato04 Herato0405 5323961.0 1325000.0 0.027718501256 0.0202762774604 0.0264506269364 0.0414795333096
Herato04 Herato0405 5373961.0 1375000.0 0.0539261087106 0.0186575763283 0.0561908437884 0.094746863784
Herato04 Herato0405 5423961.0 1425000.0 0.0450759098764 0.0336842242019 0.0448331788325 0.0574575281034
Herato04 Herato0405 5473961.0 1475000.0 0.0391322964972 0.0226573986342 0.03452269428 0.0840457572058
Herato04 Herato0405 5523961.0 1525000.0 0.0265893654566 0.0178153498043 0.0252523321012 0.0421716669754
Herato04 Herato0405 5573961.0 1575000.0 0.0276259262104 0.024536495038 0.0275295938062 0.0310489676666
Herato04 Herato0405 5623961.0 1625000.0 0.04709510066 0.04164395996 0.04672000502 0.05330792022
Herato04 Herato0405 5673961.0 1675000.0 0.045054879698 0.03594024812 0.042957177094 0.06121605566
Herato04 Herato0405 5712140.5 1725000.0 0.0338694896656 0.0291506946214 0.0339075750995 0.0394387124619
Herato04 Herato0406 5750321.0 25000.0 0.0365205499008 0.0274489090235 0.0353464823986 0.0512392278844
Herato04 Herato0406 5800321.0 75000.0 0.03572350632 0.03273694596 0.03533813128 0.0390887848
Herato04 Herato0406 5833316.0 125000.0 0.0530833180363 0.048253944334 0.0528383200625 0.0579299977924
Herato04 Herato0407 5858351.0 25000.0 0.0610819215797 0.0451480873282 0.0600663955614 0.0827645725503
Herato04 Herato0408 5900391.0 25000.0 0.0289473159702 0.0266534195695 0.0287015603826 0.0316857175764
Herato04 Herato0408 5927978.0 75000.0 0.0208293148434 0.0196402787012 0.0206523245072 0.0223167868187
Herato04 Herato0409 5946729.5 25000.0 0.0221770153432 0.0209110460606 0.0219885733597 0.0237607298852
Herato04 Herato0410 5984437.0 25000.0 0.0567987096398 0.0426754813307 0.0553396229074 0.0754858676767
Herato04 Herato0411 6030981.0 25000.0 0.062479429216 0.055829944844 0.062231305396 0.069383385902
Herato04 Herato0411 6080981.0 75000.0 0.039937546236 0.031484771776 0.038821527566 0.054422477464
Herato04 Herato0411 6130981.0 125000.0 0.0196237849047 0.0138669810623 0.0186700679616 0.0308418351252
Herato04 Herato0411 6180981.0 175000.0 0.0938752917448 0.0700969627594 0.0882677015668 0.142246202242
Herato04 Herato0411 6230981.0 225000.0 0.0280474458423 0.0219867125645 0.0275887509936 0.03725847734
Herato04 Herato0411 6280981.0 275000.0 0.00958670212108 0.00736393751243 0.00954159342528 0.0122943156412
Herato04 Herato0411 6330981.0 325000.0 0.0494718839956 0.0298809209038 0.0489020926331 0.0718046083856
Herato04 Herato0411 6380981.0 375000.0 0.02814019658 0.024668418146 0.02829635362 0.03138537964
Herato04 Herato0411 6430981.0 425000.0 0.0273415385604 0.0222818699198 0.027153357488 0.0335146096244
Herato04 Herato0411 6480981.0 475000.0 0.02489921408 0.02270605168 0.02515420856 0.02622140768
Herato04 Herato0411 6530981.0 525000.0 0.085540766546 0.020979125294 0.081391874348 0.183814080476
Herato04 Herato0411 6580981.0 575000.0 0.053209987952 0.0212322373818 0.0497176579678 0.103561563758
Herato04 Herato0411 6630981.0 625000.0 0.032546313852 0.0272999948698 0.0321154268846 0.0391096859396
Herato04 Herato0411 6680981.0 675000.0 0.0233662737318 0.01900934345 0.023051586781 0.0285726035654
Herato04 Herato0411 6730981.0 725000.0 0.0320912930824 0.021918258923 0.0323680436362 0.0417329219358
Herato04 Herato0411 6780981.0 775000.0 0.0790108601498 0.0442216135812 0.0740228518964 0.138354632698
Herato04 Herato0411 6830981.0 825000.0 0.0234313531725 0.0209899983508 0.0233893359064 0.026197629246
Herato04 Herato0411 6880981.0 875000.0 0.060603157655 0.040426807503 0.0578854510766 0.0912969376246
Herato04 Herato0411 6930981.0 925000.0 0.030487070941 0.0277459004016 0.0302982973839 0.0337246770026
Herato04 Herato0411 6980981.0 975000.0 0.0327992217638 0.0181695762822 0.0316952336343 0.0561010802936
Herato04 Herato0411 7030981.0 1025000.0 0.0133586784036 0.0112504198407 0.0131592128976 0.0157797214131
Herato04 Herato0411 7080981.0 1075000.0 0.0283245724 0.025854836764 0.02806025852 0.03095191618
Herato04 Herato0411 7130981.0 1125000.0 0.0298609979522 0.0226216822016 0.0273364125282 0.0497055825716
Herato04 Herato0411 7180981.0 1175000.0 0.0321227790212 0.0270889178011 0.0317702555182 0.0378625596144
Herato04 Herato0411 7230981.0 1225000.0 0.0290353186315 0.0237804969816 0.0286798634188 0.0366409819332
Herato04 Herato0411 7280981.0 1275000.0 0.0653063354842 0.0299114504033 0.0591879589822 0.147234646357
Herato04 Herato0411 7330981.0 1325000.0 0.0519900629791 0.0416237824326 0.051471524729 0.0658190272082
Herato04 Herato0411 7380981.0 1375000.0 0.0274438105748 0.0210599090412 0.026610702088 0.037027929708
Herato04 Herato0411 7430981.0 1425000.0 0.0379045126722 0.0303870016347 0.0368226756984 0.0499332057164
Herato04 Herato0411 7480981.0 1475000.0 0.167323394291 0.0725898085669 0.149705609553 0.350484408041
Herato04 Herato0411 7530981.0 1525000.0 0.0299924950295 0.0200146595806 0.0265016374221 0.0604132538046
Herato04 Herato0411 7580981.0 1575000.0 0.0731294971544 0.0352730642407 0.0603641738937 0.16585496019
Herato04 Herato0411 7630981.0 1625000.0 0.0117506307547 0.00636411038051 0.00880932048204 0.0248227272203
Herato04 Herato0411 7680981.0 1675000.0 0.026448495172 0.0226113525142 0.0261477481039 0.0316601060736
Herato04 Herato0411 7730981.0 1725000.0 0.0681299443109 0.0304695409142 0.0591310731494 0.140905964056
Herato04 Herato0411 7780981.0 1775000.0 0.201679263287 0.0475478305077 0.185827441229 0.435692842229
Herato04 Herato0411 7830981.0 1825000.0 0.0241914487478 0.0188991837611 0.0240232904788 0.0308956716036
Herato04 Herato0411 7880981.0 1875000.0 0.044612363776 0.026009751748 0.0417961120828 0.0796387748638
Herato04 Herato0411 7930981.0 1925000.0 0.020627982376 0.0146019125178 0.0201320549957 0.0299738438097
Herato04 Herato0411 7980981.0 1975000.0 0.0229269154417 0.0193551470813 0.0229810042513 0.0271429654665
Herato04 Herato0411 8030981.0 2025000.0 0.0678044301874 0.0400357526162 0.0650488334768 0.109830868751
Herato04 Herato0411 8080981.0 2075000.0 0.034788716328 0.025851008372 0.034452314764 0.045700958988
Herato04 Herato0411 8130981.0 2125000.0 0.0157996189662 0.0129385416971 0.0157285408306 0.0188666315157
Herato04 Herato0411 8180981.0 2175000.0 0.025876616012 0.022214811266 0.025825427744 0.028985694634
Herato04 Herato0411 8230981.0 2225000.0 0.0198572168 0.017364610922 0.01976042716 0.022545092902
Herato04 Herato0411 8280981.0 2275000.0 0.026293018632 0.023896698136 0.02631965632 0.0286750099
Herato04 Herato0411 8330981.0 2325000.0 0.039482921414 0.027473707008 0.0387554091648 0.053302593966
Herato04 Herato0411 8380981.0 2375000.0 0.031809388062 0.0220653872319 0.030667524831 0.047532714073
Herato04 Herato0411 8430981.0 2425000.0 0.0432850934253 0.0316375350183 0.0421674461246 0.0618159906926
Herato04 Herato0411 8480981.0 2475000.0 0.0517850285834 0.0168696900269 0.0482459137949 0.112650273677
Herato04 Herato0411 8530981.0 2525000.0 0.0584963438133 0.0363764723796 0.0500754862222 0.118268231318
Herato04 Herato0411 8580981.0 2575000.0 0.0615827953328 0.0334518570137 0.0583368128027 0.109692304217
Herato04 Herato0411 8630981.0 2625000.0 0.0300408600034 0.0252006927316 0.0295456322128 0.03655257149
Herato04 Herato0411 8680981.0 2675000.0 0.0333510317182 0.0203925840255 0.0321351997738 0.0547416374418
Herato04 Herato0411 8730981.0 2725000.0 0.0274850602813 0.0193986930287 0.0263275235658 0.0401277064851
Herato04 Herato0411 8780981.0 2775000.0 0.0312927667498 0.018784482921 0.029825375294 0.0530018112294
Herato04 Herato0411 8830981.0 2825000.0 0.115850949605 0.0312100418649 0.104445417318 0.251270394383
Herato04 Herato0411 8880981.0 2875000.0 0.0199943306489 0.0180471889416 0.019984232408 0.0217035254093
Herato04 Herato0411 8930981.0 2925000.0 0.0250550355216 0.0216508892621 0.0248712857468 0.028651259187
Herato04 Herato0411 8980981.0 2975000.0 0.0216003460458 0.0184949718588 0.0215122797197 0.0253316994872
Herato04 Herato0411 9030981.0 3025000.0 0.0473504543743 0.0194390123204 0.0424792444226 0.115261969544
Herato04 Herato0411 9080981.0 3075000.0 0.0537008482132 0.0295740095948 0.0473579191716 0.118439700908
Herato04 Herato0411 9130981.0 3125000.0 0.0369165862634 0.0279248682963 0.036383713945 0.0488007176564
Herato04 Herato0411 9180981.0 3175000.0 0.0260300956924 0.0139422398695 0.0242794365446 0.0526294417203
Herato04 Herato0411 9230981.0 3225000.0 0.0365663127592 0.0190741837984 0.0331966137012 0.0738500863562
Herato04 Herato0411 9280981.0 3275000.0 0.020733521793 0.0156288839679 0.0202811024037 0.0274798160742
Herato04 Herato0411 9330981.0 3325000.0 0.0816296264702 0.0301693151752 0.0709302568738 0.198825950671
Herato04 Herato0411 9380981.0 3375000.0 0.0567106556432 0.0297180937854 0.054642630745 0.101654259048
Herato04 Herato0411 9430981.0 3425000.0 0.0567358773263 0.0167941704764 0.0505849574074 0.134568165975
Herato04 Herato0411 9480981.0 3475000.0 0.0536101324019 0.0139862979958 0.047968642984 0.123908689913
Herato04 Herato0411 9530981.0 3525000.0 0.0798883287569 0.0315542567079 0.0739544211163 0.157116218453
Herato04 Herato0411 9580981.0 3575000.0 0.021309000036 0.019210735184 0.021281270062 0.023836090636
Herato04 Herato0411 9630981.0 3625000.0 0.0375707345704 0.0271334621411 0.0357609510865 0.056583160085
Herato04 Herato0411 9680981.0 3675000.0 0.175095150836 0.0529283898448 0.148749678332 0.441510686053
Herato04 Herato0411 9730981.0 3725000.0 0.007327458804 0.006134579512 0.007164716834 0.009958662844
Herato04 Herato0411 9780981.0 3775000.0 0.01686526092 0.0122784722972 0.017026274733 0.020828868028
Herato04 Herato0411 9830981.0 3825000.0 0.0516778183924 0.0290926057642 0.0493972481368 0.0934283468156
Herato04 Herato0411 9880981.0 3875000.0 0.0192914446576 0.0145851038485 0.0191973080866 0.0247991417708
Herato04 Herato0411 9930981.0 3925000.0 0.0190637851676 0.0172214091716 0.0189043210546 0.0215513316142
Herato04 Herato0411 9980981.0 3975000.0 0.0411255988356 0.0212793775964 0.0368961746019 0.0987214055198
Herato04 Herato0411 10030981.0 4025000.0 0.0263870123568 0.016468187584 0.0252961112936 0.0429683868748
Herato04 Herato0411 10080981.0 4075000.0 0.0260135236516 0.0161190949116 0.0257181362158 0.037090206512
Herato04 Herato0411 10130981.0 4125000.0 0.0343057843692 0.0205320747631 0.0318770564472 0.0632706132356
Herato04 Herato0411 10180981.0 4175000.0 0.0405067659003 0.0197619213931 0.0376727372997 0.0700874614696
Herato04 Herato0411 10230981.0 4225000.0 0.0587546429184 0.0316898213029 0.0551568292092 0.104481296679
Herato04 Herato0411 10280981.0 4275000.0 0.02961675202 0.0209554182103 0.0287104650132 0.0439300472162
Herato04 Herato0411 10330981.0 4325000.0 0.0304891424482 0.0202176825276 0.0297058084581 0.0452111327134
Herato04 Herato0411 10380981.0 4375000.0 0.024408828215 0.0153899646636 0.0227741391474 0.033501141754
Herato04 Herato0411 10430981.0 4425000.0 0.137627734528 0.0633543537103 0.123736057807 0.281353078498
Herato04 Herato0411 10480981.0 4475000.0 0.0258166545655 0.0239925078723 0.0259349316526 0.027614497502
Herato04 Herato0411 10530981.0 4525000.0 0.0324286127629 0.0234000889803 0.0318525526858 0.0463969647982
Herato04 Herato0411 10580981.0 4575000.0 0.0227624505988 0.019460846808 0.0227535463734 0.026213798296
Herato04 Herato0411 10630981.0 4625000.0 0.0389517627122 0.031869376012 0.0385207914976 0.0495741958152
Herato04 Herato0411 10680981.0 4675000.0 0.0311169887574 0.0286761368096 0.0310481330212 0.0338507495434
Herato04 Herato0411 10730981.0 4725000.0 0.0315303021016 0.0275601768631 0.0314131963667 0.0360954599187
Herato04 Herato0411 10780981.0 4775000.0 0.0119142071538 0.0108426822252 0.011851525782 0.0130959537946
Herato04 Herato0411 10830981.0 4825000.0 0.0438940983106 0.0290155338032 0.041674380377 0.0720360626142
Herato04 Herato0411 10880981.0 4875000.0 0.016515067826 0.0128443438667 0.0163323576778 0.021061491592
Herato04 Herato0411 10930981.0 4925000.0 0.031454535917 0.019033568367 0.0299425427083 0.0550870403437
Herato04 Herato0411 10980981.0 4975000.0 0.0204481027036 0.0163475054439 0.0202325421172 0.0245347457301
Herato04 Herato0411 11030981.0 5025000.0 0.0363332497752 0.021664008912 0.0336020397676 0.062950777296
Herato04 Herato0411 11080981.0 5075000.0 0.0117734573428 0.00921402353038 0.0114447089608 0.0161309933988
Herato04 Herato0411 11130981.0 5125000.0 0.0657476167356 0.0179514498756 0.0570048679324 0.209098496801
Herato04 Herato0411 11180981.0 5175000.0 0.0308861148116 0.0225412198476 0.029872655291 0.0512851764951
Herato04 Herato0411 11230981.0 5225000.0 0.0131446753878 0.0107168003474 0.0122821227116 0.0216654539706
Herato04 Herato0411 11280981.0 5275000.0 0.0185081272572 0.0158688253947 0.0183426543046 0.0214486021276
Herato04 Herato0411 11330981.0 5325000.0 0.021102777016 0.0162677299149 0.019929848141 0.0321928637602
Herato04 Herato0411 11380981.0 5375000.0 0.0636047087223 0.032640003738 0.0531026534862 0.135138872178
Herato04 Herato0411 11430981.0 5425000.0 0.0191561904367 0.0164543371021 0.0191243431735 0.0226352042717
Herato04 Herato0411 11480981.0 5475000.0 0.0229761543548 0.01977556249 0.0229411012847 0.0267349966788
Herato04 Herato0411 11530981.0 5525000.0 0.0216431936284 0.0185233156689 0.0216771410896 0.0252514070152
Herato04 Herato0411 11580981.0 5575000.0 0.0392053014686 0.0227664554158 0.0375250113992 0.068281953636
Herato04 Herato0411 11630981.0 5625000.0 0.0345237603321 0.0262795674782 0.0339793795712 0.0454474139261
Herato04 Herato0411 11680981.0 5675000.0 0.0263875272236 0.0203126851722 0.025895120576 0.0376958112032
Herato04 Herato0411 11730981.0 5725000.0 0.050007294761 0.0224630785765 0.0403190767658 0.12947414945
Herato04 Herato0411 11780981.0 5775000.0 0.020559327868 0.018807391936 0.02049914208 0.022329485558
Herato04 Herato0411 11830981.0 5825000.0 0.058769600014 0.0521724556786 0.0584047978178 0.0673937305488
Herato04 Herato0411 11880981.0 5875000.0 0.022489840042 0.0154312851033 0.0215095056308 0.036946096794
Herato04 Herato0411 11930981.0 5925000.0 0.0428611711627 0.0303104129643 0.0424163999603 0.0594085037406
Herato04 Herato0411 11980981.0 5975000.0 0.0288566973854 0.0164491232462 0.0274567038706 0.0486454725108
Herato04 Herato0411 12030981.0 6025000.0 0.0142548471611 0.0127660150821 0.0142603488784 0.0159503448198
Herato04 Herato0411 12080981.0 6075000.0 0.017190424786 0.014346698412 0.017094181902 0.020035412612
Herato04 Herato0411 12130981.0 6125000.0 0.164030804219 0.0862099582441 0.155134609305 0.272646517236
Herato04 Herato0411 12180981.0 6175000.0 0.0439995553043 0.0255904822847 0.0428360028284 0.0692606415335
Herato04 Herato0411 12230981.0 6225000.0 0.0379683855896 0.0322926651362 0.0380580525328 0.0442040880324
Herato04 Herato0411 12280981.0 6275000.0 0.0389533813442 0.0258471109837 0.038616358802 0.058604737948
Herato04 Herato0411 12330981.0 6325000.0 0.0108114485308 0.00906434577037 0.0108946212468 0.0127930683796
Herato04 Herato0411 12380981.0 6375000.0 0.0562286559884 0.0361697674136 0.0532770797922 0.0961312416608
Herato04 Herato0411 12430981.0 6425000.0 0.021888119264 0.0169728002664 0.021690932648 0.028161846048
Herato04 Herato0411 12460064.0 6475000.0 0 0 0 0
Herato04 Herato0412 12489148.0 25000.0 0.0291283322465 0.0256455174539 0.0290225743994 0.033374209676
Herato04 Herato0412 12539148.0 75000.0 0.0243487871686 0.0219371098869 0.0242060813865 0.0275475542227
Herato04 Herato0412 12589148.0 125000.0 0.035107703966 0.0294947439306 0.035052549006 0.041413031888
Herato04 Herato0412 12639148.0 175000.0 0.0243973006139 0.018803104487 0.023561970676 0.032246250867
Herato04 Herato0412 12689148.0 225000.0 0.0216340359651 0.0187541529389 0.0216684916888 0.0250054646398
Herato04 Herato0412 12738617.5 275000.0 0.0347842588733 0.028629739868 0.0350286123133 0.0398896617626
Herato04 Herato0413 12788088.0 25000.0 0.022964844902 0.020053438342 0.022379809982 0.02696339818
Herato04 Herato0413 12838088.0 75000.0 0.0926483366372 0.0560270090347 0.0872201761094 0.165256148153
Herato04 Herato0413 12888088.0 125000.0 0.03400271664 0.028740127084 0.03375045696 0.04168068042
Herato04 Herato0413 12938088.0 175000.0 0.0404900706 0.03795484748 0.04072365748 0.04268095444
Herato04 Herato0413 12988088.0 225000.0 0.0773845959028 0.0514243001653 0.0747292469948 0.113380610102
Herato04 Herato0413 13020158.0 275000.0 0.026866584512 0.023691830976 0.0267099823197 0.0293831707921
Herato04 Herato0414 13038890.0 25000.0 0.0236746290198 0.0208770604579 0.0235366323643 0.0258922256239
Herato04 Herato0415 13075552.0 25000.0 0.0242189776 0.0213570848 0.024077808 0.0264875632
Herato04 Herato0415 13103849.0 75000.0 0.0289901631786 0.0255644719442 0.0288211828935 0.0317056645435
Herato04 Herato0416 13126177.5 25000.0 0.0889054577801 0.0635084695457 0.0869702114528 0.128384929986
Herato04 Herato0417 13170209.0 25000.0 0.0212539488 0.0196506548 0.0212318344 0.0230200852
Herato04 Herato0417 13220209.0 75000.0 0.02036843808 0.01883194268 0.02034724504 0.02206099132
Herato04 Herato0417 13270209.0 125000.0 0.035413590162 0.027270510124 0.03442911927 0.046729170244
Herato04 Herato0417 13299605.5 175000.0 0.0279490867736 0.0240510960992 0.0279954164676 0.032129936313
Herato04 Herato0418 13329003.0 25000.0 0.02176991492 0.02047678464 0.02170325872 0.02325070804
Herato04 Herato0418 13369707.0 75000.0 0.0203462607616 0.0191376953642 0.0202839635762 0.0217302166964
Herato04 Herato0419 13410412.0 25000.0 0.0730645733877 0.0345374887795 0.0634240398855 0.168175642761
Herato04 Herato0419 13460412.0 75000.0 0.036354675534 0.019852854247 0.0362961279265 0.0570545222668
Herato04 Herato0419 13510412.0 125000.0 0.0324187855596 0.0242841346428 0.0321751372215 0.0411613557133
Herato04 Herato0419 13560412.0 175000.0 0.01311810134 0.011138330944 0.013320374052 0.014878841268
Herato04 Herato0419 13610412.0 225000.0 0.013856982206 0.0113786983886 0.0140640973323 0.0160119412032
Herato04 Herato0419 13660412.0 275000.0 0.0220320823272 0.0195600183272 0.0220892200946 0.0256143911572
Herato04 Herato0419 13710412.0 325000.0 0.0649662366287 0.0302758823153 0.0503704143908 0.248843111532
Herato04 Herato0419 13760412.0 375000.0 0.064037775726 0.035854219852 0.061668687244 0.11688377468
Herato04 Herato0419 13810412.0 425000.0 0.0558180623148 0.0395909001173 0.0549097762454 0.079016358509
Herato04 Herato0419 13860412.0 475000.0 0.027123276774 0.0235127578752 0.027162074016 0.030950242122
Herato04 Herato0419 13910412.0 525000.0 0.016950353529 0.0141879840034 0.0168653111019 0.020096857532
Herato04 Herato0419 13960412.0 575000.0 0.0097004054278 0.007166871666 0.0098279449814 0.0120701948554
Herato04 Herato0419 14010412.0 625000.0 0.0374642534592 0.0228439261756 0.035984613175 0.060339426299
Herato04 Herato0419 14060412.0 675000.0 0.020477766973 0.0145332401967 0.0195488671675 0.0320051674375
Herato04 Herato0419 14110412.0 725000.0 0.0225175058555 0.00658618279164 0.0182129918918 0.0681968010422
Herato04 Herato0419 14160412.0 775000.0 0.0193227512443 0.0151447225595 0.0189683287401 0.02516624778
Herato04 Herato0419 14210412.0 825000.0 0.0410246531304 0.0247592282617 0.037805276101 0.071707018633
Herato04 Herato0419 14260412.0 875000.0 0.0520775821364 0.0298152305701 0.0481390847526 0.0888709448804
Herato04 Herato0419 14310412.0 925000.0 0.0363432185647 0.018324121166 0.0323565806216 0.0744078644841
Herato04 Herato0419 14360412.0 975000.0 0.0268079008893 0.013175492003 0.0264617794576 0.0480546585648
Herato04 Herato0419 14410412.0 1025000.0 0.0218685346669 0.0153813172146 0.0212435541147 0.0310152063724
Herato04 Herato0419 14460412.0 1075000.0 0.0624307896919 0.0272211616324 0.0583553467273 0.11848085314
Herato04 Herato0419 14510412.0 1125000.0 0.022529611881 0.0182133059704 0.022419651916 0.028004766534
Herato04 Herato0419 14560412.0 1175000.0 0.0469097334937 0.0315117069505 0.0454318023276 0.0695010032872
Herato04 Herato0419 14610412.0 1225000.0 0.030652192078 0.0187910353464 0.0291875921 0.047563381176
Herato04 Herato0419 14660412.0 1275000.0 0.0337622182023 0.0264622949536 0.0329761555066 0.0397936045623
Herato04 Herato0419 14710412.0 1325000.0 0.023010330238 0.0127463604353 0.02153305068 0.041801556244
Herato04 Herato0419 14760412.0 1375000.0 0.104003532221 0.055285475907 0.0964722009062 0.199242799311
Herato04 Herato0419 14810412.0 1425000.0 0.0634088638999 0.0281479062616 0.0572142647357 0.137898267846
Herato04 Herato0419 14860412.0 1475000.0 0.0199204112072 0.0151743770822 0.0193468371674 0.0273157433568
Herato04 Herato0419 14910412.0 1525000.0 0.012192588764 0.00944398425176 0.011957075114 0.016153799186
Herato04 Herato0419 14960412.0 1575000.0 0.10974747721 0.0431100671319 0.107671083814 0.193860766656
Herato04 Herato0419 15010412.0 1625000.0 0.0252519610469 0.0209828821252 0.0250652825029 0.0298619221242
Herato04 Herato0419 15060412.0 1675000.0 0.0859944897665 0.00472839575531 0.0460959315067 0.38130543849
Herato04 Herato0419 15110412.0 1725000.0 0.0609474550316 0.0231862335985 0.0562530793698 0.126578282572
Herato04 Herato0419 15160412.0 1775000.0 0.0120012656288 0.0110592510854 0.0120475112186 0.0129273088044
Herato04 Herato0419 15210412.0 1825000.0 0.0280104492096 0.0190598864005 0.0270586156724 0.0431372816834
Herato04 Herato0419 15260412.0 1875000.0 0.0362975536059 0.0238966433443 0.0354220812121 0.0533020528524
Herato04 Herato0419 15310412.0 1925000.0 0.0223077927911 0.0168590208626 0.0222350762426 0.0271882925904
Herato04 Herato0419 15360412.0 1975000.0 0.0300773028676 0.0257017916333 0.0298008347974 0.0359532541435
Herato04 Herato0419 15410412.0 2025000.0 0.0183056095652 0.00897812153859 0.0171033497555 0.035381064248
Herato04 Herato0419 15460412.0 2075000.0 0.0203463401162 0.0145573147776 0.0201536962774 0.0274773775368
Herato04 Herato0419 15510412.0 2125000.0 0.0523459127734 0.0265941974699 0.0466792804295 0.114089877247
Herato04 Herato0419 15560412.0 2175000.0 0.011416457362 0.00531054115938 0.0098272659306 0.0256697893943
