chrom scaffold Cposition position mean p0025 p0500 p0975
Herato01 Herato0101 25001.0 25000.0 0.0816253581266 0.0360435084623 0.0730397781567 0.177225480687
Herato01 Herato0101 75001.0 75000.0 0.171040858944 0.0706361087353 0.156348120107 0.350193616247
Herato01 Herato0101 125001.0 125000.0 0.110290441035 0.048327546403 0.0957807869296 0.253821593367
Herato01 Herato0101 175001.0 175000.0 0.0756121974312 0.0302354399985 0.068777827142 0.162245136653
Herato01 Herato0101 225001.0 225000.0 0.000520702077652 0.000434892513143 0.000509864416258 0.00062635304704
Herato01 Herato0101 275001.0 275000.0 0.0191137616511 0.00414287690659 0.0156415400379 0.0544939469556
Herato01 Herato0101 325001.0 325000.0 0.00517472824484 0.00167046896246 0.00504648254642 0.0105667251644
Herato01 Herato0101 375001.0 375000.0 0.0221286381897 0.00810877969053 0.0199025600635 0.0483486801475
Herato01 Herato0101 425001.0 425000.0 0.0248450522455 0.0152244849331 0.0223898782355 0.0456415100935
Herato01 Herato0101 475001.0 475000.0 0.00091151436022 0.000721440389646 0.00090675364702 0.00112327826512
Herato01 Herato0101 525001.0 525000.0 0.0392165879868 0.0173456455081 0.03647070511 0.0789942348305
Herato01 Herato0101 575001.0 575000.0 0.0706857306003 0.0289827759836 0.0636597537042 0.156771599179
Herato01 Herato0101 625001.0 625000.0 0.0205267511795 0.00738785569703 0.0183692301471 0.0507526470169
Herato01 Herato0101 675001.0 675000.0 0.0145088013542 0.00342337553488 0.0124122343212 0.0367941172428
Herato01 Herato0101 725001.0 725000.0 0.0461706406341 0.0160987498494 0.0415046926927 0.100968231514
Herato01 Herato0101 775001.0 775000.0 0.00536989988812 0.00422768520844 0.00535477221276 0.00663352989458
Herato01 Herato0101 825001.0 825000.0 0.029642230917 0.0168525699122 0.0283739276233 0.0500776887202
Herato01 Herato0101 875001.0 875000.0 0.00424490383764 0.00353337800071 0.00420071378456 0.0051143459268
Herato01 Herato0101 925001.0 925000.0 0.0174139777194 0.0120529377084 0.016991002784 0.0261314540782
Herato01 Herato0101 975001.0 975000.0 0.010841181795 0.00586406190378 0.0103537073863 0.0193819302814
Herato01 Herato0101 1025001.0 1025000.0 0.032218464992 0.0161471800059 0.02997518279 0.0667327828436
Herato01 Herato0101 1075001.0 1075000.0 0.029514284632 0.0188856346811 0.028531267126 0.0455748035458
Herato01 Herato0101 1125001.0 1125000.0 0.0166324342797 0.013625872189 0.0161524182527 0.0223155001587
Herato01 Herato0101 1175001.0 1175000.0 0.0467397082226 0.0283418978483 0.0453706978658 0.0745749642064
Herato01 Herato0101 1225001.0 1225000.0 0.0111315468774 0.0044693855614 0.0103644200714 0.0203907559688
Herato01 Herato0101 1275001.0 1275000.0 0.0124981262116 0.0108455762004 0.012399271861 0.014658421516
Herato01 Herato0101 1325001.0 1325000.0 0.0113255811697 0.00592691954395 0.0107980474764 0.0199668003708
Herato01 Herato0101 1375001.0 1375000.0 0.0208573399272 0.0124605471277 0.0193810944831 0.039854910097
Herato01 Herato0101 1425001.0 1425000.0 0.0117226907754 0.0104262663494 0.0116702607088 0.0132034103402
Herato01 Herato0101 1475001.0 1475000.0 0.0106189281463 0.00820383966086 0.0104800447126 0.0142040359388
Herato01 Herato0101 1525001.0 1525000.0 0.0094034635844 0.00790443877214 0.0092806465586 0.0113692315028
Herato01 Herato0101 1575001.0 1575000.0 0.0100629476763 0.00871903480064 0.0100538832813 0.0114486191084
Herato01 Herato0101 1625001.0 1625000.0 0.0091026457102 0.00642336298651 0.0086148737216 0.0135900737904
Herato01 Herato0101 1675001.0 1675000.0 0.00841888006516 0.00705997101224 0.00834460601512 0.0101335253394
Herato01 Herato0101 1725001.0 1725000.0 0.0034422306588 0.00281432818707 0.003432720667 0.00421062487646
Herato01 Herato0101 1775001.0 1775000.0 0.0042301005551 0.0032795934036 0.00418074968226 0.00536520401296
Herato01 Herato0101 1825001.0 1825000.0 0.00381519616786 0.00319075227916 0.00381400511644 0.0044619865608
Herato01 Herato0101 1875001.0 1875000.0 0.0105211539154 0.00798837864976 0.0103219302652 0.0144248614682
Herato01 Herato0101 1925001.0 1925000.0 0.0239495181941 0.0166872596422 0.0237474180061 0.033681161322
Herato01 Herato0101 1975001.0 1975000.0 0.0113464728257 0.0077079995295 0.0111885974175 0.016318563522
Herato01 Herato0101 2025001.0 2025000.0 0.00226148032802 0.00184888567021 0.00223878191749 0.00270924101918
Herato01 Herato0101 2075001.0 2075000.0 0.0604786622114 0.0259306535569 0.0552325985363 0.131941588774
Herato01 Herato0101 2125001.0 2125000.0 0.0027324395648 0.00200166801077 0.0026696873271 0.0038762956641
Herato01 Herato0101 2175001.0 2175000.0 0.00324785300498 0.00186460098433 0.00339468540572 0.0045605386868
Herato01 Herato0101 2225001.0 2225000.0 0.00629208456464 0.00532832134631 0.0062213911321 0.0075808313886
Herato01 Herato0101 2275001.0 2275000.0 0.00578618828498 0.00495603230818 0.00572528280206 0.00678005314456
Herato01 Herato0101 2325001.0 2325000.0 0.016323183129 0.00987838911521 0.0152760232639 0.029913475058
Herato01 Herato0101 2375001.0 2375000.0 0.0193029671654 0.0179528470732 0.0192182679082 0.021070943856
Herato01 Herato0101 2425001.0 2425000.0 0.0699421884803 0.0546950221897 0.0689843442499 0.0916784944712
Herato01 Herato0101 2475001.0 2475000.0 0.0270470237408 0.0184201246515 0.0266937229094 0.0392431706846
Herato01 Herato0101 2525001.0 2525000.0 0.017834814763 0.013508533408 0.0177531070695 0.0230906106898
Herato01 Herato0101 2575001.0 2575000.0 0.0219561710919 0.0163057531173 0.0216908701043 0.0298340273227
Herato01 Herato0101 2625001.0 2625000.0 0.00584347626144 0.00494515191626 0.00579411508254 0.0069438567398
Herato01 Herato0101 2675001.0 2675000.0 0.013901099196 0.0112375422338 0.013672595666 0.017443164012
Herato01 Herato0101 2725001.0 2725000.0 0.00974710243902 0.0073276213966 0.00940259343304 0.0136246842797
Herato01 Herato0101 2775001.0 2775000.0 0.0127299378166 0.0081197258064 0.011580285294 0.026263110278
Herato01 Herato0101 2825001.0 2825000.0 0.0172099648928 0.0108301068102 0.0168263229422 0.026792867378
Herato01 Herato0101 2875001.0 2875000.0 0.027616291583 0.0172147824456 0.0266688061416 0.0439310095468
Herato01 Herato0101 2925001.0 2925000.0 0.018051073098 0.014886468046 0.018169836076 0.022514716382
Herato01 Herato0101 2975001.0 2975000.0 0.0384869756812 0.0269111149292 0.0377291928236 0.0534375944088
Herato01 Herato0101 3025001.0 3025000.0 0.020145623474 0.01830610533 0.020043187328 0.02238398217
Herato01 Herato0101 3075001.0 3075000.0 0.023449971536 0.020850719554 0.023367927472 0.026723476018
Herato01 Herato0101 3125001.0 3125000.0 0.02370823869 0.0162029349838 0.02318278099 0.035381267138
Herato01 Herato0101 3175001.0 3175000.0 0.022070517464 0.016782794672 0.021327648986 0.032715713604
Herato01 Herato0101 3225001.0 3225000.0 0.021168874574 0.0161883986372 0.019331513182 0.034778851988
Herato01 Herato0101 3275001.0 3275000.0 0.0216586404406 0.0193909425579 0.0216008953022 0.0241931879796
Herato01 Herato0101 3325001.0 3325000.0 0.031801607277 0.0266042718931 0.0314660844242 0.0388433968998
Herato01 Herato0101 3375001.0 3375000.0 0.023554477336 0.0210804929018 0.0233932380718 0.026322821774
Herato01 Herato0101 3425001.0 3425000.0 0.0170102096561 0.0146025464681 0.0170404289479 0.0192888817058
Herato01 Herato0101 3475001.0 3475000.0 0.0655890080748 0.0321909384252 0.062564642002 0.118726873713
Herato01 Herato0101 3525001.0 3525000.0 0.0676528729578 0.0380504670423 0.0654399642849 0.11241346552
Herato01 Herato0101 3575001.0 3575000.0 0.0450587941565 0.017541443688 0.0428195976604 0.0976287217922
Herato01 Herato0101 3625001.0 3625000.0 0.037153634128 0.027590352408 0.036633960948 0.049535851418
Herato01 Herato0101 3675001.0 3675000.0 0.012693900532 0.00967932479 0.01245020818 0.016905487778
Herato01 Herato0101 3725001.0 3725000.0 0.0112882889822 0.00964515846714 0.0110399071687 0.0137199995438
Herato01 Herato0101 3775001.0 3775000.0 0.0151154849058 0.0121155401716 0.0145245212554 0.020698778776
Herato01 Herato0101 3825001.0 3825000.0 0.0223472369658 0.0179361508785 0.0219423841056 0.0300526744168
Herato01 Herato0101 3875001.0 3875000.0 0.022334236848 0.018173956528 0.02206263857 0.02825011041
Herato01 Herato0101 3925001.0 3925000.0 0.0163484074655 0.0136023022326 0.0162261673275 0.0196445116104
Herato01 Herato0101 3975001.0 3975000.0 0.0315977989578 0.0139347734624 0.0293888881109 0.0629416005965
Herato01 Herato0101 4025001.0 4025000.0 0.026770367856 0.0236157794461 0.026599612922 0.031841023436
Herato01 Herato0101 4075001.0 4075000.0 0.0222763340124 0.020253816029 0.02219304071 0.0245482789396
Herato01 Herato0101 4125001.0 4125000.0 0.0177856862227 0.0152810151703 0.0178037482536 0.0205832331622
Herato01 Herato0101 4175001.0 4175000.0 0.0247663874464 0.015688257421 0.0237406354484 0.0397749900832
Herato01 Herato0101 4225001.0 4225000.0 0.0179709596464 0.0161856920032 0.0179579598016 0.020025980036
Herato01 Herato0101 4275001.0 4275000.0 0.0233438225642 0.0213928018146 0.0232380004806 0.025743221688
Herato01 Herato0101 4325001.0 4325000.0 0.0144209298987 0.0130815677829 0.0144112356748 0.0160619528538
Herato01 Herato0101 4375001.0 4375000.0 0.0175507413641 0.013842421983 0.0174728307216 0.0220248714812
Herato01 Herato0101 4425001.0 4425000.0 0.0138678207286 0.0117567083973 0.013883471139 0.0162489944328
Herato01 Herato0101 4475001.0 4475000.0 0.018265714218 0.015796753286 0.018132082714 0.0217193725
Herato01 Herato0101 4525001.0 4525000.0 0.0204984830116 0.0179184742116 0.020504257389 0.0225422173754
Herato01 Herato0101 4575001.0 4575000.0 0.0745190243954 0.0428813561678 0.0704929988148 0.129134836963
Herato01 Herato0101 4625001.0 4625000.0 0.0541487877992 0.0486082465201 0.0538423903474 0.060447695294
Herato01 Herato0101 4675001.0 4675000.0 0.0313194327568 0.0205669252163 0.0284151590214 0.0515719175797
Herato01 Herato0101 4725001.0 4725000.0 0.0174255720788 0.0149355362792 0.0172452953502 0.0203585843462
Herato01 Herato0101 4775001.0 4775000.0 0.0139955362738 0.0114804853736 0.0138169067156 0.017343772765
Herato01 Herato0101 4825001.0 4825000.0 0.026282351954 0.0202049897519 0.0257509932169 0.0354650138248
Herato01 Herato0101 4875001.0 4875000.0 0.0257789638947 0.0230146224409 0.0257133188858 0.028748131915
Herato01 Herato0101 4925001.0 4925000.0 0.036510603468 0.014109534472 0.035213044922 0.066212591014
Herato01 Herato0101 4975001.0 4975000.0 0.0149741689546 0.0128237806574 0.0149456436203 0.017526195363
Herato01 Herato0101 5025001.0 5025000.0 0.0137951906714 0.0121240331159 0.0137668774822 0.0156740934909
Herato01 Herato0101 5075001.0 5075000.0 0.0175940699873 0.0144863527211 0.017232122343 0.0238446194518
Herato01 Herato0101 5125001.0 5125000.0 0.0387588792711 0.0298861369418 0.0374756517223 0.0513529224527
Herato01 Herato0101 5175001.0 5175000.0 0.015711123784 0.01359138336 0.01572403366 0.018063030706
Herato01 Herato0101 5225001.0 5225000.0 0.0142511146352 0.0123613538538 0.0141738065168 0.016410417674
Herato01 Herato0101 5275001.0 5275000.0 0.0199079356205 0.0159352716117 0.0192104483009 0.0254015380918
Herato01 Herato0101 5325001.0 5325000.0 0.0703762356605 0.0376225656555 0.0671539233772 0.123722609075
Herato01 Herato0101 5375001.0 5375000.0 0.0181694209329 0.0116205660955 0.0177087678578 0.0273469197456
Herato01 Herato0101 5425001.0 5425000.0 0.0204972173247 0.0161563600955 0.0203361537057 0.0252291332484
Herato01 Herato0101 5475001.0 5475000.0 0.020680381504 0.011730053148 0.019336626824 0.03789951673
Herato01 Herato0101 5525001.0 5525000.0 0.0232537679037 0.0120460033941 0.0214788290034 0.0452661174768
Herato01 Herato0101 5575001.0 5575000.0 0.0066853037508 0.00312291733455 0.0067861090838 0.0118764318256
Herato01 Herato0101 5625001.0 5625000.0 0.0155319866351 0.00557216319205 0.0133186144313 0.0392814292435
Herato01 Herato0101 5675001.0 5675000.0 0.00576208318866 0.00503334108677 0.00571414123202 0.00668950187712
Herato01 Herato0101 5725001.0 5725000.0 0.0034919352414 0.0025316320478 0.0035136271896 0.0044798030352
Herato01 Herato0101 5775001.0 5775000.0 0.0591408721603 0.0286744709772 0.0550972623396 0.109580805109
Herato01 Herato0101 5825001.0 5825000.0 0.119400097581 0.0445256717897 0.107699449484 0.272439849744
Herato01 Herato0101 5875001.0 5875000.0 0.01836909461 0.0098451225314 0.0167351908872 0.0354824049328
Herato01 Herato0101 5925001.0 5925000.0 0.0385572385017 0.021545479834 0.0359156025118 0.0751284797823
Herato01 Herato0101 5975001.0 5975000.0 0.0407618715347 0.023754226507 0.0387299882657 0.0703282010554
Herato01 Herato0101 6025001.0 6025000.0 0.0223539327832 0.0120536003657 0.020164025256 0.0406605262934
Herato01 Herato0101 6075001.0 6075000.0 0.0358949730849 0.0224323221409 0.0342781586749 0.0620069867838
Herato01 Herato0101 6125001.0 6125000.0 0.0316765155434 0.0159743269045 0.0293062035796 0.0639202584582
Herato01 Herato0101 6175001.0 6175000.0 0.053507338558 0.0316528373092 0.050412623203 0.0923105801912
Herato01 Herato0101 6225001.0 6225000.0 0.024665036037 0.0200264625346 0.0235006790488 0.03541315088
Herato01 Herato0101 6275001.0 6275000.0 0.021635966899 0.0135841851908 0.0203851625424 0.0388042622944
Herato01 Herato0101 6325001.0 6325000.0 0.00780996668204 0.00624941784842 0.0077666143162 0.00981356907898
Herato01 Herato0101 6375001.0 6375000.0 0.022663522128 0.0135986916933 0.0227076011985 0.0391604319128
Herato01 Herato0101 6425001.0 6425000.0 0.0154070605342 0.0088853425672 0.0142264491038 0.0288805559158
Herato01 Herato0101 6475001.0 6475000.0 0.0149489988944 0.0110482462024 0.0142200744498 0.022072477369
Herato01 Herato0101 6525001.0 6525000.0 0.029360619051 0.0154636182121 0.026241327342 0.0645641484851
Herato01 Herato0101 6575001.0 6575000.0 0.01815103942 0.0127707129836 0.0182730499526 0.026080648098
Herato01 Herato0101 6625001.0 6625000.0 0.013746924382 0.0105889483168 0.012664089098 0.01978652852
Herato01 Herato0101 6675001.0 6675000.0 0.0147742773654 0.0125843277142 0.0148397845936 0.0172702943104
Herato01 Herato0101 6725001.0 6725000.0 0.0143854820593 0.0120735153167 0.0143103446994 0.0167756953652
Herato01 Herato0101 6775001.0 6775000.0 0.0106590644844 0.00774006070406 0.0105015017694 0.015233231497
Herato01 Herato0101 6825001.0 6825000.0 0.0316956067082 0.0147426367019 0.0303434893942 0.061893223881
Herato01 Herato0101 6875001.0 6875000.0 0.0142852803362 0.010458606443 0.0140253990978 0.0197475011159
Herato01 Herato0101 6925001.0 6925000.0 0.00594556763476 0.00474148168024 0.00594771233678 0.0072715016965
Herato01 Herato0101 6975001.0 6975000.0 0.0127122933686 0.00965988159641 0.0121861512685 0.0187614448588
Herato01 Herato0101 7025001.0 7025000.0 0.0086299209136 0.0078650176766 0.0085711415804 0.0095959180812
Herato01 Herato0101 7075001.0 7075000.0 0.0120006029456 0.00897247558298 0.0117397504747 0.01669665612
Herato01 Herato0101 7125001.0 7125000.0 0.0336156519394 0.0159462747072 0.0316733337278 0.0639259095892
Herato01 Herato0101 7175001.0 7175000.0 0.035150927717 0.0200420640763 0.0348211442067 0.0605531825078
Herato01 Herato0101 7225001.0 7225000.0 0.083247067071 0.036170767742 0.0781544675145 0.152708085401
Herato01 Herato0101 7275001.0 7275000.0 0.0158756376492 0.010442915136 0.0154464619117 0.0228231348012
Herato01 Herato0101 7325001.0 7325000.0 0.0491797136424 0.0302227026401 0.0475384192353 0.0791605614942
Herato01 Herato0101 7375001.0 7375000.0 0.0365204237054 0.0227034023897 0.0349237693619 0.0612085139636
Herato01 Herato0101 7425001.0 7425000.0 0.020281687483 0.0115954887426 0.0197884984538 0.0332875329622
Herato01 Herato0101 7475001.0 7475000.0 0.0251330183065 0.0128802894561 0.016744742245 0.057510566054
Herato01 Herato0101 7525001.0 7525000.0 0.0462857230529 0.0151942247601 0.0452442149411 0.093264464401
Herato01 Herato0101 7575001.0 7575000.0 0.01561739459 0.013501008349 0.015600373904 0.018030585284
Herato01 Herato0101 7625001.0 7625000.0 0.0214907647484 0.017917377957 0.021287044183 0.0254999201588
Herato01 Herato0101 7675001.0 7675000.0 0.0257343662302 0.0188976145628 0.0256936483374 0.0306978076244
Herato01 Herato0101 7725001.0 7725000.0 0.0161108555455 0.0142810622962 0.0160283743212 0.019274395531
Herato01 Herato0101 7775001.0 7775000.0 0.0137730046829 0.0119207883981 0.0136817144216 0.015909638818
Herato01 Herato0101 7825001.0 7825000.0 0.00975190858 0.0089028140694 0.009718095722 0.010692634912
Herato01 Herato0101 7875001.0 7875000.0 0.0142014784214 0.0107078186366 0.0137060344944 0.020716011916
Herato01 Herato0101 7925001.0 7925000.0 0.0156018704189 0.012665976224 0.0155011624445 0.0189235951032
Herato01 Herato0101 7975001.0 7975000.0 0.0134023787336 0.0107976082523 0.0132126434824 0.016856341522
Herato01 Herato0101 8025001.0 8025000.0 0.0157038645098 0.0135176986603 0.01562592149 0.0182861831878
Herato01 Herato0101 8075001.0 8075000.0 0.018469002187 0.015730570676 0.0183183739446 0.021692771836
Herato01 Herato0101 8125001.0 8125000.0 0.0101196400249 0.00794042224169 0.00977494600012 0.014420464335
Herato01 Herato0101 8175001.0 8175000.0 0.0371136600758 0.0204925896967 0.0357849526638 0.0650348811404
Herato01 Herato0101 8225001.0 8225000.0 0.0220886965119 0.0171075119888 0.0216000729978 0.0303554853162
Herato01 Herato0101 8275001.0 8275000.0 0.0489469230424 0.0363776847038 0.0477291461441 0.0719925783469
Herato01 Herato0101 8325001.0 8325000.0 0.0366476446694 0.0186967647399 0.0348956118136 0.0655699351987
Herato01 Herato0101 8375001.0 8375000.0 0.0186732346034 0.012372886801 0.018146527379 0.0280401326162
Herato01 Herato0101 8425001.0 8425000.0 0.012924750185 0.0115495742046 0.0129207354592 0.0144123415816
Herato01 Herato0101 8475001.0 8475000.0 0.0159431360302 0.00983179197811 0.0155332896089 0.0266614716372
Herato01 Herato0101 8525001.0 8525000.0 0.00595318130332 0.00524385947997 0.00591056948636 0.00684151351162
Herato01 Herato0101 8575001.0 8575000.0 0.0485584125389 0.0276023407114 0.0451482302067 0.0869902446486
Herato01 Herato0101 8625001.0 8625000.0 0.033727997718 0.023953442936 0.032908279782 0.04769496728
Herato01 Herato0101 8675001.0 8675000.0 0.033812068766 0.0301716684016 0.033431856514 0.03864086669
Herato01 Herato0101 8725001.0 8725000.0 0.0224591693106 0.018942649267 0.0224133749844 0.025856843664
Herato01 Herato0101 8775001.0 8775000.0 0.022181659744 0.020050247516 0.021979998932 0.025330641428
Herato01 Herato0101 8825001.0 8825000.0 0.028989403718 0.026379080386 0.028989574302 0.03145003991
Herato01 Herato0101 8875001.0 8875000.0 0.0261394167744 0.018524544863 0.0256781138603 0.037357046957
Herato01 Herato0101 8925001.0 8925000.0 0.011641968113 0.00884411839354 0.0116716604206 0.014093429091
Herato01 Herato0101 8975001.0 8975000.0 0.0111238851816 0.00981785927292 0.0110871203931 0.0126391238976
Herato01 Herato0101 9025001.0 9025000.0 0.026014656821 0.0206876541384 0.0255691344489 0.0329644799274
Herato01 Herato0101 9075001.0 9075000.0 0.00656580805024 0.0058595961786 0.00652045112268 0.0073924891276
Herato01 Herato0101 9125001.0 9125000.0 0.016303307596 0.013717054086 0.016088309206 0.019613526856
Herato01 Herato0101 9175001.0 9175000.0 0.0279808737484 0.023700177889 0.0278200821842 0.0329498904056
Herato01 Herato0101 9225001.0 9225000.0 0.02928058859 0.026532372408 0.029257877726 0.03224827176
Herato01 Herato0101 9275001.0 9275000.0 0.0219949676694 0.0204559556265 0.0219642146048 0.0240279979684
Herato01 Herato0101 9325001.0 9325000.0 0.0148623469426 0.0110031703793 0.0145382756202 0.0201140593084
Herato01 Herato0101 9375001.0 9375000.0 0.0269783669065 0.023253691741 0.0269123711795 0.0313875789028
Herato01 Herato0101 9425001.0 9425000.0 0.0203845959875 0.0173786328796 0.0200663735516 0.025821498992
Herato01 Herato0101 9475001.0 9475000.0 0.02403842873 0.0203925831156 0.023908581294 0.028287443544
Herato01 Herato0101 9525001.0 9525000.0 0.009888557654 0.00938105758302 0.009869871474 0.0103563745042
Herato01 Herato0101 9575001.0 9575000.0 0.022821485212 0.019265564028 0.022277312576 0.029397396864
Herato01 Herato0101 9625001.0 9625000.0 0.0167631292328 0.0134542100862 0.0163425814598 0.0228599802908
Herato01 Herato0101 9675001.0 9675000.0 0.0622166538835 0.0328672242214 0.0596533420768 0.110216893325
Herato01 Herato0101 9725001.0 9725000.0 0.0327921285026 0.023716835973 0.0319001336276 0.045114042188
Herato01 Herato0101 9775001.0 9775000.0 0.0244206274716 0.0213876326637 0.0243051867794 0.0281078695048
Herato01 Herato0101 9825001.0 9825000.0 0.02787652549 0.02315414674 0.027207115098 0.039733656684
Herato01 Herato0101 9875001.0 9875000.0 0.0343630504514 0.022862795416 0.0321291118872 0.0558519071026
Herato01 Herato0101 9925001.0 9925000.0 0.0352196669264 0.0285404225542 0.034894326863 0.0463067276208
Herato01 Herato0101 9975001.0 9975000.0 0.0239721079368 0.0159513270048 0.023442472866 0.04058400839
Herato01 Herato0101 10025001.0 10025000.0 0.0212467972 0.0192803269692 0.021193169032 0.02356504913
Herato01 Herato0101 10075001.0 10075000.0 0.0295280228023 0.0181244403388 0.0265878268585 0.0562732717756
Herato01 Herato0101 10125001.0 10125000.0 0.0157163738087 0.0129975937085 0.0156227134393 0.0192099676496
Herato01 Herato0101 10175001.0 10175000.0 0.0094228785516 0.00763182560558 0.00929499605352 0.0116394622704
Herato01 Herato0101 10225001.0 10225000.0 0.0176032496588 0.01459669158 0.017499247478 0.0214430420936
Herato01 Herato0101 10275001.0 10275000.0 0.0513422662012 0.0298732709166 0.0476845375714 0.0864717499026
Herato01 Herato0101 10325001.0 10325000.0 0.0196876536576 0.010442787463 0.0195860369678 0.0339003089804
Herato01 Herato0101 10375001.0 10375000.0 0.0417888872304 0.019376069579 0.0396509647246 0.081272094414
Herato01 Herato0101 10425001.0 10425000.0 0.0241746376912 0.0160197973976 0.0231165632073 0.0390898242126
Herato01 Herato0101 10475001.0 10475000.0 0.0173023635195 0.0133957853717 0.0167208285795 0.0227424121816
Herato01 Herato0101 10525001.0 10525000.0 0.0585593867888 0.0262384980085 0.0534173722112 0.105927012559
Herato01 Herato0101 10575001.0 10575000.0 0.023724963336 0.0152731341624 0.0211524210784 0.047838020289
Herato01 Herato0101 10625001.0 10625000.0 0.041159778294 0.0224234770787 0.0393950823644 0.0720359202476
Herato01 Herato0101 10675001.0 10675000.0 0.0460665920868 0.025311878732 0.0441389451174 0.0830985393712
Herato01 Herato0101 10725001.0 10725000.0 0.0218545064694 0.0183836113096 0.0218017375154 0.026471199278
Herato01 Herato0101 10775001.0 10775000.0 0.027809723894 0.0213501994505 0.0274052517824 0.036134266199
Herato01 Herato0101 10825001.0 10825000.0 0.045433756849 0.0207933695013 0.0433559627676 0.0888464356346
Herato01 Herato0101 10875001.0 10875000.0 0.0351913698746 0.02504837094 0.0346967569522 0.0479128323364
Herato01 Herato0101 10925001.0 10925000.0 0.047127083434 0.0248616628276 0.0429182074926 0.0908818961252
Herato01 Herato0101 10975001.0 10975000.0 0.0906413845993 0.0256485717407 0.0715350761125 0.223664423542
Herato01 Herato0101 11025001.0 11025000.0 0.0744850312216 0.0243694580428 0.0594575378616 0.220426855961
Herato01 Herato0101 11075001.0 11075000.0 0.02310707977 0.015201837374 0.022468589472 0.03564993093
Herato01 Herato0101 11125001.0 11125000.0 0.0458312317314 0.0206273018281 0.0400141058568 0.101316786885
Herato01 Herato0101 11175001.0 11175000.0 0.0530413124232 0.0296326423974 0.0496537432198 0.0923752119996
Herato01 Herato0101 11225001.0 11225000.0 0.0524120579582 0.0263380321038 0.0497873679968 0.0968986515938
Herato01 Herato0101 11275001.0 11275000.0 0.0535613324621 0.029576281015 0.0507842945317 0.0935744719425
Herato01 Herato0101 11325001.0 11325000.0 0.0584069622249 0.0275425024049 0.0552108155517 0.111649082381
Herato01 Herato0101 11375001.0 11375000.0 0.022178033138 0.019727114482 0.022212112398 0.024572091284
Herato01 Herato0101 11425001.0 11425000.0 0.0775858969682 0.0431758160456 0.0743727207636 0.127805305272
Herato01 Herato0101 11475001.0 11475000.0 0.0185850614135 0.0159770057973 0.0184354018716 0.021982899745
Herato01 Herato0101 11525001.0 11525000.0 0.0319568364547 0.017392900576 0.0306874855252 0.0540990132241
Herato01 Herato0101 11575001.0 11575000.0 0.0190631262572 0.0141846580995 0.0183793401375 0.0258893568266
Herato01 Herato0101 11625001.0 11625000.0 0.0244553268188 0.0173170848988 0.0236545575512 0.0346105119816
Herato01 Herato0101 11675001.0 11675000.0 0.067057690672 0.0262942570246 0.0636899451395 0.135036284055
Herato01 Herato0101 11725001.0 11725000.0 0.046493786668 0.0235066521656 0.0451305095449 0.0861501098136
Herato01 Herato0101 11775001.0 11775000.0 0.0243666160915 0.0141818658706 0.0220318881443 0.0445188664113
Herato01 Herato0101 11825001.0 11825000.0 0.015282147186 0.011696887993 0.015090376766 0.02047577136
Herato01 Herato0101 11875001.0 11875000.0 0.0173079875823 0.0143365030354 0.0169878068656 0.0215999475465
Herato01 Herato0101 11925001.0 11925000.0 0.0170272685618 0.0151743900988 0.0169717703722 0.0193208345576
Herato01 Herato0101 11975001.0 11975000.0 0.0216285951788 0.01824391875 0.0215628352116 0.026092272925
Herato01 Herato0101 12025001.0 12025000.0 0.0800570521806 0.0299307277635 0.0756234027287 0.164695917461
Herato01 Herato0101 12075001.0 12075000.0 0.0847939564878 0.0525718447674 0.081144960229 0.138261396344
Herato01 Herato0101 12125001.0 12125000.0 0.035986330386 0.0309590109535 0.0354111804318 0.0435201450216
Herato01 Herato0101 12175001.0 12175000.0 0.0277435342006 0.024396925062 0.0274319321923 0.0317663764946
Herato01 Herato0101 12225001.0 12225000.0 0.0432721771952 0.0336137983977 0.042214802583 0.0593405643994
Herato01 Herato0101 12275001.0 12275000.0 0.0814995342629 0.0384687812095 0.0698666383348 0.181312854154
Herato01 Herato0101 12325001.0 12325000.0 0.0087418982628 0.006867132418 0.0086636179684 0.0111495604312
Herato01 Herato0101 12375001.0 12375000.0 0.0342969518408 0.0163367364139 0.0316655992698 0.0631026215256
Herato01 Herato0101 12425001.0 12425000.0 0.0237550376017 0.00624213107005 0.0233736515907 0.0489491344671
Herato01 Herato0101 12475001.0 12475000.0 0.0133123928732 0.0121377230388 0.0132202473006 0.014666951657
Herato01 Herato0101 12525001.0 12525000.0 0.007340919402 0.006683352282 0.007365465362 0.0078394315214
Herato01 Herato0101 12575001.0 12575000.0 0.0101448513218 0.00800676613276 0.00997226080128 0.0131968789004
Herato01 Herato0101 12625001.0 12625000.0 0.0119616109588 0.00985209463925 0.0119413680261 0.0144983531078
Herato01 Herato0101 12675001.0 12675000.0 0.0370025532546 0.0236458986234 0.0358044430679 0.057234046219
Herato01 Herato0101 12725001.0 12725000.0 0.011727077605 0.00954883874781 0.0117136130946 0.014508406697
Herato01 Herato0101 12775001.0 12775000.0 0.0330778219966 0.0223161366918 0.0317387229642 0.0525377884424
Herato01 Herato0101 12825001.0 12825000.0 0.0704829925115 0.0552448850687 0.0690908110615 0.093636522887
Herato01 Herato0101 12875001.0 12875000.0 0.056237537234 0.050202143372 0.05636543279 0.063726441954
Herato01 Herato0101 12925001.0 12925000.0 0.0471667260089 0.0410224918179 0.0466075556005 0.0550974056896
Herato01 Herato0101 12975001.0 12975000.0 0.0454027567392 0.0195599031148 0.0413693771962 0.10809436431
Herato01 Herato0101 13025001.0 13025000.0 0.0308235050579 0.0212680406127 0.0306409658378 0.0413899668626
Herato01 Herato0101 13075001.0 13075000.0 0.025877848758 0.023675762452 0.02577047579 0.028145903768
Herato01 Herato0101 13125001.0 13125000.0 0.0408012116374 0.0324774808843 0.0401304827779 0.052658564702
Herato01 Herato0101 13175001.0 13175000.0 0.0382839454254 0.0225866819948 0.0381437515066 0.061161661725
Herato01 Herato0101 13225001.0 13225000.0 0.0374997688482 0.0279792622001 0.0368611898769 0.051277063152
Herato01 Herato0101 13275001.0 13275000.0 0.030322908962 0.021789571228 0.028818515768 0.042981650132
Herato01 Herato0101 13325001.0 13325000.0 0.0188498282869 0.0159875894035 0.0186084168815 0.0230018934472
Herato01 Herato0101 13375001.0 13375000.0 0.0275799896367 0.0229501935031 0.0274544960486 0.0330930745974
Herato01 Herato0101 13425001.0 13425000.0 0.027537801448 0.0185219268391 0.02057300787 0.053457500222
Herato01 Herato0101 13475001.0 13475000.0 0.044946051048 0.0199532388096 0.0436366016295 0.0854317139204
Herato01 Herato0101 13525001.0 13525000.0 0.0375746347957 0.0159173142783 0.0347627164686 0.0777325893568
Herato01 Herato0101 13575001.0 13575000.0 0.0103117800991 0.00798794120567 0.0102358025563 0.0132792663988
Herato01 Herato0101 13625001.0 13625000.0 0.026035155872 0.0178347915053 0.0250444857555 0.0388058877496
Herato01 Herato0101 13675001.0 13675000.0 0.0136592400797 0.0106771162281 0.0130837105707 0.0203172582194
Herato01 Herato0101 13725001.0 13725000.0 0.0267032631382 0.014226743664 0.023486713929 0.0555388692792
Herato01 Herato0101 13775001.0 13775000.0 0.0124258556056 0.0102288908436 0.0122128778912 0.016380837002
Herato01 Herato0101 13825001.0 13825000.0 0.012831592338 0.0095706228254 0.012853981554 0.0167786430608
Herato01 Herato0101 13875001.0 13875000.0 0.0239119911857 0.0146566849001 0.021648030301 0.039838111809
Herato01 Herato0101 13925001.0 13925000.0 0.00743357528254 0.00489244702152 0.00719923753544 0.0114710126366
Herato01 Herato0101 13975001.0 13975000.0 0.0205604921286 0.013258061106 0.0195484389448 0.032964378438
Herato01 Herato0101 14025001.0 14025000.0 0.024093360728 0.018386563296 0.023590971912 0.036202878834
Herato01 Herato0101 14075001.0 14075000.0 0.0293333758523 0.0117327974182 0.0281991615417 0.0524015681502
Herato01 Herato0101 14125001.0 14125000.0 0.0916731490984 0.0434320042096 0.0838238772397 0.17333282032
Herato01 Herato0101 14175001.0 14175000.0 0.0507568645059 0.0236712171629 0.0487444036581 0.0848204564706
Herato01 Herato0101 14225001.0 14225000.0 0.129310469686 0.0344140193779 0.12910664949 0.256432751917
Herato01 Herato0101 14275001.0 14275000.0 0.00770864292108 0.00617326613104 0.00757120075808 0.00959873735574
Herato01 Herato0101 14325001.0 14325000.0 0.0286466430888 0.0130953392833 0.0255100875216 0.0625702770808
Herato01 Herato0101 14375001.0 14375000.0 0.013944620558 0.011165820108 0.013813317856 0.017466397642
Herato01 Herato0101 14425001.0 14425000.0 0.0140807931634 0.0121144837714 0.0140989105424 0.01663152592
Herato01 Herato0101 14475001.0 14475000.0 0.0396860300994 0.0231832633783 0.0380865922767 0.0667917623871
Herato01 Herato0101 14525001.0 14525000.0 0.0498141812761 0.0214284794524 0.0474971231921 0.0971479183907
Herato01 Herato0101 14575001.0 14575000.0 0.018473943375 0.0167478510122 0.0184308970808 0.0206680828344
Herato01 Herato0101 14625001.0 14625000.0 0.0184532448466 0.00829261014386 0.0179580428449 0.0332334668425
Herato01 Herato0101 14675001.0 14675000.0 0.01337204219 0.0108667227735 0.0131892760539 0.0177639643667
Herato01 Herato0101 14725001.0 14725000.0 0.0133877936261 0.00937903576564 0.011862569716 0.0302395283672
Herato01 Herato0101 14775001.0 14775000.0 0.0090968041797 0.00774893397742 0.00904768335544 0.0108106209873
Herato01 Herato0101 14825001.0 14825000.0 0.0171415993294 0.0146886036916 0.0170602228126 0.019966271723
Herato01 Herato0101 14875001.0 14875000.0 0.0049209979144 0.00344889444846 0.0048060044544 0.0069133085456
Herato01 Herato0101 14925001.0 14925000.0 0.0099524699878 0.0051834595798 0.009734304558 0.013050550907
Herato01 Herato0101 14975001.0 14975000.0 0.00864990666864 0.00565906870437 0.0087570557637 0.0131178833864
Herato01 Herato0101 15025001.0 15025000.0 0.0125167961999 0.00782092805817 0.0115222199538 0.0206212271178
Herato01 Herato0101 15075001.0 15075000.0 0.0066918482078 0.00520566378193 0.0065823079732 0.0087188907205
Herato01 Herato0101 15125001.0 15125000.0 0.0113789215714 0.0077120066832 0.009840639311 0.028784953236
Herato01 Herato0101 15175001.0 15175000.0 0.0146380760356 0.0128810121827 0.0145327532731 0.0173861113354
Herato01 Herato0101 15225001.0 15225000.0 0.0075061117636 0.0060897870176 0.00749303388 0.0090656317524
Herato01 Herato0101 15275001.0 15275000.0 0.00411431607256 0.00326428832312 0.00413402177748 0.00484050713712
Herato01 Herato0101 15325001.0 15325000.0 0.0122394411376 0.00779413923153 0.0106241861731 0.025771564559
Herato01 Herato0101 15375001.0 15375000.0 0.02740236407 0.0213580087976 0.027266060065 0.0336987730334
Herato01 Herato0101 15425001.0 15425000.0 0.0202664977664 0.0122524048338 0.0197923831565 0.0305479104832
Herato01 Herato0101 15475001.0 15475000.0 0.035005459626 0.0192911367215 0.0339808459404 0.0600849064956
Herato01 Herato0101 15525001.0 15525000.0 0.0150403522038 0.0126935399068 0.0149677540436 0.0181334935806
Herato01 Herato0101 15575001.0 15575000.0 0.022495532847 0.0194557980918 0.0225327360332 0.0257361478894
Herato01 Herato0101 15625001.0 15625000.0 0.0070064536076 0.00640504741618 0.00701300890708 0.00751128390982
Herato01 Herato0101 15675001.0 15675000.0 0.00300608084542 0.00224962677633 0.00300447463072 0.0038976094752
Herato01 Herato0101 15725001.0 15725000.0 0.0085530445368 0.00545958987508 0.0081761490762 0.0140753435794
Herato01 Herato0101 15775001.0 15775000.0 0.0884512556938 0.0461610547013 0.0844508775938 0.156460918505
Herato01 Herato0101 15825001.0 15825000.0 0.009237828618 0.0086379772168 0.009240014722 0.00988809318
Herato01 Herato0101 15875001.0 15875000.0 0.00702366528918 0.00618187279906 0.00699525219434 0.00802069556548
Herato01 Herato0101 15925001.0 15925000.0 0.00993097422864 0.00910486077816 0.00995801545368 0.0107555861757
Herato01 Herato0101 15975001.0 15975000.0 0.0120145339336 0.0100379125758 0.0118170402122 0.0151089227336
Herato01 Herato0101 16025001.0 16025000.0 0.0154121229008 0.011332641885 0.0154146066441 0.021219014309
Herato01 Herato0101 16075001.0 16075000.0 0.0279124002243 0.0160023724813 0.0265443903971 0.0492421979788
Herato01 Herato0101 16125001.0 16125000.0 0.0095123415304 0.00801525083992 0.00947375556648 0.0113726651202
Herato01 Herato0101 16175001.0 16175000.0 0.0441116532006 0.0223564105076 0.0417626685358 0.0818162567952
Herato01 Herato0101 16225001.0 16225000.0 0.0169472112776 0.0129117379338 0.0162787939242 0.0237806981144
Herato01 Herato0101 16275001.0 16275000.0 0.0190839444866 0.0107640037185 0.0186325250774 0.0332203258678
Herato01 Herato0101 16325001.0 16325000.0 0.0142294092786 0.00677087781812 0.0142919637018 0.0255171988659
Herato01 Herato0101 16375001.0 16375000.0 0.016893591686 0.00862295797045 0.0153094251683 0.0336282185808
Herato01 Herato0101 16425001.0 16425000.0 0.0091912431056 0.00825484215 0.0091550735874 0.0103743338976
Herato01 Herato0101 16475001.0 16475000.0 0.047221538045 0.0236409817865 0.04448624278 0.0829632492078
Herato01 Herato0101 16525001.0 16525000.0 0.0603350401506 0.031645992985 0.057615074939 0.109124958289
Herato01 Herato0101 16575001.0 16575000.0 0.0220603338914 0.015075822014 0.0217461197254 0.030291347405
Herato01 Herato0101 16625001.0 16625000.0 0.0177291123088 0.0151907288982 0.0176221639784 0.0210900062922
Herato01 Herato0101 16675001.0 16675000.0 0.0145463494485 0.0108780822497 0.0141559383459 0.0211879831686
Herato01 Herato0101 16725001.0 16725000.0 0.007286935549 0.0065551890165 0.0072269385926 0.0080825363976
Herato01 Herato0101 16775001.0 16775000.0 0.0609902897242 0.0300290760016 0.0543479756152 0.126725685033
Herato01 Herato0101 16825001.0 16825000.0 0.00692263148834 0.00416421036123 0.0067188073143 0.0104551135786
Herato01 Herato0101 16875001.0 16875000.0 0.0946900652047 0.0409491600829 0.0863207070248 0.177174795118
Herato01 Herato0101 16925001.0 16925000.0 0.010108222162 0.0093782560466 0.010139839978 0.0109474180988
Herato01 Herato0101 16975001.0 16975000.0 0.0148697505519 0.00737003522973 0.0151722626655 0.0251571747701
Herato01 Herato0101 17025001.0 17025000.0 0.0146461575648 0.00584262012 0.0144293570576 0.026681016069
Herato01 Herato0101 17075001.0 17075000.0 0.0148381547398 0.0132306073138 0.0147946424762 0.0167017206918
Herato01 Herato0101 17125001.0 17125000.0 0.014038887929 0.0102410268127 0.0136447699215 0.0196110354664
Herato01 Herato0101 17175001.0 17175000.0 0.0166534808478 0.0125114830674 0.0165107282492 0.0218628049424
Herato01 Herato0101 17225001.0 17225000.0 0.0076704439096 0.00662396210913 0.00768893031118 0.0086342495556
Herato01 Herato0101 17275001.0 17275000.0 0.0133151724368 0.00846946145234 0.0110840136634 0.0212809131026
Herato01 Herato0101 17325001.0 17325000.0 0.00424576843994 0.00372411294273 0.00419738455192 0.005098313748
Herato01 Herato0101 17375001.0 17375000.0 0.0203997453636 0.00865859343684 0.0165397340602 0.0483683107956
Herato01 Herato0101 17425001.0 17425000.0 0.0125035792356 0.00632309370352 0.0111427529701 0.0288471691107
Herato01 Herato0101 17475001.0 17475000.0 0.0251276654372 0.0106726185805 0.0218015592559 0.0585715867203
Herato01 Herato0101 17525001.0 17525000.0 0.00468554881822 0.00391854283103 0.0046652876269 0.0055305779648
Herato01 Herato0101 17575001.0 17575000.0 0.0034116509682 0.0031718016542 0.0034094559374 0.0036987227068
Herato01 Herato0101 17625001.0 17625000.0 0.005276581181 0.0045915575656 0.0053290669996 0.0060647818116
Herato01 Herato0101 17675001.0 17675000.0 0.0914033792891 0.0501839245849 0.0863424227819 0.152366395889
Herato01 Herato0101 17725001.0 17725000.0 0.095998788743 0.048477893878 0.0916717075152 0.174913750174
Herato01 Herato0101 17775001.0 17775000.0 0.00716232645826 0.00609509151052 0.00712656071776 0.0083146157664
Herato01 Herato0101 17825001.0 17825000.0 0.0167479681096 0.0124063200498 0.0155224515006 0.0281281736514
Herato01 Herato0101 17875001.0 17875000.0 0.0106612949018 0.009517596448 0.0106087319326 0.0119613777172
Herato01 Herato0101 17925001.0 17925000.0 0.0182064766727 0.0125926033831 0.0171337031114 0.0280867068584
Herato01 Herato0101 17975001.0 17975000.0 0.020810078588 0.0192536708636 0.0206977427256 0.0228447140246
Herato01 Herato0101 18025001.0 18025000.0 0.019248922426 0.017746730538 0.0191610387 0.021036850898
Herato01 Herato0101 18075001.0 18075000.0 0.03593104395 0.027260629096 0.035290632188 0.047533966784
Herato01 Herato0101 18125001.0 18125000.0 0.021876802568 0.018611912936 0.021734814918 0.026436092128
Herato01 Herato0101 18175001.0 18175000.0 0.0559380192891 0.0233223368596 0.0506335471685 0.11373046523
Herato01 Herato0101 18225001.0 18225000.0 0.0569598817026 0.035150799685 0.0539491355486 0.101054519656
Herato01 Herato0101 18275001.0 18275000.0 0.0248835889042 0.0224597580656 0.0247902656233 0.0278796908734
Herato01 Herato0101 18325001.0 18325000.0 0.014518144766 0.012968563824 0.014506226496 0.016357949906
Herato01 Herato0101 18375001.0 18375000.0 0.0258204192588 0.0223670872164 0.0256013923376 0.0301963339822
Herato01 Herato0101 18425001.0 18425000.0 0.0343003089054 0.0274513572567 0.03390470881 0.042938656898
Herato01 Herato0101 18475001.0 18475000.0 0.0205192134602 0.01726298051 0.0199660109126 0.0260475863658
Herato01 Herato0101 18525001.0 18525000.0 0.0152028702734 0.0127450004558 0.0147714624726 0.0199781393404
Herato01 Herato0101 18575001.0 18575000.0 0.0352539245616 0.0238721564464 0.0343864557534 0.0528566192508
Herato01 Herato0101 18625001.0 18625000.0 0.0194140657406 0.0154955366748 0.0195906574442 0.022743556774
Herato01 Herato0101 18675001.0 18675000.0 0.00577142628448 0.00477654848763 0.00570107897832 0.0069397835532
Herato01 Herato0101 18725001.0 18725000.0 0.0421959817415 0.0184966595041 0.040062193826 0.0816247760926
Herato01 Herato0101 18775001.0 18775000.0 0.0338115402396 0.0194244964188 0.0318743972634 0.059842751774
Herato01 Herato0101 18825001.0 18825000.0 0.006947767812 0.006377249962 0.00694261925 0.00768220454
Herato01 Herato0101 18875001.0 18875000.0 0.0180986870428 0.0137995529006 0.0174228033468 0.0253277752316
Herato01 Herato0101 18925001.0 18925000.0 0.0157757607048 0.0143068059391 0.0157592739864 0.0173857395308
Herato01 Herato0101 18975001.0 18975000.0 0.0541459678361 0.0369782266011 0.0513860535931 0.0853804251688
Herato01 Herato0101 19025001.0 19025000.0 0.0369789053985 0.0132675184538 0.0367764947026 0.0818671415269
Herato01 Herato0101 19075001.0 19075000.0 0.0155134472321 0.0138107815612 0.0154373560724 0.0173917695613
Herato01 Herato0101 19125001.0 19125000.0 0.0344716724134 0.0187533837639 0.0320795751176 0.0633409605348
Herato01 Herato0101 19175001.0 19175000.0 0.0233325770237 0.0210147747141 0.0232714064989 0.0257123186012
Herato01 Herato0101 19225001.0 19225000.0 0.0204666501539 0.0184419545553 0.0203899600184 0.023089015338
Herato01 Herato0101 19275001.0 19275000.0 0.021370592388 0.017199556109 0.021052627394 0.02732274496
Herato01 Herato0101 19325001.0 19325000.0 0.02643804539 0.023625528502 0.026433710036 0.030079965902
Herato01 Herato0101 19375001.0 19375000.0 0.0682583944 0.0377986491306 0.0577599496508 0.14117979134
Herato01 Herato0101 19425001.0 19425000.0 0.018374506487 0.0163183429128 0.0183512717868 0.0205265293214
Herato01 Herato0101 19475001.0 19475000.0 0.0314416272948 0.0199085737948 0.0305213482808 0.050520043509
Herato01 Herato0101 19525001.0 19525000.0 0.017985043856 0.0150093817862 0.0177704006216 0.0226931430162
Herato01 Herato0101 19575001.0 19575000.0 0.0160117426722 0.0141168835682 0.0159844907506 0.0183156389652
Herato01 Herato0101 19625001.0 19625000.0 0.0292277407652 0.0193273871099 0.0282066380054 0.0427017769758
Herato01 Herato0101 19675001.0 19675000.0 0.0276604469964 0.0149685132273 0.0248023048435 0.0522597408816
Herato01 Herato0101 19725001.0 19725000.0 0.0354321691606 0.0241463459138 0.0345756838752 0.0514505753774
Herato01 Herato0101 19775001.0 19775000.0 0.0569884159217 0.0274847436902 0.0506371401972 0.118426852451
Herato01 Herato0101 19825001.0 19825000.0 0.0374752701806 0.0273940862328 0.0362643776894 0.05404819473
Herato01 Herato0101 19875001.0 19875000.0 0.0440455903005 0.0188875647844 0.0427735062688 0.0801178485952
Herato01 Herato0101 19925001.0 19925000.0 0.0195018952874 0.0125184633641 0.0188194355382 0.0300604936048
Herato01 Herato0101 19975001.0 19975000.0 0.0183010429915 0.0125443442124 0.0168514709291 0.0282331947344
Herato01 Herato0101 20025001.0 20025000.0 0.0242152826416 0.0154974925247 0.023753766304 0.036758419968
Herato01 Herato0101 20075001.0 20075000.0 0.0243532119451 0.0144252451124 0.0238129878745 0.04176896492
Herato01 Herato0101 20125001.0 20125000.0 0.0072452577974 0.00646725867368 0.00720169263006 0.00821300453324
Herato01 Herato0101 20175001.0 20175000.0 0.010091134883 0.00738393049173 0.0095971397099 0.0157651362846
Herato01 Herato0101 20225001.0 20225000.0 0.00659329275148 0.0059522973695 0.00659714093986 0.00739854962116
Herato01 Herato0101 20275001.0 20275000.0 0.0324344971274 0.0192422619307 0.0311946988931 0.0544588093192
Herato01 Herato0101 20325001.0 20325000.0 0.0168812886408 0.00818404748775 0.0122330973288 0.045657365269
Herato01 Herato0101 20375001.0 20375000.0 0.0477010884182 0.0223369424081 0.0445816755957 0.0998252217382
Herato01 Herato0101 20425001.0 20425000.0 0.0293832507813 0.0109309835035 0.0283545471644 0.0581647179715
Herato01 Herato0101 20475001.0 20475000.0 0.020054454154 0.0108704268708 0.019244524362 0.035980147262
Herato01 Herato0101 20525001.0 20525000.0 0.00462902535786 0.0033839214609 0.00459322252318 0.0060916194272
Herato01 Herato0101 20575001.0 20575000.0 0.0214016982557 0.0127963969054 0.0213352362244 0.0350215517196
Herato01 Herato0101 20625001.0 20625000.0 0.0165826847748 0.0141728167808 0.0165812310305 0.0190500354356
Herato01 Herato0101 20675001.0 20675000.0 0.013744341737 0.0116281187273 0.0137623422878 0.0161922619138
Herato01 Herato0101 20725001.0 20725000.0 0.00768166513332 0.00626267145139 0.00765244425958 0.0093008651646
Herato01 Herato0101 20775001.0 20775000.0 0.0184159896801 0.0150606552154 0.018478820353 0.021834496623
Herato01 Herato0101 20825001.0 20825000.0 0.0142016052668 0.0118543371044 0.0140861030612 0.0167773968711
Herato01 Herato0101 20875001.0 20875000.0 0.008651431733 0.00605831373682 0.00836161163508 0.0129363317114
Herato01 Herato0101 20925001.0 20925000.0 0.0223852317696 0.00415377683442 0.0202092293063 0.0582938128396
Herato01 Herato0101 20975001.0 20975000.0 0.0283101646397 0.0117900604632 0.0267036226086 0.060244158192
Herato01 Herato0101 21025001.0 21025000.0 0.0191517953936 0.0145566091789 0.018754937408 0.0245893678778
Herato01 Herato0101 21075001.0 21075000.0 0.0158445193676 0.00922441692704 0.0125509196169 0.036921605359
Herato01 Herato0101 21125001.0 21125000.0 0.0175345265622 0.0144737857132 0.017470931513 0.0212802011962
Herato01 Herato0101 21175001.0 21175000.0 0.0086392898921 0.00753092957088 0.0086067439681 0.0100793585388
Herato01 Herato0101 21225001.0 21225000.0 0.10676618215 0.0566898259336 0.102138212864 0.181610516537
Herato01 Herato0101 21275001.0 21275000.0 0.0731458665842 0.0326326470035 0.0688293993822 0.142484321466
Herato01 Herato0101 21325001.0 21325000.0 0.0181296346372 0.0119138457907 0.0161262793682 0.0299705039634
Herato01 Herato0101 21375001.0 21375000.0 0.011300310422 0.009538473694 0.011253084066 0.013251569972
Herato01 Herato0101 21425001.0 21425000.0 0.0255427478894 0.0205379949562 0.0253291614988 0.0321565285966
Herato01 Herato0101 21475001.0 21475000.0 0.0264312943966 0.0185306346273 0.0254992384572 0.039756851828
Herato01 Herato0101 21525001.0 21525000.0 0.00804766220352 0.0050173420492 0.0077118822774 0.0126224335954
Herato01 Herato0101 21575001.0 21575000.0 0.0313503029477 0.0139900935663 0.0264745790533 0.073391812958
Herato01 Herato0101 21625001.0 21625000.0 0.010977056244 0.008967311452 0.011027237454 0.013182329328
Herato01 Herato0101 21675001.0 21675000.0 0.0179301750311 0.0150935127598 0.0176631700059 0.022003570024
Herato01 Herato0101 21725001.0 21725000.0 0.0416936855792 0.0224333472228 0.0382406198868 0.084455988296
Herato01 Herato0101 21775001.0 21775000.0 0.0112724742842 0.00773144862939 0.0108957312888 0.016858878677
Herato01 Herato0101 21825001.0 21825000.0 0.0428824522661 0.0180593084328 0.0401998292444 0.0890357889051
Herato01 Herato0101 21875001.0 21875000.0 0.0216133568445 0.00861861075041 0.0192365742935 0.0509667604587
Herato01 Herato0101 21925001.0 21925000.0 0.0097336300433 0.00673029261499 0.009499604006 0.0138877058107
Herato01 Herato0101 21975001.0 21975000.0 0.0274370537854 0.0107448441528 0.0240502763392 0.0612808632807
Herato01 Herato0101 22025001.0 22025000.0 0.0033862722972 0.00260900741287 0.00316992795752 0.004473096188
Herato01 Herato0101 22075001.0 22075000.0 0.003607733537 0.0023571524284 0.0034607492302 0.0060007292034
Herato01 Herato0101 22125001.0 22125000.0 0.00942261212854 0.00545774226619 0.00884254295886 0.0171813205031
Herato01 Herato0101 22175001.0 22175000.0 0.0433369984227 0.0183976547189 0.0391523326144 0.0891555615576
