chrom scaffold Cposition position mean p0025 p0500 p0975
Herato16 Herato1601 25001.0 25000.0 0.047398889801 0.0387753496383 0.046718541629 0.0591215767352
Herato16 Herato1601 75001.0 75000.0 0.0379650479998 0.0333847153867 0.0377781218107 0.0430928539207
Herato16 Herato1601 125001.0 125000.0 0.087456771734 0.072159444914 0.0863825323 0.110043643948
Herato16 Herato1601 175001.0 175000.0 0.100610006493 0.0806416796076 0.098496383419 0.128950412933
Herato16 Herato1601 225001.0 225000.0 0.0815368860298 0.0691508444391 0.0807954552482 0.0991289476942
Herato16 Herato1601 275001.0 275000.0 0.107913158556 0.0960086667017 0.107386420301 0.121291202485
Herato16 Herato1601 325001.0 325000.0 0.098245850183 0.0893820573791 0.0978615315362 0.10923644112
Herato16 Herato1601 375001.0 375000.0 0.0747147995732 0.0644679072076 0.0743637358712 0.0864953143142
Herato16 Herato1601 425001.0 425000.0 0.032566147892 0.0296051887732 0.0325185130815 0.0356467012602
Herato16 Herato1601 475001.0 475000.0 0.109456417626 0.101296623488 0.109337309592 0.117892490876
Herato16 Herato1601 525001.0 525000.0 0.1218877207 0.10872171573 0.12121729711 0.139640014841
Herato16 Herato1601 575001.0 575000.0 0.077636013654 0.0709470991356 0.077255371724 0.085331792512
Herato16 Herato1601 625001.0 625000.0 0.0946212045796 0.0792690618968 0.0938386062241 0.114121677278
Herato16 Herato1601 675001.0 675000.0 0.118018138769 0.100831517131 0.117378087025 0.139187771083
Herato16 Herato1601 725001.0 725000.0 0.07747549189 0.073448482486 0.077165565478 0.082820238122
Herato16 Herato1601 775001.0 775000.0 0.092226950318 0.085439636248 0.092400509376 0.097811310464
Herato16 Herato1601 825001.0 825000.0 0.12670698697 0.11372047517 0.126000155865 0.142341930416
Herato16 Herato1601 875001.0 875000.0 0.153287256605 0.142783168051 0.153509788203 0.165971059828
Herato16 Herato1601 925001.0 925000.0 0.17744474612 0.164244779896 0.17726149712 0.1926204248
Herato16 Herato1601 975001.0 975000.0 0.146203039616 0.127714737257 0.147397435838 0.1625766726
Herato16 Herato1601 1025001.0 1025000.0 0.103324054765 0.0973243295717 0.102763558892 0.111943261678
Herato16 Herato1601 1075001.0 1075000.0 0.210825790758 0.190915878588 0.211005703452 0.234529828866
Herato16 Herato1601 1125001.0 1125000.0 0.16068610276 0.141949312598 0.160802686684 0.180116004254
Herato16 Herato1601 1175001.0 1175000.0 0.240544176016 0.219291697195 0.242088129047 0.255825691068
Herato16 Herato1601 1225001.0 1225000.0 0.215693782691 0.1953607745 0.215526985598 0.237297875396
Herato16 Herato1601 1275001.0 1275000.0 0.191388830842 0.172979512324 0.191212809748 0.211892335025
Herato16 Herato1601 1325001.0 1325000.0 0.166516928664 0.148896732447 0.165836740412 0.185686126964
Herato16 Herato1601 1375001.0 1375000.0 0.178990718653 0.160844449332 0.178975994232 0.197785910752
Herato16 Herato1601 1425001.0 1425000.0 0.14706866699 0.134814071782 0.14725031321 0.158343133578
Herato16 Herato1601 1475001.0 1475000.0 0.179904664301 0.174214235779 0.180080432366 0.186734279864
Herato16 Herato1601 1525001.0 1525000.0 0.14309473224 0.131298870702 0.142609448774 0.15633871635
Herato16 Herato1601 1575001.0 1575000.0 0.175022915363 0.158825140137 0.174394821869 0.192518375231
Herato16 Herato1601 1625001.0 1625000.0 0.115942089044 0.108942160674 0.114426835564 0.125862730408
Herato16 Herato1601 1675001.0 1675000.0 0.12564049786 0.119594348371 0.124696370806 0.134291410744
Herato16 Herato1601 1725001.0 1725000.0 0.171284588882 0.15368074329 0.17155343102 0.19307450006
Herato16 Herato1601 1775001.0 1775000.0 0.147137025014 0.128892560922 0.148571979436 0.1586878492
Herato16 Herato1601 1825001.0 1825000.0 0.143696545671 0.134033704452 0.141966246982 0.158778068146
Herato16 Herato1601 1875001.0 1875000.0 0.143604646671 0.1247273274 0.142492870715 0.165467787892
Herato16 Herato1601 1925001.0 1925000.0 0.0957075381704 0.0833984073578 0.0951243838496 0.110669688274
Herato16 Herato1601 1975001.0 1975000.0 0.0981693858748 0.085620535835 0.0970692813848 0.114981289687
Herato16 Herato1601 2025001.0 2025000.0 0.109055138694 0.101706315153 0.109350826683 0.116779316912
Herato16 Herato1601 2075001.0 2075000.0 0.155398497046 0.149817737124 0.1552563056 0.162159107848
Herato16 Herato1601 2125001.0 2125000.0 0.11729752812 0.09682549688 0.11567351486 0.14062976712
Herato16 Herato1601 2175001.0 2175000.0 0.12755617151 0.117406678958 0.128452530339 0.137100834224
Herato16 Herato1601 2225001.0 2225000.0 0.143731940452 0.136371217016 0.143608671192 0.15459415788
Herato16 Herato1601 2275001.0 2275000.0 0.144035932063 0.132133662389 0.143602754363 0.154766894372
Herato16 Herato1601 2325001.0 2325000.0 0.193321549046 0.172114794041 0.192475148324 0.215042254325
Herato16 Herato1601 2375001.0 2375000.0 0.168145764952 0.144573329551 0.168623181232 0.194388237436
Herato16 Herato1601 2425001.0 2425000.0 0.128927245403 0.113526402906 0.129417057671 0.145041993554
Herato16 Herato1601 2475001.0 2475000.0 0.13286725656 0.12422306054 0.13235216934 0.14251007384
Herato16 Herato1601 2525001.0 2525000.0 0.138056372516 0.113615309354 0.138084820695 0.162268219427
Herato16 Herato1601 2575001.0 2575000.0 0.1873963579 0.167409589034 0.187655383196 0.20649549052
Herato16 Herato1601 2625001.0 2625000.0 0.173218974296 0.157381032082 0.171664930474 0.198263992012
Herato16 Herato1601 2675001.0 2675000.0 0.23056105398 0.199115120721 0.228578839844 0.26586181208
Herato16 Herato1601 2725001.0 2725000.0 0.083245112398 0.0775652408772 0.0831995422312 0.0890531401184
Herato16 Herato1601 2775001.0 2775000.0 0.166257126395 0.149818933481 0.165232171575 0.19035959578
Herato16 Herato1601 2825001.0 2825000.0 0.192310316798 0.179705005942 0.192180660462 0.208001574516
Herato16 Herato1601 2875001.0 2875000.0 0.182711120737 0.167867804586 0.182558750177 0.198508317898
Herato16 Herato1601 2925001.0 2925000.0 0.240114193518 0.221614078376 0.239185767526 0.2631403769
Herato16 Herato1601 2975001.0 2975000.0 0.23328062746 0.21754103246 0.23192337358 0.25509343512
Herato16 Herato1601 3025001.0 3025000.0 0.16137225042 0.149619122377 0.15973996078 0.174043297694
Herato16 Herato1601 3075001.0 3075000.0 0.196120497506 0.172008780603 0.191318330251 0.225507411728
Herato16 Herato1601 3125001.0 3125000.0 0.14993640964 0.141140566952 0.148800519404 0.163148925197
Herato16 Herato1601 3175001.0 3175000.0 0.140667305466 0.130885459214 0.140670437637 0.151354207803
Herato16 Herato1601 3225001.0 3225000.0 0.138927521473 0.12416578204 0.140018273289 0.151419951896
Herato16 Herato1601 3275001.0 3275000.0 0.13643517972 0.118187609992 0.13582866344 0.16163607786
Herato16 Herato1601 3325001.0 3325000.0 0.126303234448 0.11624473386 0.125873693764 0.138152479198
Herato16 Herato1601 3375001.0 3375000.0 0.162067359237 0.137947674683 0.161445130851 0.191631571253
Herato16 Herato1601 3425001.0 3425000.0 0.158839084602 0.150053193227 0.157997564067 0.16973858697
Herato16 Herato1601 3475001.0 3475000.0 0.139874864752 0.123863507456 0.138082528894 0.16257577391
Herato16 Herato1601 3525001.0 3525000.0 0.184519610382 0.168787514761 0.185130282636 0.200082407285
Herato16 Herato1601 3575001.0 3575000.0 0.17939381458 0.167411579963 0.178810158899 0.193637373628
Herato16 Herato1601 3625001.0 3625000.0 0.13370653214 0.12674576536 0.13358689774 0.14084823424
Herato16 Herato1601 3675001.0 3675000.0 0.183843202829 0.155776815075 0.183358683779 0.220733084694
Herato16 Herato1601 3725001.0 3725000.0 0.25630102735 0.24085721604 0.256585737299 0.272045878119
Herato16 Herato1601 3775001.0 3775000.0 0.3268660233 0.307898707532 0.326055243228 0.350206358656
Herato16 Herato1601 3825001.0 3825000.0 0.36301482266 0.34699509704 0.3624885968 0.39076572132
Herato16 Herato1601 3875001.0 3875000.0 0.26633716172 0.24597591576 0.26554282062 0.28981254326
Herato16 Herato1601 3925001.0 3925000.0 0.16640790042 0.15667105178 0.1665258036 0.1767600933
Herato16 Herato1601 3975001.0 3975000.0 0.17840140284 0.166970983782 0.178172977414 0.19200673036
Herato16 Herato1601 4025001.0 4025000.0 0.217888448836 0.193743595054 0.216569160766 0.248354685712
Herato16 Herato1601 4075001.0 4075000.0 0.243716526776 0.233801306554 0.242497916428 0.257073078574
Herato16 Herato1601 4125001.0 4125000.0 0.201062738308 0.179720654731 0.199323220944 0.238378545902
Herato16 Herato1601 4175001.0 4175000.0 0.123782398672 0.11132103297 0.123305172018 0.13892188826
Herato16 Herato1601 4225001.0 4225000.0 0.131097008728 0.104316818684 0.131840761168 0.163346642691
Herato16 Herato1601 4275001.0 4275000.0 0.086375431808 0.073758498904 0.086266055366 0.099991332818
Herato16 Herato1601 4325001.0 4325000.0 0.119723688999 0.0942557518611 0.118404310949 0.153095494896
Herato16 Herato1601 4375001.0 4375000.0 0.119954800668 0.10630438784 0.11838601433 0.137771653744
Herato16 Herato1601 4425001.0 4425000.0 0.14950447376 0.144169839702 0.149106013 0.156568237984
Herato16 Herato1601 4475001.0 4475000.0 0.107067252012 0.0886126116775 0.108263719668 0.128352071197
Herato16 Herato1601 4525001.0 4525000.0 0.03480154037 0.0308747210426 0.0346421611838 0.0390506302796
Herato16 Herato1601 4575001.0 4575000.0 0.130074305926 0.11476743892 0.129712654232 0.148504083002
Herato16 Herato1601 4625001.0 4625000.0 0.177107324469 0.15979964349 0.177293148992 0.195125938313
Herato16 Herato1601 4675001.0 4675000.0 0.162487962278 0.149915798867 0.161993621186 0.176681793514
Herato16 Herato1601 4725001.0 4725000.0 0.162162644256 0.143560628221 0.162092246309 0.183303687058
Herato16 Herato1601 4775001.0 4775000.0 0.152552607099 0.131716042456 0.151370391566 0.179300557501
Herato16 Herato1601 4825001.0 4825000.0 0.149727791342 0.132708570344 0.148939289084 0.169049403671
Herato16 Herato1601 4875001.0 4875000.0 0.199143757986 0.174985220114 0.195586880042 0.235218870556
Herato16 Herato1601 4925001.0 4925000.0 0.124488024992 0.113611512173 0.124166484942 0.138520538646
Herato16 Herato1601 4975001.0 4975000.0 0.114518450036 0.10159581277 0.114179062957 0.130497926627
Herato16 Herato1601 5025001.0 5025000.0 0.155569504272 0.131550751047 0.155059733414 0.187141429473
Herato16 Herato1601 5075001.0 5075000.0 0.113127622182 0.0990974037056 0.112951213797 0.13012052084
Herato16 Herato1601 5125001.0 5125000.0 0.150523758402 0.138493500621 0.150687054463 0.162245102224
Herato16 Herato1601 5175001.0 5175000.0 0.107446590339 0.101197478443 0.107363091489 0.115959854162
Herato16 Herato1601 5225001.0 5225000.0 0.119920254853 0.103822762969 0.118387337861 0.137635040311
Herato16 Herato1601 5275001.0 5275000.0 0.090510529319 0.0809144413105 0.0901814050045 0.101591538744
Herato16 Herato1601 5325001.0 5325000.0 0.153025809353 0.132158705874 0.152597964372 0.17650896377
Herato16 Herato1601 5375001.0 5375000.0 0.144287259768 0.133508960264 0.144417050906 0.15441160666
Herato16 Herato1601 5425001.0 5425000.0 0.19502400951 0.160523201393 0.199841191547 0.215860178967
Herato16 Herato1601 5475001.0 5475000.0 0.121854661864 0.113139615482 0.122582082708 0.130459096188
Herato16 Herato1601 5525001.0 5525000.0 0.0763129489132 0.0712156182354 0.076521411458 0.081291144936
Herato16 Herato1601 5575001.0 5575000.0 0.050543528348 0.0420892879287 0.048682512707 0.063532011926
Herato16 Herato1601 5625001.0 5625000.0 0.08752204144 0.0710893643876 0.0876320037308 0.106754114808
Herato16 Herato1601 5675001.0 5675000.0 0.11874039521 0.11132495624 0.118959138074 0.123915630338
Herato16 Herato1601 5725001.0 5725000.0 0.108985774472 0.0930539600561 0.105828037975 0.135121738184
Herato16 Herato1601 5775001.0 5775000.0 0.101558868628 0.0945335797272 0.100986292612 0.109943471196
Herato16 Herato1601 5825001.0 5825000.0 0.112700136652 0.101986103648 0.111675727066 0.130549407278
Herato16 Herato1601 5875001.0 5875000.0 0.113977632033 0.106437715449 0.113438329907 0.122972705034
Herato16 Herato1601 5916147.0 5925000.0 0.0721337016193 0.0527262222149 0.0693168417679 0.100463150717
Herato16 Herato1602 5957294.0 25000.0 0.08129028343 0.074541993152 0.080999033084 0.089345101198
Herato16 Herato1602 6007294.0 75000.0 0.0953143107472 0.083019652909 0.0958017451787 0.109388408781
Herato16 Herato1602 6057294.0 125000.0 0.21766075729 0.196453471116 0.216779942934 0.2464556714
Herato16 Herato1602 6107294.0 175000.0 0.06502086502 0.054594512562 0.063423198622 0.0821072907
Herato16 Herato1602 6157294.0 225000.0 0.167049083454 0.149414385121 0.166945104011 0.187232820025
Herato16 Herato1602 6192024.5 275000.0 0.109530479883 0.104254518473 0.109662253276 0.115403756641
Herato16 Herato1603 6226756.0 25000.0 0.449344457457 0.381403521653 0.447914842073 0.518382591007
Herato16 Herato1603 6276756.0 75000.0 0.3351303443 0.31155577008 0.33640120588 0.35786671442
Herato16 Herato1603 6326756.0 125000.0 0.242046363116 0.220090762429 0.241985847695 0.270887862931
Herato16 Herato1603 6376756.0 175000.0 0.3058289568 0.2983732644 0.3052910946 0.318033101
Herato16 Herato1603 6426756.0 225000.0 0.34532810378 0.32314295048 0.3452992463 0.37258076398
Herato16 Herato1603 6476756.0 275000.0 0.3031157488 0.3001059896 0.303075752 0.3090552736
Herato16 Herato1603 6526756.0 325000.0 0.2999255244 0.28386033484 0.29826119228 0.32553553236
Herato16 Herato1603 6576756.0 375000.0 0.381423059304 0.34117911408 0.378409326074 0.43439170331
Herato16 Herato1603 6626756.0 425000.0 0.195532159954 0.164880021267 0.195898395145 0.229032279248
Herato16 Herato1603 6676756.0 475000.0 0.306084082271 0.275485315298 0.312676408227 0.324359771099
Herato16 Herato1603 6726756.0 525000.0 0.146616704342 0.13108094244 0.14560106564 0.16530006535
Herato16 Herato1603 6776756.0 575000.0 0.069450990948 0.0596678307376 0.0692831532662 0.081885836494
Herato16 Herato1603 6826756.0 625000.0 0.089711097084 0.0802885898232 0.088581516356 0.104144670486
Herato16 Herato1603 6876756.0 675000.0 0.100620392631 0.0913940459612 0.100361375082 0.112128387218
Herato16 Herato1603 6926756.0 725000.0 0.033490716724 0.0297975161776 0.033113157654 0.040793108856
Herato16 Herato1603 6976756.0 775000.0 0.0358504121744 0.0317124277359 0.0356500965448 0.0404948531648
Herato16 Herato1603 7026756.0 825000.0 0.0683265021304 0.0569906819898 0.0665165698326 0.085621301064
Herato16 Herato1603 7076756.0 875000.0 0.124495326989 0.11079306326 0.123886547799 0.139088249356
Herato16 Herato1603 7126756.0 925000.0 0.0862423782608 0.0812967556468 0.0857308356172 0.0928976610828
Herato16 Herato1603 7176756.0 975000.0 0.113682407854 0.100598738468 0.113648596652 0.12616602336
Herato16 Herato1603 7226756.0 1025000.0 0.0616748755726 0.0494023948448 0.0609718342198 0.0795945756154
Herato16 Herato1603 7276756.0 1075000.0 0.112647466656 0.0956335596595 0.11278509924 0.129811259348
Herato16 Herato1603 7326756.0 1125000.0 0.087409156368 0.081240865382 0.087439696456 0.098004208728
Herato16 Herato1603 7376756.0 1175000.0 0.129917220484 0.117171981999 0.130234294722 0.143558111216
Herato16 Herato1603 7426756.0 1225000.0 0.113631901249 0.0879711201451 0.114436108019 0.142444460707
Herato16 Herato1603 7476756.0 1275000.0 0.15209049449 0.139284678721 0.151757764577 0.165332988102
Herato16 Herato1603 7526756.0 1325000.0 0.123578876927 0.113817110711 0.122923388122 0.134908646436
Herato16 Herato1603 7576756.0 1375000.0 0.0902378347788 0.0854625112545 0.090152649056 0.095410541033
Herato16 Herato1603 7626756.0 1425000.0 0.128775121363 0.111658006249 0.128884926108 0.146978610576
Herato16 Herato1603 7676756.0 1475000.0 0.112644893941 0.10067199493 0.112411588106 0.125990976146
Herato16 Herato1603 7726756.0 1525000.0 0.124464868324 0.108328422596 0.123764654794 0.139027788486
Herato16 Herato1603 7776756.0 1575000.0 0.0812120023606 0.0732740873497 0.080950837656 0.0891888902678
Herato16 Herato1603 7826756.0 1625000.0 0.0367454583256 0.0311415983102 0.03691485124 0.041084455668
Herato16 Herato1603 7876756.0 1675000.0 0.0265593489973 0.0231184057608 0.0264240194874 0.0309347160918
Herato16 Herato1603 7926756.0 1725000.0 0.0292913549888 0.0269015757394 0.0293809942852 0.031638318785
Herato16 Herato1603 7976756.0 1775000.0 0.0478491285471 0.0376192086873 0.0478649037154 0.0600934153169
Herato16 Herato1603 8026756.0 1825000.0 0.091378275104 0.0822338374332 0.0919199917118 0.100879991752
Herato16 Herato1603 8076756.0 1875000.0 0.0959693754924 0.0652230838843 0.0966684977296 0.130973469874
Herato16 Herato1603 8126756.0 1925000.0 0.084425388636 0.073075936546 0.082595555824 0.099369043084
Herato16 Herato1603 8176756.0 1975000.0 0.105703551547 0.0970381960172 0.105420336547 0.116281617116
Herato16 Herato1603 8226756.0 2025000.0 0.13797687713 0.12209222867 0.13718790411 0.157442138783
Herato16 Herato1603 8276756.0 2075000.0 0.120674592786 0.109526211189 0.120230366196 0.134622225344
Herato16 Herato1603 8326756.0 2125000.0 0.17645350138 0.16697377028 0.17661211378 0.18590930978
Herato16 Herato1603 8376756.0 2175000.0 0.160012766862 0.15120983224 0.160675127548 0.166201199106
Herato16 Herato1603 8426756.0 2225000.0 0.062989097312 0.053628450929 0.06126947938 0.09071104662
Herato16 Herato1603 8476756.0 2275000.0 0.136269274456 0.125338575332 0.135496649276 0.149567718458
Herato16 Herato1603 8526756.0 2325000.0 0.1467387663 0.13570242144 0.14560224854 0.16030605862
Herato16 Herato1603 8576756.0 2375000.0 0.117791730743 0.106660692423 0.116863713351 0.131215844022
Herato16 Herato1603 8626756.0 2425000.0 0.0784905367672 0.0646157034634 0.077497134749 0.0971456437254
Herato16 Herato1603 8676756.0 2475000.0 0.0576389271678 0.0496146787638 0.058144210432 0.0653493576814
Herato16 Herato1603 8726756.0 2525000.0 0.0742414968528 0.0671913986086 0.0738438171072 0.0834467619122
Herato16 Herato1603 8776756.0 2575000.0 0.0744993472495 0.0648447739943 0.0740264075558 0.0860147048066
Herato16 Herato1603 8826756.0 2625000.0 0.110087739647 0.0849567032375 0.109167028413 0.136718237647
Herato16 Herato1603 8876756.0 2675000.0 0.124642126658 0.112745700327 0.124496986947 0.136509529656
Herato16 Herato1603 8926756.0 2725000.0 0.11783655142 0.114601857114 0.117673367478 0.123315889066
Herato16 Herato1603 8976756.0 2775000.0 0.102996733851 0.0962507075737 0.102759451796 0.111117608786
Herato16 Herato1603 9026756.0 2825000.0 0.0980917526146 0.0870620547813 0.0983556975246 0.108529587608
Herato16 Herato1603 9076756.0 2875000.0 0.0951204540868 0.0875081288459 0.0946764436542 0.103938469317
Herato16 Herato1603 9126756.0 2925000.0 0.091336949056 0.08386376341 0.091092290516 0.099794961316
Herato16 Herato1603 9176756.0 2975000.0 0.125442484148 0.115692915996 0.125130118851 0.136153759702
Herato16 Herato1603 9226756.0 3025000.0 0.0925294177903 0.0860586206246 0.0916070951709 0.105084759002
Herato16 Herato1603 9276756.0 3075000.0 0.114403609 0.1095822666 0.1143377528 0.1183992768
Herato16 Herato1603 9326756.0 3125000.0 0.114676458733 0.10383424283 0.114824673312 0.126375938486
Herato16 Herato1603 9376756.0 3175000.0 0.07892095786 0.074588227396 0.078747092502 0.08381283637
Herato16 Herato1603 9426756.0 3225000.0 0.07641992644 0.0692357979 0.07645858076 0.08340747646
Herato16 Herato1603 9476756.0 3275000.0 0.089864488678 0.0809177485484 0.0895715529102 0.101895028308
Herato16 Herato1603 9526756.0 3325000.0 0.122249566372 0.10346409318 0.122092064532 0.146762614962
Herato16 Herato1603 9576756.0 3375000.0 0.0992648923 0.0960919954 0.09917026618 0.10289843632
Herato16 Herato1603 9626756.0 3425000.0 0.109657099511 0.0976809986556 0.108148433064 0.128518456388
Herato16 Herato1603 9676756.0 3475000.0 0.108914337847 0.101851013103 0.108167875452 0.11691081925
Herato16 Herato1603 9726756.0 3525000.0 0.0634866377998 0.057837065858 0.063312184987 0.070525130614
Herato16 Herato1603 9776756.0 3575000.0 0.0423443735177 0.0373586084543 0.0419319543852 0.0489891078186
Herato16 Herato1603 9826756.0 3625000.0 0.0783094578848 0.069196947516 0.0782879318558 0.0874338266396
Herato16 Herato1603 9876756.0 3675000.0 0.0550412517712 0.0513721990091 0.0550617088564 0.0587711626004
Herato16 Herato1603 9926756.0 3725000.0 0.085598312656 0.0798107829351 0.0855705278726 0.0921774232276
Herato16 Herato1603 9976756.0 3775000.0 0.0804870451149 0.0725105500585 0.0806211201715 0.0907085538672
Herato16 Herato1603 10026756.0 3825000.0 0.117182316735 0.104315826975 0.116104673275 0.131173795077
Herato16 Herato1603 10076756.0 3875000.0 0.118806611796 0.113292011496 0.118716151002 0.124845138958
Herato16 Herato1603 10126756.0 3925000.0 0.159242216 0.14826665652 0.1593364168 0.1695376027
Herato16 Herato1603 10176756.0 3975000.0 0.119682135056 0.107323266163 0.119398836198 0.135298874306
Herato16 Herato1603 10224532.0 4025000.0 0.116578828346 0.109995745307 0.116049440265 0.123669801556
Herato16 Herato1604 10272309.0 25000.0 0.076481831062 0.0647774295168 0.0762500428964 0.090529231902
Herato16 Herato1604 10302211.0 75000.0 0.164507845777 0.148253198694 0.164992110363 0.181654027948
Herato16 Herato1605 10332114.0 25000.0 0.0902111225378 0.0805365891056 0.0907397979692 0.100449157778
Herato16 Herato1605 10382114.0 75000.0 0.10978932783 0.10100099123 0.109527827314 0.118602056182
Herato16 Herato1605 10432114.0 125000.0 0.0697702155192 0.0645077534578 0.069763199477 0.0747617920888
Herato16 Herato1605 10482114.0 175000.0 0.0424913497317 0.0331732107198 0.041792267851 0.054097854584
Herato16 Herato1605 10532114.0 225000.0 0.0688982949307 0.0616869938198 0.0689472741763 0.0765740906156
Herato16 Herato1605 10582114.0 275000.0 0.0945127004296 0.073006616954 0.0940514259788 0.124840793789
Herato16 Herato1605 10632114.0 325000.0 0.131995421411 0.111831218606 0.134377891085 0.150060851354
Herato16 Herato1605 10682114.0 375000.0 0.118074552636 0.105958667219 0.117895175418 0.130885190292
Herato16 Herato1605 10732114.0 425000.0 0.122498570364 0.103276503328 0.122127236459 0.144080958902
Herato16 Herato1605 10782114.0 475000.0 0.14760848354 0.130071190232 0.145580014534 0.170417474892
Herato16 Herato1605 10832114.0 525000.0 0.17423571197 0.150142870496 0.17261836513 0.203539987578
Herato16 Herato1605 10882114.0 575000.0 0.14143104124 0.118161577444 0.14115153661 0.163108719756
Herato16 Herato1605 10932114.0 625000.0 0.130761319067 0.120819360153 0.130429057195 0.142485507229
Herato16 Herato1605 10982114.0 675000.0 0.124410781 0.117714000386 0.12434460592 0.13384292608
Herato16 Herato1605 11032114.0 725000.0 0.10068362434 0.094720594336 0.100653110508 0.1060027209
Herato16 Herato1605 11082114.0 775000.0 0.152476525182 0.128572609141 0.15306444926 0.171160055704
Herato16 Herato1605 11132114.0 825000.0 0.13992460174 0.124249612453 0.139187187492 0.158520825085
Herato16 Herato1605 11182114.0 875000.0 0.121098278327 0.104730964425 0.118337727873 0.144077672586
Herato16 Herato1605 11232114.0 925000.0 0.139263474152 0.127547809494 0.139323594199 0.151828397246
Herato16 Herato1605 11282114.0 975000.0 0.11766109897 0.099089353226 0.115186907898 0.14081102721
Herato16 Herato1605 11332114.0 1025000.0 0.157220387 0.14766990512 0.15681568762 0.16861605352
Herato16 Herato1605 11382114.0 1075000.0 0.157539701326 0.142502522244 0.157453288654 0.171863518894
Herato16 Herato1605 11432114.0 1125000.0 0.144828160222 0.134143040886 0.144838138856 0.156594686828
Herato16 Herato1605 11482114.0 1175000.0 0.0989431851798 0.0861246364078 0.0983155048222 0.114707691149
Herato16 Herato1605 11532114.0 1225000.0 0.0891370902237 0.0766629097688 0.0889067839656 0.101937030763
Herato16 Herato1605 11582114.0 1275000.0 0.0950165482167 0.0854818199969 0.094523999041 0.106057819294
Herato16 Herato1605 11632114.0 1325000.0 0.145464200526 0.135487625187 0.145101894197 0.156383475115
Herato16 Herato1605 11682114.0 1375000.0 0.16663868262 0.155466965374 0.16597903249 0.17948833981
Herato16 Herato1605 11732114.0 1425000.0 0.134358473132 0.119026624212 0.133338213248 0.153767392388
Herato16 Herato1605 11782114.0 1475000.0 0.1650809178 0.1584523386 0.163027307 0.1742086538
Herato16 Herato1605 11832114.0 1525000.0 0.14746436652 0.137662977413 0.146901213161 0.159422337232
Herato16 Herato1605 11882114.0 1575000.0 0.14037778799 0.122971149356 0.140007728133 0.161499558604
Herato16 Herato1605 11932114.0 1625000.0 0.110810010145 0.0910587747655 0.109331790061 0.140304962665
Herato16 Herato1605 11982114.0 1675000.0 0.11880738866 0.105211856919 0.118404234716 0.134228008306
Herato16 Herato1605 12032114.0 1725000.0 0.104651884853 0.0942795327073 0.104349417487 0.116160616443
Herato16 Herato1605 12082114.0 1775000.0 0.130575812442 0.10740324841 0.131154267374 0.156132037954
Herato16 Herato1605 12132114.0 1825000.0 0.0963376767964 0.087808913534 0.0957404195002 0.106829648692
Herato16 Herato1605 12182114.0 1875000.0 0.115889229219 0.108660271179 0.115557326038 0.125023073304
Herato16 Herato1605 12232114.0 1925000.0 0.142394726968 0.1297446812 0.141515623606 0.159347278276
Herato16 Herato1605 12282114.0 1975000.0 0.140195100004 0.121876310819 0.139797031854 0.161965152856
Herato16 Herato1605 12332114.0 2025000.0 0.106302038874 0.093738943378 0.105376981222 0.121088711318
Herato16 Herato1605 12382114.0 2075000.0 0.121648021041 0.104220724995 0.121233806294 0.142096793577
Herato16 Herato1605 12432114.0 2125000.0 0.160384222642 0.14946375754 0.160682613294 0.167808134128
Herato16 Herato1605 12482114.0 2175000.0 0.16448971908 0.15090613748 0.16450666392 0.17500100124
Herato16 Herato1605 12532114.0 2225000.0 0.0689128011579 0.0590754999724 0.0690537287152 0.0795791467204
Herato16 Herato1605 12582114.0 2275000.0 0.147419874582 0.129862442875 0.146994392699 0.168210827435
Herato16 Herato1605 12632114.0 2325000.0 0.113278563538 0.0968603789786 0.112546745713 0.133504395624
Herato16 Herato1605 12682114.0 2375000.0 0.089513369742 0.08213549287 0.089492227592 0.09739507752
Herato16 Herato1605 12732114.0 2425000.0 0.124353357129 0.103304390613 0.123479191557 0.150380419364
Herato16 Herato1605 12782114.0 2475000.0 0.0890497540588 0.0754806958921 0.0887022346244 0.107160964684
Herato16 Herato1605 12832114.0 2525000.0 0.0874830319618 0.0758295244359 0.0873632623244 0.100750983856
Herato16 Herato1605 12882114.0 2575000.0 0.127829548933 0.114812107266 0.127931015161 0.141581904748
Herato16 Herato1605 12932114.0 2625000.0 0.111876092401 0.104887770099 0.111846396693 0.119201958088
Herato16 Herato1605 12982114.0 2675000.0 0.0391965864136 0.0351833309072 0.0389233000692 0.045012892006
Herato16 Herato1605 13032114.0 2725000.0 0.0375422908719 0.0326655668906 0.0369446674131 0.0443869251096
Herato16 Herato1605 13082114.0 2775000.0 0.096404182008 0.088384526511 0.09632318692 0.10632853308
Herato16 Herato1605 13132114.0 2825000.0 0.133312532713 0.114258598686 0.132302610608 0.150371718458
Herato16 Herato1605 13182114.0 2875000.0 0.0994714275416 0.0926627493993 0.0994503956527 0.107008058454
Herato16 Herato1605 13232114.0 2925000.0 0.147070017053 0.130122738423 0.145694785325 0.172620960782
Herato16 Herato1605 13282114.0 2975000.0 0.207482684886 0.14036491659 0.198127875742 0.31240404502
Herato16 Herato1605 13332114.0 3025000.0 0.145180482418 0.129918262734 0.145422983796 0.162056219784
Herato16 Herato1605 13382114.0 3075000.0 0.181746366982 0.166031110307 0.181280913491 0.199789175437
Herato16 Herato1605 13432114.0 3125000.0 0.160146986854 0.144827561076 0.159103517752 0.181428821936
Herato16 Herato1605 13482114.0 3175000.0 0.16916174002 0.15629641192 0.1719310146 0.18050463804
Herato16 Herato1605 13532114.0 3225000.0 0.124992834659 0.113513224398 0.124969528861 0.1369014775
Herato16 Herato1605 13582114.0 3275000.0 0.157796385293 0.135745298217 0.157445300265 0.182365279504
Herato16 Herato1605 13632114.0 3325000.0 0.160117540668 0.148343296504 0.160978715966 0.173454129514
Herato16 Herato1605 13682114.0 3375000.0 0.17514609084 0.157339773748 0.173873515706 0.197834581509
Herato16 Herato1605 13732114.0 3425000.0 0.185594723558 0.177131420052 0.184759015318 0.196530679924
Herato16 Herato1605 13782114.0 3475000.0 0.0780566435137 0.0652950714148 0.0775748741482 0.0940949748734
Herato16 Herato1605 13832114.0 3525000.0 0.114191265922 0.107439956479 0.113841671563 0.121691137446
Herato16 Herato1605 13882114.0 3575000.0 0.120763346582 0.108126422019 0.119729343584 0.137823619453
Herato16 Herato1605 13932114.0 3625000.0 0.058121086834 0.0515676442602 0.0581664852072 0.0647227133944
Herato16 Herato1605 13982114.0 3675000.0 0.0665941788378 0.0592292059764 0.0659511485464 0.0765703133714
Herato16 Herato1605 14032114.0 3725000.0 0.110393028342 0.102800064276 0.109780061912 0.119953790084
Herato16 Herato1605 14082114.0 3775000.0 0.1740902247 0.160098481562 0.173527074528 0.192911811266
Herato16 Herato1605 14132114.0 3825000.0 0.102107191744 0.0920118755239 0.101549412364 0.113737872679
Herato16 Herato1605 14182114.0 3875000.0 0.14248152574 0.13091428136 0.14236125326 0.1543338866
Herato16 Herato1605 14232114.0 3925000.0 0.112087954646 0.0962422475755 0.111776028196 0.129081607632
Herato16 Herato1605 14282114.0 3975000.0 0.170835102486 0.156701754893 0.170370941202 0.186207141522
Herato16 Herato1605 14332114.0 4025000.0 0.16115680634 0.1541983907 0.16100088614 0.16683596018
Herato16 Herato1605 14382114.0 4075000.0 0.0932323487008 0.0828938529368 0.0928217493946 0.10716718076
Herato16 Herato1605 14432114.0 4125000.0 0.103819083822 0.0937153979161 0.103137368177 0.116413199506
Herato16 Herato1605 14482114.0 4175000.0 0.106353730667 0.101507016658 0.106382378464 0.110737264254
Herato16 Herato1605 14532114.0 4225000.0 0.0788253177658 0.059971027665 0.0771101303002 0.107954592261
Herato16 Herato1605 14582114.0 4275000.0 0.127998362748 0.117108195351 0.12782612681 0.139849679844
Herato16 Herato1605 14632114.0 4325000.0 0.049392628526 0.043460774797 0.0490324881508 0.0577490050432
Herato16 Herato1605 14682114.0 4375000.0 0.105000019096 0.097907897034 0.104878139594 0.11175941234
Herato16 Herato1605 14732114.0 4425000.0 0.0821334629178 0.0766356864428 0.0816707395186 0.08960047223
Herato16 Herato1605 14782114.0 4475000.0 0.113505350959 0.107857750614 0.113510434964 0.120198260462
Herato16 Herato1605 14832114.0 4525000.0 0.09994761964 0.0942662631996 0.099382442662 0.10907579546
Herato16 Herato1605 14882114.0 4575000.0 0.0782153069972 0.0704802859303 0.078559416837 0.0855170757326
Herato16 Herato1605 14932114.0 4625000.0 0.162504028736 0.142809275836 0.162325395662 0.191308666294
Herato16 Herato1605 14982114.0 4675000.0 0.128060351568 0.117458755958 0.128017002936 0.139696765578
Herato16 Herato1605 15032114.0 4725000.0 0.0522088984376 0.0447334421172 0.0519909059326 0.0603504584094
Herato16 Herato1605 15082114.0 4775000.0 0.102337022192 0.091449594432 0.102008118308 0.116301283666
Herato16 Herato1605 15132114.0 4825000.0 0.104308020517 0.0747917179081 0.101443451273 0.151181291195
