chrom scaffold Cposition position mean p0025 p0500 p0975
Herato15 Herato1501 25001.0 25000.0 0.144192302132 0.128748830568 0.144419812006 0.1586456953
Herato15 Herato1501 62748.0 75000.0 0.0554218227034 0.0486769581862 0.0555599237075 0.0621419175492
Herato15 Herato1502 100496.0 25000.0 0.0906821115748 0.0710684746096 0.0886863995698 0.119351436668
Herato15 Herato1502 150496.0 75000.0 0.17888575919 0.138034628749 0.178215913228 0.224086385316
Herato15 Herato1502 200496.0 125000.0 0.05194155635 0.042969980092 0.05169102846 0.06302871941
Herato15 Herato1502 228767.5 175000.0 0.0467184105151 0.0404218425799 0.0468967097662 0.0525141378573
Herato15 Herato1503 241176.5 25000.0 0.061182340232 0.0395183998534 0.0609464493296 0.0766715804674
Herato15 Herato1504 275314.0 25000.0 0.0583760657686 0.0366402073368 0.0543864101754 0.106178602017
Herato15 Herato1504 322273.5 75000.0 0.108697285603 0.0987978799394 0.108800217139 0.1190313353
Herato15 Herato1505 369234.0 25000.0 0.0323208175404 0.0290288836828 0.032064972501 0.0366922035292
Herato15 Herato1505 419234.0 75000.0 0.059292776854 0.047454742588 0.058838163628 0.079024384504
Herato15 Herato1505 469234.0 125000.0 0.036007591472 0.0296116035196 0.03596587976 0.043295886874
Herato15 Herato1505 519234.0 175000.0 0.045653605266 0.0430299564604 0.04557363899 0.048589928048
Herato15 Herato1505 569234.0 225000.0 0.103131874798 0.095661499114 0.103631265532 0.11160983448
Herato15 Herato1505 619234.0 275000.0 0.0932629287857 0.0842242081371 0.0924991684508 0.104535375255
Herato15 Herato1505 669234.0 325000.0 0.115413323192 0.10693608 0.11599659274 0.1231078808
Herato15 Herato1505 719234.0 375000.0 0.091145868796 0.087367950918 0.091320668134 0.09538208666
Herato15 Herato1505 769234.0 425000.0 0.060314516446 0.0494071430992 0.0604861000222 0.071873896892
Herato15 Herato1505 819234.0 475000.0 0.035438299761 0.0313340674899 0.0352704925153 0.0407980857754
Herato15 Herato1505 869234.0 525000.0 0.054568482752 0.049790030464 0.054716401762 0.0597697373
Herato15 Herato1505 919234.0 575000.0 0.0668105131 0.06168503368 0.066553558182 0.07215802636
Herato15 Herato1505 969234.0 625000.0 0.0752153620444 0.068937143632 0.0751425948782 0.0818199572908
Herato15 Herato1505 1019234.0 675000.0 0.108272902746 0.101091492212 0.107691654756 0.118710800242
Herato15 Herato1505 1069234.0 725000.0 0.146143542857 0.127486600716 0.145762335894 0.168291710085
Herato15 Herato1505 1119234.0 775000.0 0.102873037985 0.0870198260386 0.101856311038 0.127140448245
Herato15 Herato1505 1169234.0 825000.0 0.0756049364982 0.0673528454352 0.075629995708 0.0838498348434
Herato15 Herato1505 1219234.0 875000.0 0.065444139482 0.053568930792 0.065487116598 0.077584586252
Herato15 Herato1505 1269234.0 925000.0 0.061655076478 0.056201011346 0.061386796842 0.068600655096
Herato15 Herato1505 1319234.0 975000.0 0.0648702820312 0.0551790668198 0.06513943377 0.074437163864
Herato15 Herato1505 1369234.0 1025000.0 0.0821537972316 0.0724929904476 0.082082924473 0.092724166084
Herato15 Herato1505 1419234.0 1075000.0 0.0740191986208 0.0665059821639 0.0740876298824 0.0831804551778
Herato15 Herato1505 1469234.0 1125000.0 0.076926314832 0.0689069939474 0.07729925091 0.084737964856
Herato15 Herato1505 1519234.0 1175000.0 0.073188118478 0.066769583752 0.07304136066 0.08016965034
Herato15 Herato1505 1569234.0 1225000.0 0.0735402481272 0.0694158157629 0.0735004875564 0.0784767875392
Herato15 Herato1505 1619234.0 1275000.0 0.0977390795968 0.0897250315998 0.0977523663224 0.106809295782
Herato15 Herato1505 1669234.0 1325000.0 0.0719625695592 0.0615987121285 0.0721251156436 0.0852484516378
Herato15 Herato1505 1719234.0 1375000.0 0.09999830172 0.08962451226 0.1000762594 0.10976535576
Herato15 Herato1505 1769234.0 1425000.0 0.0601682202272 0.0547737092882 0.059884495053 0.0667312286556
Herato15 Herato1505 1819234.0 1475000.0 0.067652047552 0.061820001794 0.06743407484 0.074556274474
Herato15 Herato1505 1869234.0 1525000.0 0.0599402594463 0.0518469945998 0.0591368624777 0.0716948109306
Herato15 Herato1505 1919234.0 1575000.0 0.0418499382126 0.0371664038201 0.0414700682822 0.0474391172688
Herato15 Herato1505 1969234.0 1625000.0 0.0432406298842 0.0283798054392 0.0400765297254 0.0771465253102
Herato15 Herato1505 2019234.0 1675000.0 0.0272217262116 0.0235751049243 0.0270032055062 0.0319599030188
Herato15 Herato1505 2069234.0 1725000.0 0.0149281003504 0.0126483211908 0.0147783726856 0.0180660154944
Herato15 Herato1505 2119234.0 1775000.0 0.0478374664572 0.0411473080734 0.047526311807 0.0562810636846
Herato15 Herato1505 2169234.0 1825000.0 0.051522550288 0.0442579375886 0.0513063125202 0.0606102079032
Herato15 Herato1505 2219234.0 1875000.0 0.037791678296 0.026612659976 0.035304874718 0.061315836772
Herato15 Herato1505 2269234.0 1925000.0 0.0311900835488 0.0276373087615 0.0311920423108 0.0346501140076
Herato15 Herato1505 2319234.0 1975000.0 0.0158800551434 0.0137698047187 0.0158161719224 0.0183388760782
Herato15 Herato1505 2369234.0 2025000.0 0.0280461099868 0.0241744630793 0.027774875406 0.0332053352212
Herato15 Herato1505 2419234.0 2075000.0 0.0539079209774 0.0324182666267 0.0521103062063 0.0874840092184
Herato15 Herato1505 2469234.0 2125000.0 0.0202257152423 0.0112971606159 0.0191714619075 0.0371457769598
Herato15 Herato1505 2519234.0 2175000.0 0.024079733774 0.01683745252 0.023117049858 0.035941793822
Herato15 Herato1505 2569234.0 2225000.0 0.0438385598732 0.0269313977264 0.042573576749 0.073101558538
Herato15 Herato1505 2619234.0 2275000.0 0.07641641486 0.036676745894 0.073109226212 0.136247217924
Herato15 Herato1505 2669234.0 2325000.0 0.0663010682296 0.0386710985256 0.0619742936784 0.11453044496
Herato15 Herato1505 2719234.0 2375000.0 0.036807623335 0.027335392535 0.0358835165284 0.0518931720272
Herato15 Herato1505 2769234.0 2425000.0 0.0309938024306 0.024062235244 0.0309220047336 0.03848732493
Herato15 Herato1505 2819234.0 2475000.0 0.0308791213584 0.0190062221326 0.0286482985591 0.0518211443748
Herato15 Herato1505 2869234.0 2525000.0 0.0298056317138 0.0183916368092 0.0294499903364 0.045629047629
Herato15 Herato1505 2919234.0 2575000.0 0.021777646438 0.019438765098 0.02179168256 0.024328855982
Herato15 Herato1505 2969234.0 2625000.0 0.026966617742 0.024169283614 0.026819993856 0.032848697218
Herato15 Herato1505 3019234.0 2675000.0 0.047278680732 0.0430625433032 0.0468874598618 0.05287697231
Herato15 Herato1505 3069234.0 2725000.0 0.039298309138 0.034027754946 0.039404007316 0.044562644132
Herato15 Herato1505 3119234.0 2775000.0 0.052978558686 0.048956301674 0.052790299078 0.057582725882
Herato15 Herato1505 3169234.0 2825000.0 0.086047207774 0.082081552938 0.086034441416 0.089052338526
Herato15 Herato1505 3219234.0 2875000.0 0.048615624688 0.0432690109593 0.0483743333118 0.0551683313916
Herato15 Herato1505 3269234.0 2925000.0 0.0438725414168 0.0396532436328 0.0433921442422 0.048803418924
Herato15 Herato1505 3319234.0 2975000.0 0.0360516536798 0.0331304123266 0.0360472693094 0.039419065372
Herato15 Herato1505 3369234.0 3025000.0 0.019907654027 0.016967909244 0.0198281101334 0.023305665596
Herato15 Herato1505 3419234.0 3075000.0 0.0761797153282 0.0672670551374 0.0755040044836 0.0874720976024
Herato15 Herato1505 3469234.0 3125000.0 0.089882712648 0.07966095473 0.088645444124 0.10642013404
Herato15 Herato1505 3519234.0 3175000.0 0.042311311324 0.038705874678 0.042267797234 0.046126684598
Herato15 Herato1505 3569234.0 3225000.0 0.0400653340464 0.0365065678049 0.0399530341398 0.044379284746
Herato15 Herato1505 3619234.0 3275000.0 0.060169176166 0.050723199814 0.059515466438 0.072606341676
Herato15 Herato1505 3669234.0 3325000.0 0.04845220212 0.044365682764 0.048323511324 0.05386931608
Herato15 Herato1505 3719234.0 3375000.0 0.033538096632 0.0297860301386 0.0334641580668 0.037322298582
Herato15 Herato1505 3769234.0 3425000.0 0.02450619168 0.02110964331 0.02486221786 0.02836991078
Herato15 Herato1505 3819234.0 3475000.0 0.035500031464 0.0323240739292 0.035081168628 0.039947997252
Herato15 Herato1505 3869234.0 3525000.0 0.067295072152 0.062916457732 0.06705434833 0.072438000834
Herato15 Herato1505 3919234.0 3575000.0 0.0440659901 0.04106697101 0.043985508204 0.046737327726
Herato15 Herato1505 3969234.0 3625000.0 0.075013002558 0.0691996646805 0.074767152424 0.0819296361188
Herato15 Herato1505 4019234.0 3675000.0 0.0623555402578 0.058251219137 0.0625590467551 0.066181506906
Herato15 Herato1505 4069234.0 3725000.0 0.063702618634 0.058860842812 0.063530253952 0.068526608102
Herato15 Herato1505 4119234.0 3775000.0 0.0336349115852 0.0304203600328 0.0333985976362 0.037955422242
Herato15 Herato1505 4169234.0 3825000.0 0.042444316678 0.0380293803624 0.0425738730508 0.04718360845
Herato15 Herato1505 4219234.0 3875000.0 0.0279351755145 0.0229131116988 0.0276725756762 0.0341722055037
Herato15 Herato1505 4251179.0 3925000.0 0.0694934354528 0.0592859119375 0.0692380504104 0.0805348648877
Herato15 Herato1506 4283125.0 25000.0 0.109139528232 0.0687357823724 0.103410635585 0.181164802488
Herato15 Herato1506 4333125.0 75000.0 0.02690524574 0.02360693594 0.0268766906818 0.0304446725708
Herato15 Herato1506 4383125.0 125000.0 0.035972542118 0.021849417218 0.034059653392 0.060886668638
Herato15 Herato1506 4422672.0 175000.0 0.0263994596941 0.022546992173 0.0265791634014 0.0295866546635
Herato15 Herato1507 4462220.0 25000.0 0.03869160022 0.033266639278 0.038672676264 0.04488770555
Herato15 Herato1507 4512220.0 75000.0 0.0341985572308 0.0262701799906 0.033194142264 0.04903690328
Herato15 Herato1507 4562220.0 125000.0 0.042080683004 0.0376795207896 0.0419330703778 0.048345838152
Herato15 Herato1507 4612220.0 175000.0 0.0539846310937 0.0454029989989 0.0532688012577 0.0644614194766
Herato15 Herato1507 4662220.0 225000.0 0.047730734218 0.037911136172 0.046474348304 0.06425716986
Herato15 Herato1507 4712220.0 275000.0 0.029684901973 0.0276456472389 0.0296817734288 0.0323749603032
Herato15 Herato1507 4762220.0 325000.0 0.038129773472 0.031112702698 0.03788638031 0.044795864926
Herato15 Herato1507 4812220.0 375000.0 0.08320102794 0.07715134176 0.08248570176 0.09061665978
Herato15 Herato1507 4862220.0 425000.0 0.06202728568 0.06155557684 0.06188913816 0.0629865159
Herato15 Herato1507 4912220.0 475000.0 0.06700428096 0.05847643538 0.0672135668 0.07598866642
Herato15 Herato1507 4962220.0 525000.0 0.05004501207 0.044585848092 0.049639181144 0.057407172616
Herato15 Herato1507 5012220.0 575000.0 0.039333541386 0.0365095372315 0.0392275929938 0.043041803023
Herato15 Herato1507 5062220.0 625000.0 0.0518917215837 0.0365387844897 0.0454336787908 0.0965700382256
Herato15 Herato1507 5112220.0 675000.0 0.135323829308 0.128948889575 0.134803369271 0.144634438714
Herato15 Herato1507 5162220.0 725000.0 0.154809999962 0.135712144415 0.155288131379 0.174038859012
Herato15 Herato1507 5212220.0 775000.0 0.079635501012 0.075300460384 0.079435294608 0.08526461112
Herato15 Herato1507 5262220.0 825000.0 0.11670079352 0.1096508769 0.11662564228 0.12464539186
Herato15 Herato1507 5312220.0 875000.0 0.0942570082648 0.0835694398655 0.0938139976352 0.106875531304
Herato15 Herato1507 5362220.0 925000.0 0.0676303946892 0.058235833348 0.0683601343261 0.0744714536454
Herato15 Herato1507 5412220.0 975000.0 0.0573264591792 0.0454484709261 0.0569695753662 0.073453094609
Herato15 Herato1507 5462220.0 1025000.0 0.08321428051 0.07855815669 0.082973935152 0.090182143076
Herato15 Herato1507 5512220.0 1075000.0 0.11447471256 0.10351493734 0.11405320186 0.12762494176
Herato15 Herato1507 5562220.0 1125000.0 0.1122879094 0.1071706526 0.1121595268 0.1182430328
Herato15 Herato1507 5612220.0 1175000.0 0.15987701788 0.13047715566 0.15891809722 0.19500964616
Herato15 Herato1507 5662220.0 1225000.0 0.10570962257 0.100730813028 0.10530442644 0.111201975962
Herato15 Herato1507 5712220.0 1275000.0 0.073111172118 0.068947765454 0.07271095628 0.0781594091
Herato15 Herato1507 5762220.0 1325000.0 0.135830343 0.12575436544 0.13684467962 0.1468866743
Herato15 Herato1507 5812220.0 1375000.0 0.114947445268 0.097191234728 0.113977347986 0.13929129602
Herato15 Herato1507 5862220.0 1425000.0 0.085367686606 0.0729654073825 0.0858254907996 0.0985805361544
Herato15 Herato1507 5912220.0 1475000.0 0.111831664255 0.0941975419891 0.110019710045 0.13504439638
Herato15 Herato1507 5962220.0 1525000.0 0.17010627204 0.15489502436 0.17186565114 0.1835432991
Herato15 Herato1507 6012220.0 1575000.0 0.147792050444 0.1315438064 0.146334790854 0.167905566092
Herato15 Herato1507 6062220.0 1625000.0 0.165397438194 0.139049264668 0.166380650058 0.19513200417
Herato15 Herato1507 6112220.0 1675000.0 0.258988487862 0.15926040457 0.251600289344 0.412440913269
Herato15 Herato1507 6162220.0 1725000.0 0.11856575207 0.10629234654 0.118820461249 0.133757680484
Herato15 Herato1507 6212220.0 1775000.0 0.1791411879 0.161342246854 0.17899030342 0.19843658522
Herato15 Herato1507 6262220.0 1825000.0 0.197043328 0.189061593 0.1962044846 0.2078246902
Herato15 Herato1507 6312220.0 1875000.0 0.204124863 0.2001112502 0.203412564 0.2103118812
Herato15 Herato1507 6362220.0 1925000.0 0.1859363171 0.179297685736 0.18536677116 0.19525482056
Herato15 Herato1507 6412220.0 1975000.0 0.126021730004 0.118366127097 0.12512547228 0.136655048088
Herato15 Herato1507 6462220.0 2025000.0 0.13907409838 0.13016747212 0.13826521618 0.15353652886
Herato15 Herato1507 6512220.0 2075000.0 0.13005588144 0.11211394284 0.13134953074 0.14071996102
Herato15 Herato1507 6562220.0 2125000.0 0.100545728134 0.0911481216087 0.100506218218 0.110761208974
Herato15 Herato1507 6612220.0 2175000.0 0.09503055034 0.08943800656 0.09511732996 0.10022856074
Herato15 Herato1507 6662220.0 2225000.0 0.10309016928 0.08992360692 0.10396719402 0.11581886874
Herato15 Herato1507 6712220.0 2275000.0 0.164522273552 0.149659604375 0.163539060399 0.181154968862
Herato15 Herato1507 6762220.0 2325000.0 0.144109146442 0.133680699482 0.143982682362 0.154394430296
Herato15 Herato1507 6812220.0 2375000.0 0.136973771171 0.122328965233 0.137107118702 0.154562376993
Herato15 Herato1507 6862220.0 2425000.0 0.131396866319 0.114764942265 0.130844915208 0.151609243142
Herato15 Herato1507 6912220.0 2475000.0 0.128272765878 0.116660787084 0.128156062822 0.141946768411
Herato15 Herato1507 6962220.0 2525000.0 0.2152839096 0.2054083648 0.2146058248 0.2267047224
Herato15 Herato1507 7012220.0 2575000.0 0.0909727864 0.0835897272 0.0903716872 0.1003448776
Herato15 Herato1507 7062220.0 2625000.0 0.155199950682 0.142784121424 0.153638206312 0.172355262346
Herato15 Herato1507 7112220.0 2675000.0 0.137590487446 0.117534165876 0.138653736406 0.160845747408
Herato15 Herato1507 7162220.0 2725000.0 0.157158856672 0.130766274648 0.15807204082 0.183062000868
Herato15 Herato1507 7212220.0 2775000.0 0.1354057105 0.121228792342 0.13566191574 0.15570514648
Herato15 Herato1507 7262220.0 2825000.0 0.163194926734 0.143603634176 0.162664027102 0.17766368199
Herato15 Herato1507 7312220.0 2875000.0 0.116423996592 0.109458942938 0.116252190696 0.12303058083
Herato15 Herato1507 7362220.0 2925000.0 0.130200756992 0.1103820723 0.133153776978 0.147806971988
Herato15 Herato1507 7412220.0 2975000.0 0.1551998225 0.1222707057 0.15244960706 0.20241565094
Herato15 Herato1507 7462220.0 3025000.0 0.09808541046 0.09093053402 0.09732986698 0.10939021582
Herato15 Herato1507 7512220.0 3075000.0 0.062549409188 0.041452881796 0.059491316794 0.09984375091
Herato15 Herato1507 7562220.0 3125000.0 0.101070919256 0.074949854222 0.093433880174 0.141407285824
Herato15 Herato1507 7612220.0 3175000.0 0.063756863352 0.052760957788 0.06385254884 0.075905689314
Herato15 Herato1507 7662220.0 3225000.0 0.0513341797542 0.0415960697694 0.0512817381008 0.062892698372
Herato15 Herato1507 7712220.0 3275000.0 0.0881995539852 0.0768320130779 0.0875320983192 0.105788800722
Herato15 Herato1507 7762220.0 3325000.0 0.153043051524 0.143860786326 0.15355103999 0.159466270964
Herato15 Herato1507 7812220.0 3375000.0 0.197676918 0.188537229 0.198495177 0.205527129
Herato15 Herato1507 7862220.0 3425000.0 0.1911991632 0.1840576974 0.191398113 0.1995385258
Herato15 Herato1507 7912220.0 3475000.0 0.1557320752 0.148718012 0.1555665206 0.1665946362
Herato15 Herato1507 7962220.0 3525000.0 0.167943857812 0.15760582758 0.167507355852 0.181350243374
Herato15 Herato1507 8012220.0 3575000.0 0.188178202568 0.173315204336 0.187801552512 0.20148638254
Herato15 Herato1507 8062220.0 3625000.0 0.116757714718 0.107232791992 0.116016069022 0.125754690565
Herato15 Herato1507 8112220.0 3675000.0 0.14210503986 0.134484523586 0.141786637792 0.148896034823
Herato15 Herato1507 8162220.0 3725000.0 0.1077361808 0.10369364572 0.107190188 0.1128138876
Herato15 Herato1507 8212220.0 3775000.0 0.17481506124 0.16415675258 0.174350598 0.18765913398
Herato15 Herato1507 8262220.0 3825000.0 0.121474581621 0.113771308862 0.121830374176 0.127777314484
Herato15 Herato1507 8312220.0 3875000.0 0.1724828536 0.15812751 0.1730044448 0.188690563
Herato15 Herato1507 8362220.0 3925000.0 0.082772045442 0.072561946148 0.081352714078 0.100177358874
Herato15 Herato1507 8412220.0 3975000.0 0.108353453835 0.0999264991732 0.105712468693 0.121884172493
Herato15 Herato1507 8462220.0 4025000.0 0.0939335939784 0.0895081755842 0.0940217123608 0.098136364684
Herato15 Herato1507 8512220.0 4075000.0 0.159861285893 0.132703239004 0.158185398935 0.193225791323
Herato15 Herato1507 8562220.0 4125000.0 0.171582879972 0.149244668513 0.171940940088 0.19374626023
Herato15 Herato1507 8612220.0 4175000.0 0.064306694774 0.056605173314 0.064353143494 0.072007207938
Herato15 Herato1507 8662220.0 4225000.0 0.137105562044 0.125371462253 0.137114062287 0.144620213352
Herato15 Herato1507 8712220.0 4275000.0 0.207062427364 0.16713716651 0.20558963011 0.25219698168
Herato15 Herato1507 8762220.0 4325000.0 0.117285214416 0.109854803394 0.117615836826 0.125136526268
Herato15 Herato1507 8812220.0 4375000.0 0.1685696958 0.1603194488 0.1683877192 0.1766178862
Herato15 Herato1507 8862220.0 4425000.0 0.1848285606 0.1814224698 0.1844766854 0.1911803176
Herato15 Herato1507 8912220.0 4475000.0 0.19362258305 0.182230781548 0.193639124838 0.206285291432
Herato15 Herato1507 8962220.0 4525000.0 0.186537931 0.1804222856 0.1869396596 0.1922166174
Herato15 Herato1507 9012220.0 4575000.0 0.1766637308 0.165663818 0.1769790708 0.1919405828
Herato15 Herato1507 9062220.0 4625000.0 0.215705774 0.2015082414 0.2161681662 0.2309246448
Herato15 Herato1507 9112220.0 4675000.0 0.141019094114 0.115234424079 0.140888377131 0.173090980101
Herato15 Herato1507 9162220.0 4725000.0 0.19625984192 0.1819904675 0.19544224372 0.21485700158
Herato15 Herato1507 9212220.0 4775000.0 0.118460417461 0.110070610509 0.118663090339 0.126065249521
Herato15 Herato1507 9262220.0 4825000.0 0.0783754489236 0.0662100555986 0.0785509350174 0.08651127432
Herato15 Herato1507 9312220.0 4875000.0 0.0969931392746 0.0902399529199 0.0966927181814 0.104216655784
Herato15 Herato1507 9362220.0 4925000.0 0.09748195932 0.08680142072 0.0964075497 0.1118087687
Herato15 Herato1507 9412220.0 4975000.0 0.079130080796 0.071844539622 0.079212293022 0.08711736769
Herato15 Herato1507 9462220.0 5025000.0 0.068475496074 0.063994583574 0.068390736768 0.07365380226
Herato15 Herato1507 9512220.0 5075000.0 0.131060922864 0.123048222307 0.130792528255 0.141887542854
Herato15 Herato1507 9562220.0 5125000.0 0.1202896158 0.11311669356 0.12029549178 0.12904819436
Herato15 Herato1507 9612220.0 5175000.0 0.12490981634 0.1186710688 0.12481291134 0.1312202046
Herato15 Herato1507 9662220.0 5225000.0 0.12001460844 0.10846163768 0.11983695712 0.13467828878
Herato15 Herato1507 9712220.0 5275000.0 0.11710354054 0.11169299072 0.11692320324 0.12351518844
Herato15 Herato1507 9762220.0 5325000.0 0.0729920463397 0.0681986918029 0.0729470098843 0.0780200680762
Herato15 Herato1507 9812220.0 5375000.0 0.083145234702 0.075010657108 0.082409304692 0.095643860882
Herato15 Herato1507 9862220.0 5425000.0 0.1450323112 0.13801389172 0.144435898 0.1531502532
Herato15 Herato1507 9912220.0 5475000.0 0.0996599526798 0.0868152764128 0.0998432275058 0.112111184161
Herato15 Herato1507 9962220.0 5525000.0 0.12556215686 0.11664446464 0.12587114406 0.13282731756
Herato15 Herato1507 10012220.0 5575000.0 0.092955704386 0.084798828976 0.093031122396 0.101752758912
Herato15 Herato1507 10062220.0 5625000.0 0.091844948542 0.085089422464 0.091980959434 0.099040301074
Herato15 Herato1507 10112220.0 5675000.0 0.16726460488 0.15395190544 0.16630885222 0.18632533698
Herato15 Herato1507 10162220.0 5725000.0 0.190458808878 0.180629287084 0.19003009072 0.203616818784
Herato15 Herato1507 10212220.0 5775000.0 0.14205664954 0.11978048796 0.138823733 0.17427501462
Herato15 Herato1507 10262220.0 5825000.0 0.11374329234 0.10317356328 0.11382120848 0.1240761121
Herato15 Herato1507 10312220.0 5875000.0 0.181878280408 0.160095372232 0.183943064384 0.20491702626
Herato15 Herato1507 10362220.0 5925000.0 0.155815402 0.147092719 0.1570301636 0.1624475234
Herato15 Herato1507 10412220.0 5975000.0 0.17963466068 0.16453418998 0.17932402666 0.19363049058
Herato15 Herato1507 10462220.0 6025000.0 0.191188400602 0.164265502699 0.191409568627 0.214421134548
Herato15 Herato1507 10512220.0 6075000.0 0.26704482806 0.25289522896 0.2666040326 0.2850891774
Herato15 Herato1507 10562220.0 6125000.0 0.190893008548 0.180379218463 0.191995071836 0.19970327474
Herato15 Herato1507 10612220.0 6175000.0 0.21724682779 0.19816817607 0.217603280082 0.234802814823
Herato15 Herato1507 10662220.0 6225000.0 0.20821683538 0.18816077656 0.20874873448 0.23371525406
Herato15 Herato1507 10712220.0 6275000.0 0.164031386109 0.145658913128 0.164393107641 0.183918770799
Herato15 Herato1507 10762220.0 6325000.0 0.2726893798 0.2577031834 0.272652213 0.2909115024
Herato15 Herato1507 10812220.0 6375000.0 0.139440953837 0.116274351762 0.138070363637 0.170000721428
Herato15 Herato1507 10862220.0 6425000.0 0.20469097796 0.184422864986 0.20288918822 0.23191905624
Herato15 Herato1507 10912220.0 6475000.0 0.17754004556 0.16772235068 0.17610853452 0.19436446272
Herato15 Herato1507 10962220.0 6525000.0 0.185796642628 0.146465137056 0.181569228484 0.238242954704
Herato15 Herato1507 11012220.0 6575000.0 0.19547365038 0.140873269406 0.197001984972 0.25603350514
Herato15 Herato1507 11062220.0 6625000.0 0.167780750644 0.146615337118 0.165303404944 0.19689858012
Herato15 Herato1507 11112220.0 6675000.0 0.150274954436 0.136220598374 0.150311471738 0.168331702264
Herato15 Herato1507 11162220.0 6725000.0 0.174994178126 0.160888113241 0.175463456142 0.186453975021
Herato15 Herato1507 11212220.0 6775000.0 0.15944809178 0.12851455224 0.15353676808 0.20039496264
Herato15 Herato1507 11262220.0 6825000.0 0.16532171156 0.1556132483 0.16518480524 0.17712277618
Herato15 Herato1507 11312220.0 6875000.0 0.1980028886 0.1883733532 0.1977173654 0.2096882686
Herato15 Herato1507 11362220.0 6925000.0 0.16053687212 0.14818600756 0.15981179976 0.1751532827
Herato15 Herato1507 11412220.0 6975000.0 0.17950842908 0.17006259012 0.17939267938 0.18934141836
Herato15 Herato1507 11462220.0 7025000.0 0.251900569727 0.240177771147 0.25213976194 0.264545543222
Herato15 Herato1507 11512220.0 7075000.0 0.2968609748 0.2806603416 0.2975198894 0.3124224748
Herato15 Herato1507 11562220.0 7125000.0 0.23265341604 0.216867690444 0.23328539176 0.24981014456
Herato15 Herato1507 11612220.0 7175000.0 0.225979639036 0.205388501262 0.226115682036 0.2391226406
Herato15 Herato1507 11662220.0 7225000.0 0.1794791785 0.156058966304 0.18004272516 0.20359418468
Herato15 Herato1507 11712220.0 7275000.0 0.166122740333 0.151997526345 0.165072999409 0.184246480694
Herato15 Herato1507 11762220.0 7325000.0 0.12564136788 0.11662288294 0.12554836216 0.13601398266
Herato15 Herato1507 11812220.0 7375000.0 0.12136866694 0.113135386354 0.120389061262 0.132050224648
Herato15 Herato1507 11862220.0 7425000.0 0.117830321322 0.104106844458 0.117242198913 0.130554699153
Herato15 Herato1507 11912220.0 7475000.0 0.147052957632 0.134893694854 0.147377542884 0.15822172116
Herato15 Herato1507 11962220.0 7525000.0 0.112759520743 0.0971789759228 0.113213935429 0.128419463985
Herato15 Herato1507 12012220.0 7575000.0 0.08951068174 0.08452515044 0.08922653124 0.09607617022
Herato15 Herato1507 12062220.0 7625000.0 0.092240175892 0.084143018142 0.092214168996 0.1018807059
Herato15 Herato1507 12112220.0 7675000.0 0.075805096774 0.0656854749642 0.0753971550168 0.0864971905135
Herato15 Herato1507 12162220.0 7725000.0 0.085134907003 0.0816413717828 0.0849655793692 0.08985196889
Herato15 Herato1507 12212220.0 7775000.0 0.066285011022 0.0631910403714 0.0659870413714 0.070945237376
Herato15 Herato1507 12262220.0 7825000.0 0.0487381972822 0.0450857269327 0.0484478165173 0.0542267043686
Herato15 Herato1507 12312220.0 7875000.0 0.0934234858594 0.0868286406446 0.0934132688186 0.100666654294
Herato15 Herato1507 12362220.0 7925000.0 0.113264537034 0.100715647862 0.112691857268 0.127817373686
Herato15 Herato1507 12412220.0 7975000.0 0.09262924895 0.0836341745478 0.092385380028 0.103633068908
Herato15 Herato1507 12462220.0 8025000.0 0.0999419105736 0.077828786085 0.0987485915989 0.125905163075
Herato15 Herato1507 12512220.0 8075000.0 0.1756165274 0.1593585768 0.1756491486 0.191901567
Herato15 Herato1507 12562220.0 8125000.0 0.12111415466 0.11762740678 0.12110565186 0.12597672254
Herato15 Herato1507 12612220.0 8175000.0 0.10352906834 0.09848117638 0.10380137038 0.10993507986
Herato15 Herato1507 12662220.0 8225000.0 0.129897855813 0.119834498517 0.129799049627 0.13949037596
Herato15 Herato1507 12712220.0 8275000.0 0.1893405254 0.1782563886 0.1896275384 0.1987851014
Herato15 Herato1507 12762220.0 8325000.0 0.15570027794 0.13602364614 0.157418698469 0.172827263634
Herato15 Herato1507 12812220.0 8375000.0 0.111161212223 0.0987099473762 0.109017993044 0.126505741216
Herato15 Herato1507 12862220.0 8425000.0 0.17478531914 0.16414589908 0.17466864206 0.18351428178
Herato15 Herato1507 12912220.0 8475000.0 0.188385924426 0.169637416594 0.187410301296 0.20920223056
Herato15 Herato1507 12962220.0 8525000.0 0.225610361566 0.206418334764 0.226305705338 0.242472354374
Herato15 Herato1507 13012220.0 8575000.0 0.2404466614 0.225719558 0.2409577498 0.2520438266
Herato15 Herato1507 13062220.0 8625000.0 0.189677518439 0.17725342173 0.18907065894 0.202186967422
Herato15 Herato1507 13112220.0 8675000.0 0.147756316 0.141730844 0.1475270116 0.1567921128
Herato15 Herato1507 13162220.0 8725000.0 0.19649523312 0.181576160541 0.19592670766 0.21529703643
Herato15 Herato1507 13212220.0 8775000.0 0.1623211098 0.154971771 0.162298287 0.1684588464
Herato15 Herato1507 13262220.0 8825000.0 0.2199344846 0.209145379 0.220411673 0.2274651588
Herato15 Herato1507 13312220.0 8875000.0 0.150990220503 0.139658502695 0.152389997945 0.160960960112
Herato15 Herato1507 13362220.0 8925000.0 0.1343392072 0.1304451764 0.1338439564 0.1395733284
Herato15 Herato1507 13412220.0 8975000.0 0.1253706792 0.11941755 0.1262755508 0.1290558236
Herato15 Herato1507 13462220.0 9025000.0 0.10202219864 0.09901423778 0.1017337585 0.10535047618
Herato15 Herato1507 13512220.0 9075000.0 0.0934654128249 0.0860093840188 0.0931280980221 0.101904563776
Herato15 Herato1507 13562220.0 9125000.0 0.0931136370896 0.085156928559 0.0929042837408 0.102534006598
Herato15 Herato1507 13612220.0 9175000.0 0.112102709288 0.101367990306 0.111562487744 0.122837898052
Herato15 Herato1507 13662220.0 9225000.0 0.144402071725 0.137647080697 0.143372690864 0.155952184037
Herato15 Herato1507 13712220.0 9275000.0 0.113225770025 0.100917191197 0.11325268877 0.125265334715
Herato15 Herato1507 13762220.0 9325000.0 0.13028030674 0.104472365446 0.134058652508 0.156927045974
Herato15 Herato1507 13812220.0 9375000.0 0.126222497028 0.101725948959 0.120111922584 0.158033581728
Herato15 Herato1507 13862220.0 9425000.0 0.15186632268 0.13554971254 0.15390313844 0.1705761167
Herato15 Herato1507 13912220.0 9475000.0 0.0825872215419 0.0710995901703 0.0816175833352 0.0986016018256
Herato15 Herato1507 13962220.0 9525000.0 0.069384637508 0.06475063974 0.069350149894 0.075139775708
Herato15 Herato1507 14012220.0 9575000.0 0.071943452659 0.068129294972 0.0714408696332 0.077224287734
Herato15 Herato1507 14062220.0 9625000.0 0.09940263012 0.092765629456 0.099075094094 0.10747176758
Herato15 Herato1507 14112220.0 9675000.0 0.135667151 0.1293125756 0.1362794398 0.141116086
Herato15 Herato1507 14162220.0 9725000.0 0.138056389288 0.128380932032 0.138285211202 0.148621323614
Herato15 Herato1507 14212220.0 9775000.0 0.16376259714 0.1539921667 0.16284835642 0.1760712971
Herato15 Herato1507 14262220.0 9825000.0 0.21165125894 0.197197727812 0.210585143406 0.22692854059
Herato15 Herato1507 14312220.0 9875000.0 0.116802143602 0.10972168606 0.116151497901 0.127145000698
Herato15 Herato1507 14362220.0 9925000.0 0.068386960474 0.0600612741 0.067452564552 0.08029844271
Herato15 Herato1507 14412220.0 9975000.0 0.12228832094 0.10890775344 0.1218462398 0.14194674556
Herato15 Herato1507 14462220.0 10025000.0 0.0635432845818 0.0582987441352 0.0633795918636 0.069142023306
Herato15 Herato1507 14512220.0 10075000.0 0.053409726116 0.0443706527883 0.0535842261112 0.06659143864
Herato15 Herato1507 14562220.0 10125000.0 0.10529455512 0.0974931857114 0.104762525778 0.116758258728
Herato15 Herato1507 14612220.0 10175000.0 0.171672504864 0.156373575705 0.171978326271 0.190353084818
Herato15 Herato1507 14662220.0 10225000.0 0.17231895044 0.16297327044 0.17176017616 0.18352737812
Herato15 Herato1507 14712220.0 10275000.0 0.141845337522 0.132488275224 0.14190499196 0.151363923956
Herato15 Herato1507 14762220.0 10325000.0 0.10372574736 0.0990885164 0.10354699296 0.10878748976
Herato15 Herato1507 14812220.0 10375000.0 0.117969870766 0.108801405991 0.117193832227 0.129553631702
Herato15 Herato1507 14862220.0 10425000.0 0.135606469656 0.121276587048 0.134949328899 0.155131283963
Herato15 Herato1507 14912220.0 10475000.0 0.09130588064 0.080775516484 0.0908802638294 0.106073524526
Herato15 Herato1507 14962220.0 10525000.0 0.095618614358 0.0738662137629 0.0966877547021 0.114517799664
Herato15 Herato1507 15012220.0 10575000.0 0.07627782452 0.0711997431 0.07629924878 0.08160709188
Herato15 Herato1507 15062220.0 10625000.0 0.07228378292 0.06638962104 0.07207040228 0.07958602974
Herato15 Herato1507 15112220.0 10675000.0 0.105869920636 0.0881821850485 0.105634615285 0.129503478737
Herato15 Herato1507 15162220.0 10725000.0 0.0465552304628 0.0428701946186 0.0466204787955 0.0515030322161
Herato15 Herato1507 15212220.0 10775000.0 0.177798400621 0.130617109485 0.177901223379 0.211951439998
Herato15 Herato1507 15238216.5 10825000.0 0.373568820873 0.352102579027 0.373088670346 0.409978283994
Herato15 Herato1508 15264214.0 25000.0 0.22895393026 0.20676626642 0.23138773258 0.25110562368
Herato15 Herato1508 15298419.5 75000.0 0.0552547811091 0.050532586986 0.0559113783064 0.0594759248275
Herato15 Herato1509 15332626.0 25000.0 0.13064120153 0.117309070696 0.129893435246 0.14626439718
Herato15 Herato1509 15358525.0 75000.0 0.162248820912 0.155380222469 0.162361757508 0.170113314794
Herato15 Herato1510 15384425.0 25000.0 0.16967910832 0.16396470436 0.16977964456 0.1764298849
Herato15 Herato1510 15424923.0 75000.0 0.200707231901 0.197917982966 0.200895160021 0.204574594786
Herato15 Herato1511 15464541.0 25000.0 0.286671565985 0.26596680646 0.28431290663 0.311706159459
Herato15 Herato1512 15513661.0 25000.0 0.323233495 0.3049070326 0.3235099206 0.3465913598
Herato15 Herato1512 15563661.0 75000.0 0.207096057652 0.162452149556 0.209381213992 0.235905397038
Herato15 Herato1512 15613661.0 125000.0 0.2178565125 0.17349778698 0.2191904836 0.25646542124
Herato15 Herato1512 15663661.0 175000.0 0.18042064225 0.145370148274 0.176312145916 0.228030555528
Herato15 Herato1512 15713661.0 225000.0 0.2093943985 0.19163444756 0.20832873058 0.23065973366
Herato15 Herato1512 15763661.0 275000.0 0.27620097716 0.2554921904 0.27755632336 0.28722331402
Herato15 Herato1512 15813661.0 325000.0 0.29720545214 0.27333906738 0.29680429564 0.3228971592
Herato15 Herato1512 15863661.0 375000.0 0.32218331981 0.296760910976 0.322382166542 0.34719895332
Herato15 Herato1512 15913661.0 425000.0 0.36094231216 0.31048075628 0.35950896352 0.41765072272
Herato15 Herato1512 15939105.0 475000.0 0.159285945946 0.148578783784 0.159244324324 0.170898378378
Herato15 Herato1513 15964550.0 25000.0 0.34715122364 0.2988920251 0.34809134084 0.39644703456
Herato15 Herato1513 16007307.5 75000.0 0.194390707025 0.164093459102 0.194354559482 0.21112771871
Herato15 Herato1514 16050066.0 25000.0 0.1361306434 0.12106328342 0.1353403024 0.1489968726
Herato15 Herato1514 16084722.5 75000.0 0.125951143385 0.059434914381 0.129679743095 0.200798789209
Herato15 Herato1515 16106380.5 25000.0 0.156119982174 0.140529908225 0.157454620307 0.162091164509
Herato15 Herato1516 16138060.5 25000.0 0.188002459003 0.171881978888 0.187913076848 0.199946497701
Herato15 Herato1517 16167636.5 25000.0 0.148086469563 0.127591996373 0.142399139741 0.189269601525
Herato15 Herato1518 16184551.5 25000.0 0.118547885999 0.112141520485 0.11799561311 0.126219458497
Herato15 Herato1519 16197072.0 25000.0 0.115892777172 0.109629894584 0.115352873501 0.123392529989
Herato15 Herato1520 16209735.5 25000.0 0.370993909538 0.334973607863 0.368008000894 0.412611575714
Herato15 Herato1521 16240019.5 25000.0 0.271256775518 0.223133180406 0.275063927977 0.303027073781
Herato15 Herato1522 16271812.0 25000.0 0.13297816484 0.107096433095 0.134153035241 0.152632831353
Herato15 Herato1523 16290963.0 25000.0 0.283166723595 0.251921937315 0.287341573323 0.299714624559
Herato15 Herato1524 16326445.0 25000.0 0.199852921756 0.167359977932 0.2026968006 0.238976047438
Herato15 Herato1524 16376445.0 75000.0 0.3556395949 0.330528037122 0.35309012604 0.38899777082
Herato15 Herato1524 16426445.0 125000.0 0.24263479728 0.197122756753 0.232979559879 0.323867655406
Herato15 Herato1524 16476445.0 175000.0 0.258161336654 0.232126007448 0.25014362448 0.30905447204
Herato15 Herato1524 16526445.0 225000.0 0.290157951796 0.251187421836 0.290984565636 0.326946738794
Herato15 Herato1524 16576445.0 275000.0 0.25398122018 0.22240025892 0.25099466722 0.29687457934
Herato15 Herato1524 16626445.0 325000.0 0.2636235306 0.256459758 0.262206062 0.2783484126
Herato15 Herato1524 16676445.0 375000.0 0.4389356212 0.40879926538 0.43968003184 0.46870777488
Herato15 Herato1524 16726445.0 425000.0 0.122424516526 0.110741543488 0.12232026957 0.134973199718
Herato15 Herato1524 16776445.0 475000.0 0.0479291540332 0.0391533487172 0.0493574893542 0.05812032105
Herato15 Herato1524 16826445.0 525000.0 0.13208459688 0.12359243784 0.13219477074 0.14079635284
Herato15 Herato1524 16876445.0 575000.0 0.157476188607 0.140765451593 0.156917233033 0.178720032438
Herato15 Herato1524 16926445.0 625000.0 0.19606838728 0.17583812428 0.1952817759 0.21987826304
Herato15 Herato1524 16976445.0 675000.0 0.20719533575 0.183643895288 0.20503034681 0.23852167606
Herato15 Herato1524 17026445.0 725000.0 0.110985341519 0.095350926449 0.11056288038 0.12964348241
Herato15 Herato1524 17076445.0 775000.0 0.052509081724 0.045386076374 0.052032457664 0.061106185438
