chrom scaffold Cposition position mean p0025 p0500 p0975
Herato03 Herato0301 25001.0 25000.0 0.044075379049 0.0279936283508 0.0428701263521 0.071707183448
Herato03 Herato0301 75001.0 75000.0 0.0102313421416 0.0086405312102 0.0101912561508 0.0120669688666
Herato03 Herato0301 125001.0 125000.0 0.0103387731586 0.00881291006451 0.0102772221424 0.012182291352
Herato03 Herato0301 175001.0 175000.0 0.0108354032742 0.00911787834266 0.0108015458312 0.0128723717416
Herato03 Herato0301 225001.0 225000.0 0.0126540724938 0.00537705763463 0.0127692078235 0.0228371765868
Herato03 Herato0301 275001.0 275000.0 0.0242993506046 0.0103815243068 0.0230304194213 0.0489914242632
Herato03 Herato0301 325001.0 325000.0 0.0119673845866 0.0104367068878 0.011870958064 0.013681482503
Herato03 Herato0301 375001.0 375000.0 0.014284817494 0.0109349196895 0.0140959039143 0.019049341188
Herato03 Herato0301 425001.0 425000.0 0.0099436363666 0.00864250912502 0.009884545674 0.011703610044
Herato03 Herato0301 475001.0 475000.0 0.0288403238879 0.0184790345167 0.0271807681966 0.0472048302123
Herato03 Herato0301 525001.0 525000.0 0.0141860394672 0.008533643308 0.0139330564734 0.0209422396088
Herato03 Herato0301 575001.0 575000.0 0.0985933970712 0.0327205041262 0.085927870315 0.226150151955
Herato03 Herato0301 625001.0 625000.0 0.0732452813384 0.0362904113933 0.0688138836819 0.144651211892
Herato03 Herato0301 675001.0 675000.0 0.0169361120541 0.00906114525851 0.0159404326994 0.0308847882208
Herato03 Herato0301 725001.0 725000.0 0.0244914726772 0.0133119528529 0.0228632635206 0.0456557231908
Herato03 Herato0301 775001.0 775000.0 0.0256392083454 0.0139328703698 0.0254545441506 0.042472807943
Herato03 Herato0301 825001.0 825000.0 0.0341812126138 0.0215131168744 0.0328669027074 0.0546237506586
Herato03 Herato0301 875001.0 875000.0 0.0195463128389 0.0125693008349 0.0189118782964 0.028979941865
Herato03 Herato0301 925001.0 925000.0 0.039377148042 0.0284494499784 0.0377629457012 0.0573248633692
Herato03 Herato0301 975001.0 975000.0 0.07369004458 0.062477729108 0.068151600056 0.09799655224
Herato03 Herato0301 1025001.0 1025000.0 0.052574752338 0.0423806589556 0.055920857876 0.061213630496
Herato03 Herato0301 1075001.0 1075000.0 0.0968860502 0.09459232476 0.09677251142 0.10065004824
Herato03 Herato0301 1125001.0 1125000.0 0.0775608331258 0.0657784947713 0.0777349944844 0.0890157568162
Herato03 Herato0301 1175001.0 1175000.0 0.0684116384149 0.049743969541 0.066387532295 0.101221617868
Herato03 Herato0301 1225001.0 1225000.0 0.0729497239365 0.0404988511596 0.0687214838908 0.136320695737
Herato03 Herato0301 1275001.0 1275000.0 0.0118332356442 0.0100509932404 0.0117131430144 0.0140572632681
Herato03 Herato0301 1325001.0 1325000.0 0.006888951988 0.00570023059196 0.00675330228296 0.0087144978396
Herato03 Herato0301 1375001.0 1375000.0 0.015790112298 0.0102611455885 0.0151007471482 0.0265294875358
Herato03 Herato0301 1425001.0 1425000.0 0.00246719582178 0.00212730756904 0.00245639648586 0.0028502177728
Herato03 Herato0301 1475001.0 1475000.0 0.00476514166984 0.00330025503726 0.00474422396354 0.00661169387772
Herato03 Herato0301 1525001.0 1525000.0 0.0148950886612 0.0122325621944 0.0148140031004 0.0180953616562
Herato03 Herato0301 1575001.0 1575000.0 0.00782063277292 0.00723281951994 0.00780296877658 0.0084776023692
Herato03 Herato0301 1625001.0 1625000.0 0.00899902312356 0.00805625099362 0.00894897632374 0.010105992346
Herato03 Herato0301 1675001.0 1675000.0 0.025635886763 0.0225764569739 0.0254568603016 0.0314103459212
Herato03 Herato0301 1725001.0 1725000.0 0.0287306144402 0.0239187221354 0.028475145326 0.0349743160872
Herato03 Herato0301 1775001.0 1775000.0 0.0122200012467 0.0110744638851 0.0121693184359 0.0138498585547
Herato03 Herato0301 1825001.0 1825000.0 0.0117453354491 0.0105235078989 0.0117487777026 0.0130961248942
Herato03 Herato0301 1875001.0 1875000.0 0.010673621725 0.00901197195542 0.0106116248458 0.012641313668
Herato03 Herato0301 1925001.0 1925000.0 0.00693108566098 0.00630363807398 0.00686551758386 0.0076903631212
Herato03 Herato0301 1975001.0 1975000.0 0.0200094587241 0.0157422250456 0.0201688690767 0.0247775211177
Herato03 Herato0301 2025001.0 2025000.0 0.0576746994064 0.0152328396327 0.0549871501482 0.109134887613
Herato03 Herato0301 2075001.0 2075000.0 0.0116550266904 0.00957011187848 0.0115916211641 0.0142142769721
Herato03 Herato0301 2125001.0 2125000.0 0.0158840706496 0.0086333201352 0.0154650205384 0.0260563639712
Herato03 Herato0301 2175001.0 2175000.0 0.0077134588941 0.00637438678521 0.00762781552414 0.0097438772391
Herato03 Herato0301 2225001.0 2225000.0 0.0095315453782 0.00769904157155 0.0094677911767 0.0118515018338
Herato03 Herato0301 2275001.0 2275000.0 0.033976918357 0.0257693562021 0.030032463413 0.0556474896132
Herato03 Herato0301 2325001.0 2325000.0 0.041422955054 0.0342909941226 0.0407548390932 0.049731731728
Herato03 Herato0301 2375001.0 2375000.0 0.036857584884 0.027676964898 0.035814349666 0.046306571048
Herato03 Herato0301 2425001.0 2425000.0 0.0332818338822 0.0280306753976 0.0328535061674 0.0409441184666
Herato03 Herato0301 2475001.0 2475000.0 0.0363416060537 0.0164583696876 0.0197091745 0.0899996995884
Herato03 Herato0301 2525001.0 2525000.0 0.0198143735692 0.0149872399686 0.0193954987268 0.026460022784
Herato03 Herato0301 2575001.0 2575000.0 0.0105368312013 0.0083876818133 0.0104468974727 0.0131997219768
Herato03 Herato0301 2625001.0 2625000.0 0.0097573366398 0.0081587420624 0.0096378103848 0.011871972991
Herato03 Herato0301 2675001.0 2675000.0 0.0273841287234 0.0226035666362 0.0272471034016 0.03318229139
Herato03 Herato0301 2725001.0 2725000.0 0.0160666870068 0.009872272459 0.0157577348344 0.025055087434
Herato03 Herato0301 2775001.0 2775000.0 0.0331551008267 0.023646353271 0.032557570713 0.0473427028971
Herato03 Herato0301 2825001.0 2825000.0 0.0158745412131 0.0124786651445 0.0156849146046 0.0201671908132
Herato03 Herato0301 2875001.0 2875000.0 0.00596004540018 0.0050246202272 0.0059619375405 0.00701709001118
Herato03 Herato0301 2925001.0 2925000.0 0.0052689702161 0.00468036336436 0.0052373511598 0.00598913308692
Herato03 Herato0301 2975001.0 2975000.0 0.0474356403496 0.0054258898874 0.0301297524294 0.19031372489
Herato03 Herato0301 3025001.0 3025000.0 0.003332148166 0.0028449446886 0.0032941961596 0.0040916120882
Herato03 Herato0301 3075001.0 3075000.0 0.0081263120344 0.0067560165803 0.00803081184654 0.0099146320064
Herato03 Herato0301 3125001.0 3125000.0 0.0192196827726 0.0169584744523 0.0191763823936 0.0220636969412
Herato03 Herato0301 3175001.0 3175000.0 0.0945494404854 0.0203645423794 0.0911681759858 0.225813862843
Herato03 Herato0301 3225001.0 3225000.0 0.0081536549778 0.00725945057732 0.0081184582736 0.0092528431206
Herato03 Herato0301 3275001.0 3275000.0 0.03098990238 0.0176582369347 0.0303384411692 0.052441218399
Herato03 Herato0301 3325001.0 3325000.0 0.0228285797256 0.0173761644911 0.0226145492596 0.029042750588
Herato03 Herato0301 3375001.0 3375000.0 0.0138527047648 0.0120830433276 0.013805901595 0.0158186155198
Herato03 Herato0301 3425001.0 3425000.0 0.00288065808862 0.00266740109192 0.00286389826664 0.00318053593142
Herato03 Herato0301 3475001.0 3475000.0 0.028294823882 0.02238164441 0.028258858832 0.036860972464
Herato03 Herato0301 3525001.0 3525000.0 0.0294186157686 0.0252597843202 0.0294987575352 0.0325880513672
Herato03 Herato0301 3575001.0 3575000.0 0.0225668135246 0.020356625263 0.022570718557 0.0250427203452
Herato03 Herato0301 3625001.0 3625000.0 0.022750696746 0.021069572972 0.022684707202 0.024784483248
Herato03 Herato0301 3675001.0 3675000.0 0.0412197845572 0.0298607669194 0.0394778637104 0.0620006258858
Herato03 Herato0301 3725001.0 3725000.0 0.0470141968894 0.0334210230769 0.0457709430252 0.068082322756
Herato03 Herato0301 3775001.0 3775000.0 0.0147187140592 0.0131380001233 0.0145143703644 0.0170276133522
Herato03 Herato0301 3825001.0 3825000.0 0.021472485171 0.0178977770704 0.021304779659 0.0258084089828
Herato03 Herato0301 3875001.0 3875000.0 0.0280560257176 0.0234637754961 0.0275859923853 0.0356884307274
Herato03 Herato0301 3925001.0 3925000.0 0.0615780209236 0.0327269121367 0.05851012656 0.103030108466
Herato03 Herato0301 3975001.0 3975000.0 0.019835403334 0.017634010198 0.019764084578 0.022662828808
Herato03 Herato0301 4025001.0 4025000.0 0.0276119276566 0.025543453958 0.0274836885368 0.029708529074
Herato03 Herato0301 4075001.0 4075000.0 0.0244457213156 0.0215566977385 0.024262771925 0.0280792392732
Herato03 Herato0301 4125001.0 4125000.0 0.020680239864 0.018824486382 0.020776431714 0.022839579754
Herato03 Herato0301 4175001.0 4175000.0 0.0329656238906 0.0271719270825 0.0328930111888 0.0396134028712
Herato03 Herato0301 4225001.0 4225000.0 0.032373880816 0.0308694383277 0.032117836897 0.034796309012
Herato03 Herato0301 4275001.0 4275000.0 0.0477179 0.04442430612 0.04784216016 0.05176364144
Herato03 Herato0301 4325001.0 4325000.0 0.0267344006597 0.0207770546485 0.0266835074839 0.0336494157479
Herato03 Herato0301 4375001.0 4375000.0 0.020308926154 0.018469764324 0.020287071878 0.022171029522
Herato03 Herato0301 4425001.0 4425000.0 0.0272629373476 0.0241818994206 0.0272039392386 0.03038294699
Herato03 Herato0301 4475001.0 4475000.0 0.0177964122508 0.0153086907497 0.0178148273157 0.0203642926412
Herato03 Herato0301 4525001.0 4525000.0 0.03217518746 0.026200890904 0.03342518904 0.038248107208
Herato03 Herato0301 4575001.0 4575000.0 0.0158402837948 0.01417767488 0.0157875901766 0.017819460516
Herato03 Herato0301 4625001.0 4625000.0 0.0193614568813 0.0173067194339 0.0192453173214 0.0210591903236
Herato03 Herato0301 4675001.0 4675000.0 0.027425586232 0.0167399483956 0.02438111573 0.0546765001436
Herato03 Herato0301 4725001.0 4725000.0 0.022499524318 0.020136572906 0.022305842714 0.02544008881
Herato03 Herato0301 4775001.0 4775000.0 0.0245886646224 0.022662159938 0.0244850522162 0.0266560278192
Herato03 Herato0301 4825001.0 4825000.0 0.03692425293 0.0304524323576 0.036274344354 0.050711069492
Herato03 Herato0301 4875001.0 4875000.0 0.02998204345 0.024074922628 0.029789358222 0.037447283902
Herato03 Herato0301 4925001.0 4925000.0 0.036742124838 0.03210896342 0.036663584642 0.04291010026
Herato03 Herato0301 4975001.0 4975000.0 0.0384618022388 0.0317489671432 0.038264408725 0.04576153864
Herato03 Herato0301 5004950.0 5025000.0 0.0580368624975 0.0209661277026 0.0593365502122 0.0750331064862
Herato03 Herato0302 5034900.0 25000.0 0.0187480074124 0.0150496551153 0.0184985732302 0.0235899742513
Herato03 Herato0302 5073145.0 75000.0 0.0187768840695 0.0158930285768 0.0185398548509 0.0214807729332
Herato03 Herato0303 5111391.0 25000.0 0.0615564475608 0.0451746824031 0.0600391154518 0.086618433854
Herato03 Herato0303 5161391.0 75000.0 0.026938269328 0.022174541004 0.026838350862 0.032425279644
Herato03 Herato0303 5211391.0 125000.0 0.035462391108 0.0213761006118 0.033450748864 0.061501667922
Herato03 Herato0303 5258023.0 175000.0 0.0745146449212 0.0391830699664 0.0644787141148 0.212696469106
Herato03 Herato0304 5304656.0 25000.0 0.025123786698 0.0222330263664 0.0250819212592 0.029623133244
Herato03 Herato0304 5354656.0 75000.0 0.03490204952 0.02806785886 0.03450543478 0.0432719302
Herato03 Herato0304 5383432.0 125000.0 0.0340076536017 0.0239554131356 0.0339789300847 0.0375039989407
Herato03 Herato0305 5412209.0 25000.0 0.0288845567474 0.0200520635004 0.0290839079032 0.0321521457498
Herato03 Herato0305 5443238.0 75000.0 0.0755719586565 0.0639132854444 0.0749848123337 0.0896556544601
Herato03 Herato0306 5461528.0 25000.0 0.0813076686827 0.0690332146452 0.0809940647512 0.0953946810196
Herato03 Herato0307 5498789.0 25000.0 0.042777298907 0.0374302834714 0.0425047485054 0.048412288134
Herato03 Herato0307 5548789.0 75000.0 0.05581782688 0.0327318917442 0.06160031774 0.07874395868
Herato03 Herato0307 5598789.0 125000.0 0.0636668796328 0.0435493441782 0.0536409108778 0.0988451338544
Herato03 Herato0307 5626970.0 175000.0 0.0192470323827 0.0141192039626 0.0192479688658 0.0261414581012
Herato03 Herato0308 5655152.0 25000.0 0.0493102649978 0.0429218604703 0.0492214546619 0.0572211733496
Herato03 Herato0308 5705152.0 75000.0 0.0522510312596 0.045989834558 0.0522230283188 0.0597297909848
Herato03 Herato0308 5751256.5 125000.0 0.0360514633609 0.0302354736431 0.0338863479116 0.0452438949039
Herato03 Herato0309 5797362.0 25000.0 0.02780121534 0.02635793374 0.02777237228 0.0297707613
Herato03 Herato0309 5847362.0 75000.0 0.0871443533 0.0769744447 0.08722926358 0.09661888172
Herato03 Herato0309 5897362.0 125000.0 0.0843531894792 0.0805822776721 0.0845103923563 0.0885105850238
Herato03 Herato0309 5937708.0 175000.0 0.0243082376515 0.0232008567053 0.0243031298058 0.0255831559364
Herato03 Herato0310 5978055.0 25000.0 0.0295271445132 0.0280901732099 0.0295525041245 0.0313682035522
Herato03 Herato0310 6028055.0 75000.0 0.028193079696 0.0207029902287 0.0271517427595 0.040172804766
Herato03 Herato0310 6078055.0 125000.0 0.028273938556 0.0221788085 0.027908487608 0.03743982523
Herato03 Herato0310 6128055.0 175000.0 0.024441872125 0.0211625332864 0.0244549144148 0.0280677730232
Herato03 Herato0310 6178055.0 225000.0 0.01877278256 0.015485993728 0.018700817364 0.022620480346
Herato03 Herato0310 6228055.0 275000.0 0.0506037412436 0.0403799792834 0.0498479711766 0.0640230788212
Herato03 Herato0310 6278055.0 325000.0 0.065192676968 0.049759339654 0.064231549052 0.084703250942
Herato03 Herato0310 6328055.0 375000.0 0.030486017374 0.026206772724 0.03038532054 0.035470336028
Herato03 Herato0310 6378055.0 425000.0 0.028913436018 0.025879569042 0.02902209379 0.032529739062
Herato03 Herato0310 6428055.0 475000.0 0.0206345999324 0.0180585964516 0.020573237242 0.0233585155844
Herato03 Herato0310 6478055.0 525000.0 0.0291695718548 0.025193521092 0.0290428648252 0.033616185178
Herato03 Herato0310 6528055.0 575000.0 0.0268649853466 0.0244830830925 0.0268940441474 0.0296197692382
Herato03 Herato0310 6578055.0 625000.0 0.028840006554 0.020723676006 0.028015551258 0.041654133222
Herato03 Herato0310 6628055.0 675000.0 0.021755435086 0.021317350692 0.021804286152 0.022184138534
Herato03 Herato0310 6678055.0 725000.0 0.031268087668 0.0293585638358 0.031253548194 0.033724353062
Herato03 Herato0310 6728055.0 775000.0 0.0501413342336 0.0378235100115 0.0485889749742 0.070476550094
Herato03 Herato0310 6778055.0 825000.0 0.020336747263 0.0153640360595 0.0199348246556 0.027051608218
Herato03 Herato0310 6828055.0 875000.0 0.018244606156 0.015317204106 0.01803322736 0.022337332944
Herato03 Herato0310 6878055.0 925000.0 0.033389783716 0.029893295028 0.033524549458 0.036410490342
Herato03 Herato0310 6928055.0 975000.0 0.0277345073452 0.019788097467 0.0264849545344 0.0425978122376
Herato03 Herato0310 6978055.0 1025000.0 0.020351257878 0.018609936234 0.020222963506 0.022467458026
Herato03 Herato0310 7028055.0 1075000.0 0.0223257217653 0.0190464887553 0.022279281466 0.0264699799673
Herato03 Herato0310 7078055.0 1125000.0 0.016345566314 0.0146194703244 0.0162119683553 0.0183180705636
Herato03 Herato0310 7128055.0 1175000.0 0.064078889142 0.054687102544 0.064186619406 0.076249833628
Herato03 Herato0310 7178055.0 1225000.0 0.015419667041 0.0141958435036 0.01549209107 0.016477221085
Herato03 Herato0310 7228055.0 1275000.0 0.023236633042 0.0196895724812 0.02317462613 0.02737322023
Herato03 Herato0310 7278055.0 1325000.0 0.0127018288087 0.0108900778331 0.0127461140801 0.0148203025105
Herato03 Herato0310 7328055.0 1375000.0 0.0100589689304 0.0081563608364 0.0099719697012 0.0127603964592
Herato03 Herato0310 7378055.0 1425000.0 0.0240161038066 0.0208813558142 0.0239802489832 0.027813059658
Herato03 Herato0310 7428055.0 1475000.0 0.0245514437998 0.0196093538895 0.0245072422238 0.030209258998
Herato03 Herato0310 7478055.0 1525000.0 0.0305831265823 0.026738986036 0.0304841443524 0.0350265792878
Herato03 Herato0310 7528055.0 1575000.0 0.0340482678687 0.0256146196425 0.0334598067209 0.0487490489504
Herato03 Herato0310 7578055.0 1625000.0 0.019662838562 0.0174647939924 0.019574436062 0.022191993821
Herato03 Herato0310 7628055.0 1675000.0 0.0263062982414 0.0229479443059 0.0263711089594 0.0290425135943
Herato03 Herato0310 7678055.0 1725000.0 0.032073201092 0.024593873136 0.031389056432 0.044088092112
Herato03 Herato0310 7728055.0 1775000.0 0.029379026878 0.026080742334 0.029191057324 0.033207207332
Herato03 Herato0310 7778055.0 1825000.0 0.01307790444 0.011494468228 0.0131548621 0.014680746836
Herato03 Herato0310 7828055.0 1875000.0 0.028027071852 0.0248106897588 0.028003391502 0.031336507472
Herato03 Herato0310 7878055.0 1925000.0 0.026886706462 0.024159231452 0.026691087888 0.030541955604
Herato03 Herato0310 7928055.0 1975000.0 0.0209297296672 0.0147644482668 0.0206444129538 0.0292881034802
Herato03 Herato0310 7978055.0 2025000.0 0.0189416126604 0.0180666849889 0.018939761067 0.0196145819862
Herato03 Herato0310 8028055.0 2075000.0 0.032054004916 0.03003911153 0.032123447306 0.033490536678
Herato03 Herato0310 8078055.0 2125000.0 0.0328470933152 0.0311572968986 0.0328870777832 0.034716982568
Herato03 Herato0310 8128055.0 2175000.0 0.0182750931948 0.0167009840518 0.0182373104834 0.0203105376142
Herato03 Herato0310 8178055.0 2225000.0 0.0210508598513 0.0181213793402 0.0208115096533 0.0240369363652
Herato03 Herato0310 8228055.0 2275000.0 0.025307817076 0.020610237518 0.025414482566 0.02967277146
Herato03 Herato0310 8278055.0 2325000.0 0.024786387458 0.021498818602 0.024627335722 0.028611073154
Herato03 Herato0310 8328055.0 2375000.0 0.0306725730563 0.0244428747568 0.0303848460451 0.0393514668171
Herato03 Herato0310 8378055.0 2425000.0 0.017757038684 0.01686078439 0.018021521774 0.018438364848
Herato03 Herato0310 8428055.0 2475000.0 0.036730132632 0.014710673644 0.027382852098 0.090055605526
Herato03 Herato0310 8478055.0 2525000.0 0.0242629960204 0.0215557449604 0.0241714707944 0.0273991805978
Herato03 Herato0310 8528055.0 2575000.0 0.0166301404608 0.015399704775 0.0166024181178 0.018279386538
Herato03 Herato0310 8578055.0 2625000.0 0.025669149454 0.020348554488 0.0253241188362 0.0325592375156
Herato03 Herato0310 8628055.0 2675000.0 0.0358727059568 0.019906285864 0.0373719681808 0.0505589461856
Herato03 Herato0310 8678055.0 2725000.0 0.022215710608 0.0162392374224 0.021716968892 0.03134959324
Herato03 Herato0310 8728055.0 2775000.0 0.020079075392 0.0180001631718 0.0200266754908 0.022406421032
Herato03 Herato0310 8778055.0 2825000.0 0.0238391930017 0.0155496237879 0.0238346825685 0.0322501203592
Herato03 Herato0310 8828055.0 2875000.0 0.049444222498 0.045482917586 0.04901808481 0.055458937296
Herato03 Herato0310 8878055.0 2925000.0 0.019890586562 0.0177351004108 0.0197792758356 0.022656606506
Herato03 Herato0310 8928055.0 2975000.0 0.043169401806 0.0344598637915 0.042165638053 0.059887031477
Herato03 Herato0310 8978055.0 3025000.0 0.0358158714 0.029869452826 0.035465838186 0.042835696688
Herato03 Herato0310 9028055.0 3075000.0 0.0417977409072 0.0309126150305 0.0347427780018 0.0724930771207
Herato03 Herato0310 9078055.0 3125000.0 0.026513197736 0.021323401178 0.02638235066 0.031812578158
Herato03 Herato0310 9128055.0 3175000.0 0.031402870718 0.0281526771534 0.0313387647748 0.034442198972
Herato03 Herato0310 9178055.0 3225000.0 0.0261710273236 0.0212259611742 0.025560423975 0.0323497320376
Herato03 Herato0310 9228055.0 3275000.0 0.021597183964 0.019742263612 0.021542155426 0.023557144698
Herato03 Herato0310 9278055.0 3325000.0 0.017719798704 0.0158484065712 0.0175566865478 0.0201171544118
Herato03 Herato0310 9328055.0 3375000.0 0.012467052642 0.0106166456475 0.0124004557223 0.0146576572338
Herato03 Herato0310 9378055.0 3425000.0 0.0221087593636 0.0192803144478 0.0218647716462 0.025969610476
Herato03 Herato0310 9428055.0 3475000.0 0.027623480488 0.025834513534 0.027544396688 0.029183718296
Herato03 Herato0310 9478055.0 3525000.0 0.0167071628752 0.0138251171384 0.0166814931696 0.019543873902
Herato03 Herato0310 9528055.0 3575000.0 0.0244822152602 0.0162109018508 0.0231044446261 0.04140024816
Herato03 Herato0310 9578055.0 3625000.0 0.0182729173664 0.0156377380336 0.0181682656143 0.0213810280984
Herato03 Herato0310 9628055.0 3675000.0 0.020755610096 0.0140112483174 0.02058248075 0.028989969832
Herato03 Herato0310 9678055.0 3725000.0 0.021593624232 0.019553111468 0.021683678864 0.023553597284
Herato03 Herato0310 9728055.0 3775000.0 0.038618003904 0.0335950540108 0.038590521786 0.044191352234
Herato03 Herato0310 9778055.0 3825000.0 0.0322693064124 0.0273425722881 0.032255997192 0.037956259484
Herato03 Herato0310 9828055.0 3875000.0 0.0385718784558 0.0338179665199 0.0386173066034 0.0435628291274
Herato03 Herato0310 9878055.0 3925000.0 0.039153457572 0.034516440778 0.038717255646 0.045710378376
Herato03 Herato0310 9928055.0 3975000.0 0.0601412696476 0.0496018731073 0.0602906905498 0.070705359208
Herato03 Herato0310 9978055.0 4025000.0 0.042265484004 0.037815853394 0.042398604058 0.046993932094
Herato03 Herato0310 10028055.0 4075000.0 0.0447440865556 0.0391974188218 0.0446010273462 0.0511238638672
Herato03 Herato0310 10078055.0 4125000.0 0.0428581269286 0.038596332476 0.0418000699602 0.0478112028892
Herato03 Herato0310 10128055.0 4175000.0 0.0377175903097 0.0334023540725 0.0375757756525 0.0425795605828
Herato03 Herato0310 10178055.0 4225000.0 0.034002286384 0.0292850749266 0.0340139499914 0.037990584678
Herato03 Herato0310 10228055.0 4275000.0 0.029185350852 0.023812067114 0.0289501917147 0.035678948032
Herato03 Herato0310 10278055.0 4325000.0 0.0440229324238 0.0289526927356 0.0423900313552 0.06892802117
Herato03 Herato0310 10328055.0 4375000.0 0.058426356796 0.0489842660443 0.0571568205208 0.0755870809056
Herato03 Herato0310 10378055.0 4425000.0 0.088902205526 0.057673407202 0.085886112514 0.133620129594
Herato03 Herato0310 10428055.0 4475000.0 0.0281116050486 0.0252727145337 0.0276371960922 0.036484133781
Herato03 Herato0310 10478055.0 4525000.0 0.0513356767774 0.0411843241553 0.050383697777 0.065222798637
Herato03 Herato0310 10528055.0 4575000.0 0.0481761868 0.035160631796 0.046902676542 0.069498858794
Herato03 Herato0310 10578055.0 4625000.0 0.0638903437042 0.0278161677978 0.0593283910146 0.136551468181
Herato03 Herato0310 10628055.0 4675000.0 0.0251563538097 0.0226167676126 0.025057532203 0.0277882207628
Herato03 Herato0310 10678055.0 4725000.0 0.04796589484 0.037895960272 0.04768080313 0.06056139874
Herato03 Herato0310 10728055.0 4775000.0 0.038705536312 0.0356627047031 0.038455533117 0.042079661312
Herato03 Herato0310 10778055.0 4825000.0 0.0676012337518 0.050290322493 0.0629010853376 0.104895547574
Herato03 Herato0310 10828055.0 4875000.0 0.03730469407 0.033934124314 0.037203887768 0.041181488622
Herato03 Herato0310 10878055.0 4925000.0 0.0545879377566 0.0388564350672 0.0515780201438 0.0839754228926
Herato03 Herato0310 10928055.0 4975000.0 0.069669008829 0.0650457884647 0.069410826151 0.074670388527
Herato03 Herato0310 10978055.0 5025000.0 0.055699408022 0.05239632292 0.055640760738 0.059557114374
Herato03 Herato0310 11028055.0 5075000.0 0.041494931376 0.03865994751 0.041763789098 0.043956239364
Herato03 Herato0310 11078055.0 5125000.0 0.04508368914 0.042408322 0.04495921764 0.04777296132
Herato03 Herato0310 11128055.0 5175000.0 0.0597031292 0.0556807772 0.05981607264 0.06329556772
Herato03 Herato0310 11178055.0 5225000.0 0.068437419834 0.0518821175491 0.0669695180772 0.093445027264
Herato03 Herato0310 11228055.0 5275000.0 0.0719016001414 0.0530351831223 0.0694765638188 0.104789959374
Herato03 Herato0310 11278055.0 5325000.0 0.06861700382 0.0578592996 0.06805119442 0.08134367942
Herato03 Herato0310 11328055.0 5375000.0 0.068193642942 0.0594694681231 0.068213109922 0.077600587402
Herato03 Herato0310 11378055.0 5425000.0 0.041344426838 0.033183505504 0.03826892882 0.07231329314
Herato03 Herato0310 11428055.0 5475000.0 0.065270542868 0.053127968738 0.064224778496 0.08413065466
Herato03 Herato0310 11478055.0 5525000.0 0.046884088942 0.0431194343922 0.046719521737 0.050905392116
Herato03 Herato0310 11528055.0 5575000.0 0.05586730098 0.043097232268 0.054763065584 0.074300249512
Herato03 Herato0310 11578055.0 5625000.0 0.05472761732 0.05053753526 0.0552750497 0.05886298332
Herato03 Herato0310 11628055.0 5675000.0 0.0620179701962 0.0580066094188 0.0617133226037 0.0672339924854
Herato03 Herato0310 11678055.0 5725000.0 0.044619880688 0.039781470246 0.044488367986 0.049352584744
Herato03 Herato0310 11728055.0 5775000.0 0.0382111111382 0.0331234406415 0.0380507797048 0.044781614074
Herato03 Herato0310 11778055.0 5825000.0 0.067869285708 0.062828503108 0.06790082578 0.074396117424
Herato03 Herato0310 11828055.0 5875000.0 0.06164497348 0.05742207248 0.06160100152 0.06529755258
Herato03 Herato0310 11878055.0 5925000.0 0.0451979809072 0.0380708578076 0.0446608637524 0.054337549042
Herato03 Herato0310 11928055.0 5975000.0 0.0694569985286 0.0526102025466 0.0677609032952 0.09658784283
Herato03 Herato0310 11978055.0 6025000.0 0.037242631856 0.03362311128 0.036993502662 0.042908127188
Herato03 Herato0310 12028055.0 6075000.0 0.0453708230634 0.0355089118603 0.045905668742 0.0541734886668
Herato03 Herato0310 12078055.0 6125000.0 0.0305730382297 0.0210691139449 0.0286199167429 0.0517476466294
Herato03 Herato0310 12128055.0 6175000.0 0.0460143651207 0.0400116792162 0.0458362520265 0.0530963134602
Herato03 Herato0310 12178055.0 6225000.0 0.0540142692925 0.0428499014548 0.0518235953118 0.0731127045932
Herato03 Herato0310 12228055.0 6275000.0 0.0652708617733 0.0483759002679 0.0641904883908 0.08640811921
Herato03 Herato0310 12278055.0 6325000.0 0.077130084105 0.0687217605163 0.077173003334 0.0863340461454
Herato03 Herato0310 12328055.0 6375000.0 0.071089470974 0.0615779698354 0.07075135121 0.08181337245
Herato03 Herato0310 12378055.0 6425000.0 0.0601444799266 0.0516533958771 0.0592562391334 0.069793517302
Herato03 Herato0310 12428055.0 6475000.0 0.0372558038264 0.0274477552228 0.0360939550204 0.053528293833
Herato03 Herato0310 12478055.0 6525000.0 0.0260108302587 0.0225414533978 0.0258203194816 0.0299713245502
Herato03 Herato0310 12528055.0 6575000.0 0.0654182473358 0.0392731783965 0.064776217058 0.090193828869
Herato03 Herato0310 12578055.0 6625000.0 0.039837263072 0.0315180053858 0.0391710192936 0.052298953586
Herato03 Herato0310 12628055.0 6675000.0 0.024776762633 0.0222271689497 0.0247335705364 0.027677734244
Herato03 Herato0310 12678055.0 6725000.0 0.021723688562 0.019046953724 0.021610961146 0.025130190602
Herato03 Herato0310 12728055.0 6775000.0 0.0329248407724 0.0148536980375 0.0313221824883 0.0625102053251
Herato03 Herato0310 12778055.0 6825000.0 0.0207459095486 0.0100404667041 0.018413212408 0.0434403288949
Herato03 Herato0310 12828055.0 6875000.0 0.0086928765724 0.00358276576539 0.00834626155902 0.017106516505
Herato03 Herato0310 12878055.0 6925000.0 0.0115881423967 0.00332250467818 0.00782813341394 0.0407590807822
Herato03 Herato0310 12928055.0 6975000.0 0.0171124348427 0.00887513074862 0.0150148726696 0.0377016894428
Herato03 Herato0310 12978055.0 7025000.0 0.03689940174 0.033123168694 0.037064839368 0.039850155632
Herato03 Herato0310 13028055.0 7075000.0 0.0796747642428 0.0462595445816 0.0767763800682 0.133343573652
Herato03 Herato0310 13078055.0 7125000.0 0.0326818895567 0.0301156662257 0.0326233120181 0.035143259034
Herato03 Herato0310 13128055.0 7175000.0 0.0447870244825 0.0380216751312 0.0441494452183 0.0553899522918
Herato03 Herato0310 13178055.0 7225000.0 0.033137228235 0.0262336683275 0.03250895327 0.0445644293288
Herato03 Herato0310 13228055.0 7275000.0 0.0305660866568 0.0187064604553 0.0280739673897 0.0537033016914
Herato03 Herato0310 13278055.0 7325000.0 0.0152038514403 0.00755392856346 0.0129743743222 0.0492209760428
Herato03 Herato0310 13328055.0 7375000.0 0.0263476108758 0.023363095099 0.025941436894 0.0303654938794
Herato03 Herato0310 13378055.0 7425000.0 0.0333361588586 0.0295921540161 0.0334031158046 0.0375395151368
Herato03 Herato0310 13428055.0 7475000.0 0.045700420424 0.039034483372 0.045820050116 0.053686652474
Herato03 Herato0310 13478055.0 7525000.0 0.0477105985702 0.0418197858481 0.0475672781362 0.053971824125
Herato03 Herato0310 13528055.0 7575000.0 0.045352851763 0.0405485826111 0.0452281310272 0.050621015175
Herato03 Herato0310 13578055.0 7625000.0 0.044108051288 0.040893402936 0.04391233021 0.04794969096
Herato03 Herato0310 13628055.0 7675000.0 0.0575028694862 0.0428633753225 0.056600193199 0.0773182474931
Herato03 Herato0310 13678055.0 7725000.0 0.035857030484 0.031413625912 0.035539749516 0.042044512614
Herato03 Herato0310 13728055.0 7775000.0 0.0438400450236 0.0387102545507 0.0438328468146 0.0495586600854
Herato03 Herato0310 13778055.0 7825000.0 0.0488402431778 0.0400370471802 0.0483851029382 0.059730529739
Herato03 Herato0310 13828055.0 7875000.0 0.07094924381 0.0534567212921 0.0691824667198 0.09713863735
Herato03 Herato0310 13878055.0 7925000.0 0.0524038724292 0.0455507262018 0.0524452865508 0.059960015604
Herato03 Herato0310 13928055.0 7975000.0 0.0423816255 0.0299052214998 0.0418036898482 0.0578932610256
Herato03 Herato0310 13978055.0 8025000.0 0.045939276696 0.037167580286 0.04524807556 0.062819208044
Herato03 Herato0310 14028055.0 8075000.0 0.038574912167 0.0296936894688 0.0364579954208 0.0577819471582
Herato03 Herato0310 14078055.0 8125000.0 0.0494884924816 0.043571394711 0.0500413424288 0.055790090656
Herato03 Herato0310 14128055.0 8175000.0 0.068949275904 0.063499996998 0.068881078426 0.075479510304
Herato03 Herato0310 14178055.0 8225000.0 0.0412196553908 0.036852425039 0.0408099466232 0.0487741482814
Herato03 Herato0310 14228055.0 8275000.0 0.0457349241172 0.0430255927673 0.0456211785454 0.0488701278618
Herato03 Herato0310 14278055.0 8325000.0 0.046528662513 0.0394319507345 0.0452470166942 0.055630224179
Herato03 Herato0310 14328055.0 8375000.0 0.036267581738 0.034344661888 0.036337021912 0.03808933305
Herato03 Herato0310 14378055.0 8425000.0 0.0762627620282 0.0464875938475 0.0725028997532 0.128737280311
Herato03 Herato0310 14428055.0 8475000.0 0.047385490398 0.042800287156 0.047420859504 0.052774549304
Herato03 Herato0310 14478055.0 8525000.0 0.0510461689402 0.0412290968842 0.0502031274753 0.0647796235988
Herato03 Herato0310 14528055.0 8575000.0 0.0237078414544 0.0205119971913 0.0236598740262 0.0272919951816
Herato03 Herato0310 14578055.0 8625000.0 0.019974681721 0.0181096727878 0.0199609881466 0.0220175135048
Herato03 Herato0310 14628055.0 8675000.0 0.109949683471 0.0364921410802 0.103026038913 0.226640560417
Herato03 Herato0310 14678055.0 8725000.0 0.0258453684498 0.0230625269623 0.0256210534436 0.028668899984
Herato03 Herato0310 14728055.0 8775000.0 0.0532223362442 0.0411309449981 0.05268661634 0.0707611991311
Herato03 Herato0310 14778055.0 8825000.0 0.0319290218136 0.0285154989774 0.0318360831802 0.0363128809094
Herato03 Herato0310 14828055.0 8875000.0 0.0422043388938 0.0301815163195 0.0402602782074 0.0636522682864
Herato03 Herato0310 14878055.0 8925000.0 0.057081912401 0.0407941691549 0.0558645822964 0.0832178134478
Herato03 Herato0310 14928055.0 8975000.0 0.0278905169099 0.0231211117446 0.0276984070041 0.0345937032415
Herato03 Herato0310 14978055.0 9025000.0 0.0313169642076 0.0233641114824 0.0307701426054 0.044570229359
Herato03 Herato0310 15028055.0 9075000.0 0.031237561152 0.025322995246 0.03008596987 0.044178895574
Herato03 Herato0310 15078055.0 9125000.0 0.040620237198 0.0269963023123 0.0360004971095 0.0720409268274
Herato03 Herato0310 15128055.0 9175000.0 0.0357885602734 0.0239908015528 0.0349117261304 0.0524257197825
Herato03 Herato0310 15178055.0 9225000.0 0.0737498274477 0.0448674547891 0.070624895003 0.115792885722
Herato03 Herato0310 15228055.0 9275000.0 0.0647409070451 0.0348337247201 0.0610116215153 0.116401702424
Herato03 Herato0310 15278055.0 9325000.0 0.0335350794204 0.0274794512194 0.0335392493746 0.0403943502465
Herato03 Herato0310 15328055.0 9375000.0 0.0886972540251 0.0465444119593 0.0842708912449 0.157925905372
Herato03 Herato0310 15378055.0 9425000.0 0.055879783751 0.0423451087451 0.0560563607416 0.074440339325
Herato03 Herato0310 15428055.0 9475000.0 0.055979534292 0.0420799024071 0.054219749284 0.0790231848292
Herato03 Herato0310 15478055.0 9525000.0 0.0622443022576 0.0375777787689 0.0583917363227 0.11020773758
Herato03 Herato0310 15528055.0 9575000.0 0.141724573984 0.0821715177002 0.130090900474 0.248341110891
Herato03 Herato0310 15578055.0 9625000.0 0.025356090186 0.0198071565338 0.025118806745 0.032974886508
Herato03 Herato0310 15628055.0 9675000.0 0.0362752753632 0.0201615837913 0.0349889399486 0.0607557311669
Herato03 Herato0310 15678055.0 9725000.0 0.0595184327705 0.0273215294971 0.0481151049784 0.155733429945
Herato03 Herato0310 15728055.0 9775000.0 0.0428579190968 0.03126087269 0.041911838117 0.061271448107
Herato03 Herato0310 15778055.0 9825000.0 0.03669673392 0.03514970298 0.03675873516 0.03846176922
Herato03 Herato0310 15828055.0 9875000.0 0.0583119411239 0.0498036731229 0.0580150816326 0.067676980617
Herato03 Herato0310 15878055.0 9925000.0 0.027588311871 0.0234712510233 0.0270128629904 0.0343566009912
Herato03 Herato0310 15928055.0 9975000.0 0.0523749086924 0.0425877011847 0.0519496445702 0.0653083392002
Herato03 Herato0310 15978055.0 10025000.0 0.0468418670705 0.0344008030612 0.0458372784751 0.0684026001682
Herato03 Herato0310 16028055.0 10075000.0 0.0392467038332 0.0322630580069 0.0386347588118 0.0489167526164
Herato03 Herato0310 16078055.0 10125000.0 0.0430980505352 0.025695443571 0.0393999111308 0.0846344293022
Herato03 Herato0310 16128055.0 10175000.0 0.0393583322709 0.0305692929714 0.0382819714618 0.0535555602793
Herato03 Herato0310 16178055.0 10225000.0 0.0400334739946 0.0299535431278 0.0391283398667 0.0558175756158
Herato03 Herato0310 16228055.0 10275000.0 0.014966087436 0.0129478724708 0.014781904326 0.01796798681
Herato03 Herato0310 16278055.0 10325000.0 0.0270805761316 0.0164386318366 0.0260251634971 0.041960162608
Herato03 Herato0310 16328055.0 10375000.0 0.0421041474086 0.017279650431 0.0393447118836 0.0805797484722
Herato03 Herato0310 16378055.0 10425000.0 0.0548948417289 0.0230796949757 0.0512589757946 0.107216307257
Herato03 Herato0310 16428055.0 10475000.0 0.0310301332927 0.0176090945131 0.0285776996933 0.0602478319986
Herato03 Herato0310 16478055.0 10525000.0 0.0171444180348 0.0140547611117 0.0171983027175 0.0200415986162
Herato03 Herato0310 16528055.0 10575000.0 0.042492621652 0.032051974348 0.041921492256 0.05598455226
