chrom scaffold Cposition position mean p0025 p0500 p0975
Herato01 Herato0101 25001.0 25000.0 0.014157065302 0.00731058792106 0.0118584051651 0.0410742954721
Herato01 Herato0101 75001.0 75000.0 0.0263663682194 0.0220824045472 0.0263545599932 0.0309678747374
Herato01 Herato0101 125001.0 125000.0 0.02871581349 0.0200839569072 0.027255785008 0.047703264274
Herato01 Herato0101 175001.0 175000.0 0.0360667244884 0.0242306448214 0.0328847099844 0.056558718118
Herato01 Herato0101 225001.0 225000.0 0.035323223662 0.0237123654186 0.034029847208 0.0525285951068
Herato01 Herato0101 275001.0 275000.0 0.038057410834 0.023415925114 0.035537627944 0.066264216174
Herato01 Herato0101 325001.0 325000.0 0.036998494244 0.0245945204248 0.034681729337 0.060153149359
Herato01 Herato0101 375001.0 375000.0 0.0296718869244 0.0270974235071 0.0295879085522 0.0328803025428
Herato01 Herato0101 425001.0 425000.0 0.02733189335 0.0247648802873 0.027142427874 0.03043499519
Herato01 Herato0101 475001.0 475000.0 0.0416892779312 0.0339495811917 0.0416541760616 0.0484009478128
Herato01 Herato0101 525001.0 525000.0 0.038823177008 0.031846876244 0.038023030186 0.049381310578
Herato01 Herato0101 575001.0 575000.0 0.040022603392 0.032869080826 0.04033898988 0.04774757523
Herato01 Herato0101 625001.0 625000.0 0.031318156073 0.0240563830117 0.0303883591763 0.0434643038192
Herato01 Herato0101 675001.0 675000.0 0.03770639853 0.0329287277768 0.0374412384708 0.0446592093516
Herato01 Herato0101 725001.0 725000.0 0.044378112494 0.039940219656 0.043966025096 0.050913911638
Herato01 Herato0101 775001.0 775000.0 0.042078079274 0.039298166068 0.041932206868 0.045221186202
Herato01 Herato0101 825001.0 825000.0 0.04081431358 0.036260450346 0.040850959606 0.045772044394
Herato01 Herato0101 875001.0 875000.0 0.07094335638 0.06334734612 0.07075665016 0.07906500566
Herato01 Herato0101 925001.0 925000.0 0.08320615422 0.07480666972 0.08366106136 0.08870220312
Herato01 Herato0101 975001.0 975000.0 0.07875456426 0.07382184058 0.07847634406 0.08848576116
Herato01 Herato0101 1025001.0 1025000.0 0.10567059732 0.095655751 0.10497855424 0.11713472126
Herato01 Herato0101 1075001.0 1075000.0 0.08720082204 0.08257618886 0.08661826568 0.09307901146
Herato01 Herato0101 1125001.0 1125000.0 0.092527352292 0.091240574798 0.092445390228 0.09415206494
Herato01 Herato0101 1175001.0 1175000.0 0.083809670184 0.06520903607 0.081877985462 0.1162335099
Herato01 Herato0101 1225001.0 1225000.0 0.06739532394 0.060385945676 0.067140598198 0.075842281992
Herato01 Herato0101 1275001.0 1275000.0 0.056115968018 0.050540078687 0.0559840590198 0.0623411384136
Herato01 Herato0101 1325001.0 1325000.0 0.045517776152 0.0421817618414 0.0453048993872 0.049153159177
Herato01 Herato0101 1375001.0 1375000.0 0.07754980494 0.0668719089558 0.076890314794 0.09190070296
Herato01 Herato0101 1425001.0 1425000.0 0.088020973978 0.080992763756 0.087618239606 0.094900729422
Herato01 Herato0101 1475001.0 1475000.0 0.076703263546 0.069364863714 0.07534595684 0.08532624056
Herato01 Herato0101 1525001.0 1525000.0 0.061489912762 0.0528144402386 0.061353439442 0.068652528502
Herato01 Herato0101 1575001.0 1575000.0 0.092884594704 0.0845579055847 0.0933698085416 0.10028597798
Herato01 Herato0101 1625001.0 1625000.0 0.080384702186 0.0684947916268 0.080121366308 0.090321209296
Herato01 Herato0101 1675001.0 1675000.0 0.048492321842 0.043192057186 0.0481233046 0.055473081682
Herato01 Herato0101 1725001.0 1725000.0 0.0661331043036 0.0605085246247 0.0657881537312 0.0717350559424
Herato01 Herato0101 1775001.0 1775000.0 0.09566565812 0.09200108078 0.09564436422 0.10053010282
Herato01 Herato0101 1825001.0 1825000.0 0.06660228014 0.064112339094 0.06639860666 0.06938950548
Herato01 Herato0101 1875001.0 1875000.0 0.07653018088 0.0706504078112 0.076230978848 0.083170776538
Herato01 Herato0101 1925001.0 1925000.0 0.0666203509 0.06121705631 0.066388425918 0.072310704374
Herato01 Herato0101 1975001.0 1975000.0 0.0634986008668 0.0569089567836 0.0631458430204 0.0720811623688
Herato01 Herato0101 2025001.0 2025000.0 0.075275829274 0.0709666678058 0.07526881119 0.079078444722
Herato01 Herato0101 2075001.0 2075000.0 0.07156038784 0.0677194832 0.07132685984 0.0749833217
Herato01 Herato0101 2125001.0 2125000.0 0.059692289128 0.0543181768564 0.05969198374 0.065967328668
Herato01 Herato0101 2175001.0 2175000.0 0.0229200184108 0.0189560980668 0.0227092035826 0.02888125559
Herato01 Herato0101 2225001.0 2225000.0 0.042389332648 0.0379691740618 0.042369245554 0.04736461613
Herato01 Herato0101 2275001.0 2275000.0 0.05012154178 0.042298631982 0.049987788196 0.059026518222
Herato01 Herato0101 2325001.0 2325000.0 0.066493927082 0.063159387262 0.066222558174 0.069820076418
Herato01 Herato0101 2375001.0 2375000.0 0.0826601445 0.07245144738 0.0827041822 0.09032545528
Herato01 Herato0101 2425001.0 2425000.0 0.051191547796 0.048269844156 0.050938097064 0.05405546181
Herato01 Herato0101 2475001.0 2475000.0 0.09205793529 0.081379831511 0.0913665844096 0.106366278971
Herato01 Herato0101 2525001.0 2525000.0 0.09444187102 0.090651960192 0.09397626298 0.101327079
Herato01 Herato0101 2575001.0 2575000.0 0.0925958614 0.08921832696 0.09272119528 0.09586789464
Herato01 Herato0101 2625001.0 2625000.0 0.0816314668634 0.0738137775671 0.080518767833 0.099870170876
Herato01 Herato0101 2675001.0 2675000.0 0.07282040054 0.06598173916 0.07288474392 0.07707388152
Herato01 Herato0101 2725001.0 2725000.0 0.0339339913153 0.0304236837908 0.0322301863422 0.0440527064532
Herato01 Herato0101 2775001.0 2775000.0 0.031860106007 0.0274121114082 0.0316050897174 0.0376990906584
Herato01 Herato0101 2825001.0 2825000.0 0.0700629008 0.0651722314 0.06995805716 0.0763337346
Herato01 Herato0101 2875001.0 2875000.0 0.0751987162 0.067958357994 0.075055181262 0.08252651348
Herato01 Herato0101 2925001.0 2925000.0 0.0758901392 0.07116025848 0.0760570316 0.08113444808
Herato01 Herato0101 2975001.0 2975000.0 0.08015183684 0.0731718531 0.07970625232 0.08800889394
Herato01 Herato0101 3025001.0 3025000.0 0.0942714944 0.08712813548 0.0945308891 0.10109124102
Herato01 Herato0101 3075001.0 3075000.0 0.05352996144 0.049580746206 0.05327002294 0.05753084212
Herato01 Herato0101 3125001.0 3125000.0 0.0786549463896 0.0743093295427 0.0785474950096 0.0831240091976
Herato01 Herato0101 3175001.0 3175000.0 0.110099045703 0.102081021624 0.10979150049 0.122878352481
Herato01 Herato0101 3225001.0 3225000.0 0.0966819352216 0.0891599706555 0.0974010974652 0.103316118116
Herato01 Herato0101 3275001.0 3275000.0 0.1012789359 0.09521576618 0.10204298006 0.10724736272
Herato01 Herato0101 3325001.0 3325000.0 0.08790870616 0.08380355156 0.08850674482 0.0914101256
Herato01 Herato0101 3375001.0 3375000.0 0.1177873985 0.111474109838 0.11793647792 0.12545452226
Herato01 Herato0101 3425001.0 3425000.0 0.111784582027 0.102924423394 0.111923397558 0.121036792334
Herato01 Herato0101 3475001.0 3475000.0 0.086951133192 0.083117552736 0.08622468122 0.100486577954
Herato01 Herato0101 3525001.0 3525000.0 0.096873902881 0.0884993038125 0.097025809196 0.104757907092
Herato01 Herato0101 3575001.0 3575000.0 0.133776610084 0.115500342667 0.132221455012 0.162062264896
Herato01 Herato0101 3625001.0 3625000.0 0.126596356644 0.118297967166 0.126884865638 0.134321093216
Herato01 Herato0101 3675001.0 3675000.0 0.116672475 0.1096606548 0.116852169 0.1227789456
Herato01 Herato0101 3725001.0 3725000.0 0.120894030476 0.114640964055 0.120799129093 0.127563208948
Herato01 Herato0101 3775001.0 3775000.0 0.13946374258 0.1295103678 0.13913105134 0.14886741028
Herato01 Herato0101 3825001.0 3825000.0 0.1012692758 0.09657073888 0.1014103692 0.102902562
Herato01 Herato0101 3875001.0 3875000.0 0.105620946453 0.0972150720796 0.105464011866 0.113980571333
Herato01 Herato0101 3925001.0 3925000.0 0.07621866386 0.070044917404 0.075944343412 0.08294061968
Herato01 Herato0101 3975001.0 3975000.0 0.059897024708 0.05551959786 0.05996495231 0.06592008302
Herato01 Herato0101 4025001.0 4025000.0 0.104934819217 0.0966182334568 0.105475472913 0.113991820312
Herato01 Herato0101 4075001.0 4075000.0 0.095578972726 0.092184164684 0.095075696204 0.10147478494
Herato01 Herato0101 4125001.0 4125000.0 0.095730252134 0.0920207481296 0.09516242184 0.101410048562
Herato01 Herato0101 4175001.0 4175000.0 0.08558003738 0.07143569252 0.08608559136 0.09547169868
Herato01 Herato0101 4225001.0 4225000.0 0.070960224975 0.0589832146298 0.0699372172896 0.088017315826
Herato01 Herato0101 4275001.0 4275000.0 0.067651448802 0.062640393164 0.06771361637 0.072559391538
Herato01 Herato0101 4325001.0 4325000.0 0.04737826612 0.04454966175 0.047183899556 0.050357241248
Herato01 Herato0101 4375001.0 4375000.0 0.044085928276 0.034666912468 0.04417030839 0.054455217526
Herato01 Herato0101 4425001.0 4425000.0 0.0491384974106 0.0440149444757 0.0491931503916 0.0537660258292
Herato01 Herato0101 4475001.0 4475000.0 0.1080882016 0.09967792888 0.10796108426 0.11639338716
Herato01 Herato0101 4525001.0 4525000.0 0.10675528912 0.09503739712 0.10628889208 0.1207940164
Herato01 Herato0101 4575001.0 4575000.0 0.12179670817 0.101353045924 0.120234427693 0.152182616835
Herato01 Herato0101 4625001.0 4625000.0 0.0930046695 0.0848546641467 0.0924357591488 0.103247544814
Herato01 Herato0101 4675001.0 4675000.0 0.102348470746 0.0913290354885 0.102080732728 0.1158874092
Herato01 Herato0101 4725001.0 4725000.0 0.059401846202 0.0564082043774 0.0588560566 0.063416060716
Herato01 Herato0101 4775001.0 4775000.0 0.064402053542 0.0537702367886 0.06425908267 0.076588637664
Herato01 Herato0101 4825001.0 4825000.0 0.0880741611571 0.0755565536375 0.0883960157798 0.103624592631
Herato01 Herato0101 4875001.0 4875000.0 0.085147868752 0.0784825862742 0.084868409397 0.0936241297518
Herato01 Herato0101 4925001.0 4925000.0 0.101224840588 0.096782569344 0.10103419539 0.106736029152
Herato01 Herato0101 4975001.0 4975000.0 0.09069393786 0.08015311516 0.0907480505 0.09920211492
Herato01 Herato0101 5025001.0 5025000.0 0.0741696521822 0.0623447405348 0.0738790339828 0.088118462202
Herato01 Herato0101 5075001.0 5075000.0 0.0577409306196 0.0485047204644 0.0575864568776 0.0659221686043
Herato01 Herato0101 5125001.0 5125000.0 0.0405782379854 0.0337637488988 0.0407301312458 0.047188287586
Herato01 Herato0101 5175001.0 5175000.0 0.024695390286 0.023087678484 0.024625615304 0.02686803293
Herato01 Herato0101 5225001.0 5225000.0 0.0409951039038 0.0378613752352 0.0407623970162 0.0451348910738
Herato01 Herato0101 5275001.0 5275000.0 0.052472271264 0.0445344019236 0.050927480572 0.0685512310516
Herato01 Herato0101 5325001.0 5325000.0 0.0470134984842 0.0398155337888 0.0491029888888 0.054333376442
Herato01 Herato0101 5375001.0 5375000.0 0.06314973932 0.05972761972 0.06296105712 0.06628142188
Herato01 Herato0101 5425001.0 5425000.0 0.073449540588 0.0657651549236 0.072862850336 0.084425701474
Herato01 Herato0101 5475001.0 5475000.0 0.074304773414 0.061941999082 0.071450544938 0.0902236623
Herato01 Herato0101 5525001.0 5525000.0 0.07064338884 0.057457327152 0.07272172002 0.08220409514
Herato01 Herato0101 5575001.0 5575000.0 0.043733426948 0.0401232804334 0.043657081836 0.047983038538
Herato01 Herato0101 5625001.0 5625000.0 0.0464971270693 0.0413067197726 0.0466467527634 0.0521275360308
Herato01 Herato0101 5675001.0 5675000.0 0.04651482834 0.042335918 0.04519337526 0.05231900948
Herato01 Herato0101 5725001.0 5725000.0 0.05603541602 0.05054212662 0.05407343776 0.0699439968
Herato01 Herato0101 5775001.0 5775000.0 0.076740642218 0.067202978128 0.07667772493 0.08792709242
Herato01 Herato0101 5825001.0 5825000.0 0.0272507365688 0.0244786731556 0.0270818065524 0.03051797019
Herato01 Herato0101 5875001.0 5875000.0 0.0463274071 0.04268032382 0.0460057239 0.05105413962
Herato01 Herato0101 5925001.0 5925000.0 0.054828662724 0.037818306588 0.047874416026 0.09428416441
Herato01 Herato0101 5975001.0 5975000.0 0.087727985234 0.0819306049329 0.088096142088 0.092304110196
Herato01 Herato0101 6025001.0 6025000.0 0.0611826009273 0.052844203046 0.0610029810451 0.072512182723
Herato01 Herato0101 6075001.0 6075000.0 0.0423576454021 0.0378294596057 0.0425374882988 0.0463871014273
Herato01 Herato0101 6125001.0 6125000.0 0.05893794752 0.05385676432 0.05914383712 0.0630690376
Herato01 Herato0101 6175001.0 6175000.0 0.0804534222 0.07378309866 0.08012966318 0.08645830918
Herato01 Herato0101 6225001.0 6225000.0 0.090566479695 0.0850823825252 0.0907748755612 0.096179052782
Herato01 Herato0101 6275001.0 6275000.0 0.127865059062 0.099996639812 0.12433848438 0.183688711274
Herato01 Herato0101 6325001.0 6325000.0 0.0485647204432 0.0420715983973 0.0487901009706 0.0557681377258
Herato01 Herato0101 6375001.0 6375000.0 0.05586338481 0.0519239410834 0.0557946974964 0.05937577626
Herato01 Herato0101 6425001.0 6425000.0 0.0403930692464 0.0360767767742 0.0400440278266 0.045384460494
Herato01 Herato0101 6475001.0 6475000.0 0.059117361168 0.05382552207 0.059002152398 0.06503541004
Herato01 Herato0101 6525001.0 6525000.0 0.07965930624 0.071794051832 0.079482116196 0.08922360982
Herato01 Herato0101 6575001.0 6575000.0 0.076308882002 0.070510116032 0.076271159204 0.082299542402
Herato01 Herato0101 6625001.0 6625000.0 0.069752405938 0.065139562666 0.069661873634 0.074898055204
Herato01 Herato0101 6675001.0 6675000.0 0.070408330508 0.064421358832 0.07057486106 0.0761353963
Herato01 Herato0101 6725001.0 6725000.0 0.049717163636 0.046755331586 0.049644292374 0.052939206874
Herato01 Herato0101 6775001.0 6775000.0 0.05597289882 0.039740573772 0.05640708034 0.07236023908
Herato01 Herato0101 6825001.0 6825000.0 0.060186891196 0.050662927838 0.059918817368 0.070000165742
Herato01 Herato0101 6875001.0 6875000.0 0.025088255474 0.019267837568 0.025377693366 0.031176787432
Herato01 Herato0101 6925001.0 6925000.0 0.052390995154 0.045608316664 0.051953783296 0.060979951734
Herato01 Herato0101 6975001.0 6975000.0 0.080193502972 0.056735708762 0.077868466192 0.11448689781
Herato01 Herato0101 7025001.0 7025000.0 0.0574617714188 0.052784751651 0.05752934574 0.0626976249826
Herato01 Herato0101 7075001.0 7075000.0 0.049553445904 0.043484158784 0.049318116066 0.057368018952
Herato01 Herato0101 7125001.0 7125000.0 0.03477355207 0.031748719404 0.034765972838 0.03846779388
Herato01 Herato0101 7175001.0 7175000.0 0.044116448928 0.038578428178 0.043813247444 0.050702221564
Herato01 Herato0101 7225001.0 7225000.0 0.060932503226 0.054787988864 0.06041771993 0.067452586054
Herato01 Herato0101 7275001.0 7275000.0 0.0656355944 0.049484875642 0.064172089138 0.094776387806
Herato01 Herato0101 7325001.0 7325000.0 0.09721432232 0.0885006177 0.09503608598 0.11327015336
Herato01 Herato0101 7375001.0 7375000.0 0.0561243481268 0.0505784390088 0.0557157335788 0.0644391032774
Herato01 Herato0101 7425001.0 7425000.0 0.063804408 0.05774897494 0.0637704142 0.07070332766
Herato01 Herato0101 7475001.0 7475000.0 0.067108541976 0.0631615033386 0.06720296671 0.070521228206
Herato01 Herato0101 7525001.0 7525000.0 0.0885324227594 0.0807969583772 0.0883451622016 0.0973775647044
Herato01 Herato0101 7575001.0 7575000.0 0.048593656174 0.0447542515487 0.0489834397308 0.051336722702
Herato01 Herato0101 7625001.0 7625000.0 0.052068150196 0.048216466598 0.051841251578 0.056512617734
Herato01 Herato0101 7675001.0 7675000.0 0.075606278916 0.07179171913 0.075325034534 0.079708556504
Herato01 Herato0101 7725001.0 7725000.0 0.07548189758 0.07274564556 0.07548616682 0.0773198375
Herato01 Herato0101 7775001.0 7775000.0 0.06307060414 0.06016126252 0.06285893744 0.06596821304
Herato01 Herato0101 7825001.0 7825000.0 0.0897876379972 0.0768931214942 0.088804743483 0.106258143879
Herato01 Herato0101 7875001.0 7875000.0 0.08597952834 0.08368824886 0.08573803096 0.08951836714
Herato01 Herato0101 7925001.0 7925000.0 0.087819329694 0.085653025392 0.087455486632 0.092355632356
Herato01 Herato0101 7975001.0 7975000.0 0.054140199988 0.051311767734 0.053860060806 0.058462006024
Herato01 Herato0101 8025001.0 8025000.0 0.0765152019788 0.0717008406382 0.0762276928338 0.0814637940316
Herato01 Herato0101 8075001.0 8075000.0 0.094355638183 0.090899436805 0.0943042378331 0.09858999955
Herato01 Herato0101 8125001.0 8125000.0 0.09327733408 0.07483498308 0.095392181362 0.10990155272
Herato01 Herato0101 8175001.0 8175000.0 0.094929734032 0.0864471248248 0.09500669007 0.104949302118
Herato01 Herato0101 8225001.0 8225000.0 0.08089230572 0.07628234362 0.081151236942 0.086104566696
Herato01 Herato0101 8275001.0 8275000.0 0.064074318538 0.056840655046 0.062454797716 0.073901858044
Herato01 Herato0101 8325001.0 8325000.0 0.070832353274 0.054983573898 0.06957714921 0.09376307857
Herato01 Herato0101 8375001.0 8375000.0 0.0911679067 0.08529878558 0.09060190206 0.09797659614
Herato01 Herato0101 8425001.0 8425000.0 0.0789878100712 0.0682406404154 0.0789349913424 0.092958230985
Herato01 Herato0101 8475001.0 8475000.0 0.08167591002 0.0777955619 0.0817026864 0.08596002018
Herato01 Herato0101 8525001.0 8525000.0 0.032856803652 0.028853977964 0.032565903364 0.037475176076
Herato01 Herato0101 8575001.0 8575000.0 0.096940858322 0.088742694662 0.097190934224 0.10535605374
Herato01 Herato0101 8625001.0 8625000.0 0.0652552790988 0.0606509925298 0.0653062680431 0.0702768176358
Herato01 Herato0101 8675001.0 8675000.0 0.09681873614 0.0938223006 0.09638605932 0.10287974002
Herato01 Herato0101 8725001.0 8725000.0 0.13553830034 0.12871558374 0.13525734726 0.14378153476
Herato01 Herato0101 8775001.0 8775000.0 0.1000772808 0.09577927536 0.1000473504 0.1027311096
Herato01 Herato0101 8825001.0 8825000.0 0.079029199536 0.075040091232 0.079030768434 0.08381392508
Herato01 Herato0101 8875001.0 8875000.0 0.053198684532 0.046134230388 0.054300328306 0.05840099307
Herato01 Herato0101 8925001.0 8925000.0 0.058522726996 0.0486028073 0.057594753794 0.071956708188
Herato01 Herato0101 8975001.0 8975000.0 0.04148055591 0.037361275026 0.040999368618 0.047524252332
Herato01 Herato0101 9025001.0 9025000.0 0.052327378632 0.0496003879034 0.0523742468846 0.055427738332
Herato01 Herato0101 9075001.0 9075000.0 0.0292356179404 0.0262797590897 0.029094251689 0.0323417113242
Herato01 Herato0101 9125001.0 9125000.0 0.0535957439746 0.0503175486002 0.0539321687726 0.05606191122
Herato01 Herato0101 9175001.0 9175000.0 0.05359890318 0.04818596864 0.05369111146 0.05972253578
Herato01 Herato0101 9225001.0 9225000.0 0.0779052205 0.07017950578 0.07871547988 0.08755292908
Herato01 Herato0101 9275001.0 9275000.0 0.10085869636 0.09388821392 0.10028938428 0.11047141184
Herato01 Herato0101 9325001.0 9325000.0 0.0391181425524 0.0242064774185 0.0384598595981 0.060514329838
Herato01 Herato0101 9375001.0 9375000.0 0.0953900890184 0.083966046585 0.0945057962098 0.110822280442
Herato01 Herato0101 9425001.0 9425000.0 0.027309154272 0.024992667622 0.027327268592 0.02960936758
Herato01 Herato0101 9475001.0 9475000.0 0.054783966354 0.051870171374 0.054482359104 0.059139190318
Herato01 Herato0101 9525001.0 9525000.0 0.0810862851 0.07078405244 0.082603071886 0.08996102846
Herato01 Herato0101 9575001.0 9575000.0 0.08618919728 0.0739763264 0.08584056988 0.10532174742
Herato01 Herato0101 9625001.0 9625000.0 0.074458965 0.068625475018 0.074243997 0.08123826222
Herato01 Herato0101 9675001.0 9675000.0 0.100646292068 0.0811575824588 0.101313711316 0.125720908456
Herato01 Herato0101 9725001.0 9725000.0 0.0919960335352 0.0809904086435 0.0921064076853 0.102223421302
Herato01 Herato0101 9775001.0 9775000.0 0.0631814741898 0.0584222457586 0.0639167237206 0.0675931984552
Herato01 Herato0101 9825001.0 9825000.0 0.09958032928 0.09556887248 0.09929224064 0.10415521264
Herato01 Herato0101 9875001.0 9875000.0 0.10230142238 0.0956735878 0.10254099114 0.10789969902
Herato01 Herato0101 9925001.0 9925000.0 0.112102848841 0.106401886847 0.112250320111 0.118680429942
Herato01 Herato0101 9975001.0 9975000.0 0.09433246344 0.09212966412 0.0941665492 0.0976037124
Herato01 Herato0101 10025001.0 10025000.0 0.0653318431 0.057847343426 0.06393388118 0.07511026566
Herato01 Herato0101 10075001.0 10075000.0 0.038560062034 0.025380857702 0.036249258602 0.06077156337
Herato01 Herato0101 10125001.0 10125000.0 0.046801041962 0.042676869456 0.046605000412 0.051922142152
Herato01 Herato0101 10175001.0 10175000.0 0.035347773648 0.0249127509448 0.0349112666442 0.049974401944
Herato01 Herato0101 10225001.0 10225000.0 0.04923493938 0.04392744298 0.04892701666 0.05419981674
Herato01 Herato0101 10275001.0 10275000.0 0.0610171562 0.0547407054 0.06155129032 0.06603595816
Herato01 Herato0101 10325001.0 10325000.0 0.0576730941312 0.0525016838516 0.0576411666712 0.062778388184
Herato01 Herato0101 10375001.0 10375000.0 0.0502421874456 0.0375051977454 0.048796123151 0.0710924689096
Herato01 Herato0101 10425001.0 10425000.0 0.05433417924 0.05161719052 0.05431761016 0.05678059958
Herato01 Herato0101 10475001.0 10475000.0 0.052749503382 0.047705960834 0.052723886392 0.059011294744
Herato01 Herato0101 10525001.0 10525000.0 0.0569004720332 0.0496861374695 0.056965051016 0.063974053124
Herato01 Herato0101 10575001.0 10575000.0 0.061666566868 0.0565506669848 0.061809688474 0.067934820794
Herato01 Herato0101 10625001.0 10625000.0 0.0505937819132 0.0420133530013 0.0502125204779 0.0607172243542
Herato01 Herato0101 10675001.0 10675000.0 0.0648857284562 0.0602959262127 0.0649431232042 0.0700770861156
Herato01 Herato0101 10725001.0 10725000.0 0.05873728398 0.05373452706 0.05883083532 0.0641147449
Herato01 Herato0101 10775001.0 10775000.0 0.0599736157602 0.0550783974403 0.0599986114736 0.0656033549724
Herato01 Herato0101 10825001.0 10825000.0 0.0850402884 0.07436494232 0.08361441778 0.0972442951
Herato01 Herato0101 10875001.0 10875000.0 0.081880548 0.07393076858 0.0813930151 0.08963406796
Herato01 Herato0101 10925001.0 10925000.0 0.068581939342 0.05790804067 0.068764644858 0.08050211429
Herato01 Herato0101 10975001.0 10975000.0 0.065455105596 0.05638909683 0.064670514318 0.07732043748
Herato01 Herato0101 11025001.0 11025000.0 0.06636356798 0.06207654982 0.06552661762 0.07375010434
Herato01 Herato0101 11075001.0 11075000.0 0.1049185532 0.1002161264 0.1043219148 0.1100383552
Herato01 Herato0101 11125001.0 11125000.0 0.07954139544 0.07547227144 0.07897933976 0.0840183508
Herato01 Herato0101 11175001.0 11175000.0 0.0521854442554 0.0454547638396 0.051664844135 0.0607514978048
Herato01 Herato0101 11225001.0 11225000.0 0.044033463818 0.040087228688 0.04388862034 0.049180659964
Herato01 Herato0101 11275001.0 11275000.0 0.04387869336 0.03936038524 0.04386211812 0.04912514694
Herato01 Herato0101 11325001.0 11325000.0 0.032537951226 0.0297659382218 0.032507827236 0.035395494468
Herato01 Herato0101 11375001.0 11375000.0 0.04306394444 0.03972340739 0.042897184488 0.046451539682
Herato01 Herato0101 11425001.0 11425000.0 0.035995796884 0.032371434622 0.035892079648 0.040130949338
Herato01 Herato0101 11475001.0 11475000.0 0.0246346356814 0.0200857976994 0.0243164205806 0.0322176574206
Herato01 Herato0101 11525001.0 11525000.0 0.0281877724144 0.0242846872336 0.028046116084 0.0326450320952
Herato01 Herato0101 11575001.0 11575000.0 0.0389953178095 0.028620695187 0.0384012944297 0.0538285794976
Herato01 Herato0101 11625001.0 11625000.0 0.03108094376 0.02888102584 0.0309896304 0.03333378828
Herato01 Herato0101 11675001.0 11675000.0 0.0630259598232 0.0410026041511 0.0619884069753 0.0922460692456
Herato01 Herato0101 11725001.0 11725000.0 0.0767279406468 0.0354435376764 0.065871597137 0.176840659635
Herato01 Herato0101 11775001.0 11775000.0 0.0351220479244 0.0302971165108 0.035004479567 0.041049804098
Herato01 Herato0101 11825001.0 11825000.0 0.047827896206 0.0378961315089 0.0462257668172 0.0671136793908
Herato01 Herato0101 11875001.0 11875000.0 0.035958192318 0.032758956974 0.0358312753208 0.03959443376
Herato01 Herato0101 11925001.0 11925000.0 0.053988382954 0.051462816706 0.05400241996 0.057014654206
Herato01 Herato0101 11975001.0 11975000.0 0.05708355146 0.04823086306 0.0575474706 0.06488300304
Herato01 Herato0101 12025001.0 12025000.0 0.059682049392 0.054688496026 0.059604707358 0.065437207552
Herato01 Herato0101 12075001.0 12075000.0 0.0472758349112 0.0441717162672 0.0469682850146 0.0504433556848
Herato01 Herato0101 12125001.0 12125000.0 0.07399448174 0.07050290774 0.07429330396 0.07726634218
Herato01 Herato0101 12175001.0 12175000.0 0.07303920216 0.05671839108 0.07305644844 0.09640164954
Herato01 Herato0101 12225001.0 12225000.0 0.06651139107 0.062234790452 0.066344583624 0.071252631112
Herato01 Herato0101 12275001.0 12275000.0 0.061272821381 0.0471209789575 0.0603499455544 0.0828853577706
Herato01 Herato0101 12325001.0 12325000.0 0.0424245224972 0.0383197250004 0.0423326493468 0.0472305904
Herato01 Herato0101 12375001.0 12375000.0 0.0235837871638 0.0213810170969 0.023555897544 0.0260454605426
Herato01 Herato0101 12425001.0 12425000.0 0.028360512744 0.023775638768 0.028071334576 0.034438155096
Herato01 Herato0101 12475001.0 12475000.0 0.045190640174 0.0391054081405 0.0445447612162 0.0541293090424
Herato01 Herato0101 12525001.0 12525000.0 0.02773746835 0.022887250546 0.027598563264 0.032820199284
Herato01 Herato0101 12575001.0 12575000.0 0.0644470538262 0.0583744661608 0.0642319031283 0.071852948987
Herato01 Herato0101 12625001.0 12625000.0 0.0450696353629 0.0327598695218 0.0430459253871 0.0685329250524
Herato01 Herato0101 12675001.0 12675000.0 0.05534952608 0.050412107138 0.055195087022 0.061417344274
Herato01 Herato0101 12725001.0 12725000.0 0.049664556296 0.043837380196 0.04923322971 0.055009110318
Herato01 Herato0101 12775001.0 12775000.0 0.0860388167 0.08261386816 0.08594251488 0.09082160632
Herato01 Herato0101 12825001.0 12825000.0 0.124043604836 0.114785846284 0.123589098274 0.134948264288
Herato01 Herato0101 12875001.0 12875000.0 0.12176668276 0.11519834414 0.12109891728 0.12961081828
Herato01 Herato0101 12925001.0 12925000.0 0.0718546739 0.06770773014 0.07136787956 0.07701707482
Herato01 Herato0101 12975001.0 12975000.0 0.074608415296 0.06481076821 0.074128123892 0.08605333259
Herato01 Herato0101 13025001.0 13025000.0 0.06328352516 0.054483858 0.0637912238 0.06954164788
Herato01 Herato0101 13075001.0 13075000.0 0.0347826922752 0.0294319045364 0.0344814293352 0.040474773706
Herato01 Herato0101 13125001.0 13125000.0 0.0336867464868 0.0295112507767 0.0332828639116 0.03975153041
Herato01 Herato0101 13175001.0 13175000.0 0.0276148757672 0.0262510220816 0.0276076687278 0.0293321946534
Herato01 Herato0101 13225001.0 13225000.0 0.027250451972 0.025298410612 0.027340180928 0.029110281656
Herato01 Herato0101 13275001.0 13275000.0 0.018085079593 0.0142191922618 0.017662316729 0.0237652807416
Herato01 Herato0101 13325001.0 13325000.0 0.0245017888548 0.0210500346722 0.0244560926752 0.0285930353744
Herato01 Herato0101 13375001.0 13375000.0 0.022600849786 0.0210084135202 0.022477582542 0.025058753616
Herato01 Herato0101 13425001.0 13425000.0 0.020353096252 0.018900480648 0.02050140024 0.021584203012
Herato01 Herato0101 13475001.0 13475000.0 0.031330613618 0.028851326274 0.03127072996 0.033975492288
Herato01 Herato0101 13525001.0 13525000.0 0.02119633227 0.0209683192704 0.021123749115 0.022206955534
Herato01 Herato0101 13575001.0 13575000.0 0.0088184756626 0.0076028811106 0.0087446182122 0.010383882378
Herato01 Herato0101 13625001.0 13625000.0 0.018755228299 0.0170655757311 0.0186110253565 0.0207580399738
Herato01 Herato0101 13675001.0 13675000.0 0.0181675491008 0.016316960691 0.0180329374853 0.020449834921
Herato01 Herato0101 13725001.0 13725000.0 0.02691037122 0.02520856764 0.02677597838 0.02963771302
Herato01 Herato0101 13775001.0 13775000.0 0.032797779336 0.027554499278 0.032224191758 0.042044898458
Herato01 Herato0101 13825001.0 13825000.0 0.0217251671796 0.0201704229948 0.0217716636568 0.023654969817
Herato01 Herato0101 13875001.0 13875000.0 0.0201688813356 0.0175403611153 0.0201045253404 0.0234162388316
Herato01 Herato0101 13925001.0 13925000.0 0.0194804306162 0.017546019979 0.0194630350742 0.0213378795416
Herato01 Herato0101 13975001.0 13975000.0 0.015235237822 0.013873797658 0.015197573556 0.016653467216
Herato01 Herato0101 14025001.0 14025000.0 0.037780560844 0.0332326303844 0.037722751236 0.042290749056
Herato01 Herato0101 14075001.0 14075000.0 0.011989097658 0.00968446941526 0.0119412794867 0.0145573969908
Herato01 Herato0101 14125001.0 14125000.0 0.00777173440514 0.00487807757173 0.0076954050493 0.0115907844569
Herato01 Herato0101 14175001.0 14175000.0 0.0241446606933 0.00753826448355 0.0187557290173 0.0671069921538
Herato01 Herato0101 14225001.0 14225000.0 0.0106619425732 0.0080111960938 0.0105922326016 0.014121119472
Herato01 Herato0101 14275001.0 14275000.0 0.01030238481 0.0089326644456 0.01026684434 0.011769115556
Herato01 Herato0101 14325001.0 14325000.0 0.0113485307132 0.0096108640676 0.0112716109992 0.0134236688758
Herato01 Herato0101 14375001.0 14375000.0 0.013870565178 0.01318904768 0.013779396514 0.01489903005
Herato01 Herato0101 14425001.0 14425000.0 0.02925801382 0.0268807675 0.02920935656 0.03151768134
Herato01 Herato0101 14475001.0 14475000.0 0.03261813275 0.0311812072726 0.03264703099 0.034121750284
Herato01 Herato0101 14525001.0 14525000.0 0.032736611236 0.028905763773 0.032766276058 0.037283580928
Herato01 Herato0101 14575001.0 14575000.0 0.032516312936 0.029900322632 0.03244789302 0.035526846774
Herato01 Herato0101 14625001.0 14625000.0 0.023710221972 0.019730451838 0.023692947226 0.02897249054
Herato01 Herato0101 14675001.0 14675000.0 0.0235775726028 0.0198098672684 0.0234589157778 0.027963325201
Herato01 Herato0101 14725001.0 14725000.0 0.028717764188 0.022566973412 0.02845815178 0.037327738556
Herato01 Herato0101 14775001.0 14775000.0 0.0251841763576 0.023769777729 0.0250981240372 0.028043248316
Herato01 Herato0101 14825001.0 14825000.0 0.041228525884 0.039047008796 0.04124361885 0.043683464668
Herato01 Herato0101 14875001.0 14875000.0 0.025230891242 0.021908648692 0.025172525868 0.028253173186
Herato01 Herato0101 14925001.0 14925000.0 0.019838787182 0.0175030947611 0.0197584930432 0.022721420217
Herato01 Herato0101 14975001.0 14975000.0 0.0297194800126 0.0251005532799 0.0296663817316 0.035253625636
Herato01 Herato0101 15025001.0 15025000.0 0.01643366745 0.0152632325194 0.016551906308 0.017178846046
Herato01 Herato0101 15075001.0 15075000.0 0.032525101802 0.028991680052 0.032313084132 0.03693560189
Herato01 Herato0101 15125001.0 15125000.0 0.0189913876478 0.016708509657 0.018920238368 0.0215422546058
Herato01 Herato0101 15175001.0 15175000.0 0.035486294851 0.0299019482324 0.035348648307 0.043051104448
Herato01 Herato0101 15225001.0 15225000.0 0.0218769399892 0.0196756427048 0.021930430363 0.024242161158
Herato01 Herato0101 15275001.0 15275000.0 0.0232957990781 0.0191326246064 0.0233090860755 0.0275203044137
Herato01 Herato0101 15325001.0 15325000.0 0.0286523336465 0.0200890198959 0.0280142105389 0.0409923303484
Herato01 Herato0101 15375001.0 15375000.0 0.0220121928406 0.0148805931369 0.021766988647 0.032932724457
Herato01 Herato0101 15425001.0 15425000.0 0.027465559 0.019935417058 0.026590446486 0.040299234112
Herato01 Herato0101 15475001.0 15475000.0 0.02789379238 0.0210919075679 0.026901263686 0.03982061172
Herato01 Herato0101 15525001.0 15525000.0 0.028530521876 0.026359324988 0.028443370408 0.031669648352
Herato01 Herato0101 15575001.0 15575000.0 0.0239364902198 0.0218442721842 0.0238387778024 0.027018441646
Herato01 Herato0101 15625001.0 15625000.0 0.00721512096 0.006538067952 0.007142340384 0.00810026832
Herato01 Herato0101 15675001.0 15675000.0 0.0316650568348 0.0169168292681 0.0294137420341 0.0616662901788
Herato01 Herato0101 15725001.0 15725000.0 0.0049601862254 0.0044496401772 0.0049497627136 0.0054940451896
Herato01 Herato0101 15775001.0 15775000.0 0.0230366182532 0.0144482789806 0.02024805688 0.0490564069276
Herato01 Herato0101 15825001.0 15825000.0 0.0098042150946 0.00824350273232 0.0097111984384 0.0116430974026
Herato01 Herato0101 15875001.0 15875000.0 0.0199077612026 0.0163545718869 0.0199004209816 0.0235739753796
Herato01 Herato0101 15925001.0 15925000.0 0.024699529586 0.022525434788 0.024774874554 0.02692000811
Herato01 Herato0101 15975001.0 15975000.0 0.027196780352 0.025357398106 0.027238100416 0.029126773412
Herato01 Herato0101 16025001.0 16025000.0 0.0270872728266 0.0237520199032 0.0270167928166 0.030858817408
Herato01 Herato0101 16075001.0 16075000.0 0.02270231584 0.020489971168 0.022662868882 0.024605855784
Herato01 Herato0101 16125001.0 16125000.0 0.02300954036 0.022182684836 0.02307122184 0.02356506254
Herato01 Herato0101 16175001.0 16175000.0 0.02889302296 0.02669714928 0.02859599574 0.03258136016
Herato01 Herato0101 16225001.0 16225000.0 0.0336981544427 0.0306211606626 0.0337023259795 0.037084914525
Herato01 Herato0101 16275001.0 16275000.0 0.016686590096 0.015516215264 0.01649971787 0.018213529546
Herato01 Herato0101 16325001.0 16325000.0 0.0177356469972 0.0148828899113 0.0176833331388 0.0205774036996
Herato01 Herato0101 16375001.0 16375000.0 0.009024127472 0.007644187226 0.00889664127 0.011369166538
Herato01 Herato0101 16425001.0 16425000.0 0.023726409522 0.022190577468 0.023749501744 0.025548126632
Herato01 Herato0101 16475001.0 16475000.0 0.0205275011998 0.0170195136452 0.0204075042438 0.024699037404
Herato01 Herato0101 16525001.0 16525000.0 0.02900741648 0.02422232402 0.02906972076 0.03460369578
Herato01 Herato0101 16575001.0 16575000.0 0.030522113102 0.02826732866 0.030552146698 0.033573179214
Herato01 Herato0101 16625001.0 16625000.0 0.02841184624 0.025850513106 0.02809393247 0.031169699066
Herato01 Herato0101 16675001.0 16675000.0 0.03485596144 0.03398184322 0.03470091596 0.03667045812
Herato01 Herato0101 16725001.0 16725000.0 0.028190910806 0.0267432997162 0.028112264374 0.029852029122
Herato01 Herato0101 16775001.0 16775000.0 0.03412070234 0.03114284702 0.03396741186 0.03730772748
Herato01 Herato0101 16825001.0 16825000.0 0.028830559224 0.0256467465714 0.028929215904 0.031945574204
Herato01 Herato0101 16875001.0 16875000.0 0.0303748969396 0.0268865497544 0.0300237100922 0.035005591546
Herato01 Herato0101 16925001.0 16925000.0 0.02401105258 0.02202219126 0.02395870754 0.02619646654
Herato01 Herato0101 16975001.0 16975000.0 0.022969498828 0.021382292664 0.023007436328 0.024548031744
Herato01 Herato0101 17025001.0 17025000.0 0.015018125742 0.013902234402 0.015016849048 0.016305257874
Herato01 Herato0101 17075001.0 17075000.0 0.02986017678 0.02725038432 0.02959182618 0.03446866944
Herato01 Herato0101 17125001.0 17125000.0 0.029771591922 0.0273231442996 0.029698584434 0.032747266272
Herato01 Herato0101 17175001.0 17175000.0 0.03136962223 0.028280771652 0.0314591619268 0.034472188154
Herato01 Herato0101 17225001.0 17225000.0 0.0302508902974 0.0248401635422 0.030014560592 0.0363914592728
Herato01 Herato0101 17275001.0 17275000.0 0.0353533932144 0.0306933171572 0.0350143247816 0.0410445250386
Herato01 Herato0101 17325001.0 17325000.0 0.020109678344 0.018614553776 0.02003598527 0.021891003362
Herato01 Herato0101 17375001.0 17375000.0 0.0112312302 0.010359417302 0.011161550184 0.012291965432
Herato01 Herato0101 17425001.0 17425000.0 0.021897691756 0.019983151876 0.021844224826 0.023916030684
Herato01 Herato0101 17475001.0 17475000.0 0.021017629932 0.0186352826948 0.02076049974 0.023952431434
Herato01 Herato0101 17525001.0 17525000.0 0.0401156677624 0.0268791478228 0.0351682240325 0.0885330515752
Herato01 Herato0101 17575001.0 17575000.0 0.0147630225299 0.0128456115076 0.014793296962 0.0168093752426
Herato01 Herato0101 17625001.0 17625000.0 0.0204896931706 0.0175046501121 0.0205581162348 0.0239383764616
Herato01 Herato0101 17675001.0 17675000.0 0.025510890181 0.023416538014 0.0253999749038 0.028175752172
Herato01 Herato0101 17725001.0 17725000.0 0.0316905878343 0.0284722599065 0.0315399870691 0.035293987517
Herato01 Herato0101 17775001.0 17775000.0 0.03786351409 0.035578871626 0.037934229236 0.039894683194
Herato01 Herato0101 17825001.0 17825000.0 0.03269745308 0.03075823472 0.03270206368 0.03394231508
Herato01 Herato0101 17875001.0 17875000.0 0.029677969374 0.0259026069133 0.029625257371 0.033432818184
Herato01 Herato0101 17925001.0 17925000.0 0.018015132991 0.0161229389497 0.017893039349 0.020148139293
Herato01 Herato0101 17975001.0 17975000.0 0.03712599942 0.034094281632 0.03718166306 0.03992813984
Herato01 Herato0101 18025001.0 18025000.0 0.035663381564 0.034208706044 0.035678743646 0.037265242794
Herato01 Herato0101 18075001.0 18075000.0 0.03556307554 0.03479443542 0.0355327748 0.0365376612
Herato01 Herato0101 18125001.0 18125000.0 0.02676746249 0.024188631778 0.02672763011 0.029575004836
Herato01 Herato0101 18175001.0 18175000.0 0.02413951866 0.0217805639994 0.024335465728 0.026087011992
Herato01 Herato0101 18225001.0 18225000.0 0.029132396506 0.026191454996 0.02925746577 0.032393279088
Herato01 Herato0101 18275001.0 18275000.0 0.03622731008 0.03342332548 0.03628204914 0.0390420404
Herato01 Herato0101 18325001.0 18325000.0 0.02490238992 0.0220266728 0.02424593188 0.04944375374
Herato01 Herato0101 18375001.0 18375000.0 0.03867707914 0.034590230436 0.03845364135 0.045690423296
Herato01 Herato0101 18425001.0 18425000.0 0.038883048172 0.0374105984794 0.038699657064 0.041590040376
Herato01 Herato0101 18475001.0 18475000.0 0.0346832356 0.0342368744 0.03467608816 0.03535092092
Herato01 Herato0101 18525001.0 18525000.0 0.02871248146 0.02584744014 0.02863906538 0.03278830714
Herato01 Herato0101 18575001.0 18575000.0 0.025720857068 0.02367153471 0.025867534184 0.027524805866
Herato01 Herato0101 18625001.0 18625000.0 0.039112827494 0.036634531246 0.039126042654 0.041778759396
Herato01 Herato0101 18675001.0 18675000.0 0.027473991272 0.0261149759672 0.0273818131344 0.028995244766
Herato01 Herato0101 18725001.0 18725000.0 0.03304284401 0.03210829543 0.033041900432 0.03418951598
Herato01 Herato0101 18775001.0 18775000.0 0.03357332856 0.03257969284 0.03350672664 0.0350221828
Herato01 Herato0101 18825001.0 18825000.0 0.0356206654076 0.0331017115438 0.0356377286616 0.038082999088
Herato01 Herato0101 18875001.0 18875000.0 0.0342602467 0.03271028286 0.0343699994 0.03581911882
Herato01 Herato0101 18925001.0 18925000.0 0.022027865852 0.0201201580794 0.021869975615 0.0238737440186
Herato01 Herato0101 18975001.0 18975000.0 0.030686328182 0.0270088831622 0.0307489386598 0.034730263714
Herato01 Herato0101 19025001.0 19025000.0 0.023214730736 0.020593421064 0.023446387554 0.025269822538
Herato01 Herato0101 19075001.0 19075000.0 0.033699131874 0.02877450731 0.0338747322 0.038427378582
Herato01 Herato0101 19125001.0 19125000.0 0.043999118874 0.0408534895882 0.0441483819706 0.0468300899512
Herato01 Herato0101 19175001.0 19175000.0 0.052305320666 0.0466692436428 0.0524228814542 0.058484083101
Herato01 Herato0101 19225001.0 19225000.0 0.0432199432278 0.0413432839884 0.0434275338364 0.0451622585034
Herato01 Herato0101 19275001.0 19275000.0 0.029292213123 0.0250939662658 0.0291204136829 0.0346272672356
Herato01 Herato0101 19325001.0 19325000.0 0.0418585585506 0.0357233956528 0.0403417732764 0.054242631391
Herato01 Herato0101 19375001.0 19375000.0 0.037844324108 0.0331276543549 0.0375450478332 0.044769570236
Herato01 Herato0101 19425001.0 19425000.0 0.040384688738 0.0325550817851 0.0397870586404 0.049647555406
Herato01 Herato0101 19475001.0 19475000.0 0.027115813308 0.0245430157669 0.0270033567791 0.0302845719789
Herato01 Herato0101 19525001.0 19525000.0 0.031632587178 0.0293763222268 0.03156055391 0.03442580465
Herato01 Herato0101 19575001.0 19575000.0 0.025998990709 0.0239084788986 0.0260476321018 0.0280202061
Herato01 Herato0101 19625001.0 19625000.0 0.02348398774 0.0210855993568 0.023430715404 0.025948750326
Herato01 Herato0101 19675001.0 19675000.0 0.0226123273098 0.0212973518265 0.0226231797724 0.0242028957426
Herato01 Herato0101 19725001.0 19725000.0 0.0304522263264 0.0292643835723 0.030492840682 0.031979049306
Herato01 Herato0101 19775001.0 19775000.0 0.03003737944 0.02629740674 0.030253223048 0.033658661934
Herato01 Herato0101 19825001.0 19825000.0 0.030496156396 0.028806573136 0.030611058798 0.031593271316
Herato01 Herato0101 19875001.0 19875000.0 0.041166575894 0.036906933184 0.041234130606 0.045941610906
Herato01 Herato0101 19925001.0 19925000.0 0.03150631152 0.03002203786 0.03149412556 0.03272761134
Herato01 Herato0101 19975001.0 19975000.0 0.03228178467 0.0290071710683 0.0319880198624 0.0364066088354
Herato01 Herato0101 20025001.0 20025000.0 0.03049364068 0.0250206031344 0.03039314744 0.03652385638
Herato01 Herato0101 20075001.0 20075000.0 0.0352200193444 0.021537200385 0.0336012751262 0.062156175586
Herato01 Herato0101 20125001.0 20125000.0 0.0248217513532 0.0218694828018 0.024472404376 0.029228507895
Herato01 Herato0101 20175001.0 20175000.0 0.0373873970453 0.0333681615757 0.0372220547091 0.0418992766971
Herato01 Herato0101 20225001.0 20225000.0 0.0411406410166 0.0292801645872 0.039010708358 0.0657821310076
Herato01 Herato0101 20275001.0 20275000.0 0.041991925352 0.0370401254056 0.0418280214416 0.047817064074
Herato01 Herato0101 20325001.0 20325000.0 0.057616339014 0.052519843362 0.057738995796 0.062798020568
Herato01 Herato0101 20375001.0 20375000.0 0.06933835792 0.06694483704 0.06895083152 0.07316992368
Herato01 Herato0101 20425001.0 20425000.0 0.0759216053646 0.0706465354081 0.0760469595078 0.0815994336432
Herato01 Herato0101 20475001.0 20475000.0 0.0819728411924 0.076239954786 0.081878693918 0.087580265846
Herato01 Herato0101 20525001.0 20525000.0 0.0583672162 0.05138990205 0.0579498643 0.06701951883
Herato01 Herato0101 20575001.0 20575000.0 0.0826086259238 0.0661271559241 0.0849947214586 0.106058376141
Herato01 Herato0101 20625001.0 20625000.0 0.04893056422 0.0437682137021 0.0488802089974 0.05320639026
Herato01 Herato0101 20675001.0 20675000.0 0.0727237291 0.06801472354 0.07263856714 0.07817634028
Herato01 Herato0101 20725001.0 20725000.0 0.0550323637418 0.0492561725007 0.0547407935981 0.0617296664516
Herato01 Herato0101 20775001.0 20775000.0 0.0699806306592 0.0647797004943 0.0701530410832 0.0756896319588
Herato01 Herato0101 20825001.0 20825000.0 0.05557982607 0.046786579418 0.054796269654 0.06686667232
Herato01 Herato0101 20875001.0 20875000.0 0.0796550705468 0.059422760553 0.0798709372152 0.0999416301276
Herato01 Herato0101 20925001.0 20925000.0 0.0990517531 0.0853623422 0.0993695598 0.1274598494
Herato01 Herato0101 20975001.0 20975000.0 0.0610148432226 0.0513108710825 0.0610302929996 0.069226009258
Herato01 Herato0101 21025001.0 21025000.0 0.0717940697994 0.0656006921021 0.0711311785574 0.079708832086
Herato01 Herato0101 21075001.0 21075000.0 0.0302587977996 0.0272842261295 0.0303640057002 0.0335972515362
Herato01 Herato0101 21125001.0 21125000.0 0.047193935156 0.041317301348 0.046729391798 0.0570971464
Herato01 Herato0101 21175001.0 21175000.0 0.07997812282 0.07690066904 0.07999279366 0.08354731674
Herato01 Herato0101 21225001.0 21225000.0 0.045915383076 0.043786634904 0.045703277178 0.048298467822
Herato01 Herato0101 21275001.0 21275000.0 0.0697796105492 0.0641291302466 0.0695798255372 0.075595479792
Herato01 Herato0101 21325001.0 21325000.0 0.076535968718 0.066641530804 0.076923852218 0.085743166826
Herato01 Herato0101 21375001.0 21375000.0 0.08590093792 0.07903577398 0.08570236274 0.09349980972
Herato01 Herato0101 21425001.0 21425000.0 0.10303451623 0.100393227031 0.102898813838 0.10700483587
Herato01 Herato0101 21475001.0 21475000.0 0.089805390108 0.077586426684 0.090636564136 0.09794879116
Herato01 Herato0101 21525001.0 21525000.0 0.0746266096 0.06746794182 0.07476527684 0.08175764992
Herato01 Herato0101 21575001.0 21575000.0 0.0851031667671 0.0788537493856 0.084359927792 0.0934327587242
Herato01 Herato0101 21625001.0 21625000.0 0.0623616392582 0.0580218872814 0.0619236792784 0.069042045934
Herato01 Herato0101 21675001.0 21675000.0 0.051714425352 0.049363598126 0.05170096427 0.054467457814
Herato01 Herato0101 21725001.0 21725000.0 0.0639381518308 0.0596863940106 0.063635877529 0.069549212208
Herato01 Herato0101 21775001.0 21775000.0 0.054438491448 0.0448669310119 0.0529173191866 0.074469022004
Herato01 Herato0101 21825001.0 21825000.0 0.033565707982 0.030603994318 0.033422281982 0.03715056327
Herato01 Herato0101 21875001.0 21875000.0 0.0463725466798 0.0376825061078 0.046139485572 0.0576776421498
Herato01 Herato0101 21925001.0 21925000.0 0.0515821075534 0.0406556985893 0.0500298618246 0.0683270628956
Herato01 Herato0101 21975001.0 21975000.0 0.050303054146 0.0419425578807 0.0498356450336 0.0626868817834
Herato01 Herato0101 22025001.0 22025000.0 0.040126705194 0.034306666707 0.0401986988728 0.04662133785
Herato01 Herato0101 22075001.0 22075000.0 0.0312668672911 0.0254676464784 0.0310155996347 0.0391050413192
Herato01 Herato0101 22125001.0 22125000.0 0.06687786196 0.040058528096 0.065880768848 0.103101938934
Herato01 Herato0101 22175001.0 22175000.0 0.030692582084 0.02758043831 0.030501657626 0.03468656529
