chrom scaffold Cposition position mean p0025 p0500 p0975
Herato21 Herato2101 25001.0 25000.0 0.00597842834416 0.00436068761624 0.0057997711417 0.00851522296074
Herato21 Herato2101 75001.0 75000.0 0.0276678336913 0.0173171942346 0.0272454014281 0.0456272032846
Herato21 Herato2101 125001.0 125000.0 0.0216549125137 0.0198459918508 0.0216584015478 0.0237276951296
Herato21 Herato2101 175001.0 175000.0 0.019231936535 0.0154475061525 0.0190848084242 0.02383123633
Herato21 Herato2101 225001.0 225000.0 0.0231555442962 0.0182882281758 0.0231781139237 0.0288611589149
Herato21 Herato2101 275001.0 275000.0 0.0344910947132 0.0308389486431 0.0343400206532 0.039207485772
Herato21 Herato2101 325001.0 325000.0 0.0428834898124 0.0359194828055 0.042615251852 0.0523815010746
Herato21 Herato2101 375001.0 375000.0 0.039640459994 0.0348075951586 0.0396208016476 0.04498604731
Herato21 Herato2101 425001.0 425000.0 0.023154452997 0.0201985652662 0.0231954947629 0.0259662208909
Herato21 Herato2101 475001.0 475000.0 0.0401047301031 0.035966576777 0.039790406179 0.0460058015603
Herato21 Herato2101 525001.0 525000.0 0.044284513983 0.0389424616636 0.0441557203261 0.0503771509362
Herato21 Herato2101 575001.0 575000.0 0.0387987706066 0.0339322385626 0.038802818318 0.0453862320304
Herato21 Herato2101 625001.0 625000.0 0.041094729424 0.035914249252 0.041103805327 0.046532268254
Herato21 Herato2101 675001.0 675000.0 0.0314432331397 0.0276906950951 0.0312331199866 0.0359941597098
Herato21 Herato2101 725001.0 725000.0 0.0408320410679 0.0372923343344 0.0408127431559 0.0442049280574
Herato21 Herato2101 775001.0 775000.0 0.0167610906706 0.014388054059 0.0165389005487 0.0205421427888
Herato21 Herato2101 825001.0 825000.0 0.026377435124 0.0242439673454 0.0263375094274 0.0289654147034
Herato21 Herato2101 875001.0 875000.0 0.0344276130812 0.0267779140052 0.034168830762 0.043565830511
Herato21 Herato2101 925001.0 925000.0 0.0482358089248 0.0434738378705 0.0474537329958 0.0569204612068
Herato21 Herato2101 975001.0 975000.0 0.055601126216 0.0508434596 0.055351844688 0.06135355672
Herato21 Herato2101 1025001.0 1025000.0 0.05761298781 0.0496831367415 0.05765183053 0.064769677162
Herato21 Herato2101 1075001.0 1075000.0 0.04506545603 0.0375261392639 0.04484152667 0.053657200528
Herato21 Herato2101 1125001.0 1125000.0 0.0420335367579 0.0366333727444 0.0419635998784 0.0484269355836
Herato21 Herato2101 1175001.0 1175000.0 0.05299756095 0.046251476774 0.05278373799 0.060488150328
Herato21 Herato2101 1225001.0 1225000.0 0.055244775826 0.050876147568 0.055065041136 0.059799997548
Herato21 Herato2101 1275001.0 1275000.0 0.05001391482 0.045364250742 0.048793179712 0.056937341446
Herato21 Herato2101 1325001.0 1325000.0 0.0409625477412 0.0381538538194 0.0407101415214 0.044900812696
Herato21 Herato2101 1375001.0 1375000.0 0.0453755633067 0.0430838534244 0.0452791596631 0.048064962342
Herato21 Herato2101 1425001.0 1425000.0 0.029318024062 0.0257123670958 0.02952548584 0.03276377242
Herato21 Herato2101 1475001.0 1475000.0 0.0315978486752 0.0287644747186 0.0314103244706 0.03491994493
Herato21 Herato2101 1525001.0 1525000.0 0.0451058801097 0.0417154035936 0.0449487441183 0.04930744722
Herato21 Herato2101 1575001.0 1575000.0 0.0568775510154 0.0515933060961 0.0569012975252 0.0630000880702
Herato21 Herato2101 1625001.0 1625000.0 0.0453168210896 0.0405607297564 0.0451294666662 0.051486133124
Herato21 Herato2101 1675001.0 1675000.0 0.038713824722 0.0362029967128 0.0386038533368 0.04094872957
Herato21 Herato2101 1725001.0 1725000.0 0.036148131604 0.032494355449 0.036014385174 0.0398767530798
Herato21 Herato2101 1775001.0 1775000.0 0.024128770613 0.0206623398984 0.0240817873126 0.027723586366
Herato21 Herato2101 1825001.0 1825000.0 0.023848473786 0.021742168562 0.0239275018078 0.025950982239
Herato21 Herato2101 1875001.0 1875000.0 0.0142411273549 0.0126184166383 0.0141939466693 0.0160879983522
Herato21 Herato2101 1925001.0 1925000.0 0.0367432810156 0.0342072315746 0.0362985571362 0.039991347071
Herato21 Herato2101 1975001.0 1975000.0 0.0404543872548 0.0351485725434 0.0402504640856 0.0476290175548
Herato21 Herato2101 2025001.0 2025000.0 0.0320980265464 0.0289658338851 0.0319850584632 0.0359226563464
Herato21 Herato2101 2075001.0 2075000.0 0.0368640703846 0.0322831966278 0.0363781227666 0.0432168515396
Herato21 Herato2101 2125001.0 2125000.0 0.0411317379904 0.0335312584578 0.0409267108988 0.0503432147422
Herato21 Herato2101 2175001.0 2175000.0 0.030659175303 0.0278417621761 0.0305412105556 0.0339307781594
Herato21 Herato2101 2225001.0 2225000.0 0.0237620795879 0.0196032492059 0.0249213915391 0.0281374878934
Herato21 Herato2101 2275001.0 2275000.0 0.0143206182464 0.0121629852584 0.0142347036574 0.0169409553552
Herato21 Herato2101 2325001.0 2325000.0 0.0367923061933 0.0333974891724 0.0368857192604 0.0400305512086
Herato21 Herato2101 2375001.0 2375000.0 0.0187792874964 0.0171633560579 0.0187295080246 0.0202813198364
Herato21 Herato2101 2425001.0 2425000.0 0.0313094248777 0.0283196072234 0.0313946321395 0.0343848562232
Herato21 Herato2101 2475001.0 2475000.0 0.0288907460592 0.0236686351117 0.028837284382 0.0355687243874
Herato21 Herato2101 2525001.0 2525000.0 0.0284016675216 0.0227533586934 0.0286221919854 0.0335573461166
Herato21 Herato2101 2575001.0 2575000.0 0.0352152334005 0.0179286851135 0.0307639616166 0.113153446294
Herato21 Herato2101 2625001.0 2625000.0 0.0328479490656 0.0206249588121 0.0315740762078 0.0509176806702
Herato21 Herato2101 2675001.0 2675000.0 0.0240502317506 0.0213122046091 0.0240294334785 0.0272968138724
Herato21 Herato2101 2725001.0 2725000.0 0.0267350983937 0.0245114853247 0.0266168592826 0.0309042262431
Herato21 Herato2101 2775001.0 2775000.0 0.0363737940316 0.0336763877524 0.0361780782338 0.038968889834
Herato21 Herato2101 2825001.0 2825000.0 0.0530991749587 0.0437283027476 0.0507766136084 0.078597465661
Herato21 Herato2101 2875001.0 2875000.0 0.046651692452 0.0414696785 0.046536587726 0.052084096788
Herato21 Herato2101 2925001.0 2925000.0 0.0433416969748 0.0391803207653 0.043137877174 0.0483294279106
Herato21 Herato2101 2975001.0 2975000.0 0.040626815154 0.0366888760462 0.040941736164 0.044963874312
Herato21 Herato2101 3025001.0 3025000.0 0.0442579226092 0.0416741031498 0.0441731400765 0.0473066028502
Herato21 Herato2101 3075001.0 3075000.0 0.0549577204558 0.0431286348966 0.0538045738237 0.0715530092106
Herato21 Herato2101 3125001.0 3125000.0 0.077852272334 0.058954854684 0.07553309749 0.108318885566
Herato21 Herato2101 3175001.0 3175000.0 0.04802699421 0.04485351003 0.048459141336 0.051263504308
Herato21 Herato2101 3225001.0 3225000.0 0.0642354099964 0.0551400502813 0.0635897635323 0.0767654008468
Herato21 Herato2101 3275001.0 3275000.0 0.0367451990182 0.0327514303304 0.0363968759299 0.0414958584542
Herato21 Herato2101 3325001.0 3325000.0 0.03813450482 0.031347814744 0.038356170012 0.044739958184
Herato21 Herato2101 3375001.0 3375000.0 0.072623733104 0.0335425304322 0.0442889695814 0.233469622339
Herato21 Herato2101 3425001.0 3425000.0 0.055674458367 0.0450891746586 0.055719679971 0.067182259687
Herato21 Herato2101 3475001.0 3475000.0 0.10458828408 0.09533107454 0.10464693518 0.11474581888
Herato21 Herato2101 3525001.0 3525000.0 0.0534799956562 0.0489433410895 0.0530398109832 0.0591459043468
Herato21 Herato2101 3575001.0 3575000.0 0.0375710879199 0.0307942630903 0.0375825578173 0.0459177301642
Herato21 Herato2101 3625001.0 3625000.0 0.0297429063933 0.0267822809298 0.0294596999504 0.0353375258686
Herato21 Herato2101 3675001.0 3675000.0 0.0444555802432 0.039477161238 0.044375298362 0.049267383742
Herato21 Herato2101 3725001.0 3725000.0 0.0498905872326 0.045471817553 0.0495737713682 0.0551339738606
Herato21 Herato2101 3775001.0 3775000.0 0.0509443908887 0.0430625364896 0.0499241110955 0.062606764193
Herato21 Herato2101 3825001.0 3825000.0 0.0374060560454 0.0331872279228 0.0376765725008 0.0408277294426
Herato21 Herato2101 3875001.0 3875000.0 0.0434729642654 0.0340959389957 0.0438346754134 0.0551097288502
Herato21 Herato2101 3925001.0 3925000.0 0.052861631392 0.044130644521 0.0526458029004 0.06257628153
Herato21 Herato2101 3975001.0 3975000.0 0.0329276358262 0.0283269807794 0.0329389729702 0.0380793059928
Herato21 Herato2101 4025001.0 4025000.0 0.033545389244 0.0313213644162 0.033439952713 0.0362095591258
Herato21 Herato2101 4075001.0 4075000.0 0.0296684616632 0.0265207469565 0.029621061112 0.0332293891836
Herato21 Herato2101 4125001.0 4125000.0 0.0259144393275 0.0226463544408 0.0258486699014 0.0294477453948
Herato21 Herato2101 4175001.0 4175000.0 0.0405872692747 0.0221699910289 0.0390407404192 0.0648813427724
Herato21 Herato2101 4225001.0 4225000.0 0.0161890669231 0.0120223945386 0.0157617833745 0.0218774983256
Herato21 Herato2101 4275001.0 4275000.0 0.036043691401 0.0296300602124 0.0360981813178 0.0434763782208
Herato21 Herato2101 4325001.0 4325000.0 0.052005429114 0.044077666868 0.051367357542 0.062051993806
Herato21 Herato2101 4375001.0 4375000.0 0.0529866106888 0.0480726064002 0.0525172252642 0.0603832126464
Herato21 Herato2101 4425001.0 4425000.0 0.0330273714004 0.0295260426515 0.0330433038362 0.0372402398292
Herato21 Herato2101 4475001.0 4475000.0 0.0316795509096 0.0274216720299 0.0315352208342 0.0366652067754
Herato21 Herato2101 4525001.0 4525000.0 0.0248660865408 0.0223342245664 0.02469379002 0.027973643644
Herato21 Herato2101 4575001.0 4575000.0 0.0276194396816 0.024612237109 0.0273068678512 0.0315155631736
Herato21 Herato2101 4625001.0 4625000.0 0.0376798923658 0.0343741471894 0.037578817287 0.0413871865334
Herato21 Herato2101 4675001.0 4675000.0 0.0211942323978 0.0190930535276 0.0211468316751 0.02345397425
Herato21 Herato2101 4725001.0 4725000.0 0.0357503847768 0.0325689651803 0.0355025573248 0.0393244449432
Herato21 Herato2101 4775001.0 4775000.0 0.0262490898548 0.0227026488014 0.0260913865298 0.0306301630994
Herato21 Herato2101 4825001.0 4825000.0 0.0273195118223 0.0201576896131 0.0266777943684 0.0381579236262
Herato21 Herato2101 4875001.0 4875000.0 0.034939235333 0.0316063079404 0.0349878945596 0.038390407945
Herato21 Herato2101 4925001.0 4925000.0 0.0144046408804 0.0112087315217 0.014173181078 0.0192460181054
Herato21 Herato2101 4975001.0 4975000.0 0.0239414699184 0.0218835745689 0.0238790533284 0.0263719830198
Herato21 Herato2101 5025001.0 5025000.0 0.0354364880102 0.0311231930936 0.035339510753 0.04009405545
Herato21 Herato2101 5075001.0 5075000.0 0.0294477062664 0.0267502655934 0.0294322234978 0.0323846262962
Herato21 Herato2101 5125001.0 5125000.0 0.0278029819926 0.0192519167172 0.0264224509828 0.0435705724251
Herato21 Herato2101 5175001.0 5175000.0 0.0347433440396 0.0318805377588 0.0345807807652 0.0382776691264
Herato21 Herato2101 5225001.0 5225000.0 0.0490257283049 0.0406109527202 0.048736537144 0.0595891454402
Herato21 Herato2101 5275001.0 5275000.0 0.0325424433814 0.0287478644582 0.0326016445044 0.0360408385928
Herato21 Herato2101 5325001.0 5325000.0 0.0397630777858 0.0356251695115 0.0397568479562 0.0441206752164
Herato21 Herato2101 5375001.0 5375000.0 0.034956291118 0.0318635776712 0.0347913368868 0.038996665652
Herato21 Herato2101 5425001.0 5425000.0 0.0439445508942 0.0401326146095 0.0437647123033 0.0479704017542
Herato21 Herato2101 5475001.0 5475000.0 0.0428493006712 0.0383184771339 0.0428058353202 0.0477179126436
Herato21 Herato2101 5525001.0 5525000.0 0.0254524867814 0.0228678595696 0.0253799888766 0.0282486719352
Herato21 Herato2101 5575001.0 5575000.0 0.034270468724 0.0273184121889 0.0334120283392 0.0468427694112
Herato21 Herato2101 5625001.0 5625000.0 0.040525529892 0.034416743276 0.0401409134 0.048187481356
Herato21 Herato2101 5675001.0 5675000.0 0.028474141194 0.025151665182 0.028356492966 0.032078424738
Herato21 Herato2101 5725001.0 5725000.0 0.0313295089966 0.0268137241212 0.0312749340568 0.03701234444
Herato21 Herato2101 5775001.0 5775000.0 0.0293978806605 0.0245667456734 0.029136216151 0.0352674352198
Herato21 Herato2101 5825001.0 5825000.0 0.0377584862147 0.0267435443864 0.0375414063521 0.051540931823
Herato21 Herato2101 5875001.0 5875000.0 0.0359118112714 0.0316867775875 0.0358221976426 0.0407110944538
Herato21 Herato2101 5925001.0 5925000.0 0.0369389682662 0.0341612176442 0.036561740824 0.0404631187896
Herato21 Herato2101 5975001.0 5975000.0 0.0332541504642 0.030012815247 0.0332079525528 0.036746469784
Herato21 Herato2101 6025001.0 6025000.0 0.036085381906 0.0329064228238 0.0362673179312 0.039482785109
Herato21 Herato2101 6075001.0 6075000.0 0.0259750425174 0.0240148407202 0.0259359790744 0.0281874314456
Herato21 Herato2101 6125001.0 6125000.0 0.0256789938973 0.0229581214655 0.0257173802352 0.028530048811
Herato21 Herato2101 6175001.0 6175000.0 0.0156993013233 0.0130223081129 0.0156207941121 0.0189249275848
Herato21 Herato2101 6225001.0 6225000.0 0.0349441184076 0.0302584993482 0.0345132240185 0.0399424270596
Herato21 Herato2101 6275001.0 6275000.0 0.039257212569 0.0352456763204 0.039247452134 0.043299274137
Herato21 Herato2101 6325001.0 6325000.0 0.021517680374 0.0192996712512 0.021465846404 0.024008553062
Herato21 Herato2101 6375001.0 6375000.0 0.0512864657182 0.0282741206991 0.0473614412998 0.0949324496536
Herato21 Herato2101 6425001.0 6425000.0 0.0185353648199 0.0151081505632 0.0184807108473 0.0235511289376
Herato21 Herato2101 6475001.0 6475000.0 0.0204263280956 0.0145962503055 0.0189706209296 0.0331058916758
Herato21 Herato2101 6525001.0 6525000.0 0.0215625277673 0.0186135946846 0.0213805825898 0.024931641637
Herato21 Herato2101 6575001.0 6575000.0 0.0488721941187 0.0222559092591 0.047745532795 0.081267469083
Herato21 Herato2101 6625001.0 6625000.0 0.0161887311212 0.0125687299746 0.0155928258011 0.021634918226
Herato21 Herato2101 6675001.0 6675000.0 0.0119423940418 0.0101009356788 0.0118561959754 0.014435497817
Herato21 Herato2101 6725001.0 6725000.0 0.0134293023142 0.00974918249287 0.0132354842236 0.0182145292875
Herato21 Herato2101 6775001.0 6775000.0 0.0198936807665 0.0182774008013 0.0199377834538 0.0215790381555
Herato21 Herato2101 6825001.0 6825000.0 0.0227679809884 0.0206208566711 0.0226724775916 0.02543397189
Herato21 Herato2101 6875001.0 6875000.0 0.019199378626 0.0159339364402 0.018824950866 0.024689557484
Herato21 Herato2101 6925001.0 6925000.0 0.0176142047283 0.015674296884 0.0175853489615 0.0198452890051
Herato21 Herato2101 6975001.0 6975000.0 0.0153331643921 0.0136592475775 0.0152398263205 0.0174533415556
Herato21 Herato2101 7025001.0 7025000.0 0.00689234299342 0.00588207345894 0.00680857804944 0.00797722015404
Herato21 Herato2101 7075001.0 7075000.0 0.00879047001292 0.00720815268783 0.00880990637568 0.010517372422
Herato21 Herato2101 7125001.0 7125000.0 0.0157428449495 0.0141369214266 0.0156863619961 0.017339921363
Herato21 Herato2101 7175001.0 7175000.0 0.0182770998199 0.0158820271353 0.0181011411905 0.0212498498652
Herato21 Herato2101 7225001.0 7225000.0 0.0115421610962 0.00952174971487 0.0115132824723 0.0140496376203
Herato21 Herato2101 7275001.0 7275000.0 0.0258527817816 0.0220772427802 0.0257039129501 0.0306262105513
Herato21 Herato2101 7325001.0 7325000.0 0.035952663178 0.0304441844097 0.0356596166158 0.04245109213
Herato21 Herato2101 7375001.0 7375000.0 0.0118867900076 0.0100444822534 0.0118580680602 0.014064192609
Herato21 Herato2101 7425001.0 7425000.0 0.037992423194 0.0349922774162 0.0380647301477 0.04111007915
Herato21 Herato2101 7475001.0 7475000.0 0.0346643704576 0.0308163937778 0.0340492641406 0.0410658365112
Herato21 Herato2101 7525001.0 7525000.0 0.0516156877979 0.0340309737923 0.0518000953928 0.0666171448893
Herato21 Herato2101 7575001.0 7575000.0 0.0189815408641 0.0151728483861 0.0187562573201 0.0243968660382
Herato21 Herato2101 7625001.0 7625000.0 0.0213836421984 0.0190957176454 0.0215433111348 0.023944076098
Herato21 Herato2101 7675001.0 7675000.0 0.0362678881496 0.0319246994736 0.0361249209844 0.0412054820962
Herato21 Herato2101 7725001.0 7725000.0 0.0326802648404 0.0290906095289 0.0324919355104 0.0364942907158
Herato21 Herato2101 7775001.0 7775000.0 0.0434215517751 0.0381656904687 0.0435255156438 0.0493974131624
Herato21 Herato2101 7825001.0 7825000.0 0.059802490512 0.0544787849478 0.0598804556312 0.0664466084752
Herato21 Herato2101 7875001.0 7875000.0 0.068158466018 0.03775782796 0.068425337092 0.084191666512
Herato21 Herato2101 7925001.0 7925000.0 0.0391049019934 0.0361670807924 0.0390211533356 0.0427175099058
Herato21 Herato2101 7975001.0 7975000.0 0.043216781 0.0406149672376 0.042861146488 0.04729089664
Herato21 Herato2101 8025001.0 8025000.0 0.033702541686 0.0285933371535 0.0333069902154 0.0412849092094
Herato21 Herato2101 8075001.0 8075000.0 0.0418952926476 0.0392678811043 0.0417201539318 0.0455392551564
Herato21 Herato2101 8125001.0 8125000.0 0.0291666754653 0.0253261205585 0.0291189467054 0.0333286832528
Herato21 Herato2101 8175001.0 8175000.0 0.0278600735854 0.0232575029868 0.0276256030848 0.0334058738492
Herato21 Herato2101 8225001.0 8225000.0 0.0406957683428 0.0319551347292 0.0403323901838 0.0538500938148
Herato21 Herato2101 8275001.0 8275000.0 0.0298698914099 0.0251804544787 0.0295280865525 0.0362277632568
Herato21 Herato2101 8325001.0 8325000.0 0.0276509103606 0.0198412541659 0.0263938596504 0.0436094624715
Herato21 Herato2101 8375001.0 8375000.0 0.0311841740604 0.0262204817049 0.0311433316388 0.03562651425
Herato21 Herato2101 8425001.0 8425000.0 0.0209094058773 0.0190050894184 0.0209682503544 0.0227697796842
Herato21 Herato2101 8475001.0 8475000.0 0.0294702908722 0.0243079887114 0.0292311644032 0.0365022278712
Herato21 Herato2101 8525001.0 8525000.0 0.0365143409966 0.0312527508701 0.036219671043 0.0430982747202
Herato21 Herato2101 8575001.0 8575000.0 0.0341001385116 0.0281099493561 0.0338870087518 0.0449041055312
Herato21 Herato2101 8625001.0 8625000.0 0.031963962412 0.0306455327186 0.0318770088778 0.0340549900424
Herato21 Herato2101 8675001.0 8675000.0 0.022009007332 0.01998981122 0.021903923338 0.024264534898
Herato21 Herato2101 8725001.0 8725000.0 0.0249881577936 0.022728145578 0.0249869491602 0.0274669533914
Herato21 Herato2101 8775001.0 8775000.0 0.0629985694928 0.0511097124308 0.0616426975844 0.0815684522776
Herato21 Herato2101 8825001.0 8825000.0 0.0441300376582 0.0354266386004 0.0444966806438 0.054959923722
Herato21 Herato2101 8875001.0 8875000.0 0.0327889944035 0.0294037397729 0.0325347031961 0.0371836997726
Herato21 Herato2101 8925001.0 8925000.0 0.0420317357117 0.0370119180007 0.0421307166194 0.0465072764058
Herato21 Herato2101 8975001.0 8975000.0 0.0440169614687 0.037421810605 0.0440633874751 0.0506221512502
Herato21 Herato2101 9025001.0 9025000.0 0.0410695668122 0.0368329089464 0.0407527197426 0.0469671059978
Herato21 Herato2101 9075001.0 9075000.0 0.0618762130144 0.0549209775322 0.0623269079166 0.0693298475696
Herato21 Herato2101 9125001.0 9125000.0 0.0490877247178 0.0410412696595 0.0487432368823 0.0603177525638
Herato21 Herato2101 9175001.0 9175000.0 0.0409567643888 0.0368603030212 0.0409271475587 0.0453502715448
Herato21 Herato2101 9225001.0 9225000.0 0.0238869875294 0.0212354777478 0.0238132642656 0.026821906713
Herato21 Herato2101 9275001.0 9275000.0 0.036668732996 0.033421968544 0.036414605896 0.043248089204
Herato21 Herato2101 9325001.0 9325000.0 0.0112592043028 0.00991712033958 0.0112006803823 0.0127115102418
Herato21 Herato2101 9375001.0 9375000.0 0.0056035967717 0.00477017416654 0.00561901145256 0.00656831693012
Herato21 Herato2101 9425001.0 9425000.0 0.006429504417 0.0058793982102 0.006430820657 0.006960117801
Herato21 Herato2101 9475001.0 9475000.0 0.0144335268732 0.0124453993051 0.014118352696 0.020057179982
Herato21 Herato2101 9525001.0 9525000.0 0.0119684452028 0.009068550637 0.0117721962918 0.0158207281156
Herato21 Herato2101 9575001.0 9575000.0 0.0313459571128 0.0203274884975 0.0299830543466 0.052184157084
Herato21 Herato2101 9625001.0 9625000.0 0.018015158977 0.0155793170272 0.0179517913428 0.020902282601
Herato21 Herato2101 9675001.0 9675000.0 0.0404784852869 0.0234449483745 0.0410167378937 0.064373609697
Herato21 Herato2101 9725001.0 9725000.0 0.0277927399309 0.0242036060939 0.0278487615708 0.0316203740026
Herato21 Herato2101 9775001.0 9775000.0 0.0150144125262 0.0116354860297 0.0147641202041 0.0203624679902
Herato21 Herato2101 9825001.0 9825000.0 0.0496210617322 0.0385819945181 0.048629453309 0.0660853952738
Herato21 Herato2101 9875001.0 9875000.0 0.0224892284457 0.0207200533605 0.0224303694518 0.0246431006556
Herato21 Herato2101 9925001.0 9925000.0 0.0151754473968 0.0136968494375 0.0150995135666 0.0167994783922
Herato21 Herato2101 9975001.0 9975000.0 0.00931976801592 0.0083723682099 0.00929097938302 0.010320187991
Herato21 Herato2101 10025001.0 10025000.0 0.0064930033266 0.00594055265484 0.006456184151 0.0071942772384
Herato21 Herato2101 10075001.0 10075000.0 0.0445498638223 0.0410028106397 0.0443883526576 0.048575859973
Herato21 Herato2101 10125001.0 10125000.0 0.0166922188166 0.0145674579642 0.0167624439047 0.0192699004889
Herato21 Herato2101 10175001.0 10175000.0 0.0242609821982 0.0223057589892 0.0242407049755 0.0262449162058
Herato21 Herato2101 10225001.0 10225000.0 0.032220392836 0.029448118232 0.03227626586 0.03488347282
Herato21 Herato2101 10275001.0 10275000.0 0.022959606307 0.0202649614474 0.022936210046 0.0260471517614
Herato21 Herato2101 10325001.0 10325000.0 0.0376475907606 0.0336016171876 0.0374471181156 0.0423653695214
Herato21 Herato2101 10375001.0 10375000.0 0.0466691848534 0.0393633749866 0.045642646491 0.0566220343374
Herato21 Herato2101 10425001.0 10425000.0 0.0353254447953 0.0317120659227 0.034992544387 0.0403615610794
Herato21 Herato2101 10475001.0 10475000.0 0.0206464486366 0.0170829217797 0.02022836017 0.0268622973752
Herato21 Herato2101 10525001.0 10525000.0 0.0275946930583 0.0238110452823 0.0274332720002 0.0321665050414
Herato21 Herato2101 10575001.0 10575000.0 0.0231162384086 0.0192016102117 0.0232230109453 0.027175593683
Herato21 Herato2101 10625001.0 10625000.0 0.04960778396 0.043220518894 0.049878974152 0.055646152712
Herato21 Herato2101 10675001.0 10675000.0 0.0564922004468 0.0495456962652 0.0562071688046 0.0647994870406
Herato21 Herato2101 10725001.0 10725000.0 0.0341969676416 0.0306120891708 0.0340697271346 0.0388632688474
Herato21 Herato2101 10775001.0 10775000.0 0.0190403794502 0.0169815788386 0.0189446896292 0.0212081583514
Herato21 Herato2101 10825001.0 10825000.0 0.023444076992 0.0207035585446 0.0234407502532 0.0263152855608
Herato21 Herato2101 10875001.0 10875000.0 0.026702618531 0.024265785248 0.0265718583504 0.029724418742
Herato21 Herato2101 10925001.0 10925000.0 0.0732401599878 0.0620264243184 0.0727261272584 0.0880369449136
Herato21 Herato2101 10975001.0 10975000.0 0.0249174729144 0.0214578534705 0.0248079627357 0.0288237159018
Herato21 Herato2101 11025001.0 11025000.0 0.041673180718 0.038024984363 0.0414164345628 0.045838603046
Herato21 Herato2101 11075001.0 11075000.0 0.0468467501211 0.0423594845539 0.04667692021 0.0522530008364
Herato21 Herato2101 11125001.0 11125000.0 0.0417078171779 0.0369956193892 0.0414289490579 0.0477984204242
Herato21 Herato2101 11175001.0 11175000.0 0.0402933109986 0.0353186490135 0.0401368634903 0.0472581093528
Herato21 Herato2101 11225001.0 11225000.0 0.0388546972738 0.032559875872 0.0382300475226 0.0465487399486
Herato21 Herato2101 11275001.0 11275000.0 0.0451980954672 0.0391425444823 0.0448194375804 0.052829416394
Herato21 Herato2101 11325001.0 11325000.0 0.0404980033296 0.0356677166712 0.0405309286243 0.0463471234142
Herato21 Herato2101 11375001.0 11375000.0 0.0470191186056 0.0431199977245 0.0474598618992 0.050723987726
Herato21 Herato2101 11425001.0 11425000.0 0.0578510746728 0.0505290084782 0.057749803017 0.0660900453908
Herato21 Herato2101 11475001.0 11475000.0 0.0416135616764 0.0344036997496 0.0411226963772 0.0515917513736
Herato21 Herato2101 11525001.0 11525000.0 0.0305131490992 0.0242382678281 0.0301876820264 0.0391787006264
Herato21 Herato2101 11575001.0 11575000.0 0.0273561178091 0.02385118638 0.0273181949275 0.030984731975
Herato21 Herato2101 11625001.0 11625000.0 0.0347691886012 0.0322921095545 0.0344917818226 0.0382463379908
Herato21 Herato2101 11675001.0 11675000.0 0.047059481846 0.041283351582 0.0469392241 0.05388585093
Herato21 Herato2101 11725001.0 11725000.0 0.040813025114 0.0375426711102 0.040568390628 0.044003397272
Herato21 Herato2101 11775001.0 11775000.0 0.045193416488 0.0410693379644 0.0445503238 0.051114362148
Herato21 Herato2101 11825001.0 11825000.0 0.0408785395539 0.0333412532888 0.0413529878757 0.0482356385296
Herato21 Herato2101 11875001.0 11875000.0 0.0309133310721 0.027630843009 0.0308779221763 0.0344386627202
Herato21 Herato2101 11925001.0 11925000.0 0.0321210639012 0.0278011942701 0.0322416291674 0.0372529403696
Herato21 Herato2101 11975001.0 11975000.0 0.0206750945496 0.0157702584951 0.0201971127006 0.0262024074216
Herato21 Herato2101 12025001.0 12025000.0 0.0465145824114 0.0374713916279 0.0452260110478 0.0614837582564
Herato21 Herato2101 12075001.0 12075000.0 0.034056638978 0.0315127611972 0.033875516876 0.037292930482
Herato21 Herato2101 12125001.0 12125000.0 0.0261176841469 0.0228101259664 0.0261052022673 0.0296515779286
Herato21 Herato2101 12175001.0 12175000.0 0.016013547068 0.00549729303022 0.0153934909086 0.027377186042
Herato21 Herato2101 12225001.0 12225000.0 0.0263063818276 0.0214793259118 0.026199139103 0.031549245057
Herato21 Herato2101 12275001.0 12275000.0 0.0393936814918 0.0353587816908 0.0393874773884 0.04409330378
Herato21 Herato2101 12325001.0 12325000.0 0.033587960372 0.0298460110425 0.0332339441816 0.0378741853212
Herato21 Herato2101 12375001.0 12375000.0 0.0334796236044 0.0292150564523 0.033260902079 0.0388860698548
Herato21 Herato2101 12425001.0 12425000.0 0.03402387628 0.0310117387314 0.0340738975544 0.0369779379166
Herato21 Herato2101 12475001.0 12475000.0 0.0322897808003 0.0290231232145 0.0319530090589 0.0365524824508
Herato21 Herato2101 12525001.0 12525000.0 0.036212469626 0.0309017165612 0.035398523864 0.04513113948
Herato21 Herato2101 12575001.0 12575000.0 0.0399018158776 0.0382249777784 0.040062547714 0.041393619498
Herato21 Herato2101 12625001.0 12625000.0 0.0387814284962 0.0347103446201 0.0385267382162 0.0426833905356
Herato21 Herato2101 12675001.0 12675000.0 0.0532802439906 0.0468586665215 0.0531257810496 0.0608948868416
Herato21 Herato2101 12725001.0 12725000.0 0.0506894727172 0.048474045739 0.0504451051896 0.054218020292
Herato21 Herato2101 12775001.0 12775000.0 0.0527397875264 0.04810899833 0.0525313516016 0.0590584937624
Herato21 Herato2101 12825001.0 12825000.0 0.04847226623 0.043485497566 0.048273936226 0.053477505424
Herato21 Herato2101 12875001.0 12875000.0 0.04393451914 0.038693361064 0.04291878502 0.04955984228
Herato21 Herato2101 12925001.0 12925000.0 0.046618289818 0.040407373282 0.046682503696 0.053836505916
Herato21 Herato2101 12975001.0 12975000.0 0.0627997379206 0.0580447931709 0.0623965593942 0.069390274106
Herato21 Herato2101 13025001.0 13025000.0 0.0479562974178 0.0435238739925 0.0479647119761 0.0529545620764
Herato21 Herato2101 13075001.0 13075000.0 0.0328342194972 0.0302358695978 0.0326540686727 0.0360738404871
Herato21 Herato2101 13125001.0 13125000.0 0.079377032943 0.0616319619719 0.0781796146427 0.103760422315
Herato21 Herato2101 13175001.0 13175000.0 0.107072877163 0.0835767242459 0.105268033491 0.13969056799
Herato21 Herato2101 13225001.0 13225000.0 0.043215013511 0.0388100514079 0.0432376894093 0.0475752460239
Herato21 Herato2101 13275001.0 13275000.0 0.0746278701576 0.0672806843537 0.0748048957814 0.0824258672766
Herato21 Herato2101 13325001.0 13325000.0 0.08569867864 0.08155325478 0.08583278728 0.0888613721
Herato21 Herato2101 13375001.0 13375000.0 0.069155407018 0.0572444067118 0.0695509845992 0.08261503124
Herato21 Herato2101 13425001.0 13425000.0 0.092145207507 0.083385405022 0.0920062993388 0.101721161904
Herato21 Herato2101 13475001.0 13475000.0 0.0834308232804 0.0758946276714 0.0833370914962 0.09226267666
Herato21 Herato2101 13525001.0 13525000.0 0.0572858061034 0.04919390007 0.0567748217384 0.0687881612838
Herato21 Herato2101 13575001.0 13575000.0 0.043704664646 0.0355163101835 0.0439517285272 0.0520701026908
Herato21 Herato2101 13625001.0 13625000.0 0.05703686105 0.052322593354 0.057033909242 0.06271169002
Herato21 Herato2101 13675001.0 13675000.0 0.0561102198168 0.0528728167779 0.0560559884588 0.0597624197312
Herato21 Herato2101 13725001.0 13725000.0 0.07805273376 0.067123398152 0.078351466764 0.087450095882
Herato21 Herato2101 13775001.0 13775000.0 0.064006479984 0.059155554184 0.063826816576 0.07152971854
Herato21 Herato2101 13825001.0 13825000.0 0.0695584333445 0.0618629042285 0.0699462009634 0.0759198292758
Herato21 Herato2101 13875001.0 13875000.0 0.0712718532936 0.0652513334634 0.0713102512628 0.0778728338354
Herato21 Herato2101 13925001.0 13925000.0 0.0641248954875 0.0576268154171 0.064007938774 0.0717041212954
Herato21 Herato2101 13975001.0 13975000.0 0.0626798697397 0.0558206861421 0.0627573294285 0.0686923086356
Herato21 Herato2101 14025001.0 14025000.0 0.0769623244696 0.0634266717367 0.0762971982738 0.0901394480256
Herato21 Herato2101 14075001.0 14075000.0 0.0819095356362 0.0748104464764 0.0821646039062 0.0879143305598
Herato21 Herato2101 14125001.0 14125000.0 0.0666385749698 0.058093203558 0.0663595602924 0.0752586313802
Herato21 Herato2101 14175001.0 14175000.0 0.0818588762414 0.0725638330948 0.0816624848378 0.093038138824
Herato21 Herato2101 14225001.0 14225000.0 0.0834605914476 0.0792883992244 0.0831835212904 0.089882342118
Herato21 Herato2101 14275001.0 14275000.0 0.067148019032 0.063030055122 0.066716460807 0.071370126094
Herato21 Herato2101 14325001.0 14325000.0 0.066388325974 0.0579322704358 0.0661715609884 0.0751756991624
Herato21 Herato2101 14375001.0 14375000.0 0.0757494508704 0.0696495396465 0.076044061763 0.080814492308
Herato21 Herato2101 14425001.0 14425000.0 0.044696702529 0.0389341624698 0.0446265616268 0.0505705829228
Herato21 Herato2101 14475001.0 14475000.0 0.0598403308466 0.0550852554796 0.0596562480565 0.0652087788724
Herato21 Herato2101 14525001.0 14525000.0 0.0510700035965 0.0475245085928 0.0511997062791 0.0550334521254
Herato21 Herato2101 14575001.0 14575000.0 0.0816363817208 0.0690460341451 0.0810684621794 0.0945101518892
Herato21 Herato2101 14625001.0 14625000.0 0.0739968558 0.06925192506 0.07375007234 0.08007340844
Herato21 Herato2101 14675001.0 14675000.0 0.0473824558542 0.0411072648339 0.0473934370051 0.0538069388094
Herato21 Herato2101 14725001.0 14725000.0 0.0616868980262 0.0548123099968 0.0615719539189 0.0686718058632
Herato21 Herato2101 14775001.0 14775000.0 0.07238447185 0.066732237052 0.071986039998 0.079721372324
Herato21 Herato2101 14825001.0 14825000.0 0.0745431178066 0.0676536574087 0.074945664351 0.0818219812672
Herato21 Herato2101 14875001.0 14875000.0 0.0653812444392 0.0602242788849 0.065185288075 0.07234054631
Herato21 Herato2101 14925001.0 14925000.0 0.038807545535 0.0344520310593 0.038747504457 0.043200902308
Herato21 Herato2101 14975001.0 14975000.0 0.0463224257015 0.0403919321782 0.0457867016839 0.054347652903
Herato21 Herato2101 15025001.0 15025000.0 0.0439332010892 0.0406317691964 0.0440041631444 0.0477237030988
Herato21 Herato2101 15075001.0 15075000.0 0.0296021828393 0.0275508049026 0.0296439549753 0.0314488602768
Herato21 Herato2101 15125001.0 15125000.0 0.0410237974238 0.03465378421 0.0405821496347 0.0492315041408
Herato21 Herato2101 15175001.0 15175000.0 0.0329212970626 0.0293828363101 0.0327321935978 0.0371646508372
Herato21 Herato2101 15225001.0 15225000.0 0.0288605196648 0.0268477642327 0.0288499933702 0.03109882294
Herato21 Herato2101 15275001.0 15275000.0 0.0524521173432 0.0447503424542 0.0521218863286 0.0625765517964
Herato21 Herato2101 15325001.0 15325000.0 0.0697380863814 0.0649739385929 0.0696572241338 0.0741685927406
Herato21 Herato2101 15375001.0 15375000.0 0.0704388090845 0.0622420549674 0.0701966714309 0.080577149927
Herato21 Herato2101 15425001.0 15425000.0 0.080327258692 0.077517693392 0.080244032032 0.084305477408
Herato21 Herato2101 15475001.0 15475000.0 0.0733236519712 0.0669583069401 0.0734635756768 0.0799371710132
Herato21 Herato2101 15525001.0 15525000.0 0.0897250666692 0.0824221204002 0.0901748823054 0.0966161357378
Herato21 Herato2101 15575001.0 15575000.0 0.108679585266 0.0994188600538 0.108591573327 0.119643795418
Herato21 Herato2101 15625001.0 15625000.0 0.104729601738 0.0864613924004 0.10473032073 0.122523598481
Herato21 Herato2101 15675001.0 15675000.0 0.089050760894 0.08578143688 0.088800974522 0.093933251106
Herato21 Herato2101 15725001.0 15725000.0 0.0907377640498 0.083960982528 0.0906789190056 0.0989506486962
Herato21 Herato2101 15775001.0 15775000.0 0.0999266578464 0.079159669134 0.0982209069021 0.130432235644
Herato21 Herato2101 15825001.0 15825000.0 0.0771168651532 0.0680348289994 0.0766731013858 0.0886115112948
Herato21 Herato2101 15875001.0 15875000.0 0.0597919094156 0.052270505121 0.0597668892997 0.067590768804
Herato21 Herato2101 15925001.0 15925000.0 0.091498534488 0.080865162678 0.091410781968 0.10329320307
Herato21 Herato2101 15975001.0 15975000.0 0.087202388256 0.07961948986 0.087042681162 0.09565652402
Herato21 Herato2101 16025001.0 16025000.0 0.0732748229726 0.0648716035661 0.0731804796032 0.0831570990164
Herato21 Herato2101 16075001.0 16075000.0 0.0717683897795 0.0640423709434 0.0715831799187 0.0806523880201
Herato21 Herato2101 16125001.0 16125000.0 0.0548805365948 0.0499011934792 0.054684215912 0.060740508616
Herato21 Herato2101 16175001.0 16175000.0 0.0402654860161 0.0357159550557 0.0403203440568 0.0443926031844
Herato21 Herato2101 16225001.0 16225000.0 0.0508210303024 0.0455347954733 0.0501534758244 0.0564715855114
Herato21 Herato2101 16275001.0 16275000.0 0.0446142610892 0.0364409668696 0.0444852707512 0.0517989891
Herato21 Herato2101 16325001.0 16325000.0 0.0305109863829 0.0258665685493 0.0300955720477 0.0359606889106
Herato21 Herato2101 16375001.0 16375000.0 0.0524740159174 0.0483441081661 0.0524178191876 0.05784783809
Herato21 Herato2101 16425001.0 16425000.0 0.0280216528565 0.0261972194814 0.0279951508103 0.0301589765054
Herato21 Herato2101 16475001.0 16475000.0 0.0379776956656 0.0333215400378 0.0381228222552 0.0420281161721
Herato21 Herato2101 16525001.0 16525000.0 0.0669179756422 0.0583647519094 0.0661844451678 0.0773609771834
Herato21 Herato2101 16575001.0 16575000.0 0.089113876582 0.0760634175642 0.088792615042 0.105268367218
Herato21 Herato2101 16625001.0 16625000.0 0.0981041783954 0.0929186059788 0.0978385824552 0.104052475088
Herato21 Herato2101 16675001.0 16675000.0 0.0704690311959 0.0658949018088 0.0703974566291 0.0757422862908
Herato21 Herato2101 16725001.0 16725000.0 0.089717827146 0.0825698031 0.089289330546 0.09730528144
Herato21 Herato2101 16775001.0 16775000.0 0.0531995329512 0.0489491173329 0.053112033507 0.0579843883264
Herato21 Herato2101 16825001.0 16825000.0 0.0521361907896 0.0478914110746 0.0518376724632 0.0573677920614
Herato21 Herato2101 16875001.0 16875000.0 0.087221647672 0.0758392888399 0.086119284484 0.100790565838
Herato21 Herato2101 16925001.0 16925000.0 0.0876334559772 0.0802739051917 0.0873952625614 0.0964780821764
Herato21 Herato2101 16975001.0 16975000.0 0.063091663034 0.0542532698228 0.0618922815992 0.072175901276
Herato21 Herato2101 17025001.0 17025000.0 0.068647703662 0.065137171536 0.0681128175054 0.072543328208
Herato21 Herato2101 17075001.0 17075000.0 0.0497832364798 0.0447154634639 0.049315431197 0.0569844598454
Herato21 Herato2101 17125001.0 17125000.0 0.0334299845644 0.027269610044 0.0336082347746 0.0406813546268
Herato21 Herato2101 17175001.0 17175000.0 0.0519319893723 0.0450887962336 0.0512252971403 0.0608501650178
Herato21 Herato2101 17225001.0 17225000.0 0.0516776700186 0.0445084977448 0.0514859639096 0.059881162266
Herato21 Herato2101 17275001.0 17275000.0 0.05444694386 0.05043461828 0.05413203158 0.05978535574
Herato21 Herato2101 17325001.0 17325000.0 0.0530266279535 0.0485609623396 0.0530135711026 0.0581428817852
Herato21 Herato2101 17375001.0 17375000.0 0.0457002805302 0.0435206260475 0.0455013568444 0.0483792531492
