chrom scaffold Cposition position mean p0025 p0500 p0975
Herato16 Herato1601 25001.0 25000.0 0.035323581836 0.029001550184 0.035034654416 0.04512159367
Herato16 Herato1601 75001.0 75000.0 0.051112866308 0.0313421643196 0.050178122088 0.080528290918
Herato16 Herato1601 125001.0 125000.0 0.029367211076 0.025765832156 0.029194741694 0.035589246908
Herato16 Herato1601 175001.0 175000.0 0.052098439124 0.04954424266 0.05185901501 0.055994712076
Herato16 Herato1601 225001.0 225000.0 0.03951370502 0.034770807806 0.03953289465 0.044529162532
Herato16 Herato1601 275001.0 275000.0 0.06323105284 0.05119271778 0.06348721362 0.07521997338
Herato16 Herato1601 325001.0 325000.0 0.0999848425608 0.0820240916549 0.0985566441898 0.125431863559
Herato16 Herato1601 375001.0 375000.0 0.0825988621316 0.0665184251995 0.0814881784412 0.106040041848
Herato16 Herato1601 425001.0 425000.0 0.0243315187454 0.019770385657 0.0243162582842 0.02916554688
Herato16 Herato1601 475001.0 475000.0 0.055767786608 0.05058575199 0.055684585168 0.060859404492
Herato16 Herato1601 525001.0 525000.0 0.06971774874 0.0577772459096 0.0668617145942 0.098648953474
Herato16 Herato1601 575001.0 575000.0 0.044052803116 0.0388856459 0.043647402594 0.051077235546
Herato16 Herato1601 625001.0 625000.0 0.036773148332 0.033902466849 0.036551021704 0.039768130566
Herato16 Herato1601 675001.0 675000.0 0.055349643076 0.048730546182 0.055024134584 0.063588505438
Herato16 Herato1601 725001.0 725000.0 0.063030907346 0.057780158066 0.062795699946 0.06955616184
Herato16 Herato1601 775001.0 775000.0 0.068096859 0.06410241318 0.06813206422 0.07166030572
Herato16 Herato1601 825001.0 825000.0 0.079876312438 0.066861183857 0.0784239727266 0.0956532126996
Herato16 Herato1601 875001.0 875000.0 0.09162450568 0.07929894854 0.09213196892 0.10261419044
Herato16 Herato1601 925001.0 925000.0 0.058456091578 0.052977550708 0.058765385394 0.0651929265
Herato16 Herato1601 975001.0 975000.0 0.09457808942 0.08822231238 0.09477404168 0.10088804898
Herato16 Herato1601 1025001.0 1025000.0 0.0346567539385 0.0317945631521 0.0345431832824 0.0377653520654
Herato16 Herato1601 1075001.0 1075000.0 0.067737716924 0.0652937951306 0.067547712588 0.071209833126
Herato16 Herato1601 1125001.0 1125000.0 0.089476313026 0.083150592734 0.089191245694 0.095675552678
Herato16 Herato1601 1175001.0 1175000.0 0.12854725548 0.12265477374 0.12873489954 0.1352623116
Herato16 Herato1601 1225001.0 1225000.0 0.09659417596 0.09128144664 0.096157699 0.10091865548
Herato16 Herato1601 1275001.0 1275000.0 0.09200754747 0.082500009596 0.09199384498 0.10226480234
Herato16 Herato1601 1325001.0 1325000.0 0.096638336932 0.089121175394 0.096616985366 0.104098405276
Herato16 Herato1601 1375001.0 1375000.0 0.086140003806 0.078295121184 0.085630587124 0.094678551626
Herato16 Herato1601 1425001.0 1425000.0 0.097083144999 0.0938124507526 0.0963727842834 0.1026745418
Herato16 Herato1601 1475001.0 1475000.0 0.093094965493 0.0841087045863 0.0932446789304 0.101425771807
Herato16 Herato1601 1525001.0 1525000.0 0.0836381351874 0.0722924133481 0.0834837206737 0.098044968334
Herato16 Herato1601 1575001.0 1575000.0 0.088812354058 0.0783009593866 0.088177512294 0.102115024978
Herato16 Herato1601 1625001.0 1625000.0 0.038121373938 0.035063156646 0.038111218604 0.040909561956
Herato16 Herato1601 1675001.0 1675000.0 0.0622973060188 0.0520141015109 0.0614976274694 0.0824524136446
Herato16 Herato1601 1725001.0 1725000.0 0.08817895166 0.0802597075 0.08805551068 0.09695956706
Herato16 Herato1601 1775001.0 1775000.0 0.0873470889414 0.0772422877581 0.0874109128306 0.0967267792884
Herato16 Herato1601 1825001.0 1825000.0 0.0840088826354 0.0717127826136 0.082820851976 0.102574853908
Herato16 Herato1601 1875001.0 1875000.0 0.076708167508 0.0686235482002 0.076122895156 0.086012899788
Herato16 Herato1601 1925001.0 1925000.0 0.033073258676 0.030068376468 0.033159235644 0.036252494904
Herato16 Herato1601 1975001.0 1975000.0 0.0575820018678 0.0555438250518 0.0574563502074 0.0604852404412
Herato16 Herato1601 2025001.0 2025000.0 0.05998218214 0.05742866956 0.0605062337 0.06236891032
Herato16 Herato1601 2075001.0 2075000.0 0.045917820576 0.041785252572 0.046333625322 0.04900028625
Herato16 Herato1601 2125001.0 2125000.0 0.072772136394 0.052808611836 0.069675360472 0.104908073712
Herato16 Herato1601 2175001.0 2175000.0 0.0625208063686 0.055818718945 0.0622612434838 0.0699993033268
Herato16 Herato1601 2225001.0 2225000.0 0.0623439838 0.056749801296 0.062070627768 0.068652866864
Herato16 Herato1601 2275001.0 2275000.0 0.07872476088 0.07006236199 0.07900242996 0.08852744446
Herato16 Herato1601 2325001.0 2325000.0 0.0776501039 0.07221748336 0.0768611577 0.08495696644
Herato16 Herato1601 2375001.0 2375000.0 0.072750448664 0.064824027926 0.07212323067 0.087813491116
Herato16 Herato1601 2425001.0 2425000.0 0.053830986894 0.049422911502 0.053449747836 0.059702453256
Herato16 Herato1601 2475001.0 2475000.0 0.06295199144 0.06027879322 0.06296272804 0.06563489974
Herato16 Herato1601 2525001.0 2525000.0 0.095097354528 0.0784028467334 0.093586596024 0.116943645518
Herato16 Herato1601 2575001.0 2575000.0 0.108887429846 0.098587744838 0.107882717896 0.121808606926
Herato16 Herato1601 2625001.0 2625000.0 0.081926506498 0.078640326376 0.081775102798 0.085377469492
Herato16 Herato1601 2675001.0 2675000.0 0.13811968068 0.1191805386 0.13786819258 0.15571290936
Herato16 Herato1601 2725001.0 2725000.0 0.066391705136 0.05996709 0.065727354048 0.07512296248
Herato16 Herato1601 2775001.0 2775000.0 0.06169642752 0.05870032544 0.06149496752 0.0661572312
Herato16 Herato1601 2825001.0 2825000.0 0.10033435454 0.09668254964 0.10000635758 0.1056441875
Herato16 Herato1601 2875001.0 2875000.0 0.08517905588 0.08161917422 0.08488095132 0.09081009396
Herato16 Herato1601 2925001.0 2925000.0 0.12618632774 0.11438086428 0.12580603212 0.13868906482
Herato16 Herato1601 2975001.0 2975000.0 0.0675389478404 0.0606643874269 0.0675432645096 0.075225232326
Herato16 Herato1601 3025001.0 3025000.0 0.0753747385622 0.0689815979462 0.0751662856816 0.0824806695096
Herato16 Herato1601 3075001.0 3075000.0 0.09717747552 0.09097057126 0.0973057614 0.10280466174
Herato16 Herato1601 3125001.0 3125000.0 0.0833318875714 0.0766394988544 0.0827559847704 0.091840834572
Herato16 Herato1601 3175001.0 3175000.0 0.078738583972 0.0726335870721 0.0789006436604 0.084432320141
Herato16 Herato1601 3225001.0 3225000.0 0.08740281154 0.06817477028 0.0867563494 0.10936155354
Herato16 Herato1601 3275001.0 3275000.0 0.093892778626 0.084303493606 0.093297997304 0.105140740528
Herato16 Herato1601 3325001.0 3325000.0 0.0657911961977 0.0589504310784 0.0655221727201 0.0739108892462
Herato16 Herato1601 3375001.0 3375000.0 0.04789133428 0.0406447533977 0.047693815994 0.05586891694
Herato16 Herato1601 3425001.0 3425000.0 0.074076027428 0.068689187876 0.07424372873 0.079374308694
Herato16 Herato1601 3475001.0 3475000.0 0.06126949812 0.05758429096 0.06111750578 0.06631839416
Herato16 Herato1601 3525001.0 3525000.0 0.0654576187216 0.0604691015995 0.0650559396776 0.0719737751532
Herato16 Herato1601 3575001.0 3575000.0 0.0725137607479 0.066710867646 0.0721642420533 0.0791062634846
Herato16 Herato1601 3625001.0 3625000.0 0.05383132768 0.04933293054 0.05367359208 0.06079627076
Herato16 Herato1601 3675001.0 3675000.0 0.0555069388012 0.0487711403324 0.0553570526432 0.062221138414
Herato16 Herato1601 3725001.0 3725000.0 0.0681375367216 0.0594228949762 0.0681463042054 0.0807463056084
Herato16 Herato1601 3775001.0 3775000.0 0.0630527939862 0.0539987860251 0.0629437803718 0.0716305655566
Herato16 Herato1601 3825001.0 3825000.0 0.036491337223 0.0281021410373 0.0363540933786 0.045482098016
Herato16 Herato1601 3875001.0 3875000.0 0.0672771969074 0.0615815054307 0.0666816772724 0.0747227011912
Herato16 Herato1601 3925001.0 3925000.0 0.084143804262 0.0697843949894 0.08263928096 0.104948453478
Herato16 Herato1601 3975001.0 3975000.0 0.095131532528 0.09003449275 0.095124974956 0.100807491632
Herato16 Herato1601 4025001.0 4025000.0 0.05911793298 0.0501804310336 0.0585175405424 0.072371740284
Herato16 Herato1601 4075001.0 4075000.0 0.0474599350737 0.0432905690028 0.0473772852644 0.052402752954
Herato16 Herato1601 4125001.0 4125000.0 0.0680341850784 0.055660668194 0.0680879625734 0.07993225217
Herato16 Herato1601 4175001.0 4175000.0 0.094675625594 0.0679855838949 0.0925922867642 0.137171469776
Herato16 Herato1601 4225001.0 4225000.0 0.0648319092106 0.0599668414099 0.0649071152944 0.070058101808
Herato16 Herato1601 4275001.0 4275000.0 0.0613664697818 0.0562287682198 0.0616371584596 0.0656862501856
Herato16 Herato1601 4325001.0 4325000.0 0.07992825362 0.07125106532 0.07983479662 0.08943097098
Herato16 Herato1601 4375001.0 4375000.0 0.072665978844 0.06462701015 0.07260182952 0.081612854122
Herato16 Herato1601 4425001.0 4425000.0 0.06288145598 0.058549630568 0.06330492268 0.06722068562
Herato16 Herato1601 4475001.0 4475000.0 0.0797048260903 0.0663182155514 0.0784611624768 0.102690994819
Herato16 Herato1601 4525001.0 4525000.0 0.0406992262424 0.0340777684406 0.04040232741 0.050148160506
Herato16 Herato1601 4575001.0 4575000.0 0.09376348458 0.08458975728 0.09323267214 0.10760459314
Herato16 Herato1601 4625001.0 4625000.0 0.098374183804 0.0830020190233 0.095870247552 0.1259509536
Herato16 Herato1601 4675001.0 4675000.0 0.116246600958 0.10596985805 0.11603320682 0.127322329506
Herato16 Herato1601 4725001.0 4725000.0 0.11345366668 0.104670397168 0.11307349978 0.1236439687
Herato16 Herato1601 4775001.0 4775000.0 0.12151997626 0.10027363368 0.1202497799 0.14634502668
Herato16 Herato1601 4825001.0 4825000.0 0.107553738664 0.0981378826227 0.107187568093 0.1152512038
Herato16 Herato1601 4875001.0 4875000.0 0.092780926184 0.089531244092 0.092639311374 0.09722700116
Herato16 Herato1601 4925001.0 4925000.0 0.10824058473 0.0945875969904 0.107248137748 0.12737496987
Herato16 Herato1601 4975001.0 4975000.0 0.09934788885 0.0901538618901 0.0997870970912 0.10900235442
Herato16 Herato1601 5025001.0 5025000.0 0.128864163662 0.112705221898 0.129335241746 0.139944492414
Herato16 Herato1601 5075001.0 5075000.0 0.12733907166 0.11865222374 0.12709202834 0.135838266
Herato16 Herato1601 5125001.0 5125000.0 0.10586710708 0.09351925416 0.10600301184 0.11528265248
Herato16 Herato1601 5175001.0 5175000.0 0.07633413828 0.062764257878 0.07622788296 0.09102876302
Herato16 Herato1601 5225001.0 5225000.0 0.055605469592 0.052012294204 0.055809177194 0.058870970746
Herato16 Herato1601 5275001.0 5275000.0 0.0788782259638 0.073815293718 0.0789576072772 0.083783065452
Herato16 Herato1601 5325001.0 5325000.0 0.10442263954 0.072296026028 0.101582175602 0.15010851723
Herato16 Herato1601 5375001.0 5375000.0 0.070444323628 0.06194514821 0.070174525896 0.079984876882
Herato16 Herato1601 5425001.0 5425000.0 0.08641479292 0.07959080404 0.08634530128 0.09362919266
Herato16 Herato1601 5475001.0 5475000.0 0.07578404124 0.064650587666 0.074082283274 0.09746469239
Herato16 Herato1601 5525001.0 5525000.0 0.0531772848318 0.0507768564074 0.0530400219446 0.0562785575806
Herato16 Herato1601 5575001.0 5575000.0 0.0998189584682 0.0350766616056 0.0506163580051 0.313198269294
Herato16 Herato1601 5625001.0 5625000.0 0.0812519718694 0.0293418445991 0.0759439699147 0.173150650744
Herato16 Herato1601 5675001.0 5675000.0 0.0668791821512 0.0580499787057 0.066153165535 0.0790002398356
Herato16 Herato1601 5725001.0 5725000.0 0.088020261808 0.080826037816 0.087290832996 0.095446042534
Herato16 Herato1601 5775001.0 5775000.0 0.09123462738 0.087584187 0.09128078012 0.09563380712
Herato16 Herato1601 5825001.0 5825000.0 0.09173742366 0.08983387958 0.09154434422 0.09522273426
Herato16 Herato1601 5875001.0 5875000.0 0.085606666284 0.0797976391105 0.0855354417844 0.093208924444
Herato16 Herato1601 5916147.0 5925000.0 0.0565624700173 0.0512170723833 0.056259038189 0.0645273060448
Herato16 Herato1602 5957294.0 25000.0 0.057465649218 0.0504527094446 0.056674908027 0.069006886493
Herato16 Herato1602 6007294.0 75000.0 0.0467004922904 0.0374571575321 0.0461806743244 0.0577461981262
Herato16 Herato1602 6057294.0 125000.0 0.0593333762426 0.0417872705782 0.0579584358494 0.0783073766912
Herato16 Herato1602 6107294.0 175000.0 0.047335867978 0.035078334326 0.045289510922 0.067404336136
Herato16 Herato1602 6157294.0 225000.0 0.0657791061204 0.0597071067516 0.0654322761206 0.072836632328
Herato16 Herato1602 6192024.5 275000.0 0.0573180618159 0.0520824608191 0.0572996179025 0.0637310327321
Herato16 Herato1603 6226756.0 25000.0 0.129396956792 0.114250827188 0.128793261542 0.148396447345
Herato16 Herato1603 6276756.0 75000.0 0.113395558868 0.108528189971 0.113336405194 0.119290027745
Herato16 Herato1603 6326756.0 125000.0 0.111074011671 0.101217696953 0.111276269671 0.119343107551
Herato16 Herato1603 6376756.0 175000.0 0.12356699908 0.112125052416 0.124192944578 0.137469404804
Herato16 Herato1603 6426756.0 225000.0 0.088316239965 0.0745669678607 0.0852866862824 0.110003722361
Herato16 Herato1603 6476756.0 275000.0 0.12239735138 0.1042116844 0.1242385605 0.13800539236
Herato16 Herato1603 6526756.0 325000.0 0.159126185397 0.133581982591 0.157686663574 0.194503262749
Herato16 Herato1603 6576756.0 375000.0 0.0656641842636 0.0545626797376 0.0648774730077 0.0798518601822
Herato16 Herato1603 6626756.0 425000.0 0.08408879472 0.077553452078 0.083914819942 0.09085257852
Herato16 Herato1603 6676756.0 475000.0 0.14286004364 0.135825175832 0.14013466274 0.16327178929
Herato16 Herato1603 6726756.0 525000.0 0.060403998662 0.0563724201096 0.060170595786 0.06529980927
Herato16 Herato1603 6776756.0 575000.0 0.049200660704 0.0441918187367 0.049138623695 0.054176502492
Herato16 Herato1603 6826756.0 625000.0 0.069770683324 0.062942366916 0.069747205106 0.075136695428
Herato16 Herato1603 6876756.0 675000.0 0.0597209158328 0.0563423555199 0.0595977364792 0.063519011232
Herato16 Herato1603 6926756.0 725000.0 0.0377881082444 0.0357685873983 0.0376528986934 0.040236451174
Herato16 Herato1603 6976756.0 775000.0 0.064714274968 0.037145756768 0.060924071692 0.111562292046
Herato16 Herato1603 7026756.0 825000.0 0.057835247532 0.033529031254 0.055317699202 0.102466740256
Herato16 Herato1603 7076756.0 875000.0 0.096741657872 0.0817718513562 0.096423421808 0.11143553482
Herato16 Herato1603 7126756.0 925000.0 0.0717062385072 0.0641729934568 0.0713514461386 0.080652578038
Herato16 Herato1603 7176756.0 975000.0 0.09856459846 0.08881526778 0.09800242164 0.11119896756
Herato16 Herato1603 7226756.0 1025000.0 0.0521452884581 0.0426984699182 0.0514430490515 0.063959603292
Herato16 Herato1603 7276756.0 1075000.0 0.077390005822 0.065001877154 0.077061623326 0.09290435614
Herato16 Herato1603 7326756.0 1125000.0 0.066898324094 0.055536078432 0.0668909321 0.080009036686
Herato16 Herato1603 7376756.0 1175000.0 0.05649844164 0.05380074064 0.05654887118 0.05875637258
Herato16 Herato1603 7426756.0 1225000.0 0.06373587428 0.05628490964 0.0635414248 0.07174786488
Herato16 Herato1603 7476756.0 1275000.0 0.079517640226 0.0729988057127 0.0796272741152 0.086839526486
Herato16 Herato1603 7526756.0 1325000.0 0.078258539578 0.06950155427 0.077912400808 0.087120982394
Herato16 Herato1603 7576756.0 1375000.0 0.07115712272 0.0635535645962 0.071168594416 0.07932629209
Herato16 Herato1603 7626756.0 1425000.0 0.12077038278 0.111993961284 0.121202309062 0.12934855848
Herato16 Herato1603 7676756.0 1475000.0 0.0994486248 0.09421001226 0.09935140698 0.10542287574
Herato16 Herato1603 7726756.0 1525000.0 0.078315069236 0.0745569683181 0.0783049159224 0.081845195772
Herato16 Herato1603 7776756.0 1575000.0 0.0742400941858 0.0675044028272 0.074261077485 0.0813853671248
Herato16 Herato1603 7826756.0 1625000.0 0.0215547566056 0.006874225617 0.0145927962416 0.0561264119196
Herato16 Herato1603 7876756.0 1675000.0 0.033142300794 0.027647459886 0.033204231284 0.039141264398
Herato16 Herato1603 7926756.0 1725000.0 0.026203983478 0.024152403432 0.026099310684 0.028678143022
Herato16 Herato1603 7976756.0 1775000.0 0.0477506750762 0.0389961337178 0.0478556625422 0.056419322528
Herato16 Herato1603 8026756.0 1825000.0 0.096180997662 0.0850987182955 0.0956055055988 0.11030110474
Herato16 Herato1603 8076756.0 1875000.0 0.054735082624 0.050005176024 0.054688503958 0.060015040218
Herato16 Herato1603 8126756.0 1925000.0 0.1088614664 0.09211683638 0.10848646304 0.13011196074
Herato16 Herato1603 8176756.0 1975000.0 0.097352242184 0.088978620936 0.097147442398 0.106284153584
Herato16 Herato1603 8226756.0 2025000.0 0.12633795792 0.11298422162 0.1262572196 0.14169573366
Herato16 Herato1603 8276756.0 2075000.0 0.0950015802972 0.0881524056551 0.0947220488012 0.10268307875
Herato16 Herato1603 8326756.0 2125000.0 0.1249774982 0.1201472084 0.1252675156 0.131207872
Herato16 Herato1603 8376756.0 2175000.0 0.106092290158 0.0913837707922 0.104860733412 0.125932873506
Herato16 Herato1603 8426756.0 2225000.0 0.0407660940672 0.037507160173 0.0405109773188 0.0447445910344
Herato16 Herato1603 8476756.0 2275000.0 0.118111365857 0.109348136687 0.117774981838 0.128010592676
Herato16 Herato1603 8526756.0 2325000.0 0.085773120646 0.080596797506 0.084674262976 0.094008939836
Herato16 Herato1603 8576756.0 2375000.0 0.096212341166 0.090623071514 0.096257300986 0.102156884608
Herato16 Herato1603 8626756.0 2425000.0 0.065461719826 0.0483020202278 0.062897001828 0.096055328276
Herato16 Herato1603 8676756.0 2475000.0 0.0484947513784 0.0403991111232 0.048567634247 0.056152609143
Herato16 Herato1603 8726756.0 2525000.0 0.068560062006 0.064491494214 0.0683299690654 0.073932849905
Herato16 Herato1603 8776756.0 2575000.0 0.05984430154 0.05122588881 0.060018873618 0.06686073948
Herato16 Herato1603 8826756.0 2625000.0 0.0624396082428 0.058917430844 0.062236058034 0.0668752533768
Herato16 Herato1603 8876756.0 2675000.0 0.0936943913332 0.0889913067341 0.09345291163 0.100220805675
Herato16 Herato1603 8926756.0 2725000.0 0.080477849956 0.072881639134 0.080115256778 0.090721046052
Herato16 Herato1603 8976756.0 2775000.0 0.079998474788 0.07409216561 0.080224360058 0.085681299
Herato16 Herato1603 9026756.0 2825000.0 0.0644606635373 0.0609547327734 0.064241984116 0.0688556049296
Herato16 Herato1603 9076756.0 2875000.0 0.077685141538 0.07383676616 0.077447066126 0.08205062299
Herato16 Herato1603 9126756.0 2925000.0 0.0767551162 0.07017398766 0.07677057702 0.0830700025
Herato16 Herato1603 9176756.0 2975000.0 0.1264984407 0.11879794918 0.12622264988 0.13314978526
Herato16 Herato1603 9226756.0 3025000.0 0.084994817028 0.0801934932114 0.084974138782 0.091027997128
Herato16 Herato1603 9276756.0 3075000.0 0.0889933681438 0.082553198783 0.0890675586437 0.0953267648656
Herato16 Herato1603 9326756.0 3125000.0 0.08721085378 0.08152571806 0.0877057159 0.09192898238
Herato16 Herato1603 9376756.0 3175000.0 0.097768738708 0.085676789982 0.096500185858 0.11786046442
Herato16 Herato1603 9426756.0 3225000.0 0.0635957175578 0.0570052183398 0.0633844066942 0.0713465664128
Herato16 Herato1603 9476756.0 3275000.0 0.074700778184 0.0662488846172 0.0747545753522 0.0843784849904
Herato16 Herato1603 9526756.0 3325000.0 0.0833148467468 0.0772853105555 0.0831454602462 0.0892848468596
Herato16 Herato1603 9576756.0 3375000.0 0.09744566356 0.0915714624 0.09709797264 0.1027945308
Herato16 Herato1603 9626756.0 3425000.0 0.1028179436 0.1000379992 0.1030879382 0.1053878922
Herato16 Herato1603 9676756.0 3475000.0 0.092563833892 0.088275279826 0.092039443972 0.099208615802
Herato16 Herato1603 9726756.0 3525000.0 0.0496723084012 0.043076716876 0.0494198931364 0.057099168414
Herato16 Herato1603 9776756.0 3575000.0 0.0762074326712 0.0650623710928 0.0745171811908 0.096304772984
Herato16 Herato1603 9826756.0 3625000.0 0.059675086529 0.0531443566849 0.0589840764178 0.069400116482
Herato16 Herato1603 9876756.0 3675000.0 0.0633560963022 0.0488338558239 0.0617091027399 0.0904403397486
Herato16 Herato1603 9926756.0 3725000.0 0.058529704376 0.048908508166 0.058485146442 0.07020827731
Herato16 Herato1603 9976756.0 3775000.0 0.0826972343256 0.0782400216945 0.0817476976988 0.090253452768
Herato16 Herato1603 10026756.0 3825000.0 0.08999850268 0.08615181714 0.08897406104 0.0976155837
Herato16 Herato1603 10076756.0 3875000.0 0.08670925661 0.08355586715 0.086649743136 0.09129902379
Herato16 Herato1603 10126756.0 3925000.0 0.102390238 0.100060005 0.102350234 0.105020501
Herato16 Herato1603 10176756.0 3975000.0 0.0942181987 0.088479457226 0.094223247452 0.099660155212
Herato16 Herato1603 10224532.0 4025000.0 0.0533124843037 0.0494838070776 0.0538658504566 0.0560157890982
Herato16 Herato1604 10272309.0 25000.0 0.066513115958 0.0483434886136 0.066784990834 0.089153719892
Herato16 Herato1604 10302211.0 75000.0 0.0944546114851 0.0892257978376 0.0937786957364 0.104054501836
Herato16 Herato1605 10332114.0 25000.0 0.05053445068 0.04606871412 0.05011290952 0.05549591106
Herato16 Herato1605 10382114.0 75000.0 0.08829185446 0.07819089027 0.08782239978 0.09792426044
Herato16 Herato1605 10432114.0 125000.0 0.064699544928 0.0472418644 0.061640213598 0.098985372168
Herato16 Herato1605 10482114.0 175000.0 0.04353525206 0.039039245996 0.0432512662 0.049859445124
Herato16 Herato1605 10532114.0 225000.0 0.05005093722 0.04044900414 0.05084889798 0.0568764919
Herato16 Herato1605 10582114.0 275000.0 0.07955456918 0.07050187474 0.07941999282 0.0864501049
Herato16 Herato1605 10632114.0 325000.0 0.0667798663022 0.0583013254233 0.0673513052408 0.0730756224044
Herato16 Herato1605 10682114.0 375000.0 0.0655086827928 0.0504242336421 0.0664126336996 0.0825853006328
Herato16 Herato1605 10732114.0 425000.0 0.067674488638 0.061066841849 0.0677748136348 0.0748432267472
Herato16 Herato1605 10782114.0 475000.0 0.0466726394366 0.039892997877 0.0460695806314 0.0575845376764
Herato16 Herato1605 10832114.0 525000.0 0.040791101884 0.033609126038 0.04034387376 0.051441214632
Herato16 Herato1605 10882114.0 575000.0 0.078944601178 0.07552861442 0.07902008851 0.082483376492
Herato16 Herato1605 10932114.0 625000.0 0.08209403052 0.077077158834 0.08228514662 0.08632453704
Herato16 Herato1605 10982114.0 675000.0 0.09894347378 0.09542640342 0.0988730694 0.10322066406
Herato16 Herato1605 11032114.0 725000.0 0.06451526808 0.05555343278 0.06405792542 0.07925932292
Herato16 Herato1605 11082114.0 775000.0 0.06976436454 0.060511274552 0.0678758997 0.0964948801
Herato16 Herato1605 11132114.0 825000.0 0.112442397866 0.0962462266454 0.113554816084 0.124863552858
Herato16 Herato1605 11182114.0 875000.0 0.0755155979328 0.0619555880816 0.0739185477912 0.112400173949
Herato16 Herato1605 11232114.0 925000.0 0.08168802648 0.07579603732 0.08146092834 0.08869196478
Herato16 Herato1605 11282114.0 975000.0 0.079707132974 0.0680364063701 0.0767744260058 0.0958018472994
Herato16 Herato1605 11332114.0 1025000.0 0.0728502078572 0.058528254307 0.06988174189 0.090136216085
Herato16 Herato1605 11382114.0 1075000.0 0.08309454304 0.0779836812309 0.082770568136 0.08864096778
Herato16 Herato1605 11432114.0 1125000.0 0.09139116383 0.084731250046 0.09118139583 0.098746705282
Herato16 Herato1605 11482114.0 1175000.0 0.0630327052195 0.0581851389909 0.0629450457428 0.0676552832292
Herato16 Herato1605 11532114.0 1225000.0 0.074361336024 0.072686452208 0.07419753801 0.07761470772
Herato16 Herato1605 11582114.0 1275000.0 0.0697283591912 0.0589863908926 0.0690562935712 0.0848010685306
Herato16 Herato1605 11632114.0 1325000.0 0.09030369872 0.084018532924 0.08969661936 0.09811423198
Herato16 Herato1605 11682114.0 1375000.0 0.084709468854 0.077971300034 0.084827056624 0.091083772656
Herato16 Herato1605 11732114.0 1425000.0 0.092373182324 0.085502555968 0.092390648058 0.099924274426
Herato16 Herato1605 11782114.0 1475000.0 0.0857235173634 0.0783876653272 0.0859172608872 0.0930456931852
Herato16 Herato1605 11832114.0 1525000.0 0.089400526774 0.081561050316 0.08902050973 0.09826259214
Herato16 Herato1605 11882114.0 1575000.0 0.0805509741734 0.0727475568565 0.0805118370992 0.089224232542
Herato16 Herato1605 11932114.0 1625000.0 0.0518434534 0.0390250758177 0.050778388968 0.0691006406158
Herato16 Herato1605 11982114.0 1675000.0 0.0500711214188 0.0439660573672 0.0499373352492 0.05697427478
Herato16 Herato1605 12032114.0 1725000.0 0.06477914904 0.05656474408 0.064222127792 0.075947911058
Herato16 Herato1605 12082114.0 1775000.0 0.068163681308 0.05584230229 0.063070132306 0.107584649378
Herato16 Herato1605 12132114.0 1825000.0 0.0662691781 0.061253033808 0.066338921962 0.07158879336
Herato16 Herato1605 12182114.0 1875000.0 0.062826914358 0.0501927140466 0.06417777545 0.074164128062
Herato16 Herato1605 12232114.0 1925000.0 0.06886350734 0.0614474626841 0.0686589993984 0.07645737457
Herato16 Herato1605 12282114.0 1975000.0 0.039286672586 0.034318458428 0.039283201264 0.044237019658
Herato16 Herato1605 12332114.0 2025000.0 0.0593233277994 0.0534000549266 0.0589235302846 0.0663507075374
Herato16 Herato1605 12382114.0 2075000.0 0.0565434428306 0.0489024872831 0.0561387926694 0.0647202411069
Herato16 Herato1605 12432114.0 2125000.0 0.098223210604 0.095594299354 0.097786866466 0.102643947282
Herato16 Herato1605 12482114.0 2175000.0 0.09471848678 0.09057860532 0.09438134788 0.10062435644
Herato16 Herato1605 12532114.0 2225000.0 0.0494983267322 0.0463651312286 0.0492827787728 0.0524970094842
Herato16 Herato1605 12582114.0 2275000.0 0.07316285142 0.0663549002 0.07317955646 0.08002761256
Herato16 Herato1605 12632114.0 2325000.0 0.056755380539 0.0534007253295 0.056661736758 0.060099423203
Herato16 Herato1605 12682114.0 2375000.0 0.070050405792 0.0522581982127 0.0675062098572 0.100444378254
Herato16 Herato1605 12732114.0 2425000.0 0.0813941421186 0.0657000803196 0.0801034933396 0.104556127638
Herato16 Herato1605 12782114.0 2475000.0 0.0714107264126 0.0607155790382 0.0717100719738 0.077803944898
Herato16 Herato1605 12832114.0 2525000.0 0.0710474600252 0.064947326301 0.07074031923 0.0787321357654
Herato16 Herato1605 12882114.0 2575000.0 0.0665904656 0.060260607182 0.0664876417 0.07469771688
Herato16 Herato1605 12932114.0 2625000.0 0.0682105602212 0.0633293023343 0.068085260382 0.074039744356
Herato16 Herato1605 12982114.0 2675000.0 0.0518518903052 0.0377520173241 0.0505135314846 0.0804940834632
Herato16 Herato1605 13032114.0 2725000.0 0.0238258173714 0.0197554589948 0.0240523643718 0.0272390479934
Herato16 Herato1605 13082114.0 2775000.0 0.0449360187032 0.0409605718387 0.0449301329231 0.0495177166944
Herato16 Herato1605 13132114.0 2825000.0 0.05558407879 0.0504058741362 0.0554064858457 0.0619764724104
Herato16 Herato1605 13182114.0 2875000.0 0.0755987638972 0.0701699330684 0.0754504005592 0.082031347152
Herato16 Herato1605 13232114.0 2925000.0 0.077254320106 0.073940674382 0.077049698208 0.08146770038
Herato16 Herato1605 13282114.0 2975000.0 0.05349194066 0.04501772508 0.05238323654 0.0664340137
Herato16 Herato1605 13332114.0 3025000.0 0.071996526988 0.060542946826 0.071826333846 0.08505012964
Herato16 Herato1605 13382114.0 3075000.0 0.077414346488 0.0649031849042 0.0771675979698 0.092925710498
Herato16 Herato1605 13432114.0 3125000.0 0.05442203284 0.05114971552 0.0533600891 0.06259790342
Herato16 Herato1605 13482114.0 3175000.0 0.0507751104 0.04999167936 0.05059571328 0.0524879712
Herato16 Herato1605 13532114.0 3225000.0 0.0595164594 0.05769478514 0.05951540292 0.0619209353
Herato16 Herato1605 13582114.0 3275000.0 0.0588081989908 0.0542055274108 0.0586514891814 0.0637701206022
Herato16 Herato1605 13632114.0 3325000.0 0.0847594869548 0.0740317880238 0.084616852964 0.09693333047
Herato16 Herato1605 13682114.0 3375000.0 0.0714252727964 0.0640123886677 0.0703451498871 0.080115358032
Herato16 Herato1605 13732114.0 3425000.0 0.0749150270071 0.0711552627675 0.074843229497 0.079833984966
Herato16 Herato1605 13782114.0 3475000.0 0.04588427415 0.0410727862373 0.0458801569138 0.0506372222786
Herato16 Herato1605 13832114.0 3525000.0 0.0639055799026 0.0569785914717 0.0638708189756 0.0710961691174
Herato16 Herato1605 13882114.0 3575000.0 0.0758706347612 0.0662527959029 0.0749773154778 0.0960173607162
Herato16 Herato1605 13932114.0 3625000.0 0.047587175372 0.03896483448 0.04641163348 0.061402942818
Herato16 Herato1605 13982114.0 3675000.0 0.0702156104474 0.0350647569677 0.0656169805306 0.130309486185
Herato16 Herato1605 14032114.0 3725000.0 0.0854148633843 0.068067094328 0.0840223448206 0.110573053491
Herato16 Herato1605 14082114.0 3775000.0 0.07150448034 0.0650706441 0.07108822426 0.07989171982
Herato16 Herato1605 14132114.0 3825000.0 0.056027358796 0.0506778939 0.056178242742 0.06212447866
Herato16 Herato1605 14182114.0 3875000.0 0.063078902772 0.060144714961 0.062762053264 0.067206733688
Herato16 Herato1605 14232114.0 3925000.0 0.0706084870282 0.0613737572983 0.0702838431626 0.0811975230156
Herato16 Herato1605 14282114.0 3975000.0 0.079687144958 0.067057529084 0.078786478996 0.095983841688
Herato16 Herato1605 14332114.0 4025000.0 0.0788432634 0.06907320748 0.07897983488 0.09002342488
Herato16 Herato1605 14382114.0 4075000.0 0.05015302897 0.044744601125 0.04946216674 0.056864082588
Herato16 Herato1605 14432114.0 4125000.0 0.053215788638 0.047122075098 0.053352512134 0.05972171162
Herato16 Herato1605 14482114.0 4175000.0 0.059811329301 0.0482925860797 0.0592146837666 0.0766282767534
Herato16 Herato1605 14532114.0 4225000.0 0.0597495637168 0.0521638373543 0.0594014561293 0.0693989543738
Herato16 Herato1605 14582114.0 4275000.0 0.0602098777742 0.0516380570019 0.0597745330734 0.070054843022
Herato16 Herato1605 14632114.0 4325000.0 0.037561698732 0.032504654018 0.037389755386 0.043912530834
Herato16 Herato1605 14682114.0 4375000.0 0.054806012632 0.0469898153627 0.054272068457 0.0654880229918
Herato16 Herato1605 14732114.0 4425000.0 0.0442013814234 0.0402149225182 0.0442970892552 0.0485409648982
Herato16 Herato1605 14782114.0 4475000.0 0.0543168602176 0.0481310387309 0.0539100739547 0.0615439087972
Herato16 Herato1605 14832114.0 4525000.0 0.039297318334 0.0328724778166 0.0389922696268 0.0483311405688
Herato16 Herato1605 14882114.0 4575000.0 0.0287940578713 0.0245980922877 0.0286292541261 0.0338993950987
Herato16 Herato1605 14932114.0 4625000.0 0.055028840206 0.0454980789568 0.054859034334 0.067667590836
Herato16 Herato1605 14982114.0 4675000.0 0.0447894934784 0.0406885470063 0.0448520559294 0.0489001122776
Herato16 Herato1605 15032114.0 4725000.0 0.028495362576 0.026161744388 0.028586205514 0.030697367812
Herato16 Herato1605 15082114.0 4775000.0 0.048947018728 0.0468040496468 0.0487997249246 0.05229367043
Herato16 Herato1605 15132114.0 4825000.0 0.0668381085032 0.0394344840236 0.0623205805114 0.118231265799
