chrom scaffold Cposition position mean p0025 p0500 p0975
Herato11 Herato1101 25001.0 25000.0 0.0794907145037 0.067270960978 0.0800267181584 0.0924687248814
Herato11 Herato1101 58818.0 75000.0 0.0616607577617 0.0460926359442 0.0600403606357 0.0840999399677
Herato11 Herato1102 92636.0 25000.0 0.05952658933 0.05055817203 0.058761704228 0.072847213806
Herato11 Herato1102 142636.0 75000.0 0.0913570132484 0.0814719607192 0.0911600361366 0.102493116233
Herato11 Herato1102 192636.0 125000.0 0.111276551988 0.0933199869292 0.110359205792 0.134325931858
Herato11 Herato1102 242636.0 175000.0 0.105492897668 0.0810243465969 0.105903410511 0.134228965982
Herato11 Herato1102 292636.0 225000.0 0.170089016425 0.159660234147 0.169560259893 0.183793162868
Herato11 Herato1102 342636.0 275000.0 0.221531666162 0.184928171317 0.217737773278 0.281737742462
Herato11 Herato1102 392636.0 325000.0 0.169430973678 0.162162091564 0.168684453812 0.17898859488
Herato11 Herato1102 442636.0 375000.0 0.126233696832 0.109869993068 0.125098956393 0.149417205014
Herato11 Herato1102 492636.0 425000.0 0.139181326808 0.124075500975 0.139378346984 0.157355536278
Herato11 Herato1102 542636.0 475000.0 0.112984851724 0.106606207498 0.113044112148 0.120103327068
Herato11 Herato1102 592636.0 525000.0 0.180350039496 0.169893201028 0.179177887962 0.194244599872
Herato11 Herato1102 642636.0 575000.0 0.159662823046 0.14719405588 0.159782949562 0.170616745188
Herato11 Herato1102 692636.0 625000.0 0.17798965011 0.165245623143 0.177743476088 0.197017787176
Herato11 Herato1102 742636.0 675000.0 0.208578652648 0.182357994587 0.204644618568 0.239853241676
Herato11 Herato1102 792636.0 725000.0 0.167959162174 0.155112281158 0.170359850106 0.181453070548
Herato11 Herato1102 842636.0 775000.0 0.215136428544 0.17732855472 0.216234971808 0.247385380614
Herato11 Herato1102 892636.0 825000.0 0.1465463892 0.13902873216 0.14629398554 0.15236568258
Herato11 Herato1102 942636.0 875000.0 0.105936284461 0.0962516890791 0.10608230929 0.115102605278
Herato11 Herato1102 992636.0 925000.0 0.140483221302 0.125477954082 0.140163271244 0.155960342652
Herato11 Herato1102 1042636.0 975000.0 0.163593030406 0.146875487671 0.162887713169 0.182964374648
Herato11 Herato1102 1092636.0 1025000.0 0.22686771963 0.193492001105 0.22703868541 0.266116663555
Herato11 Herato1102 1142636.0 1075000.0 0.353517505 0.3098835058 0.3540074478 0.4017839888
Herato11 Herato1102 1192636.0 1125000.0 0.0863245291927 0.0776831330875 0.0862991906759 0.0968335011899
Herato11 Herato1102 1226704.0 1175000.0 0.153961953794 0.0972074507609 0.149060664204 0.224007693483
Herato11 Herato1103 1260773.0 25000.0 0.222460563674 0.162229977533 0.224300118367 0.27612656446
Herato11 Herato1103 1310773.0 75000.0 0.296608683998 0.266939622886 0.295976627839 0.332638782713
Herato11 Herato1103 1342560.5 125000.0 0.109535917495 0.0945329046777 0.108148984899 0.135969194843
Herato11 Herato1104 1365110.0 25000.0 0.271354249126 0.22584061819 0.269208635297 0.329013611631
Herato11 Herato1105 1405872.0 25000.0 0.21941221705 0.199728356726 0.221321968694 0.23844472982
Herato11 Herato1105 1440229.5 75000.0 0.30667984573 0.233983519576 0.30258896606 0.401204601959
Herato11 Herato1106 1474588.0 25000.0 0.198866759956 0.166684021827 0.196437224084 0.243664057526
Herato11 Herato1106 1524588.0 75000.0 0.2727833105 0.241149686974 0.277506731664 0.299893878863
Herato11 Herato1106 1574588.0 125000.0 0.28382285972 0.262482725522 0.282728538534 0.30543910468
Herato11 Herato1106 1624588.0 175000.0 0.170625819877 0.130555358327 0.170006716277 0.212173288648
Herato11 Herato1106 1662012.5 225000.0 0.292840944143 0.251274786712 0.291673065033 0.337393288985
Herato11 Herato1107 1699438.0 25000.0 0.16768122722 0.152072279598 0.166584754292 0.192909302932
Herato11 Herato1107 1730167.5 75000.0 0.205056089537 0.191952586613 0.203329879571 0.222426077319
Herato11 Herato1108 1760898.0 25000.0 0.1460402289 0.13015874234 0.14647058722 0.16038723654
Herato11 Herato1108 1810898.0 75000.0 0.171687246674 0.154982811153 0.171700896562 0.193277958356
Herato11 Herato1108 1860898.0 125000.0 0.15898354114 0.150036117976 0.158961869664 0.16731798792
Herato11 Herato1108 1910898.0 175000.0 0.164749977094 0.151602369416 0.164808757185 0.178545606018
Herato11 Herato1108 1960898.0 225000.0 0.16212972818 0.150219787294 0.15881487848 0.17789052646
Herato11 Herato1108 2010898.0 275000.0 0.17855605812 0.15593906638 0.18159187382 0.2067874972
Herato11 Herato1108 2060898.0 325000.0 0.193677297972 0.159733753694 0.194280801472 0.228010633768
Herato11 Herato1108 2110898.0 375000.0 0.17738619573 0.155369077871 0.17666673626 0.203735046161
Herato11 Herato1108 2160898.0 425000.0 0.226085611806 0.212222162365 0.225706267785 0.242913382824
Herato11 Herato1108 2210898.0 475000.0 0.18193647956 0.170711189988 0.181910750277 0.193506427653
Herato11 Herato1108 2260898.0 525000.0 0.162975990039 0.15408455758 0.162343140492 0.173572974916
Herato11 Herato1108 2310898.0 575000.0 0.1834580844 0.162401548824 0.179896097188 0.214568921566
Herato11 Herato1108 2360898.0 625000.0 0.197469231051 0.178484008583 0.197093984859 0.217177554471
Herato11 Herato1108 2410898.0 675000.0 0.131175705444 0.121645591301 0.13017778608 0.143444786668
Herato11 Herato1108 2460898.0 725000.0 0.165310415866 0.145653142181 0.16354767273 0.19264142268
Herato11 Herato1108 2510898.0 775000.0 0.217064469958 0.178541593808 0.218265723345 0.246237410328
Herato11 Herato1108 2560898.0 825000.0 0.201730925642 0.185251572166 0.203802965042 0.21831682678
Herato11 Herato1108 2610898.0 875000.0 0.094317116254 0.089830351162 0.093816856902 0.100311611372
Herato11 Herato1108 2660898.0 925000.0 0.096337648054 0.0803683415046 0.0955587207212 0.112808296942
Herato11 Herato1108 2710898.0 975000.0 0.122760061592 0.108431026018 0.1214105322 0.1425229586
Herato11 Herato1108 2760898.0 1025000.0 0.1760813322 0.1710983746 0.176088159 0.1818631922
Herato11 Herato1108 2810898.0 1075000.0 0.194100810018 0.182260092783 0.193696154257 0.206773706613
Herato11 Herato1108 2860898.0 1125000.0 0.141041433526 0.12488165371 0.140129497884 0.161646573886
Herato11 Herato1108 2910898.0 1175000.0 0.204742359964 0.194422545548 0.20456920485 0.215819004564
Herato11 Herato1108 2960898.0 1225000.0 0.120453584249 0.110430560865 0.120540033176 0.13187921471
Herato11 Herato1108 3010898.0 1275000.0 0.122991971572 0.111565145763 0.124381187005 0.133130344886
Herato11 Herato1108 3060898.0 1325000.0 0.123610214929 0.103572366318 0.122152054933 0.148163903858
Herato11 Herato1108 3110898.0 1375000.0 0.0894852838228 0.0815957645221 0.0891637771484 0.098505824415
Herato11 Herato1108 3160898.0 1425000.0 0.11147922425 0.101383437932 0.11118404815 0.12288362479
Herato11 Herato1108 3210898.0 1475000.0 0.1223629468 0.111200324548 0.121629898476 0.136390639128
Herato11 Herato1108 3260898.0 1525000.0 0.16436515856 0.15454463628 0.1635492137 0.17712419638
Herato11 Herato1108 3310898.0 1575000.0 0.144388999176 0.131852984814 0.143487274616 0.16102687964
Herato11 Herato1108 3360898.0 1625000.0 0.0982600949245 0.0903014413181 0.0982828197707 0.107186240069
Herato11 Herato1108 3410898.0 1675000.0 0.084536638762 0.0734605996262 0.084302156826 0.0960778467
Herato11 Herato1108 3460898.0 1725000.0 0.114641824678 0.102526546208 0.114119910566 0.129335779764
Herato11 Herato1108 3510898.0 1775000.0 0.188632109674 0.179210175827 0.188295659654 0.200329368681
Herato11 Herato1108 3560898.0 1825000.0 0.129567015007 0.120683041229 0.12945199798 0.140515702522
Herato11 Herato1108 3610898.0 1875000.0 0.09923707794 0.09119257756 0.09931593667 0.1063249262
Herato11 Herato1108 3660898.0 1925000.0 0.134434611893 0.121211354283 0.133716388821 0.152310984039
Herato11 Herato1108 3710898.0 1975000.0 0.138011798606 0.12499518916 0.137288722384 0.154621094704
Herato11 Herato1108 3760898.0 2025000.0 0.125266010079 0.113967418314 0.124809916985 0.136756006708
Herato11 Herato1108 3810898.0 2075000.0 0.0851044946972 0.0759521542792 0.084922189039 0.094815919768
Herato11 Herato1108 3860898.0 2125000.0 0.088591153335 0.0800619706777 0.0881227672412 0.0987896826068
Herato11 Herato1108 3910898.0 2175000.0 0.0884254566022 0.0802325680685 0.0882579113094 0.0982610624408
Herato11 Herato1108 3960898.0 2225000.0 0.08833894576 0.07935289354 0.08782720494 0.09819929348
Herato11 Herato1108 4010898.0 2275000.0 0.12945247382 0.1203793776 0.12891142968 0.13755028638
Herato11 Herato1108 4060898.0 2325000.0 0.0956875300361 0.0878575409367 0.0962153505798 0.10244345406
Herato11 Herato1108 4110898.0 2375000.0 0.0994282437689 0.0858218888866 0.0989639856854 0.114830388584
Herato11 Herato1108 4160898.0 2425000.0 0.0626534858764 0.055013429043 0.0625226453815 0.0718122810031
Herato11 Herato1108 4210898.0 2475000.0 0.0853166012624 0.0763183490946 0.0846904448032 0.0956272112788
Herato11 Herato1108 4260898.0 2525000.0 0.102328640917 0.0889529594462 0.101479113046 0.119858680852
Herato11 Herato1108 4310898.0 2575000.0 0.097655056022 0.0879180808208 0.0968573431055 0.108829493945
Herato11 Herato1108 4360898.0 2625000.0 0.11492109629 0.10179319149 0.114547229132 0.133985597622
Herato11 Herato1108 4410898.0 2675000.0 0.11229895892 0.1058530666 0.11229873634 0.11819187776
Herato11 Herato1108 4460898.0 2725000.0 0.10261628086 0.08999156242 0.1018559008 0.11872893158
Herato11 Herato1108 4510898.0 2775000.0 0.086223639948 0.079552239904 0.08589279394 0.093929640218
Herato11 Herato1108 4560898.0 2825000.0 0.047887800134 0.0428892383458 0.047910368734 0.05240204497
Herato11 Herato1108 4610898.0 2875000.0 0.095564067842 0.088091304884 0.095127653486 0.102789227782
Herato11 Herato1108 4660898.0 2925000.0 0.1297043252 0.1248763026 0.1297898518 0.1336326406
Herato11 Herato1108 4710898.0 2975000.0 0.1318954328 0.12159837786 0.1317227854 0.14253132302
Herato11 Herato1108 4760898.0 3025000.0 0.1081081376 0.1034399748 0.10812773178 0.11388684516
Herato11 Herato1108 4810898.0 3075000.0 0.11403368749 0.101241216654 0.113871144995 0.127901266774
Herato11 Herato1108 4860898.0 3125000.0 0.138802890872 0.126663140046 0.138515887214 0.151272838327
Herato11 Herato1108 4910898.0 3175000.0 0.0666785823827 0.0594706930929 0.0665633675276 0.0746542738231
Herato11 Herato1108 4960898.0 3225000.0 0.085354455673 0.075929029012 0.085903886184 0.095352479362
Herato11 Herato1108 5010898.0 3275000.0 0.0476403134508 0.0394224283549 0.0472728438942 0.0575574176088
Herato11 Herato1108 5060898.0 3325000.0 0.137250370789 0.125632683579 0.136507274113 0.151653379769
Herato11 Herato1108 5110898.0 3375000.0 0.217604852873 0.200799323246 0.218049562831 0.236947333156
Herato11 Herato1108 5160898.0 3425000.0 0.125114269604 0.116575535326 0.125295614758 0.133111688816
Herato11 Herato1108 5210898.0 3475000.0 0.166444534654 0.152312657305 0.167113720988 0.180754493348
Herato11 Herato1108 5260898.0 3525000.0 0.0740851942772 0.0660150725994 0.074591352746 0.0853166036952
Herato11 Herato1108 5310898.0 3575000.0 0.0654205839176 0.0572532730243 0.0640874387854 0.0781814223996
Herato11 Herato1108 5360898.0 3625000.0 0.0923488148751 0.0859181018356 0.0916699016529 0.102062961312
Herato11 Herato1108 5410898.0 3675000.0 0.0826207241728 0.0698651492504 0.0818167597672 0.098091370032
Herato11 Herato1108 5460898.0 3725000.0 0.139639245442 0.117186504818 0.141467671665 0.161132919778
Herato11 Herato1108 5510898.0 3775000.0 0.156979173074 0.144352427218 0.157221785201 0.169160841428
Herato11 Herato1108 5560898.0 3825000.0 0.179945483638 0.166033460683 0.180220018764 0.194491922088
Herato11 Herato1108 5610898.0 3875000.0 0.1975644148 0.1885192644 0.19776702 0.207897442
Herato11 Herato1108 5660898.0 3925000.0 0.126907948734 0.113733688028 0.12704654761 0.139309346562
Herato11 Herato1108 5710898.0 3975000.0 0.177817564433 0.167150212412 0.177815968599 0.189563798786
Herato11 Herato1108 5760898.0 4025000.0 0.11866139334 0.109110007545 0.118513435727 0.128724913503
Herato11 Herato1108 5810898.0 4075000.0 0.171247340865 0.156728749525 0.170888606459 0.187385317317
Herato11 Herato1108 5860898.0 4125000.0 0.138691676783 0.125883967865 0.13797602498 0.152413064606
Herato11 Herato1108 5910898.0 4175000.0 0.127409112995 0.115837242623 0.126643318513 0.14181188613
Herato11 Herato1108 5960898.0 4225000.0 0.083574816 0.079743100762 0.08335585426 0.0880571751
Herato11 Herato1108 6010898.0 4275000.0 0.076248870224 0.0657659199317 0.0761107149434 0.0881521959064
Herato11 Herato1108 6060898.0 4325000.0 0.0508165339089 0.0427293651142 0.0508176290661 0.0602142579334
Herato11 Herato1108 6110898.0 4375000.0 0.090505329928 0.0802383441238 0.089797615964 0.104240969888
Herato11 Herato1108 6160898.0 4425000.0 0.0572700035622 0.0497113725352 0.0568820401099 0.0662679142288
Herato11 Herato1108 6210898.0 4475000.0 0.102850164014 0.0921793672079 0.103121802606 0.114745622275
Herato11 Herato1108 6260898.0 4525000.0 0.0825890645281 0.0728160748868 0.0826158899885 0.0931651037962
Herato11 Herato1108 6310898.0 4575000.0 0.0472979214488 0.0441015526002 0.0472588077743 0.0507629636492
Herato11 Herato1108 6360898.0 4625000.0 0.112209804678 0.0998857814584 0.112452199794 0.125143148612
Herato11 Herato1108 6410898.0 4675000.0 0.081602812686 0.069296337546 0.082273749262 0.092782958726
Herato11 Herato1108 6460898.0 4725000.0 0.10981486603 0.100420399395 0.109829109338 0.116912417494
Herato11 Herato1108 6510898.0 4775000.0 0.118906045789 0.0942854382606 0.11710914852 0.154410384571
Herato11 Herato1108 6560898.0 4825000.0 0.0822637645902 0.0711560847323 0.0816518827382 0.0960413472786
Herato11 Herato1108 6610898.0 4875000.0 0.054110633069 0.0445619537992 0.0534148285615 0.0683525798236
Herato11 Herato1108 6660898.0 4925000.0 0.0410256103308 0.0363141556758 0.0407952344416 0.0468415826116
Herato11 Herato1108 6710898.0 4975000.0 0.0384877272867 0.033785776432 0.0385714286802 0.043369724379
Herato11 Herato1108 6760898.0 5025000.0 0.0409168310213 0.0291602559975 0.0395662405121 0.0582232341626
Herato11 Herato1108 6810898.0 5075000.0 0.048365276708 0.0355229246238 0.0467944430366 0.0692757103012
Herato11 Herato1108 6860898.0 5125000.0 0.0299919499437 0.0252279716516 0.0298102947476 0.0358870449582
Herato11 Herato1108 6910898.0 5175000.0 0.0451941341514 0.0331434911883 0.0430528960254 0.0722568926668
Herato11 Herato1108 6960898.0 5225000.0 0.0410716801739 0.0361079784513 0.0408399469667 0.0474116481848
Herato11 Herato1108 7010898.0 5275000.0 0.07890241045 0.0709122485277 0.0784291800444 0.089864789875
Herato11 Herato1108 7060898.0 5325000.0 0.07226810406 0.066282375888 0.07251728694 0.07740735646
Herato11 Herato1108 7110898.0 5375000.0 0.098484237187 0.0882058407364 0.098180256955 0.110491991442
Herato11 Herato1108 7160898.0 5425000.0 0.116572339496 0.103378852264 0.116196842242 0.131726954027
Herato11 Herato1108 7210898.0 5475000.0 0.173904259223 0.16580191025 0.174046048966 0.181968357128
Herato11 Herato1108 7260898.0 5525000.0 0.148164950425 0.124213362865 0.147661191877 0.175928792648
Herato11 Herato1108 7310898.0 5575000.0 0.163257601369 0.148061192499 0.161830680112 0.182982213756
Herato11 Herato1108 7360898.0 5625000.0 0.21650386268 0.19450008358 0.21513132394 0.24800158768
Herato11 Herato1108 7410898.0 5675000.0 0.13678510464 0.13040507172 0.1368928452 0.14393357932
Herato11 Herato1108 7460898.0 5725000.0 0.0991784475 0.080749044928 0.10290229844 0.12021246464
Herato11 Herato1108 7510898.0 5775000.0 0.0738851143201 0.0643609269864 0.0736039940922 0.0849817914257
Herato11 Herato1108 7560898.0 5825000.0 0.10323192394 0.0924712596046 0.102537072979 0.115917853267
Herato11 Herato1108 7610898.0 5875000.0 0.127831963094 0.114867887139 0.12763926317 0.143355296662
Herato11 Herato1108 7660898.0 5925000.0 0.158308095165 0.143503282845 0.158032758757 0.174087408274
Herato11 Herato1108 7710898.0 5975000.0 0.139995111072 0.132379157748 0.139833450764 0.148314081172
Herato11 Herato1108 7760898.0 6025000.0 0.14532737597 0.13566022183 0.144947140187 0.158525637002
Herato11 Herato1108 7810898.0 6075000.0 0.0627631264758 0.0523027801043 0.062230797805 0.0791572158686
Herato11 Herato1108 7860898.0 6125000.0 0.12397470476 0.115471364552 0.123588399194 0.133204113118
Herato11 Herato1108 7910898.0 6175000.0 0.110328961607 0.100283566415 0.109809056132 0.122025518562
Herato11 Herato1108 7960898.0 6225000.0 0.112131317054 0.1048470918 0.112350732759 0.119225644845
Herato11 Herato1108 8010898.0 6275000.0 0.130610689694 0.12385897241 0.130371459932 0.138807374974
Herato11 Herato1108 8060898.0 6325000.0 0.131257860958 0.112846477192 0.130518970678 0.152330709688
Herato11 Herato1108 8110898.0 6375000.0 0.08829143862 0.07919743592 0.08807126602 0.09663968648
Herato11 Herato1108 8160898.0 6425000.0 0.0359355993503 0.0288392218352 0.0340140377343 0.0467133857012
Herato11 Herato1108 8210898.0 6475000.0 0.046124036226 0.0393649721686 0.0461801436302 0.052330263677
Herato11 Herato1108 8260898.0 6525000.0 0.0382977725704 0.028813180185 0.0361630755244 0.0498247518818
Herato11 Herato1108 8310898.0 6575000.0 0.0484875457952 0.0414885415976 0.0484216474654 0.056782073587
Herato11 Herato1108 8360898.0 6625000.0 0.100317739335 0.0928743368723 0.0998567531942 0.110404282768
Herato11 Herato1108 8410898.0 6675000.0 0.101419814088 0.081968706294 0.100999165057 0.123080183491
Herato11 Herato1108 8460898.0 6725000.0 0.0919212869592 0.076164823319 0.0911393929447 0.11214141404
Herato11 Herato1108 8510898.0 6775000.0 0.0870652911743 0.0716397234114 0.0869711463685 0.104594492221
Herato11 Herato1108 8560898.0 6825000.0 0.0719730657304 0.0637220136221 0.071724869677 0.0817499263204
Herato11 Herato1108 8610898.0 6875000.0 0.109326860748 0.0991814492916 0.109525994952 0.1202447209
Herato11 Herato1108 8660898.0 6925000.0 0.0994466858656 0.0917583172303 0.099373947026 0.108494302791
Herato11 Herato1108 8710898.0 6975000.0 0.0637812211904 0.0450617517221 0.0622890095528 0.090463772511
Herato11 Herato1108 8760898.0 7025000.0 0.08013890358 0.0674612977034 0.080144127682 0.092843505182
Herato11 Herato1108 8810898.0 7075000.0 0.152787401591 0.144092622073 0.152379613558 0.161713091922
Herato11 Herato1108 8860898.0 7125000.0 0.132492832634 0.119989156919 0.132055167073 0.145589526152
Herato11 Herato1108 8910898.0 7175000.0 0.116843896091 0.10542362231 0.116512606941 0.130725748235
Herato11 Herato1108 8960898.0 7225000.0 0.0851279944184 0.0777157959494 0.0846235905194 0.093201699734
Herato11 Herato1108 9010898.0 7275000.0 0.0660238983692 0.0569881029359 0.0657386536802 0.0759910548154
Herato11 Herato1108 9060898.0 7325000.0 0.0803152419498 0.0722262233843 0.0799652467612 0.0903655227108
Herato11 Herato1108 9110898.0 7375000.0 0.071873737874 0.0640339289926 0.07125339454 0.081388471034
Herato11 Herato1108 9160898.0 7425000.0 0.132150118978 0.116708331879 0.132007764794 0.150158112716
Herato11 Herato1108 9210898.0 7475000.0 0.202785140144 0.192609128191 0.200975239721 0.216689169319
Herato11 Herato1108 9260898.0 7525000.0 0.20973876049 0.176997926549 0.210874770016 0.242284839634
Herato11 Herato1108 9310898.0 7575000.0 0.14083621429 0.131548443401 0.140741042138 0.152068340479
Herato11 Herato1108 9360898.0 7625000.0 0.1286257461 0.119573721528 0.127842839647 0.138582058282
Herato11 Herato1108 9410898.0 7675000.0 0.157205542 0.142832739713 0.156544352855 0.176201361694
Herato11 Herato1108 9460898.0 7725000.0 0.11384196602 0.090388645818 0.113142053402 0.140102362352
Herato11 Herato1108 9510898.0 7775000.0 0.1516745981 0.1422585861 0.15150543742 0.16309372452
Herato11 Herato1108 9560898.0 7825000.0 0.130886875871 0.120714800013 0.13063853132 0.143950615802
Herato11 Herato1108 9610898.0 7875000.0 0.0955194076112 0.0860348820108 0.0953193094526 0.106472509931
Herato11 Herato1108 9660898.0 7925000.0 0.0989228483182 0.0783708347548 0.0966833489526 0.127742128477
Herato11 Herato1108 9710898.0 7975000.0 0.0732871309902 0.0634715426307 0.0729697188674 0.0841531253106
Herato11 Herato1108 9760898.0 8025000.0 0.176414504992 0.154279053308 0.175013780593 0.205530409716
Herato11 Herato1108 9810898.0 8075000.0 0.151986678225 0.138513846299 0.152012422758 0.167745891549
Herato11 Herato1108 9860898.0 8125000.0 0.142734994503 0.124818404537 0.142620112076 0.161565275273
Herato11 Herato1108 9910898.0 8175000.0 0.150389296736 0.137178335216 0.149159446863 0.165887397507
Herato11 Herato1108 9960898.0 8225000.0 0.219993128117 0.205511073162 0.219315570343 0.236843141712
Herato11 Herato1108 10010898.0 8275000.0 0.14192241765 0.131072985512 0.141703265152 0.15311944158
Herato11 Herato1108 10060898.0 8325000.0 0.136835733984 0.116865919909 0.135250357402 0.15944794584
Herato11 Herato1108 10110898.0 8375000.0 0.116423882535 0.106710867914 0.115988503538 0.128116297642
Herato11 Herato1108 10160898.0 8425000.0 0.128052730213 0.110386255575 0.12595248765 0.150024604291
Herato11 Herato1108 10210898.0 8475000.0 0.182332918933 0.160033868216 0.182451264232 0.20762200895
Herato11 Herato1108 10260898.0 8525000.0 0.14402518021 0.116981330127 0.142840076889 0.178257704309
Herato11 Herato1108 10310898.0 8575000.0 0.159440299584 0.146916070674 0.15885726515 0.17238627819
Herato11 Herato1108 10360898.0 8625000.0 0.153051915306 0.140525307289 0.15370682671 0.166264134641
Herato11 Herato1108 10410898.0 8675000.0 0.0776192505588 0.0673478410451 0.0775499049822 0.0897357457778
Herato11 Herato1108 10460898.0 8725000.0 0.0931675834204 0.0688377365509 0.09060605092 0.128827509447
Herato11 Herato1108 10510898.0 8775000.0 0.147556985016 0.13147706542 0.146964893424 0.165960654972
Herato11 Herato1108 10560898.0 8825000.0 0.07598229896 0.06605460882 0.07610771506 0.08681498506
Herato11 Herato1108 10610898.0 8875000.0 0.17357088185 0.161560661936 0.172818134322 0.187661550532
Herato11 Herato1108 10660898.0 8925000.0 0.156647405898 0.129702988104 0.155824528516 0.184906009199
Herato11 Herato1108 10710898.0 8975000.0 0.178498130674 0.166926464124 0.178668882908 0.189973785809
Herato11 Herato1108 10760898.0 9025000.0 0.162846691162 0.14974171579 0.162082171991 0.178684386746
Herato11 Herato1108 10810898.0 9075000.0 0.136628220897 0.124378698864 0.13546351581 0.155049516344
Herato11 Herato1108 10860898.0 9125000.0 0.108123508639 0.0896219387249 0.107121116558 0.132848289731
Herato11 Herato1108 10910898.0 9175000.0 0.247478917324 0.230519667142 0.246646854838 0.266482430236
Herato11 Herato1108 10960898.0 9225000.0 0.166745871627 0.152014450189 0.166850947386 0.180808754015
Herato11 Herato1108 11010898.0 9275000.0 0.147174724663 0.134978923551 0.146906499893 0.161106016531
Herato11 Herato1108 11060898.0 9325000.0 0.13738056962 0.12726520798 0.13730059836 0.1485063412
Herato11 Herato1108 11110898.0 9375000.0 0.147365657336 0.119886745636 0.149620370596 0.17347610193
Herato11 Herato1108 11160898.0 9425000.0 0.130271578253 0.112124531196 0.131212201889 0.149000508348
Herato11 Herato1108 11210898.0 9475000.0 0.0610838501636 0.0518747125954 0.0607268104266 0.0724735489588
Herato11 Herato1108 11260898.0 9525000.0 0.092646787835 0.0800395289849 0.09176880642 0.107919868282
Herato11 Herato1108 11310898.0 9575000.0 0.12815421405 0.108527206051 0.127645570373 0.150256343377
Herato11 Herato1108 11360898.0 9625000.0 0.173366461501 0.152976696769 0.172097900449 0.198650106598
Herato11 Herato1108 11410898.0 9675000.0 0.180745953922 0.142964996339 0.1814406274 0.213672145767
Herato11 Herato1108 11460898.0 9725000.0 0.0883748414444 0.0721649056635 0.0889014293072 0.104094832236
Herato11 Herato1108 11510898.0 9775000.0 0.172558787548 0.146279932188 0.171679982259 0.20599156393
Herato11 Herato1108 11560898.0 9825000.0 0.118296228392 0.105777614396 0.117491165723 0.134955375912
Herato11 Herato1108 11610898.0 9875000.0 0.0350054030686 0.0288861348141 0.0346345873084 0.0423302197922
Herato11 Herato1108 11660898.0 9925000.0 0.102512047478 0.098251772662 0.1021695824 0.10893330945
Herato11 Herato1108 11710898.0 9975000.0 0.232702335452 0.200076592755 0.23162292718 0.270616290992
Herato11 Herato1108 11760898.0 10025000.0 0.14478833222 0.134997290846 0.14474741794 0.15520272636
Herato11 Herato1108 11810898.0 10075000.0 0.118104057824 0.101568355699 0.117535961652 0.138484750077
Herato11 Herato1108 11860898.0 10125000.0 0.142437041898 0.132116841431 0.14233882322 0.151290196125
Herato11 Herato1108 11910898.0 10175000.0 0.144896827532 0.130493349585 0.144648058018 0.161883269027
Herato11 Herato1108 11960898.0 10225000.0 0.164024077216 0.144684110276 0.163657419042 0.18769962511
Herato11 Herato1108 12010898.0 10275000.0 0.140094816 0.1334126784 0.1400748096 0.1535291136
Herato11 Herato1108 12060898.0 10325000.0 0.1833732938 0.16939673584 0.18289171666 0.19995478574
Herato11 Herato1108 12110898.0 10375000.0 0.27175117548 0.23357711054 0.2589952406 0.31629192416
Herato11 Herato1108 12160898.0 10425000.0 0.126176158562 0.112785006238 0.125744618048 0.141546260994
Herato11 Herato1108 12210898.0 10475000.0 0.17243943048 0.153330330461 0.173855957038 0.187903028
Herato11 Herato1108 12260898.0 10525000.0 0.138860233613 0.129788032799 0.138430117154 0.148545770372
Herato11 Herato1108 12310898.0 10575000.0 0.0866916321029 0.0768460113174 0.0864749993804 0.0977211641892
Herato11 Herato1108 12360898.0 10625000.0 0.096034956976 0.090447554748 0.095698260288 0.103903017786
Herato11 Herato1108 12410898.0 10675000.0 0.136109188244 0.112478186194 0.125107524496 0.181257899518
Herato11 Herato1108 12460898.0 10725000.0 0.0991397637918 0.0859286787939 0.0988413808482 0.112096186321
Herato11 Herato1108 12510898.0 10775000.0 0.135311189027 0.123993896048 0.134988117469 0.14744733627
Herato11 Herato1108 12560898.0 10825000.0 0.175525798204 0.16073650946 0.17572157686 0.188506767656
Herato11 Herato1108 12610898.0 10875000.0 0.164408357734 0.131884766643 0.164934039745 0.194426458436
Herato11 Herato1108 12660898.0 10925000.0 0.0782105419484 0.0678491150256 0.0780875920654 0.0920391981268
Herato11 Herato1108 12710898.0 10975000.0 0.078542771578 0.0674215674048 0.0784933858868 0.0906992848462
Herato11 Herato1108 12760898.0 11025000.0 0.14991354128 0.14057369632 0.15022285654 0.15779029776
Herato11 Herato1108 12810898.0 11075000.0 0.131915268978 0.113840936064 0.132390395277 0.151331704152
Herato11 Herato1108 12860898.0 11125000.0 0.12856472944 0.112484401734 0.129357250068 0.1426558395
Herato11 Herato1108 12910898.0 11175000.0 0.110197658225 0.101953990365 0.110199233813 0.119766516027
Herato11 Herato1108 12960898.0 11225000.0 0.13099326614 0.12240773082 0.13034595672 0.1427799292
Herato11 Herato1108 13010898.0 11275000.0 0.130602866844 0.116824911937 0.12982870462 0.152202310344
Herato11 Herato1108 13060898.0 11325000.0 0.14076198848 0.121817544894 0.141470369856 0.160408355756
Herato11 Herato1108 13110898.0 11375000.0 0.158070844 0.1505590256 0.1575670354 0.1659557636
Herato11 Herato1108 13160898.0 11425000.0 0.11135326435 0.101350141556 0.110821551456 0.122901743804
Herato11 Herato1108 13210898.0 11475000.0 0.096109694935 0.0874729602898 0.0959635213448 0.105449784494
Herato11 Herato1108 13260898.0 11525000.0 0.137572064708 0.118615309751 0.13672411847 0.160013740113
Herato11 Herato1108 13310898.0 11575000.0 0.129940395136 0.119567119636 0.12958366143 0.14006692529
Herato11 Herato1108 13360898.0 11625000.0 0.139810120048 0.12192381012 0.140011837546 0.158873039224
Herato11 Herato1108 13410898.0 11675000.0 0.203468977188 0.186086616622 0.20274749123 0.223495980528
Herato11 Herato1108 13460898.0 11725000.0 0.168874464628 0.147124643986 0.166986847256 0.193559330984
Herato11 Herato1108 13510898.0 11775000.0 0.186820299064 0.164109258931 0.186823665174 0.211992621066
Herato11 Herato1108 13560898.0 11825000.0 0.15680768322 0.150487130251 0.156126440072 0.166113573882
Herato11 Herato1108 13610898.0 11875000.0 0.120313287186 0.115147025926 0.1193513958 0.127187428154
Herato11 Herato1108 13660898.0 11925000.0 0.085866848818 0.082958174832 0.085273624546 0.091319365614
Herato11 Herato1108 13710898.0 11975000.0 0.153659368514 0.136763742087 0.152478962691 0.172513086967
Herato11 Herato1108 13760898.0 12025000.0 0.16767216068 0.139750304482 0.16929489512 0.194585714052
Herato11 Herato1108 13810898.0 12075000.0 0.161060971464 0.138302135143 0.160669570697 0.18747086244
Herato11 Herato1108 13860898.0 12125000.0 0.175907111461 0.161682209029 0.176511695577 0.190264220004
Herato11 Herato1108 13910898.0 12175000.0 0.167548762473 0.139637594379 0.166060681209 0.196531867752
Herato11 Herato1108 13960898.0 12225000.0 0.133875545584 0.123329908896 0.134858094721 0.144163064627
Herato11 Herato1108 14010898.0 12275000.0 0.154170986091 0.128333211736 0.150338240657 0.180333422083
Herato11 Herato1108 14060898.0 12325000.0 0.152187296394 0.135894263115 0.151446180786 0.17058433884
Herato11 Herato1108 14110898.0 12375000.0 0.145867395854 0.136470231147 0.145469617811 0.159165694825
Herato11 Herato1108 14160898.0 12425000.0 0.145681812581 0.133824886126 0.144695998605 0.161027124505
Herato11 Herato1108 14210898.0 12475000.0 0.06587398646 0.057527306348 0.065596232496 0.075891002072
Herato11 Herato1108 14260898.0 12525000.0 0.0929964775534 0.0887121836289 0.09256039532 0.101223083048
Herato11 Herato1108 14310898.0 12575000.0 0.139015679411 0.128729744863 0.139068033319 0.149263090446
Herato11 Herato1108 14360898.0 12625000.0 0.126385442484 0.102272407028 0.127130630915 0.15353714367
Herato11 Herato1108 14410898.0 12675000.0 0.14205675172 0.129662680424 0.141121221704 0.15822236942
Herato11 Herato1108 14460898.0 12725000.0 0.099865791128 0.08700454437 0.100265304934 0.112914603822
Herato11 Herato1108 14510898.0 12775000.0 0.125506471084 0.113871573303 0.125412816155 0.138134129301
Herato11 Herato1108 14560898.0 12825000.0 0.1770161633 0.162704434978 0.176541174518 0.190406606238
Herato11 Herato1108 14610898.0 12875000.0 0.108586110432 0.0998247047704 0.108610827309 0.118199297614
Herato11 Herato1108 14660898.0 12925000.0 0.111250829431 0.0961745260196 0.110307906928 0.129409497173
Herato11 Herato1108 14710898.0 12975000.0 0.0713468056568 0.0610735906193 0.0701974986876 0.0858423196014
Herato11 Herato1108 14760898.0 13025000.0 0.0537402088404 0.0477164772951 0.05358392203 0.0602842254486
Herato11 Herato1108 14810898.0 13075000.0 0.0675181837514 0.0592107933936 0.0676275454416 0.0798042791086
Herato11 Herato1108 14860898.0 13125000.0 0.055570136395 0.0513319896609 0.0556127816096 0.0602549740102
Herato11 Herato1108 14910898.0 13175000.0 0.0466765934012 0.043057106999 0.046469486641 0.051329275824
Herato11 Herato1108 14960898.0 13225000.0 0.054856778431 0.0479656574724 0.055083296721 0.0625135622572
Herato11 Herato1108 15010898.0 13275000.0 0.111865949042 0.0993519787577 0.11211798282 0.124216654989
Herato11 Herato1108 15060898.0 13325000.0 0.12632732126 0.104007368804 0.12729064476 0.14679707552
Herato11 Herato1108 15110898.0 13375000.0 0.145718418323 0.135885900341 0.145370203468 0.1565032613
Herato11 Herato1108 15160898.0 13425000.0 0.130043148095 0.122335632643 0.130336954399 0.138191571246
Herato11 Herato1108 15210898.0 13475000.0 0.152032163822 0.14248591979 0.152112356458 0.163247609986
Herato11 Herato1108 15260898.0 13525000.0 0.12378599824 0.11393853616 0.12449831128 0.13458941124
Herato11 Herato1108 15310898.0 13575000.0 0.0889385473346 0.0798548273154 0.088382581603 0.100002845713
Herato11 Herato1108 15360898.0 13625000.0 0.121413740088 0.104501111976 0.120058185334 0.14392378604
Herato11 Herato1108 15410898.0 13675000.0 0.0798594485514 0.0690269030201 0.0789165402108 0.0947181945868
Herato11 Herato1108 15460898.0 13725000.0 0.052282654129 0.0468478403647 0.052139847422 0.0585578127263
Herato11 Herato1108 15510898.0 13775000.0 0.13227702088 0.123057906502 0.133025027572 0.14105526856
Herato11 Herato1108 15560898.0 13825000.0 0.121062929113 0.105944395557 0.120330674005 0.13769046078
Herato11 Herato1108 15610898.0 13875000.0 0.101049047068 0.0935342867692 0.101120705004 0.107895137558
Herato11 Herato1108 15660898.0 13925000.0 0.108923051612 0.0974930676133 0.107620107383 0.123809446363
Herato11 Herato1108 15710898.0 13975000.0 0.135194516518 0.1244627465 0.135018534982 0.146079470432
Herato11 Herato1108 15760898.0 14025000.0 0.0872071173544 0.0769002727273 0.0870940150166 0.0985206031312
Herato11 Herato1108 15810898.0 14075000.0 0.055382302048 0.0458510195971 0.0549014560302 0.066627651631
Herato11 Herato1108 15860898.0 14125000.0 0.162818996663 0.152019825166 0.162677226554 0.174035087088
Herato11 Herato1108 15910898.0 14175000.0 0.119159967394 0.109557685 0.119181300722 0.128722775521
Herato11 Herato1108 15960898.0 14225000.0 0.109589414297 0.101874633434 0.109554340049 0.117997909918
Herato11 Herato1108 16010898.0 14275000.0 0.083092968831 0.0725445209147 0.0831297630774 0.095209395405
Herato11 Herato1108 16060898.0 14325000.0 0.119288307139 0.110535193172 0.118743005883 0.130027304426
Herato11 Herato1108 16110898.0 14375000.0 0.149749683379 0.137510540439 0.149720081482 0.162086927152
Herato11 Herato1108 16160898.0 14425000.0 0.116107270604 0.108357458848 0.115901128066 0.125058299148
Herato11 Herato1108 16204715.0 14475000.0 0.143417514346 0.128560110041 0.143565702632 0.158985280799
Herato11 Herato1109 16248533.0 25000.0 0.066615092494 0.059828156102 0.066247349796 0.07229827649
Herato11 Herato1109 16298533.0 75000.0 0.130003511827 0.10784865268 0.128008587125 0.158725482248
Herato11 Herato1109 16348533.0 125000.0 0.163762576564 0.1417948944 0.16388057804 0.192029782254
Herato11 Herato1109 16398533.0 175000.0 0.0571758544163 0.0508868187752 0.0567700799993 0.0644726456691
Herato11 Herato1109 16448533.0 225000.0 0.104521019666 0.0865996947218 0.103392274232 0.126808049059
Herato11 Herato1109 16498533.0 275000.0 0.102325397433 0.0880541092273 0.102233178418 0.120285567478
Herato11 Herato1109 16536354.0 325000.0 0.0996069772639 0.069578578465 0.0999828610483 0.132579642189
Herato11 Herato1110 16563051.5 25000.0 0.109327127347 0.0868564550467 0.103133847573 0.144628580592
Herato11 Herato1111 16586691.5 25000.0 0.0494890922364 0.0381328374712 0.0485246002407 0.0632706336867
Herato11 Herato1112 16621456.0 25000.0 0.09800548716 0.0837675753364 0.0970783922404 0.115155082384
Herato11 Herato1112 16670265.5 75000.0 0.0889085601966 0.0840861294021 0.0882231990172 0.0949728697789
Herato11 Herato1113 16714170.0 25000.0 0.14180748514 0.123841743127 0.140699408799 0.166040187218
Herato11 Herato1114 16759265.0 25000.0 0.101892228912 0.0723656297093 0.0979981471948 0.142939208837
Herato11 Herato1114 16795669.0 75000.0 0.107173406129 0.0892138869695 0.10828041937 0.126260286303
Herato11 Herato1115 16832074.0 25000.0 0.27416093396 0.223726707468 0.271331470956 0.339013194104
Herato11 Herato1115 16882074.0 75000.0 0.0882864692132 0.0743525430734 0.0887200716619 0.107427632556
Herato11 Herato1115 16917301.0 125000.0 0.0481438963283 0.0396204377775 0.0481575868583 0.0577735786448
Herato11 Herato1116 16952529.0 25000.0 0.1341023297 0.11369015202 0.1330992014 0.15927374848
Herato11 Herato1116 17002529.0 75000.0 0.12554405086 0.106507811656 0.125612152256 0.146283027544
