chrom scaffold Cposition position mean p0025 p0500 p0975
Herato14 Herato1401 25001.0 25000.0 0.0366728446416 0.0302813123996 0.0365743027906 0.0441476511264
Herato14 Herato1401 75001.0 75000.0 0.04337498909 0.035993595236 0.042738777724 0.056059130424
Herato14 Herato1401 125001.0 125000.0 0.05967178648 0.05122985662 0.05916494938 0.07037385514
Herato14 Herato1401 175001.0 175000.0 0.048814330486 0.0462630272052 0.0481749468806 0.056844548089
Herato14 Herato1401 225001.0 225000.0 0.0871201423455 0.0548129810188 0.0850587696882 0.148796289971
Herato14 Herato1401 252980.5 275000.0 0.0414416063098 0.0379866514516 0.0410393415003 0.04546187414
Herato14 Herato1402 264682.0 25000.0 0.0270290975232 0.0247757024424 0.0267667318541 0.0296512017544
Herato14 Herato1403 298404.0 25000.0 0.0651413826194 0.051764920155 0.0645080819838 0.0817775174432
Herato14 Herato1403 330224.5 75000.0 0.0907243492413 0.079940299978 0.0900049667913 0.101879076314
Herato14 Herato1404 350541.0 25000.0 0.0862296319303 0.0591249295973 0.0820477794424 0.135900667499
Herato14 Herato1405 387313.5 25000.0 0.105208168585 0.0613267228882 0.0950858610848 0.19251616507
Herato14 Herato1406 429864.0 25000.0 0.118113168975 0.0916677256728 0.118774822812 0.139881628207
Herato14 Herato1407 474138.0 25000.0 0.0517003441419 0.0465286025206 0.0513362527027 0.0564759209444
Herato14 Herato1407 503393.0 75000.0 0.073336320094 0.0669250195065 0.0728397497062 0.0784705638073
Herato14 Herato1408 532649.0 25000.0 0.0428173588972 0.0326433958836 0.041334760287 0.0619071538942
Herato14 Herato1408 582649.0 75000.0 0.0464489514514 0.0391392541412 0.0461142376986 0.0553300304138
Herato14 Herato1408 632649.0 125000.0 0.0316786209662 0.0238729076718 0.0311996840048 0.043945336096
Herato14 Herato1408 682649.0 175000.0 0.051177405278 0.045977481348 0.050901083272 0.05736039261
Herato14 Herato1408 732649.0 225000.0 0.0257189742022 0.0221541767893 0.0256544286365 0.0296816765526
Herato14 Herato1408 782649.0 275000.0 0.05559294592 0.04848835298 0.0553340531 0.06371434164
Herato14 Herato1408 832649.0 325000.0 0.05350434268 0.05067200962 0.05294384946 0.0571629215
Herato14 Herato1408 882649.0 375000.0 0.049666319684 0.045289855816 0.049305196972 0.055101710402
Herato14 Herato1408 932649.0 425000.0 0.07797380952 0.07320696852 0.07826852286 0.08199880764
Herato14 Herato1408 982649.0 475000.0 0.0678009559893 0.0629087266891 0.0677664253254 0.0723637377688
Herato14 Herato1408 1032649.0 525000.0 0.07261739544 0.06634149834 0.07213283628 0.0793667667
Herato14 Herato1408 1082649.0 575000.0 0.061755396318 0.051559572002 0.0623699839 0.070995487478
Herato14 Herato1408 1132649.0 625000.0 0.0536037917204 0.0462887908012 0.053829655806 0.058556115776
Herato14 Herato1408 1182649.0 675000.0 0.132541142318 0.121608953638 0.13217617469 0.145657058751
Herato14 Herato1408 1232649.0 725000.0 0.1295854736 0.1197172058 0.1292824066 0.1397297742
Herato14 Herato1408 1282649.0 775000.0 0.064900643 0.059230963286 0.064662794036 0.07074868364
Herato14 Herato1408 1332649.0 825000.0 0.074235613568 0.0684599163476 0.07411187822 0.079134827612
Herato14 Herato1408 1382649.0 875000.0 0.0735516526527 0.053065119011 0.0703426268013 0.110113191545
Herato14 Herato1408 1432649.0 925000.0 0.067579601998 0.056395366118 0.068360858594 0.07724192474
Herato14 Herato1408 1482649.0 975000.0 0.054448740464 0.049942407968 0.054138874504 0.059826465602
Herato14 Herato1408 1532649.0 1025000.0 0.07910478617 0.06874962854 0.078636196506 0.091175111472
Herato14 Herato1408 1582649.0 1075000.0 0.0775766634846 0.0718581617997 0.0775490404924 0.08477839694
Herato14 Herato1408 1632649.0 1125000.0 0.04980305602 0.0469958952 0.05004954694 0.05386475492
Herato14 Herato1408 1682649.0 1175000.0 0.0532195204162 0.0429907106908 0.053024767567 0.064482226112
Herato14 Herato1408 1732649.0 1225000.0 0.0486020336794 0.0470754957328 0.0483613207527 0.0515919685186
Herato14 Herato1408 1782649.0 1275000.0 0.047984295058 0.044576871296 0.047843895338 0.05190153176
Herato14 Herato1408 1832649.0 1325000.0 0.04057398214 0.03609614524 0.04025318484 0.04607817754
Herato14 Herato1408 1882649.0 1375000.0 0.04650453244 0.0441026297 0.04599441718 0.05012028136
Herato14 Herato1408 1932649.0 1425000.0 0.0595649765 0.05727711334 0.05938879058 0.06306453078
Herato14 Herato1408 1982649.0 1475000.0 0.042339318862 0.040242803588 0.042237631136 0.045606215916
Herato14 Herato1408 2032649.0 1525000.0 0.024132150626 0.021866744146 0.024187333524 0.026668501856
Herato14 Herato1408 2082649.0 1575000.0 0.051546709486 0.0478252648888 0.051351225804 0.056620675884
Herato14 Herato1408 2132649.0 1625000.0 0.08664351426 0.079361442348 0.086290473946 0.095432029666
Herato14 Herato1408 2182649.0 1675000.0 0.071490488066 0.059194500202 0.071622674112 0.082819113616
Herato14 Herato1408 2232649.0 1725000.0 0.056764015918 0.052475512194 0.05638455494 0.0643764783
Herato14 Herato1408 2282649.0 1775000.0 0.017012087782 0.0157003588225 0.0169887107862 0.018280259344
Herato14 Herato1408 2332649.0 1825000.0 0.0523521530882 0.0464010375514 0.0522716829318 0.059584394358
Herato14 Herato1408 2382649.0 1875000.0 0.06612087638 0.06083803728 0.066026964312 0.072881424602
Herato14 Herato1408 2432649.0 1925000.0 0.048971585946 0.044075970272 0.048724752292 0.054442047266
Herato14 Herato1408 2482649.0 1975000.0 0.08351421468 0.07630436668 0.08322541118 0.09064659732
Herato14 Herato1408 2532649.0 2025000.0 0.0602867625853 0.0497619937606 0.0594643039195 0.0743341787282
Herato14 Herato1408 2582649.0 2075000.0 0.0232020988455 0.0204021601041 0.0228781491781 0.0270704023571
Herato14 Herato1408 2632649.0 2125000.0 0.0649329482212 0.0575938085495 0.0645472192011 0.0751123111005
Herato14 Herato1408 2682649.0 2175000.0 0.054931247954 0.051110929519 0.055117155684 0.059044827546
Herato14 Herato1408 2732649.0 2225000.0 0.067341977418 0.0621183340698 0.067693687932 0.072271680692
Herato14 Herato1408 2782649.0 2275000.0 0.0613791722886 0.0549179981747 0.0619982816966 0.0675759329874
Herato14 Herato1408 2832649.0 2325000.0 0.0695978205 0.06526456126 0.07010118068 0.07311748642
Herato14 Herato1408 2882649.0 2375000.0 0.0692912895 0.06563314798 0.06913526278 0.07340902848
Herato14 Herato1408 2932649.0 2425000.0 0.063720992604 0.057912478454 0.063602468742 0.070609182368
Herato14 Herato1408 2982649.0 2475000.0 0.060628791424 0.054772678184 0.060825083448 0.06627361566
Herato14 Herato1408 3032649.0 2525000.0 0.0840891670332 0.0721526130569 0.0836515352922 0.0986053472686
Herato14 Herato1408 3082649.0 2575000.0 0.0695094191696 0.063539754959 0.069059999924 0.0775689081484
Herato14 Herato1408 3132649.0 2625000.0 0.06649913684 0.0609184009655 0.0665932459888 0.0737683780552
Herato14 Herato1408 3182649.0 2675000.0 0.04178805072 0.03863815536 0.04182724844 0.04410175754
Herato14 Herato1408 3232649.0 2725000.0 0.04993763844 0.043573845372 0.049699488252 0.056565838824
Herato14 Herato1408 3282649.0 2775000.0 0.06054910854 0.05641933212 0.060348038 0.0656904853
Herato14 Herato1408 3332649.0 2825000.0 0.063224364624 0.057980306848 0.063069829546 0.069273715006
Herato14 Herato1408 3382649.0 2875000.0 0.06796415248 0.06385233012 0.06777872448 0.07171924352
Herato14 Herato1408 3432649.0 2925000.0 0.05844997774 0.05496702774 0.05825162472 0.06262068648
Herato14 Herato1408 3482649.0 2975000.0 0.04507910345 0.041879533406 0.044875659074 0.049657775406
Herato14 Herato1408 3532649.0 3025000.0 0.06447546598 0.061046979102 0.064251992402 0.067904903024
Herato14 Herato1408 3582649.0 3075000.0 0.06426489504 0.060625075874 0.06471626434 0.06776882144
Herato14 Herato1408 3632649.0 3125000.0 0.0836555185982 0.0744421134232 0.0837295364722 0.093856768262
Herato14 Herato1408 3682649.0 3175000.0 0.0651738426354 0.055257442121 0.064655769861 0.0778126218414
Herato14 Herato1408 3732649.0 3225000.0 0.0306881263978 0.0268908908526 0.0303364016934 0.0357305111154
Herato14 Herato1408 3782649.0 3275000.0 0.04125742494 0.037762415596 0.0411281968 0.045605661526
Herato14 Herato1408 3832649.0 3325000.0 0.009419146508 0.008566048418 0.009280715582 0.010532746604
Herato14 Herato1408 3882649.0 3375000.0 0.068811572968 0.051576316014 0.0669720826 0.097014923424
Herato14 Herato1408 3932649.0 3425000.0 0.08144084946 0.07744827432 0.08159308026 0.08579579658
Herato14 Herato1408 3982649.0 3475000.0 0.07980601894 0.07650084974 0.08008542134 0.08338555884
Herato14 Herato1408 4032649.0 3525000.0 0.0587363290928 0.0537176124109 0.0593866390524 0.0620066152722
Herato14 Herato1408 4082649.0 3575000.0 0.03527904744 0.0333875997 0.03497229918 0.03806576046
Herato14 Herato1408 4132649.0 3625000.0 0.043916640012 0.036655475494 0.043580083694 0.05403546452
Herato14 Herato1408 4182649.0 3675000.0 0.048899331706 0.045877957924 0.04826110963 0.05258344188
Herato14 Herato1408 4232649.0 3725000.0 0.0593917104 0.05611475584 0.059248288 0.0629624336
Herato14 Herato1408 4282649.0 3775000.0 0.072313309942 0.061438052868 0.07067401435 0.08965901348
Herato14 Herato1408 4332649.0 3825000.0 0.0846076272412 0.0770077207944 0.0842052105946 0.091606928836
Herato14 Herato1408 4382649.0 3875000.0 0.05356785648 0.0494461842 0.05376150732 0.05655642716
Herato14 Herato1408 4432649.0 3925000.0 0.04175318624 0.037257776284 0.041645849056 0.04697446982
Herato14 Herato1408 4482649.0 3975000.0 0.061166287192 0.05557181041 0.061011423118 0.06815736952
Herato14 Herato1408 4532649.0 4025000.0 0.05086065224 0.04612900686 0.05096513274 0.05563305238
Herato14 Herato1408 4582649.0 4075000.0 0.0574891516246 0.0450726894429 0.0563674061826 0.075732010927
Herato14 Herato1408 4632649.0 4125000.0 0.0680208112472 0.0616420170714 0.067801784405 0.0750898852258
Herato14 Herato1408 4682649.0 4175000.0 0.0718048420402 0.062597028171 0.071483724618 0.0834465847204
Herato14 Herato1408 4732649.0 4225000.0 0.07765182684 0.0724382956 0.07756226044 0.08346281928
Herato14 Herato1408 4782649.0 4275000.0 0.0656583438 0.06308982432 0.06591128124 0.06767883216
Herato14 Herato1408 4832649.0 4325000.0 0.069623571932 0.065012065406 0.069421488728 0.074551482578
Herato14 Herato1408 4882649.0 4375000.0 0.06768473018 0.0610769398 0.06783852406 0.07420938148
Herato14 Herato1408 4932649.0 4425000.0 0.072303828614 0.065478365018 0.072126048042 0.079205042322
Herato14 Herato1408 4982649.0 4475000.0 0.08795634836 0.08300704054 0.08792186632 0.093260268
Herato14 Herato1408 5032649.0 4525000.0 0.102566358905 0.0877763799652 0.101046343073 0.126882218571
Herato14 Herato1408 5082649.0 4575000.0 0.07688763132 0.07269562896 0.07642554786 0.08079984918
Herato14 Herato1408 5132649.0 4625000.0 0.067044990104 0.062369562444 0.066670000846 0.07209568705
Herato14 Herato1408 5182649.0 4675000.0 0.07826071966 0.07436478262 0.07783522364 0.08407597114
Herato14 Herato1408 5232649.0 4725000.0 0.0727406066 0.068588401954 0.072323376122 0.07874811842
Herato14 Herato1408 5282649.0 4775000.0 0.091725040612 0.075459934282 0.090660500796 0.11856289956
Herato14 Herato1408 5332649.0 4825000.0 0.0769324171 0.07272821374 0.07714069784 0.08071862234
Herato14 Herato1408 5382649.0 4875000.0 0.073853722488 0.07075632582 0.07398903927 0.07564757932
Herato14 Herato1408 5432649.0 4925000.0 0.065951367564 0.05938071815 0.065941484896 0.072801808534
Herato14 Herato1408 5482649.0 4975000.0 0.07622832168 0.0731671494 0.07610494416 0.08076383748
Herato14 Herato1408 5532649.0 5025000.0 0.0677977087 0.0663846035 0.0674443819 0.0713044242
Herato14 Herato1408 5582649.0 5075000.0 0.0620643768742 0.0580889396428 0.062180359246 0.066169190971
Herato14 Herato1408 5632649.0 5125000.0 0.0365814895262 0.0335385165252 0.0364600294992 0.040054069729
Herato14 Herato1408 5682649.0 5175000.0 0.047900605166 0.0406236259778 0.047424628488 0.05912224174
Herato14 Herato1408 5732649.0 5225000.0 0.028685759682 0.025158327916 0.02817233965 0.035643067642
Herato14 Herato1408 5782649.0 5275000.0 0.0268167464756 0.0235470604816 0.0267587559358 0.0304813882826
Herato14 Herato1408 5832649.0 5325000.0 0.0808990588968 0.0475948410536 0.0765997561141 0.139069501284
Herato14 Herato1408 5882649.0 5375000.0 0.0462705722991 0.0390450503196 0.0461142385516 0.0550378227476
Herato14 Herato1408 5932649.0 5425000.0 0.0596172073424 0.0520674969648 0.059462134008 0.0686360099704
Herato14 Herato1408 5982649.0 5475000.0 0.0612832856208 0.0535787061362 0.0608448390456 0.07234265528
Herato14 Herato1408 6032649.0 5525000.0 0.054407255532 0.050795265394 0.054071529052 0.05903015479
Herato14 Herato1408 6082649.0 5575000.0 0.068105564828 0.058253257456 0.067671043478 0.081204493066
Herato14 Herato1408 6132649.0 5625000.0 0.0564673798904 0.0451649998462 0.0546020239192 0.072792720048
Herato14 Herato1408 6182649.0 5675000.0 0.069335617663 0.064120399089 0.0690566049544 0.07539527304
Herato14 Herato1408 6232649.0 5725000.0 0.035295979006 0.03323089236 0.035089210764 0.03816057022
Herato14 Herato1408 6282649.0 5775000.0 0.04378214204 0.037273409106 0.043636450244 0.0521401628
Herato14 Herato1408 6332649.0 5825000.0 0.04148391124 0.03982750348 0.04108064876 0.0451482813
Herato14 Herato1408 6382649.0 5875000.0 0.06332215882 0.0570857425 0.06299586702 0.07151900046
Herato14 Herato1408 6432649.0 5925000.0 0.072159979028 0.062141149338 0.071763130808 0.084422977416
Herato14 Herato1408 6482649.0 5975000.0 0.0740228414794 0.0609198493232 0.073465281412 0.0902628931422
Herato14 Herato1408 6532385.5 6025000.0 0.0458579528959 0.0411025447149 0.0456479166529 0.0516178713591
Herato14 Herato1409 6574417.5 25000.0 0.0304425061387 0.0187122777898 0.0290705083764 0.0519892727003
Herato14 Herato1410 6616713.0 25000.0 0.03395086414 0.032429636088 0.033940065342 0.036377302872
Herato14 Herato1410 6666713.0 75000.0 0.03759442294 0.0349823423 0.03790590424 0.04051847146
Herato14 Herato1410 6716713.0 125000.0 0.0673853185856 0.0617313902762 0.0673154134401 0.07339632158
Herato14 Herato1410 6766713.0 175000.0 0.098548099966 0.092161461318 0.098081116514 0.10580095525
Herato14 Herato1410 6816713.0 225000.0 0.039386303548 0.036727574346 0.039483413022 0.042553661556
Herato14 Herato1410 6866713.0 275000.0 0.0851860922836 0.0786386169227 0.0845265779184 0.0928708707686
Herato14 Herato1410 6916713.0 325000.0 0.0688016851942 0.0642760221693 0.0684784621752 0.0750534199098
Herato14 Herato1410 6966713.0 375000.0 0.063276814278 0.053186478488 0.062837676104 0.075104324044
Herato14 Herato1410 7003519.5 425000.0 0.0916091938102 0.0731873927608 0.0914155667209 0.112869228332
Herato14 Herato1411 7040327.0 25000.0 0.0527664263 0.04508655794 0.0525758384 0.06176365082
Herato14 Herato1411 7090327.0 75000.0 0.04523949808 0.0381377828 0.04446302042 0.05457681302
Herato14 Herato1411 7140327.0 125000.0 0.041868287544 0.035487893702 0.040567585244 0.05419314612
Herato14 Herato1411 7190327.0 175000.0 0.0330100568664 0.030464055968 0.0327947697084 0.036303665902
Herato14 Herato1411 7240327.0 225000.0 0.0418029597604 0.0276546153933 0.0414543535 0.0591348505504
Herato14 Herato1411 7290327.0 275000.0 0.05174288164 0.05002214664 0.0514779148 0.05534192952
Herato14 Herato1411 7340327.0 325000.0 0.07295902616 0.06779206974 0.07326983818 0.07937221166
Herato14 Herato1411 7390327.0 375000.0 0.06648547598 0.058011229064 0.0640596317 0.0929608506
Herato14 Herato1411 7440327.0 425000.0 0.06708712864 0.06677168134 0.06694192274 0.06861829982
Herato14 Herato1411 7490327.0 475000.0 0.1005191682 0.089900263908 0.100427518212 0.113859082728
Herato14 Herato1411 7540327.0 525000.0 0.098933653028 0.0822168712124 0.0988806124632 0.11555394044
Herato14 Herato1411 7590327.0 575000.0 0.09193676586 0.0828515012 0.09246705186 0.10092749964
Herato14 Herato1411 7640327.0 625000.0 0.0577734888324 0.0473224899735 0.0577521433248 0.0668987095096
Herato14 Herato1411 7690327.0 675000.0 0.0592933610858 0.055824608629 0.0591635257526 0.064011470614
Herato14 Herato1411 7740327.0 725000.0 0.06162994832 0.06009122688 0.06134162576 0.0653080632
Herato14 Herato1411 7790327.0 775000.0 0.0661922723 0.06492206952 0.06591203168 0.06885120288
Herato14 Herato1411 7840327.0 825000.0 0.06390130334 0.0625665235 0.0635962035 0.066403637
Herato14 Herato1411 7890327.0 875000.0 0.050130531 0.0485099298 0.0497566224 0.0525425886
Herato14 Herato1411 7940327.0 925000.0 0.0545645801234 0.0499456831387 0.054467022699 0.0598414980068
Herato14 Herato1411 7990327.0 975000.0 0.05649298512 0.05375333964 0.05640990888 0.05934608784
Herato14 Herato1411 8040327.0 1025000.0 0.04678476 0.045193845 0.04640889 0.04953042
Herato14 Herato1411 8090327.0 1075000.0 0.08393540713 0.076060947422 0.08359035796 0.0916032446
Herato14 Herato1411 8140327.0 1125000.0 0.0939632992832 0.0846670594 0.0945893385718 0.103742660196
Herato14 Herato1411 8190327.0 1175000.0 0.069771109208 0.06417723577 0.069702318512 0.07551331954
Herato14 Herato1411 8240327.0 1225000.0 0.05431224337 0.048584641362 0.054323326948 0.060054167216
Herato14 Herato1411 8290327.0 1275000.0 0.062421436462 0.0589813155814 0.062161231586 0.067477203314
Herato14 Herato1411 8340327.0 1325000.0 0.060470839622 0.056302229976 0.060575723716 0.066079224208
Herato14 Herato1411 8390327.0 1375000.0 0.06737966952 0.06431357968 0.06768031808 0.07073967448
Herato14 Herato1411 8440327.0 1425000.0 0.0874017747 0.0815739901 0.08743276292 0.09212697844
Herato14 Herato1411 8490327.0 1475000.0 0.085278266548 0.0801121497662 0.08547024436 0.089487694652
Herato14 Herato1411 8540327.0 1525000.0 0.0877278089 0.0824144271 0.08846995598 0.09091502312
Herato14 Herato1411 8590327.0 1575000.0 0.08249033412 0.07442971824 0.0843228977 0.08713972592
Herato14 Herato1411 8640327.0 1625000.0 0.04635834222 0.03774415616 0.04544833516 0.05999826076
Herato14 Herato1411 8690327.0 1675000.0 0.0331188331905 0.0298394526529 0.0331169253814 0.0368992558806
Herato14 Herato1411 8740327.0 1725000.0 0.0490034423631 0.0424285615484 0.0486886841488 0.0578161955221
Herato14 Herato1411 8790327.0 1775000.0 0.0733841351258 0.0628231907876 0.0731175658556 0.0865516232036
Herato14 Herato1411 8840327.0 1825000.0 0.071954817624 0.0672932111328 0.07153241267 0.0773753345996
Herato14 Herato1411 8890327.0 1875000.0 0.060733816258 0.0530723263328 0.060507118464 0.068139853054
Herato14 Herato1411 8940327.0 1925000.0 0.05529567168 0.0523749888 0.05577497856 0.05778986112
Herato14 Herato1411 8990327.0 1975000.0 0.0247969394324 0.0206763855802 0.0242650195012 0.032968492765
Herato14 Herato1411 9040327.0 2025000.0 0.0902438488 0.0860184038 0.09045249836 0.09318942108
Herato14 Herato1411 9090327.0 2075000.0 0.05779977928 0.05470881542 0.05778441138 0.06140664912
Herato14 Herato1411 9140327.0 2125000.0 0.065048385699 0.0580309293311 0.0654346481924 0.072648176824
Herato14 Herato1411 9190327.0 2175000.0 0.047815890316 0.0442873261032 0.04780046559 0.051280900392
Herato14 Herato1411 9240327.0 2225000.0 0.07295651924 0.064492008878 0.0738602794 0.08076405854
Herato14 Herato1411 9290327.0 2275000.0 0.08457546696 0.07583244898 0.08433207886 0.0954105632
Herato14 Herato1411 9340327.0 2325000.0 0.0494764502984 0.0441335016476 0.0494991549396 0.0548608747788
Herato14 Herato1411 9390327.0 2375000.0 0.048938341306 0.0443285061968 0.0482716702204 0.052069710004
Herato14 Herato1411 9440327.0 2425000.0 0.0632295205516 0.0558503958126 0.0632128872212 0.0704537581732
Herato14 Herato1411 9490327.0 2475000.0 0.0711960285815 0.0583311991245 0.070766612634 0.08781288249
Herato14 Herato1411 9540327.0 2525000.0 0.061694451368 0.053684141566 0.060262667078 0.080914847336
Herato14 Herato1411 9590327.0 2575000.0 0.0346800209919 0.0291743390483 0.0339357239069 0.0432818279166
Herato14 Herato1411 9640327.0 2625000.0 0.066711845313 0.0605140285525 0.0666462994373 0.0731439683584
Herato14 Herato1411 9690327.0 2675000.0 0.07906509762 0.07512704906 0.07837142302 0.08480167146
Herato14 Herato1411 9740327.0 2725000.0 0.0796102493826 0.0769919351698 0.0787120546356 0.084573876237
Herato14 Herato1411 9790327.0 2775000.0 0.0563442540332 0.0542698291662 0.0562617907514 0.0587576341266
Herato14 Herato1411 9840327.0 2825000.0 0.0731048873 0.06481530692 0.07248111902 0.08330159894
Herato14 Herato1411 9890327.0 2875000.0 0.0323623899761 0.0275625738944 0.0321483730793 0.039005288768
Herato14 Herato1411 9940327.0 2925000.0 0.05797291336 0.0526171854 0.05763918936 0.06324380732
Herato14 Herato1411 9990327.0 2975000.0 0.0635359741711 0.0559530808166 0.0633220584561 0.0717303957012
Herato14 Herato1411 10040327.0 3025000.0 0.0749682315887 0.0557419048455 0.0751566557789 0.0935845776872
Herato14 Herato1411 10090327.0 3075000.0 0.0270025577714 0.0248800871216 0.0269574221498 0.029159001068
Herato14 Herato1411 10140327.0 3125000.0 0.044541765642 0.03308882485 0.044593817444 0.058604190292
Herato14 Herato1411 10190327.0 3175000.0 0.050333077892 0.0346793191081 0.0471849336246 0.085440402218
Herato14 Herato1411 10240327.0 3225000.0 0.0312052807766 0.0271844646506 0.0311097162184 0.0348483053334
Herato14 Herato1411 10290327.0 3275000.0 0.06970488122 0.06317366818 0.06939834212 0.07707835182
Herato14 Herato1411 10340327.0 3325000.0 0.04327577008 0.039662295288 0.04320035166 0.04811370706
Herato14 Herato1411 10390327.0 3375000.0 0.05502559106 0.05275614864 0.05518768208 0.0581324135
Herato14 Herato1411 10440327.0 3425000.0 0.0511983630258 0.0466786332692 0.0514881042694 0.0555984864662
Herato14 Herato1411 10490327.0 3475000.0 0.05130632144 0.048679026 0.05086545596 0.05525108776
Herato14 Herato1411 10540327.0 3525000.0 0.0385828688 0.03457034856 0.03852315954 0.0417165089
Herato14 Herato1411 10590327.0 3575000.0 0.074874601306 0.070534615182 0.075073804022 0.079537572662
Herato14 Herato1411 10640327.0 3625000.0 0.0738699273268 0.0686629001836 0.0737341429432 0.0799736033355
Herato14 Herato1411 10690327.0 3675000.0 0.08071086644 0.07387529988 0.08031145626 0.0897792427
Herato14 Herato1411 10740327.0 3725000.0 0.129079729938 0.11271761874 0.128185544616 0.148285741284
Herato14 Herato1411 10790327.0 3775000.0 0.0480189433672 0.0442168520575 0.0481614294586 0.052271788298
Herato14 Herato1411 10840327.0 3825000.0 0.0911580162884 0.0839772753146 0.0913883373278 0.09764014734
Herato14 Herato1411 10890327.0 3875000.0 0.0580560306222 0.0533666371208 0.0579003521942 0.0625091632964
Herato14 Herato1411 10940327.0 3925000.0 0.04138438384 0.0360468879 0.04122781498 0.04794288612
Herato14 Herato1411 10990327.0 3975000.0 0.039783081042 0.034772985874 0.039736265824 0.045988193344
Herato14 Herato1411 11040327.0 4025000.0 0.0548844669774 0.0501775144052 0.054753210714 0.059012230822
Herato14 Herato1411 11090327.0 4075000.0 0.065581879546 0.0535669721758 0.065613311846 0.076599314382
Herato14 Herato1411 11140327.0 4125000.0 0.089116215314 0.082865078584 0.087761536274 0.10221556981
Herato14 Herato1411 11190327.0 4175000.0 0.06958150972 0.05697723902 0.07004133862 0.0811854483
Herato14 Herato1411 11240327.0 4225000.0 0.062511539883 0.0575921253042 0.0612108509978 0.07061953076
Herato14 Herato1411 11290327.0 4275000.0 0.066072539478 0.061709978912 0.065787252552 0.071523494032
Herato14 Herato1411 11340327.0 4325000.0 0.068755057304 0.062009756826 0.068031461036 0.078036461144
Herato14 Herato1411 11390327.0 4375000.0 0.058737911453 0.0562376248572 0.0579351297914 0.063536451672
Herato14 Herato1411 11440327.0 4425000.0 0.0581421467 0.0548687455188 0.057706843352 0.061486195748
Herato14 Herato1411 11490327.0 4475000.0 0.0533574422864 0.0449543239454 0.0540475446361 0.062597359602
Herato14 Herato1411 11540327.0 4525000.0 0.061588525654 0.056279003214 0.061889733626 0.06701435916
Herato14 Herato1411 11590327.0 4575000.0 0.06086953166 0.05634187024 0.06105648394 0.0649797986
Herato14 Herato1411 11640327.0 4625000.0 0.0430935405644 0.0402552264389 0.0429409605461 0.046347632776
Herato14 Herato1411 11690327.0 4675000.0 0.0514928373865 0.0461813186611 0.0509995925239 0.0582170669917
Herato14 Herato1411 11740327.0 4725000.0 0.0703126289 0.064232402048 0.07101351757 0.0780475215
Herato14 Herato1411 11790327.0 4775000.0 0.0690710062408 0.0577527498061 0.067956707259 0.086004603043
Herato14 Herato1411 11840327.0 4825000.0 0.0618462657542 0.0471851350867 0.0605205356747 0.0839485794724
Herato14 Herato1411 11890327.0 4875000.0 0.0578329785 0.0501248864 0.05774418462 0.0666413378
Herato14 Herato1411 11940327.0 4925000.0 0.0561598378162 0.0517702092448 0.0558844747724 0.0615091752412
Herato14 Herato1411 11990327.0 4975000.0 0.0612197795436 0.0509378668886 0.0600496917074 0.083397444632
Herato14 Herato1411 12040327.0 5025000.0 0.05133467848 0.04951502544 0.05069755078 0.05429319792
Herato14 Herato1411 12090327.0 5075000.0 0.047672407494 0.0452115722064 0.047323337288 0.051572650544
Herato14 Herato1411 12140327.0 5125000.0 0.0702522879976 0.0603409833583 0.0719443949957 0.081503531672
Herato14 Herato1411 12190327.0 5175000.0 0.0665903403 0.062623737 0.0668563137 0.0689871006
Herato14 Herato1411 12240327.0 5225000.0 0.0548926911148 0.050433030255 0.0545855950508 0.0600821814
Herato14 Herato1411 12290327.0 5275000.0 0.073844474534 0.069550357842 0.073584440454 0.078274270612
Herato14 Herato1411 12340327.0 5325000.0 0.072360866906 0.068601483368 0.072219237628 0.075683635014
Herato14 Herato1411 12390327.0 5375000.0 0.04974810534 0.04582990854 0.05006096136 0.05043079116
Herato14 Herato1411 12440327.0 5425000.0 0.051041238414 0.047665635372 0.05095795632 0.054377188028
Herato14 Herato1411 12490327.0 5475000.0 0.067751136994 0.053995089012 0.066979237262 0.085536843424
Herato14 Herato1411 12540327.0 5525000.0 0.086946428104 0.080500040788 0.087211066878 0.092473309364
Herato14 Herato1411 12590327.0 5575000.0 0.065034166572 0.0556661584789 0.064110677968 0.077484424248
Herato14 Herato1411 12640327.0 5625000.0 0.029948517216 0.0277713349333 0.029767916006 0.032945990616
Herato14 Herato1411 12690327.0 5675000.0 0.0485875693032 0.0436661905248 0.0484577802306 0.0552490060882
Herato14 Herato1411 12740327.0 5725000.0 0.060894006416 0.052225423178 0.061320471238 0.069073093164
Herato14 Herato1411 12790327.0 5775000.0 0.0717179252 0.054992697694 0.070759714964 0.10105099415
Herato14 Herato1411 12840327.0 5825000.0 0.061054808608 0.0566348141552 0.060401702628 0.065969173404
Herato14 Herato1411 12890327.0 5875000.0 0.049923563078 0.044291034204 0.0501611367 0.056581380366
Herato14 Herato1411 12940327.0 5925000.0 0.0469752841728 0.0429965778582 0.0470210228396 0.0508243138258
Herato14 Herato1411 12990327.0 5975000.0 0.0430782993246 0.0351700913228 0.0428115654416 0.0524944689196
Herato14 Herato1411 13040327.0 6025000.0 0.0292928189648 0.0221457902557 0.0293811115934 0.0372066215496
Herato14 Herato1411 13090327.0 6075000.0 0.0336027370794 0.0291815139775 0.0338139736952 0.0378159376632
Herato14 Herato1411 13140327.0 6125000.0 0.0528844735446 0.0386821058868 0.0517151346366 0.073507812749
Herato14 Herato1411 13190327.0 6175000.0 0.0296412639112 0.0263349036257 0.0294782998378 0.0335414320528
Herato14 Herato1411 13240327.0 6225000.0 0.039408174837 0.0288597703912 0.0384648726602 0.0569004146084
Herato14 Herato1411 13290327.0 6275000.0 0.06126691482 0.051832758188 0.061257977124 0.071116549258
Herato14 Herato1411 13340327.0 6325000.0 0.09019943124 0.08615502479 0.0900415439 0.09493310512
Herato14 Herato1411 13390327.0 6375000.0 0.053701414 0.0458465222 0.05416270786 0.06114371652
Herato14 Herato1411 13440327.0 6425000.0 0.0584820149394 0.0474305560008 0.0578659590608 0.0727615513964
Herato14 Herato1411 13490327.0 6475000.0 0.055931037364 0.0467084593599 0.0553115494416 0.067599505794
Herato14 Herato1411 13540327.0 6525000.0 0.03065901828 0.025266446832 0.030351122418 0.03848974307
Herato14 Herato1411 13590327.0 6575000.0 0.072269664316 0.067204899558 0.072182892696 0.077011476292
Herato14 Herato1411 13640327.0 6625000.0 0.10341993872 0.09695720472 0.10375013004 0.10948927216
Herato14 Herato1411 13690327.0 6675000.0 0.07423010111 0.068983021042 0.07440445184 0.079586933022
Herato14 Herato1411 13740327.0 6725000.0 0.07429090608 0.06963893544 0.0743800392 0.07855778556
Herato14 Herato1411 13790327.0 6775000.0 0.07966812524 0.074770845078 0.07928694846 0.08511438356
Herato14 Herato1411 13840327.0 6825000.0 0.08058014776 0.06902129486 0.080602444454 0.09367256183
Herato14 Herato1411 13890327.0 6875000.0 0.0805038495468 0.0684053326855 0.0793741476102 0.0973300808634
Herato14 Herato1411 13940327.0 6925000.0 0.05648279078 0.03551725178 0.0504105592 0.09782972962
Herato14 Herato1411 13990327.0 6975000.0 0.0497510966109 0.0318465918611 0.048338333728 0.0778366321032
