chrom scaffold Cposition position mean p0025 p0500 p0975
Herato19 Herato1901 25001.0 25000.0 0.013989028172 0.0092800341776 0.013504986345 0.0231333758192
Herato19 Herato1901 75001.0 75000.0 0.0045733422282 0.003933718408 0.004507633358 0.0054657034936
Herato19 Herato1901 125001.0 125000.0 0.013990395468 0.012484444134 0.013896042196 0.016156233508
Herato19 Herato1901 175001.0 175000.0 0.0079849637114 0.006165249453 0.0077827000158 0.0111995756354
Herato19 Herato1901 225001.0 225000.0 0.0212880140928 0.0178923447577 0.0212422225032 0.02565653751
Herato19 Herato1901 275001.0 275000.0 0.04365256281 0.035672614636 0.043196310412 0.054097198104
Herato19 Herato1901 325001.0 325000.0 0.035128903084 0.0295778892908 0.0349020555668 0.041498532128
Herato19 Herato1901 375001.0 375000.0 0.0406622302372 0.0306981052211 0.03972073067 0.055640848932
Herato19 Herato1901 425001.0 425000.0 0.0364843959434 0.0273060278324 0.0355617775374 0.0496656415312
Herato19 Herato1901 475001.0 475000.0 0.048312777314 0.03375733025 0.046774415934 0.073093426262
Herato19 Herato1901 525001.0 525000.0 0.040984209476 0.0309608209147 0.0391251736294 0.061803316736
Herato19 Herato1901 575001.0 575000.0 0.0514707395982 0.0471883225587 0.0515686302766 0.056841791771
Herato19 Herato1901 625001.0 625000.0 0.05215804608 0.047585839502 0.05128371682 0.06185959802
Herato19 Herato1901 675001.0 675000.0 0.047785408682 0.042810439391 0.047848298784 0.052875357292
Herato19 Herato1901 725001.0 725000.0 0.065737492408 0.059357473504 0.065473492454 0.072885639982
Herato19 Herato1901 775001.0 775000.0 0.0527410685022 0.042878994421 0.0520660431307 0.0682605015726
Herato19 Herato1901 825001.0 825000.0 0.060314352082 0.048913571428 0.059163690928 0.077054265892
Herato19 Herato1901 875001.0 875000.0 0.066485167732 0.0613000025682 0.066490806138 0.072659158042
Herato19 Herato1901 925001.0 925000.0 0.0514547195276 0.0463452113016 0.050957146298 0.0571725665048
Herato19 Herato1901 975001.0 975000.0 0.062204528064 0.055622792704 0.06174011317 0.069885041198
Herato19 Herato1901 1025001.0 1025000.0 0.086973271164 0.072249795836 0.086886782646 0.10269203692
Herato19 Herato1901 1075001.0 1075000.0 0.06779629716 0.06260913478 0.06752496836 0.07210934446
Herato19 Herato1901 1125001.0 1125000.0 0.081837905576 0.075044396128 0.08265299418 0.08848922462
Herato19 Herato1901 1175001.0 1175000.0 0.103771454116 0.095464655366 0.105002244928 0.11187541979
Herato19 Herato1901 1225001.0 1225000.0 0.06812610568 0.0616094356248 0.067810736894 0.07551398084
Herato19 Herato1901 1275001.0 1275000.0 0.062456851076 0.057419579496 0.062202391244 0.06804225738
Herato19 Herato1901 1325001.0 1325000.0 0.067009200782 0.06054767903 0.066884684798 0.07480340437
Herato19 Herato1901 1375001.0 1375000.0 0.0774837290012 0.0707743680456 0.0778076101164 0.082515430524
Herato19 Herato1901 1425001.0 1425000.0 0.0629840718602 0.054985389595 0.0627190299356 0.0726536792582
Herato19 Herato1901 1475001.0 1475000.0 0.07802985928 0.0668079092803 0.076507845628 0.097773128368
Herato19 Herato1901 1525001.0 1525000.0 0.05482024906 0.0511273113 0.05474811242 0.05903673822
Herato19 Herato1901 1575001.0 1575000.0 0.052993001112 0.044810330184 0.05289367499 0.061277180076
Herato19 Herato1901 1625001.0 1625000.0 0.067338852846 0.061536792536 0.067638649252 0.072177486312
Herato19 Herato1901 1675001.0 1675000.0 0.060584186568 0.049925498694 0.060188125416 0.06948071986
Herato19 Herato1901 1725001.0 1725000.0 0.0688037058604 0.0610712726835 0.0686341344548 0.0767857847608
Herato19 Herato1901 1775001.0 1775000.0 0.073129358194 0.068559894846 0.073156431046 0.076945424346
Herato19 Herato1901 1825001.0 1825000.0 0.0644299279758 0.0593163634835 0.0641844013294 0.07015690996
Herato19 Herato1901 1875001.0 1875000.0 0.0671951725102 0.0446776519962 0.0650821839102 0.099300165902
Herato19 Herato1901 1925001.0 1925000.0 0.058610754318 0.053334951525 0.05838623519 0.065066109586
Herato19 Herato1901 1975001.0 1975000.0 0.122720550104 0.0703503973166 0.11062766188 0.23543284725
Herato19 Herato1901 2025001.0 2025000.0 0.017167648186 0.013503849872 0.016967548638 0.021844795942
Herato19 Herato1901 2075001.0 2075000.0 0.0571671353306 0.0404513244899 0.05623919457 0.0838163796762
Herato19 Herato1901 2125001.0 2125000.0 0.05094324958 0.047353754184 0.050763985198 0.055389027596
Herato19 Herato1901 2175001.0 2175000.0 0.0701200865136 0.0607955585593 0.0690683485184 0.0830588377748
Herato19 Herato1901 2225001.0 2225000.0 0.0265945010714 0.0230336751892 0.026332590071 0.0315779824468
Herato19 Herato1901 2275001.0 2275000.0 0.050273957706 0.04580765106 0.050285330926 0.05483037485
Herato19 Herato1901 2325001.0 2325000.0 0.0399154780148 0.0304197560348 0.0391142666534 0.054848944772
Herato19 Herato1901 2375001.0 2375000.0 0.02849497509 0.02450005987 0.028011156502 0.033467086396
Herato19 Herato1901 2425001.0 2425000.0 0.06348643378 0.05434065728 0.06405561748 0.0729136435
Herato19 Herato1901 2475001.0 2475000.0 0.072643043242 0.066977548788 0.072250099334 0.08161412406
Herato19 Herato1901 2525001.0 2525000.0 0.065304398256 0.062053227906 0.065150712236 0.06895486556
Herato19 Herato1901 2575001.0 2575000.0 0.0677263401184 0.0631510587629 0.0676290001176 0.073396477704
Herato19 Herato1901 2625001.0 2625000.0 0.07610435244 0.06846959942 0.07197232428 0.0914612695
Herato19 Herato1901 2675001.0 2675000.0 0.062028789552 0.058231030658 0.06142418103 0.067005854928
Herato19 Herato1901 2725001.0 2725000.0 0.0711395973652 0.0583544686294 0.0705352174815 0.0870490738258
Herato19 Herato1901 2775001.0 2775000.0 0.091237103984 0.0836646938604 0.091163334324 0.099899433334
Herato19 Herato1901 2825001.0 2825000.0 0.0936214970012 0.0827448698058 0.0934602036232 0.105585119452
Herato19 Herato1901 2875001.0 2875000.0 0.0742595913 0.066799141816 0.07483708474 0.08054369538
Herato19 Herato1901 2925001.0 2925000.0 0.06850648116 0.06349129196 0.06880162896 0.07333227214
Herato19 Herato1901 2975001.0 2975000.0 0.07254511164 0.06439412182 0.07220871984 0.08270662974
Herato19 Herato1901 3025001.0 3025000.0 0.045896043968 0.0422824891796 0.045508549604 0.049695705888
Herato19 Herato1901 3075001.0 3075000.0 0.05960293493 0.055657604745 0.0595680658012 0.064604671564
Herato19 Herato1901 3125001.0 3125000.0 0.085800615722 0.07473058208 0.08500148959 0.098943803152
Herato19 Herato1901 3175001.0 3175000.0 0.0714483910748 0.0609324744245 0.0714317113597 0.0830105486764
Herato19 Herato1901 3225001.0 3225000.0 0.0551187743366 0.0496045398325 0.0551156463762 0.0616263022568
Herato19 Herato1901 3275001.0 3275000.0 0.09790444068 0.082394073608 0.09753695798 0.11564426044
Herato19 Herato1901 3325001.0 3325000.0 0.04585014778 0.04311786272 0.04563327252 0.04878212674
Herato19 Herato1901 3375001.0 3375000.0 0.0489376783751 0.0421862775057 0.0484947949795 0.056403686984
Herato19 Herato1901 3425001.0 3425000.0 0.0261640329554 0.020708033775 0.0256543299904 0.0337777142038
Herato19 Herato1901 3455158.5 3475000.0 0.0360359653902 0.0328370868638 0.0360930844401 0.0393904945225
Herato19 Herato1902 3485317.0 25000.0 0.07763241726 0.065368894776 0.07761769368 0.0897857666
Herato19 Herato1902 3535317.0 75000.0 0.04663975588 0.042689064162 0.046379322904 0.05097819624
Herato19 Herato1902 3585317.0 125000.0 0.050720249362 0.043639281052 0.050313955196 0.059992092702
Herato19 Herato1902 3635317.0 175000.0 0.0875518637736 0.0734595224614 0.0869710285668 0.105343530539
Herato19 Herato1902 3685317.0 225000.0 0.082447869682 0.0634591336367 0.0821639439408 0.114668656168
Herato19 Herato1902 3735317.0 275000.0 0.068016561562 0.057056024538 0.067736793942 0.081101145882
Herato19 Herato1902 3782195.5 325000.0 0.0582970845361 0.0531584806477 0.0582861890009 0.0641134166775
Herato19 Herato1903 3829075.0 25000.0 0.0183166168934 0.0135277750995 0.0179650190969 0.0245063487439
Herato19 Herato1903 3879075.0 75000.0 0.045798320455 0.0396733269507 0.045360150053 0.054836440598
Herato19 Herato1903 3929075.0 125000.0 0.0611084929135 0.0542187419735 0.0608750259659 0.0691592569052
Herato19 Herato1903 3979075.0 175000.0 0.073821782506 0.063507546112 0.073576578852 0.085631329764
Herato19 Herato1903 4029075.0 225000.0 0.06241935804 0.0583625852 0.06250382716 0.06685033208
Herato19 Herato1903 4079075.0 275000.0 0.067456537308 0.064119980602 0.067255395428 0.072072463094
Herato19 Herato1903 4129075.0 325000.0 0.07723980898 0.06939586038 0.076653715144 0.0871580562
Herato19 Herato1903 4179075.0 375000.0 0.0708437978132 0.056901223425 0.0711034688154 0.085733444272
Herato19 Herato1903 4217966.0 425000.0 0.0672667911762 0.0524181507791 0.0664584210804 0.0881658232687
Herato19 Herato1904 4256858.0 25000.0 0.10082475428 0.0969433656 0.10097659052 0.1052427952
Herato19 Herato1904 4306858.0 75000.0 0.05332365544 0.05210589272 0.05333715456 0.0552611344
Herato19 Herato1904 4356858.0 125000.0 0.072662822412 0.069596221634 0.072687288128 0.075722927448
Herato19 Herato1904 4406858.0 175000.0 0.0988226034293 0.0882056768231 0.0985749640468 0.112143324871
Herato19 Herato1904 4456858.0 225000.0 0.08019078086 0.0725900256 0.07952809692 0.09285708066
Herato19 Herato1904 4506858.0 275000.0 0.0708308515 0.065075830982 0.0706958751 0.07875240108
Herato19 Herato1904 4556858.0 325000.0 0.0296443208268 0.0268767795644 0.0296414074402 0.03210180651
Herato19 Herato1904 4606858.0 375000.0 0.0138763820568 0.0111261461307 0.0140015246919 0.0169694587906
Herato19 Herato1904 4656858.0 425000.0 0.0516635241634 0.0338656002746 0.049738384035 0.0769781514952
Herato19 Herato1904 4706858.0 475000.0 0.0497165218722 0.0402712812937 0.049449349781 0.0614495532638
Herato19 Herato1904 4756858.0 525000.0 0.079410633405 0.0689153339285 0.0789340261041 0.092471263724
Herato19 Herato1904 4806858.0 575000.0 0.09522789892 0.088553817518 0.09478270214 0.10403758464
Herato19 Herato1904 4856858.0 625000.0 0.07616152098 0.06979636744 0.0761679852 0.08310252104
Herato19 Herato1904 4906858.0 675000.0 0.09718909534 0.054518035955 0.0861480737154 0.208892180914
Herato19 Herato1904 4956858.0 725000.0 0.0815302742219 0.0560357375574 0.07872442475 0.115344850074
Herato19 Herato1904 5006858.0 775000.0 0.055583205986 0.051421672058 0.055620880952 0.061087054544
Herato19 Herato1904 5056858.0 825000.0 0.0661669715 0.061269447442 0.065878625632 0.07230139532
Herato19 Herato1904 5106858.0 875000.0 0.05028265222 0.048355778608 0.05018983388 0.05320031008
Herato19 Herato1904 5156858.0 925000.0 0.044534345158 0.0388507415912 0.0443299709554 0.051068575116
Herato19 Herato1904 5206858.0 975000.0 0.030348883528 0.0276105889417 0.0302934715702 0.0337415617128
Herato19 Herato1904 5256858.0 1025000.0 0.050316202398 0.048129858184 0.050157921294 0.053360571128
Herato19 Herato1904 5306858.0 1075000.0 0.05873988324 0.05151566946 0.05828846124 0.06790895126
Herato19 Herato1904 5356858.0 1125000.0 0.089081911174 0.0668571117272 0.0874262524666 0.119717708356
Herato19 Herato1904 5406858.0 1175000.0 0.068438497556 0.063218760864 0.068208250524 0.07402491834
Herato19 Herato1904 5456858.0 1225000.0 0.05149400396 0.0473225040081 0.0512876135814 0.055757735648
Herato19 Herato1904 5506858.0 1275000.0 0.0559073486108 0.049534777466 0.0559425383944 0.06248680938
Herato19 Herato1904 5556858.0 1325000.0 0.09180115968 0.08546414696 0.09051185616 0.09990445128
Herato19 Herato1904 5606858.0 1375000.0 0.051601819878 0.044722988514 0.051413449726 0.058166949826
Herato19 Herato1904 5656858.0 1425000.0 0.086389651628 0.07807642578 0.086214225408 0.095976895418
Herato19 Herato1904 5706858.0 1475000.0 0.075527951108 0.069129512618 0.075322020368 0.084336020984
Herato19 Herato1904 5756858.0 1525000.0 0.0560114729124 0.046797030486 0.0558810514064 0.0648936235944
Herato19 Herato1904 5806858.0 1575000.0 0.0759869195466 0.0506183730231 0.0706629113816 0.132142060458
Herato19 Herato1904 5856858.0 1625000.0 0.0750776726526 0.0573112581288 0.0726873389062 0.109315036194
Herato19 Herato1904 5906858.0 1675000.0 0.0466481911129 0.0428462784004 0.0465217776858 0.0508145720103
Herato19 Herato1904 5956858.0 1725000.0 0.0707423139484 0.06081236849 0.066805688763 0.09712232701
Herato19 Herato1904 6006858.0 1775000.0 0.0494744622356 0.0426970685044 0.0488946483266 0.0595184964758
Herato19 Herato1904 6056858.0 1825000.0 0.034559611997 0.0263129894077 0.032586277468 0.051892649764
Herato19 Herato1904 6106858.0 1875000.0 0.036143743254 0.029046580722 0.035746243278 0.045202569732
Herato19 Herato1904 6156858.0 1925000.0 0.0522716376672 0.0419834210468 0.0512798766194 0.0666377649044
Herato19 Herato1904 6206858.0 1975000.0 0.03515695332 0.03328898434 0.03507009426 0.03812713382
Herato19 Herato1904 6256858.0 2025000.0 0.045093125032 0.037261726562 0.044857885688 0.053471474826
Herato19 Herato1904 6306858.0 2075000.0 0.0614280778812 0.0537482861111 0.0606594226328 0.0710537311876
Herato19 Herato1904 6356858.0 2125000.0 0.0698009551198 0.0542755544767 0.0693177269058 0.0930757727744
Herato19 Herato1904 6406858.0 2175000.0 0.061971941588 0.0562385718066 0.061886008216 0.068426963888
Herato19 Herato1904 6456858.0 2225000.0 0.06245786968 0.0597862282 0.06264803052 0.06522900032
Herato19 Herato1904 6506858.0 2275000.0 0.0604607754978 0.054949382727 0.0603295393136 0.0662805339412
Herato19 Herato1904 6556858.0 2325000.0 0.0284992534063 0.0218054101925 0.0282094628398 0.035993027097
Herato19 Herato1904 6606858.0 2375000.0 0.029623557342 0.0274944892181 0.0296078623646 0.031914241598
Herato19 Herato1904 6656858.0 2425000.0 0.044995694346 0.036859422756 0.044788560482 0.05267450917
Herato19 Herato1904 6706858.0 2475000.0 0.05766915608 0.05566463728 0.05754918488 0.06032151936
Herato19 Herato1904 6756858.0 2525000.0 0.0703100440836 0.0600836895136 0.0685614309155 0.08694535548
Herato19 Herato1904 6806858.0 2575000.0 0.034258414198 0.0301777598958 0.0338898716296 0.039812131846
Herato19 Herato1904 6856858.0 2625000.0 0.046688618216 0.04029019052 0.046575460832 0.053757722884
Herato19 Herato1904 6906858.0 2675000.0 0.042560751146 0.037326997628 0.04238003016 0.047352217818
Herato19 Herato1904 6956858.0 2725000.0 0.0623570767392 0.0544425031332 0.062101883164 0.07194742606
Herato19 Herato1904 7006858.0 2775000.0 0.069939432072 0.061240007764 0.069359170156 0.08323885168
Herato19 Herato1904 7056858.0 2825000.0 0.05468544709 0.0485016968237 0.054931136266 0.060666437806
Herato19 Herato1904 7106858.0 2875000.0 0.039291806813 0.0310531565358 0.0385558491674 0.052347214646
Herato19 Herato1904 7156858.0 2925000.0 0.044789498182 0.0394506119666 0.0446440388376 0.0507692444572
Herato19 Herato1904 7206858.0 2975000.0 0.0490380626734 0.0348584942854 0.0480251038794 0.0695282618248
Herato19 Herato1904 7256858.0 3025000.0 0.064689996408 0.0553306519524 0.064783987996 0.074560199202
Herato19 Herato1904 7306858.0 3075000.0 0.057936363648 0.0507056924754 0.057020326494 0.066777566026
Herato19 Herato1904 7356858.0 3125000.0 0.058325984018 0.04585256081 0.057115864752 0.07815014464
Herato19 Herato1904 7406858.0 3175000.0 0.0468860205326 0.0440368027862 0.046968982688 0.050159589342
Herato19 Herato1904 7456858.0 3225000.0 0.063722527042 0.0245745290396 0.060976724668 0.117553494502
Herato19 Herato1904 7506858.0 3275000.0 0.05477333177 0.051310573864 0.05473304791 0.05818003186
Herato19 Herato1904 7556858.0 3325000.0 0.0959467942752 0.0754823728766 0.0938785669542 0.128596973318
Herato19 Herato1904 7606858.0 3375000.0 0.06151733572 0.0567877238 0.06177342692 0.06447206118
Herato19 Herato1904 7656858.0 3425000.0 0.06030298976 0.05734076384 0.06044550466 0.0630129438
Herato19 Herato1904 7706858.0 3475000.0 0.0689517234122 0.060428837269 0.0686268053784 0.0778615805442
Herato19 Herato1904 7756858.0 3525000.0 0.055661268742 0.049937701826 0.055560399122 0.061684594344
Herato19 Herato1904 7806858.0 3575000.0 0.067672401718 0.064227529688 0.06719640445 0.07261527336
Herato19 Herato1904 7856858.0 3625000.0 0.06516381436 0.06186497072 0.06501563282 0.0692297148
Herato19 Herato1904 7906858.0 3675000.0 0.0588364967 0.055059271184 0.05886750742 0.06310290234
Herato19 Herato1904 7956858.0 3725000.0 0.071332032134 0.064869008778 0.07113497862 0.077894225508
Herato19 Herato1904 8006858.0 3775000.0 0.0604956981 0.05703143894 0.06041696704 0.06466985852
Herato19 Herato1904 8056858.0 3825000.0 0.071815189468 0.0656195455724 0.0718131430088 0.077716242696
Herato19 Herato1904 8106858.0 3875000.0 0.0303922116382 0.0270245166922 0.0304072667478 0.0342638900538
Herato19 Herato1904 8156858.0 3925000.0 0.224955667485 0.125432581424 0.208851830602 0.408261260324
Herato19 Herato1904 8206858.0 3975000.0 0.0446302391926 0.023721456686 0.0426234031586 0.07791110147
Herato19 Herato1904 8256858.0 4025000.0 0.0359135714992 0.0312024116532 0.0355707250814 0.0419190800068
Herato19 Herato1904 8306858.0 4075000.0 0.010396918416 0.00936597768 0.010426957968 0.01142337408
Herato19 Herato1904 8356858.0 4125000.0 0.046155128948 0.0383166548391 0.0459001584302 0.055280826824
Herato19 Herato1904 8406858.0 4175000.0 0.04953557307 0.046551145046 0.04948770161 0.0525319868
Herato19 Herato1904 8456858.0 4225000.0 0.0432291449006 0.0362429053908 0.0429417785794 0.0529951181902
Herato19 Herato1904 8506858.0 4275000.0 0.0329027672468 0.0295687748525 0.0329247439278 0.036887998264
Herato19 Herato1904 8556858.0 4325000.0 0.0535641542604 0.0480880429926 0.053481824678 0.0592753050072
Herato19 Herato1904 8606858.0 4375000.0 0.0528476576424 0.0487335978051 0.052831780988 0.0572286924
Herato19 Herato1904 8656858.0 4425000.0 0.0545505413858 0.0491263470541 0.0538561175758 0.0631261625162
Herato19 Herato1904 8706858.0 4475000.0 0.0532488901416 0.0484351926956 0.0531401548038 0.0591094395008
Herato19 Herato1904 8756858.0 4525000.0 0.07945760718 0.07666699116 0.07957595194 0.08326917716
Herato19 Herato1904 8806858.0 4575000.0 0.063377238492 0.060953778124 0.06306287635 0.067737746216
Herato19 Herato1904 8856858.0 4625000.0 0.0720302671842 0.0647237821284 0.0722165821346 0.079334470332
Herato19 Herato1904 8906858.0 4675000.0 0.0605238935587 0.0564656061494 0.0602857064136 0.0648394388304
Herato19 Herato1904 8956858.0 4725000.0 0.07832828282 0.071188785348 0.07841509068 0.08508610338
Herato19 Herato1904 9006858.0 4775000.0 0.072103943474 0.0678077316623 0.072382833062 0.07633205146
Herato19 Herato1904 9056858.0 4825000.0 0.056170754409 0.0506827779635 0.0557315749708 0.0616901673546
Herato19 Herato1904 9106858.0 4875000.0 0.0660752113492 0.0605302675713 0.0656376117274 0.0735457324082
Herato19 Herato1904 9156858.0 4925000.0 0.06709463842 0.0614465817 0.06733794132 0.07100929854
Herato19 Herato1904 9206858.0 4975000.0 0.0627449031 0.05478059294 0.06300711022 0.06958365088
Herato19 Herato1904 9256858.0 5025000.0 0.088062531752 0.0791738993355 0.0873484527644 0.0992910146424
Herato19 Herato1904 9306858.0 5075000.0 0.066939277472 0.060614042276 0.064982802276 0.07727875245
Herato19 Herato1904 9356858.0 5125000.0 0.06384964004 0.059550420246 0.064455774268 0.065762232532
Herato19 Herato1904 9406858.0 5175000.0 0.069183080082 0.05993162 0.069465850046 0.077169373328
Herato19 Herato1904 9456858.0 5225000.0 0.0274387458282 0.0255505070045 0.0273458621162 0.0295566929032
Herato19 Herato1904 9506858.0 5275000.0 0.038184100018 0.0318269192332 0.0366570627292 0.05059175136
Herato19 Herato1904 9556858.0 5325000.0 0.0420270422112 0.0270748627762 0.0376391947794 0.0758198430458
Herato19 Herato1904 9606858.0 5375000.0 0.027499335622 0.025324671612 0.027405529704 0.02979733269
Herato19 Herato1904 9656858.0 5425000.0 0.0498688984635 0.0262960291241 0.0451551045083 0.098437751429
Herato19 Herato1904 9706858.0 5475000.0 0.036792533342 0.033154076082 0.036394312294 0.043148470408
Herato19 Herato1904 9756858.0 5525000.0 0.0426362484088 0.0366350988087 0.0426636255328 0.049463330746
Herato19 Herato1904 9806858.0 5575000.0 0.053147344624 0.0397005881308 0.05171963515 0.075447851886
Herato19 Herato1904 9856858.0 5625000.0 0.0507984866948 0.0447026160752 0.0506103008932 0.058040421374
Herato19 Herato1904 9906858.0 5675000.0 0.047605818946 0.03615309774 0.046402565956 0.066795235054
Herato19 Herato1904 9956858.0 5725000.0 0.05116518748 0.03948633998 0.05191970172 0.0612165233
Herato19 Herato1904 10006858.0 5775000.0 0.061132384046 0.054735340906 0.060492293632 0.071967796752
Herato19 Herato1904 10056858.0 5825000.0 0.0456857674496 0.043099134678 0.0455207552142 0.0489123931456
Herato19 Herato1904 10106858.0 5875000.0 0.0556061000088 0.0481273200336 0.0557746719164 0.063550160706
Herato19 Herato1904 10156858.0 5925000.0 0.044713322526 0.038676964188 0.044285575814 0.054226585262
Herato19 Herato1904 10206858.0 5975000.0 0.0432156118618 0.0367446071766 0.0427504021628 0.0520694687768
Herato19 Herato1904 10256858.0 6025000.0 0.040418410416 0.0382520795662 0.040372555292 0.042636894424
Herato19 Herato1904 10306858.0 6075000.0 0.0170664348024 0.0117167629524 0.0139608108176 0.0303527295814
Herato19 Herato1904 10356858.0 6125000.0 0.0393886963662 0.0367664524366 0.0393689226906 0.0422051686468
Herato19 Herato1904 10406858.0 6175000.0 0.0350126737295 0.029529711692 0.0347289117937 0.0428091298924
Herato19 Herato1904 10456858.0 6225000.0 0.0332527288256 0.0278010142396 0.0328219723044 0.0423137981938
Herato19 Herato1904 10506858.0 6275000.0 0.045978325638 0.022363703746 0.038127250382 0.098149626852
Herato19 Herato1904 10556858.0 6325000.0 0.0250252071568 0.021057784431 0.0248267171818 0.0304445528758
Herato19 Herato1904 10606858.0 6375000.0 0.03134261996 0.02893904848 0.03132492922 0.0336194815
Herato19 Herato1904 10656858.0 6425000.0 0.05883700144 0.05566276768 0.0590053067 0.06181044372
Herato19 Herato1904 10706858.0 6475000.0 0.0536792062122 0.0501289484704 0.0537698973666 0.0574263539792
Herato19 Herato1904 10756858.0 6525000.0 0.0381289320473 0.0283373810443 0.0361506929685 0.0598572964638
Herato19 Herato1904 10806858.0 6575000.0 0.0370520039212 0.022446439585 0.0340607544316 0.068987447684
Herato19 Herato1904 10856858.0 6625000.0 0.0654704197677 0.0352216392081 0.0613334967127 0.131530628084
Herato19 Herato1904 10906858.0 6675000.0 0.0390082375227 0.0309201019255 0.0385071044527 0.0501710069948
Herato19 Herato1904 10956858.0 6725000.0 0.0260799538644 0.0212453144726 0.0257543628936 0.032909261852
Herato19 Herato1904 11006858.0 6775000.0 0.0463991278843 0.0350814265919 0.0466774397578 0.0612878522524
Herato19 Herato1904 11056858.0 6825000.0 0.053636282166 0.041502825938 0.052672632516 0.071851309808
Herato19 Herato1904 11106858.0 6875000.0 0.05055597987 0.044556277854 0.050389631398 0.057796686112
Herato19 Herato1904 11156858.0 6925000.0 0.08025840765 0.065772701728 0.079222750574 0.11176915418
Herato19 Herato1904 11206858.0 6975000.0 0.0409671685853 0.0379050863419 0.0410146424459 0.044547815243
Herato19 Herato1904 11256858.0 7025000.0 0.06401747607 0.038529250388 0.062172777854 0.100513524862
Herato19 Herato1904 11306858.0 7075000.0 0.0422093457032 0.0392037217856 0.0421099430414 0.045226978484
Herato19 Herato1904 11356858.0 7125000.0 0.0675270371956 0.0611477923303 0.0672325663342 0.0754994375212
Herato19 Herato1904 11406858.0 7175000.0 0.062437347144 0.053868056502 0.062758771406 0.071288953848
Herato19 Herato1904 11456858.0 7225000.0 0.036487879414 0.0319951446142 0.0363249357502 0.0416494843244
Herato19 Herato1904 11506858.0 7275000.0 0.0861982780134 0.0787669423665 0.085871224391 0.0944973228914
Herato19 Herato1904 11556858.0 7325000.0 0.094696499396 0.084699284344 0.094249147396 0.106672371472
Herato19 Herato1904 11606858.0 7375000.0 0.079089937286 0.073018276596 0.07913289852 0.08452261614
Herato19 Herato1904 11656858.0 7425000.0 0.068230275554 0.063558688128 0.067898863706 0.074054592034
Herato19 Herato1904 11706858.0 7475000.0 0.077605098532 0.06569937036 0.076182450368 0.096974568376
Herato19 Herato1904 11756858.0 7525000.0 0.05949535862 0.05243008308 0.0582424202 0.07297435508
Herato19 Herato1904 11806858.0 7575000.0 0.06507172184 0.059308384862 0.06494746968 0.071432888556
Herato19 Herato1904 11856858.0 7625000.0 0.081462001028 0.072480707244 0.08090104355 0.096515323124
Herato19 Herato1904 11906858.0 7675000.0 0.11678229086 0.10930694406 0.11675555326 0.12529677324
Herato19 Herato1904 11956858.0 7725000.0 0.0787173281 0.07024006956 0.07911449358 0.08654756764
Herato19 Herato1904 12006858.0 7775000.0 0.05920529082 0.0539776093 0.05854373266 0.06537499794
Herato19 Herato1904 12056858.0 7825000.0 0.04084225165 0.037922273419 0.040959835403 0.043409998862
Herato19 Herato1904 12106858.0 7875000.0 0.0608457423464 0.055239233577 0.0605464022964 0.067349378053
Herato19 Herato1904 12156858.0 7925000.0 0.072965450414 0.059355996278 0.071862167056 0.093488648514
Herato19 Herato1904 12206858.0 7975000.0 0.0572990236 0.05229869112 0.05714640364 0.06332074198
Herato19 Herato1904 12256858.0 8025000.0 0.06447247476 0.06109433008 0.06488614296 0.06748237824
Herato19 Herato1904 12306858.0 8075000.0 0.04072532978 0.03545359042 0.03957376754 0.0488431403
Herato19 Herato1904 12356858.0 8125000.0 0.0821950627843 0.06022548274 0.0831708111638 0.106712970704
Herato19 Herato1904 12406858.0 8175000.0 0.04990322678 0.04150480334 0.048743957554 0.06146709746
Herato19 Herato1904 12456858.0 8225000.0 0.033413504614 0.0265690652472 0.033760531446 0.040128146794
Herato19 Herato1904 12506858.0 8275000.0 0.0331408841 0.027978811446 0.033173822598 0.03842688836
Herato19 Herato1904 12556858.0 8325000.0 0.042005323712 0.0359194097336 0.0420169639844 0.048706779912
Herato19 Herato1904 12596711.0 8375000.0 0.0653768899515 0.0556185997004 0.0646231139029 0.0774928447889
Herato19 Herato1905 12636565.0 25000.0 0.03909961582 0.035467310866 0.03904963682 0.042869089632
Herato19 Herato1905 12686565.0 75000.0 0.051123361914 0.04175302805 0.049463834596 0.071770384888
Herato19 Herato1905 12736565.0 125000.0 0.0531243430288 0.0427342495096 0.0536039503252 0.0636409281308
Herato19 Herato1905 12786565.0 175000.0 0.04677575196 0.0448774878 0.04679562192 0.0481942336
Herato19 Herato1905 12836565.0 225000.0 0.0380947994948 0.0350021960364 0.036792581759 0.0436224192696
Herato19 Herato1905 12886565.0 275000.0 0.051781072 0.05125731944 0.05179833472 0.05288573076
Herato19 Herato1905 12927127.0 325000.0 0.0445219826974 0.0392269551345 0.0457746450608 0.0478912450255
Herato19 Herato1906 12967690.0 25000.0 0.06943853074 0.06201348484 0.06949137088 0.07745606822
Herato19 Herato1906 13017690.0 75000.0 0.0512748027526 0.0451343657421 0.0511578112588 0.0596651090608
Herato19 Herato1906 13067690.0 125000.0 0.046729378346 0.043580316524 0.046602476392 0.050762904756
Herato19 Herato1906 13117690.0 175000.0 0.0580538634208 0.0472419048324 0.0586088425108 0.0695019469636
Herato19 Herato1906 13167690.0 225000.0 0.0597281526168 0.0510760710565 0.0594934255816 0.0709972103958
Herato19 Herato1906 13217690.0 275000.0 0.0736379438778 0.0648014477298 0.0734776218806 0.084283126012
Herato19 Herato1906 13267690.0 325000.0 0.0273219003549 0.0216160396957 0.027104614666 0.0347387574931
Herato19 Herato1906 13317690.0 375000.0 0.0634476023096 0.0546283657093 0.0626119435341 0.0750465542172
Herato19 Herato1906 13367690.0 425000.0 0.0776465803256 0.0691604048303 0.0774737687676 0.0874778232412
Herato19 Herato1906 13417690.0 475000.0 0.061636253262 0.051383355246 0.060426811178 0.077460959556
Herato19 Herato1906 13467690.0 525000.0 0.075206622039 0.0695515853318 0.0747897232672 0.08325927221
Herato19 Herato1906 13517690.0 575000.0 0.1061858868 0.1026683234 0.105987841 0.109247307
Herato19 Herato1906 13567690.0 625000.0 0.073588430402 0.070107233443 0.073680103772 0.076947356012
Herato19 Herato1906 13617690.0 675000.0 0.062236366092 0.053407923442 0.062199329826 0.071712488306
Herato19 Herato1906 13667690.0 725000.0 0.0602048744676 0.0403946966624 0.0575855145376 0.0933183267654
Herato19 Herato1906 13717690.0 775000.0 0.0600222245 0.05027232296 0.06062830148 0.07016241418
Herato19 Herato1906 13767690.0 825000.0 0.057931168228 0.052759655274 0.058232338874 0.062436540472
Herato19 Herato1906 13817690.0 875000.0 0.089754737204 0.084139374454 0.09012825361 0.09483546817
Herato19 Herato1906 13867690.0 925000.0 0.066405926086 0.0584177480044 0.065950395428 0.076186744584
Herato19 Herato1906 13917690.0 975000.0 0.0840853779244 0.075288364828 0.084210899391 0.093496019162
Herato19 Herato1906 13967690.0 1025000.0 0.05972842182 0.055315057212 0.05962968628 0.06481257808
Herato19 Herato1906 14017690.0 1075000.0 0.07924961176 0.073943598332 0.0790514889 0.08482671098
Herato19 Herato1906 14067690.0 1125000.0 0.0607219733044 0.0576002856098 0.0610704246742 0.063108322156
Herato19 Herato1906 14117690.0 1175000.0 0.102274464959 0.0554073738938 0.0929695056498 0.204014725735
Herato19 Herato1906 14167690.0 1225000.0 0.05405980107 0.043925500462 0.053021535764 0.06811394258
Herato19 Herato1906 14217690.0 1275000.0 0.047992127974 0.04211044046 0.047577526442 0.055275380546
Herato19 Herato1906 14267690.0 1325000.0 0.049088473816 0.0260030215868 0.047840777802 0.089794374894
Herato19 Herato1906 14317690.0 1375000.0 0.017168323777 0.0149549404116 0.017012892402 0.0200672260508
Herato19 Herato1906 14367399.5 1425000.0 0.0479135164916 0.0246532285876 0.0441922601044 0.0920565155009
Herato19 Herato1907 14417110.0 25000.0 0.0406284540578 0.0253494066624 0.0389634514567 0.0639424774166
Herato19 Herato1907 14452381.0 75000.0 0.0234272484326 0.0192420132282 0.0234242735922 0.0286122150019
Herato19 Herato1908 14487653.0 25000.0 0.027824345722 0.0221125235288 0.02796884839 0.033019861742
Herato19 Herato1908 14537653.0 75000.0 0.049085684076 0.04053671578 0.04467612747 0.06463490352
Herato19 Herato1908 14587653.0 125000.0 0.048720458826 0.0390826561624 0.047952230076 0.063297611618
Herato19 Herato1908 14637653.0 175000.0 0.027942371112 0.0216555520602 0.027712334854 0.036581771678
Herato19 Herato1908 14687653.0 225000.0 0.0741254466018 0.05251840996 0.0729443415396 0.105573918754
Herato19 Herato1908 14737653.0 275000.0 0.069925375234 0.064139191204 0.069867164918 0.075444484208
Herato19 Herato1908 14787653.0 325000.0 0.10081658586 0.08892827124 0.10197851124 0.11171508304
Herato19 Herato1908 14837653.0 375000.0 0.07734829928 0.065562126134 0.07517872132 0.08933455002
Herato19 Herato1908 14887653.0 425000.0 0.077367947852 0.070293114038 0.077384218936 0.08566604922
Herato19 Herato1908 14937653.0 475000.0 0.0625790933224 0.0539532879894 0.0619975142766 0.0736329057324
Herato19 Herato1908 14987653.0 525000.0 0.0429556189337 0.0381301229594 0.0426963285499 0.048256060131
Herato19 Herato1908 15037653.0 575000.0 0.042187707552 0.035291360416 0.041675422872 0.051138467484
Herato19 Herato1908 15087653.0 625000.0 0.04065278016 0.038447449262 0.04063721892 0.04311010568
Herato19 Herato1908 15137653.0 675000.0 0.082190317608 0.075226651244 0.08228580209 0.089606169278
Herato19 Herato1908 15187653.0 725000.0 0.059929414266 0.0556644998986 0.060208781877 0.064681507098
Herato19 Herato1908 15237653.0 775000.0 0.0647759131546 0.0588347464936 0.064781717941 0.070755521292
Herato19 Herato1908 15287653.0 825000.0 0.049198050724 0.04487939882 0.049257043084 0.05345864954
Herato19 Herato1908 15337653.0 875000.0 0.077235380292 0.0722776720396 0.0765192920906 0.0845833379736
Herato19 Herato1908 15387653.0 925000.0 0.08514245978 0.071327817202 0.084235918138 0.10453761833
Herato19 Herato1908 15437653.0 975000.0 0.0747292137 0.064315850328 0.07502642132 0.08523875052
Herato19 Herato1908 15487653.0 1025000.0 0.07406357018 0.0696045139248 0.073586646404 0.08021500918
Herato19 Herato1908 15537653.0 1075000.0 0.065945121872 0.0622972306323 0.065966090396 0.07060255466
Herato19 Herato1908 15587653.0 1125000.0 0.0355564025324 0.0310404167131 0.0354853705474 0.0402367461668
Herato19 Herato1908 15637653.0 1175000.0 0.0492576214681 0.0446669585002 0.0491452218694 0.0551459935538
Herato19 Herato1908 15687653.0 1225000.0 0.124247765566 0.0661847137735 0.115682710597 0.226702058689
Herato19 Herato1908 15737653.0 1275000.0 0.049215135524 0.044757423198 0.048960511298 0.055828255
Herato19 Herato1908 15787653.0 1325000.0 0.060416902814 0.050928957378 0.060005042054 0.071484241182
Herato19 Herato1908 15837653.0 1375000.0 0.0967218668242 0.086071602491 0.0969707715378 0.107966707697
Herato19 Herato1908 15887653.0 1425000.0 0.050746460052 0.0451879545086 0.050634510526 0.05748061131
Herato19 Herato1908 15937653.0 1475000.0 0.0519518151276 0.046805752333 0.0517027169052 0.057834994626
Herato19 Herato1908 15987653.0 1525000.0 0.08965399536 0.069936464818 0.085137384908 0.131919779008
Herato19 Herato1908 16037653.0 1575000.0 0.063666762678 0.0411262938009 0.0578941217082 0.112174857214
Herato19 Herato1908 16087653.0 1625000.0 0.03316961072 0.0292555145724 0.0329966519374 0.0378453355904
Herato19 Herato1908 16137653.0 1675000.0 0.0299276872898 0.0276761875988 0.029752804139 0.032725244672
Herato19 Herato1908 16187653.0 1725000.0 0.0307137021586 0.0211211375416 0.0294481569478 0.0524208179892
Herato19 Herato1908 16237653.0 1775000.0 0.042094285536 0.0342348635782 0.0407717605602 0.057394419412
Herato19 Herato1908 16287653.0 1825000.0 0.041235505568 0.034522490134 0.041359328122 0.047330219148
Herato19 Herato1908 16337653.0 1875000.0 0.058031106112 0.048686594076 0.057788248508 0.06906623828
Herato19 Herato1908 16387653.0 1925000.0 0.07544271936 0.0699241228 0.0750304792 0.08272570348
Herato19 Herato1908 16437653.0 1975000.0 0.029220749988 0.022856877726 0.029580189488 0.033542390766
Herato19 Herato1908 16487653.0 2025000.0 0.0277459868321 0.0250249469614 0.027766322652 0.0294875183496
Herato19 Herato1908 16537653.0 2075000.0 0.05293017144 0.047766650096 0.052796203988 0.058245812304
Herato19 Herato1908 16587653.0 2125000.0 0.0630923066024 0.0440254763248 0.0620462164172 0.085754280572
Herato19 Herato1908 16637653.0 2175000.0 0.090671016468 0.081459287502 0.090076120382 0.099493457572
Herato19 Herato1908 16687653.0 2225000.0 0.039914458076 0.0365902802061 0.0399390769592 0.0434237003786
Herato19 Herato1908 16737653.0 2275000.0 0.038454302554 0.035747082118 0.038549398086 0.0413796323
Herato19 Herato1908 16787653.0 2325000.0 0.044009007621 0.0390188796765 0.0442469852624 0.049396329784
Herato19 Herato1908 16837653.0 2375000.0 0.0319235069304 0.0279427385232 0.0319022242224 0.0363241948998
Herato19 Herato1908 16887653.0 2425000.0 0.0584229795718 0.0282756048372 0.0566789289606 0.103145280618
Herato19 Herato1908 16937653.0 2475000.0 0.0223140948343 0.0176790879539 0.0220929739741 0.0285358267464
Herato19 Herato1908 16987653.0 2525000.0 0.026677804736 0.018838147366 0.026018346602 0.04102697703
Herato19 Herato1908 17037653.0 2575000.0 0.05401976925 0.050026332014 0.053780335818 0.0574954715
Herato19 Herato1908 17087653.0 2625000.0 0.09746838368 0.075066185326 0.09885816592 0.1194097398
Herato19 Herato1908 17137653.0 2675000.0 0.07860098844 0.0740634512 0.07719211558 0.08811015678
Herato19 Herato1908 17187653.0 2725000.0 0.07280511402 0.06866680714 0.07222340472 0.07700606712
Herato19 Herato1908 17216002.0 2775000.0 0.0838284786503 0.0626359835772 0.0850148321887 0.0920837781427
Herato19 Herato1909 17232544.0 25000.0 0.0711732088008 0.0596355802471 0.0695866251554 0.10231464649
Herato19 Herato1910 17270737.0 25000.0 0.06465751844 0.046231925792 0.06480430578 0.08571321752
Herato19 Herato1910 17320737.0 75000.0 0.0574977674116 0.0510456095974 0.0575424756736 0.064773250252
Herato19 Herato1910 17370737.0 125000.0 0.0290573922974 0.0261236299864 0.0289915905782 0.0324199486334
Herato19 Herato1910 17420737.0 175000.0 0.0285480282262 0.0199068761938 0.024037370925 0.050912772461
Herato19 Herato1910 17470737.0 225000.0 0.0274185699264 0.0167262275805 0.0260665967828 0.0450767444484
Herato19 Herato1910 17520737.0 275000.0 0.062061951743 0.021907263373 0.059514521279 0.125621726442
Herato19 Herato1910 17570737.0 325000.0 0.045848644226 0.039318300364 0.046327083506 0.052633840754
Herato19 Herato1910 17620737.0 375000.0 0.0314717930426 0.0271287884535 0.031387894569 0.0360300984672
Herato19 Herato1910 17670737.0 425000.0 0.0752431943671 0.0556994932271 0.0732542732645 0.107037839335
Herato19 Herato1910 17720737.0 475000.0 0.052559066139 0.0459995902443 0.0521846833195 0.0608617611968
Herato19 Herato1910 17770737.0 525000.0 0.090134670947 0.0682782602698 0.0887472057428 0.114221972587
Herato19 Herato1910 17820737.0 575000.0 0.088411181188 0.08142202735 0.088592395716 0.095636474224
Herato19 Herato1910 17870737.0 625000.0 0.068194185154 0.061200740914 0.06788637582 0.077792358664
Herato19 Herato1910 17920737.0 675000.0 0.070279496828 0.064407529776 0.07049835411 0.07642507644
Herato19 Herato1910 17970737.0 725000.0 0.03382101277 0.03044561392 0.033765512214 0.037047855666
Herato19 Herato1910 18020737.0 775000.0 0.0481096344446 0.0428485737926 0.0478533658686 0.0541017789986
Herato19 Herato1910 18070737.0 825000.0 0.041558704804 0.037178969892 0.041502442978 0.046366742282
Herato19 Herato1910 18120737.0 875000.0 0.0255650030946 0.0231218379456 0.0257037961932 0.0282415009739
Herato19 Herato1910 18170737.0 925000.0 0.049454369842 0.044191682014 0.049181521878 0.055819514848
Herato19 Herato1910 18220737.0 975000.0 0.064354047415 0.0537964791877 0.0637349234565 0.0794581593428
Herato19 Herato1910 18270737.0 1025000.0 0.0864399818079 0.0747679002238 0.0857545295558 0.102123849761
Herato19 Herato1910 18320737.0 1075000.0 0.0418806393573 0.0363679559284 0.0415825321502 0.0483600090702
Herato19 Herato1910 18370737.0 1125000.0 0.043666223764 0.034797348358 0.042403983026 0.058247049306
Herato19 Herato1910 18420737.0 1175000.0 0.0545768472 0.05128454768 0.054533594 0.05848004618
Herato19 Herato1910 18470737.0 1225000.0 0.0465158301194 0.0336260155354 0.0451960896934 0.0689753114346
Herato19 Herato1910 18520737.0 1275000.0 0.032359877356 0.0284971702296 0.032428052574 0.036705740322
Herato19 Herato1910 18570737.0 1325000.0 0.077888489616 0.066403037496 0.0773162854 0.09222810388
Herato19 Herato1910 18620737.0 1375000.0 0.0594291592062 0.0508678990852 0.0595890528654 0.0674411676514
Herato19 Herato1910 18670737.0 1425000.0 0.051446984538 0.0469676164722 0.050657503888 0.05700116075
Herato19 Herato1910 18720737.0 1475000.0 0.0525485084998 0.0338320353615 0.0512555870412 0.082436081202
Herato19 Herato1910 18770737.0 1525000.0 0.0515957695128 0.0451251383989 0.051419492159 0.0594507142828
Herato19 Herato1910 18820737.0 1575000.0 0.0954329348444 0.0603955010442 0.0907476933668 0.160386683084
Herato19 Herato1910 18870737.0 1625000.0 0.0332016277112 0.0284212899789 0.0330441180236 0.0386059725548
Herato19 Herato1910 18920737.0 1675000.0 0.0331720529834 0.0304006389063 0.0330417490241 0.0366653295857
Herato19 Herato1910 18970737.0 1725000.0 0.03490050168 0.028217674366 0.035141108642 0.040389849124
Herato19 Herato1910 19020737.0 1775000.0 0.084404324468 0.066567488722 0.081748618566 0.113412928098
Herato19 Herato1910 19070737.0 1825000.0 0.05683462001 0.051689022808 0.057236295878 0.061466242642
Herato19 Herato1910 19120737.0 1875000.0 0.062785079918 0.0588007243092 0.062688467704 0.067729949332
Herato19 Herato1910 19170737.0 1925000.0 0.0854272901971 0.0714666021052 0.0854988779133 0.100341390369
Herato19 Herato1910 19220737.0 1975000.0 0.081323973814 0.063563972932 0.081760478378 0.098877212884
Herato19 Herato1910 19270737.0 2025000.0 0.050736659328 0.0430481362101 0.0509819181168 0.058141629408
Herato19 Herato1910 19320737.0 2075000.0 0.06997628404 0.06299255176 0.07012462292 0.07655687342
Herato19 Herato1910 19370737.0 2125000.0 0.048445371002 0.0403896412566 0.048438736728 0.05793530077
Herato19 Herato1910 19420737.0 2175000.0 0.0264622059502 0.0209856819141 0.0259278089564 0.032414546246
Herato19 Herato1910 19470737.0 2225000.0 0.0642634725016 0.0574017916174 0.0641526872096 0.0715495023328
Herato19 Herato1910 19520737.0 2275000.0 0.049784027846 0.0433276039266 0.04967495464 0.05746811294
Herato19 Herato1910 19570737.0 2325000.0 0.0790110272836 0.0669144323236 0.0779418494794 0.0946405806086
Herato19 Herato1910 19620737.0 2375000.0 0.0885294867236 0.0797181449463 0.08805843692 0.0990860364702
Herato19 Herato1910 19670737.0 2425000.0 0.09197060998 0.08660307658 0.0924978624 0.09686213156
Herato19 Herato1910 19720737.0 2475000.0 0.0734066054052 0.069142893091 0.0733268126582 0.0781296001886
Herato19 Herato1910 19770737.0 2525000.0 0.0443220870572 0.039786422263 0.0442281604814 0.050518380688
Herato19 Herato1910 19820737.0 2575000.0 0.0687496011083 0.0536997065941 0.062545136324 0.107390494302
Herato19 Herato1910 19870737.0 2625000.0 0.0433533825 0.035331988244 0.038308513882 0.07069515764
Herato19 Herato1910 19920737.0 2675000.0 0.058021278302 0.054472398606 0.057442717018 0.06162667922
Herato19 Herato1910 19970737.0 2725000.0 0.07165728744 0.06514060904 0.07179794278 0.07763151648
Herato19 Herato1910 20020737.0 2775000.0 0.06289444058 0.05830294906 0.06371793824 0.06565962836
Herato19 Herato1910 20070737.0 2825000.0 0.058061982122 0.0481922457503 0.0565771694966 0.0752538189864
Herato19 Herato1910 20120737.0 2875000.0 0.0561985919131 0.0356334279582 0.0518991386732 0.105252901604
Herato19 Herato1910 20170737.0 2925000.0 0.0475744947654 0.0378390164378 0.0474192799072 0.059670422536
Herato19 Herato1910 20220737.0 2975000.0 0.044373149088 0.0418250234974 0.044298301698 0.047271762116
Herato19 Herato1910 20270737.0 3025000.0 0.0643543103268 0.0601995822197 0.0640950755008 0.069307058946
Herato19 Herato1910 20320737.0 3075000.0 0.055056517676 0.051049016752 0.054825195854 0.059944585066
Herato19 Herato1910 20370737.0 3125000.0 0.104225216082 0.09534649114 0.103921776822 0.1156216169
Herato19 Herato1910 20420737.0 3175000.0 0.0852301879 0.0782146903 0.08443501652 0.09579311728
Herato19 Herato1910 20470737.0 3225000.0 0.056328598512 0.051282740802 0.056096467008 0.0632825864
Herato19 Herato1910 20520737.0 3275000.0 0.11473152072 0.1090321711 0.11500546436 0.12035966148
Herato19 Herato1910 20570737.0 3325000.0 0.08557117842 0.06441556866 0.08068532128 0.13635868388
Herato19 Herato1910 20620737.0 3375000.0 0.066301016883 0.0490327656047 0.0669831798142 0.07664095888
Herato19 Herato1910 20670737.0 3425000.0 0.08024380204 0.07620367938 0.0802212843 0.08505882052
Herato19 Herato1910 20720737.0 3475000.0 0.07653123141 0.065476623051 0.076544310732 0.08907875166
Herato19 Herato1910 20770737.0 3525000.0 0.0512847619296 0.0476356028817 0.0512426724922 0.0556456358156
Herato19 Herato1910 20820737.0 3575000.0 0.073416548356 0.0599214144774 0.072159351113 0.094533481858
Herato19 Herato1910 20870737.0 3625000.0 0.048000360874 0.0417463500684 0.047524344604 0.05638953728
Herato19 Herato1910 20920737.0 3675000.0 0.045886038514 0.038081008092 0.045243601732 0.055204535928
Herato19 Herato1910 20970737.0 3725000.0 0.046890154054 0.038395127926 0.046098210298 0.06004699573
Herato19 Herato1910 21020737.0 3775000.0 0.08260466074 0.070313294059 0.082287626678 0.098051512302
Herato19 Herato1910 21070737.0 3825000.0 0.125322800952 0.0986268290913 0.124467288968 0.153068602771
Herato19 Herato1910 21120737.0 3875000.0 0.099460114058 0.0928075831316 0.098825250618 0.108127159222
Herato19 Herato1910 21170737.0 3925000.0 0.069059487294 0.061752900984 0.0686007173 0.0778001829
Herato19 Herato1910 21220737.0 3975000.0 0.106450420176 0.097576048194 0.105973684546 0.117178484194
Herato19 Herato1910 21270737.0 4025000.0 0.0709779617 0.06563989508 0.070808104324 0.07800803048
Herato19 Herato1910 21320737.0 4075000.0 0.0859179844 0.082558761 0.08680582382 0.08959264274
Herato19 Herato1910 21370737.0 4125000.0 0.06714157546 0.061128456906 0.06665477478 0.0742896589
Herato19 Herato1910 21420737.0 4175000.0 0.083019277926 0.0631478286714 0.08709257183 0.104712502994
Herato19 Herato1910 21470737.0 4225000.0 0.09079181702 0.08268912532 0.0898341651 0.0993233583
Herato19 Herato1910 21520737.0 4275000.0 0.09730909448 0.09618607906 0.0973483311 0.0985888939
Herato19 Herato1910 21570737.0 4325000.0 0.101298692 0.099879601 0.101179524 0.10367773
Herato19 Herato1910 21620737.0 4375000.0 0.08957914396 0.08102467502 0.08913565978 0.10028447128
Herato19 Herato1910 21670737.0 4425000.0 0.069087106872 0.0620911211746 0.069726212426 0.074119966168
Herato19 Herato1910 21720737.0 4475000.0 0.063792259116 0.0589319697989 0.063819156906 0.06852080236
Herato19 Herato1910 21770737.0 4525000.0 0.070479844694 0.065135601956 0.070369901372 0.076126387534
Herato19 Herato1910 21820737.0 4575000.0 0.0375443323614 0.0288487512554 0.036793014476 0.050481415802
Herato19 Herato1910 21870737.0 4625000.0 0.056441926734 0.051332946094 0.056747208134 0.060672026814
Herato19 Herato1910 21920737.0 4675000.0 0.054309243504 0.0501662575578 0.054021862633 0.058479462286
Herato19 Herato1910 21970737.0 4725000.0 0.0795111222426 0.0718782326813 0.0791640163336 0.0881506021134
Herato19 Herato1910 22020737.0 4775000.0 0.06088274682 0.0586864349888 0.060471693922 0.064418098118
Herato19 Herato1910 22070737.0 4825000.0 0.064244700566 0.060414479127 0.064020204856 0.06810875264
Herato19 Herato1910 22120737.0 4875000.0 0.047600994328 0.04451095601 0.047354725526 0.051216878656
Herato19 Herato1910 22170737.0 4925000.0 0.04256675798 0.03827507916 0.04245472728 0.04751573716
Herato19 Herato1910 22220737.0 4975000.0 0.0490714352 0.044370741582 0.048935151132 0.054094908814
Herato19 Herato1910 22270737.0 5025000.0 0.0433182503934 0.035182884115 0.0433918350674 0.0530987306788
Herato19 Herato1910 22320737.0 5075000.0 0.030629056538 0.02625383918 0.030328245224 0.036649483404
Herato19 Herato1910 22370737.0 5125000.0 0.0493038989592 0.0454263971029 0.0492822645534 0.0533206729548
Herato19 Herato1910 22420737.0 5175000.0 0.057105023722 0.042025145936 0.056084334152 0.079599375012
Herato19 Herato1910 22470737.0 5225000.0 0.03076427842 0.0233993273314 0.0302516301998 0.0419046880212
Herato19 Herato1910 22520737.0 5275000.0 0.031774011316 0.028775985676 0.031719771566 0.035082944492
Herato19 Herato1910 22570737.0 5325000.0 0.0192918103958 0.0143409423155 0.0189297112562 0.025379200171
Herato19 Herato1910 22620737.0 5375000.0 0.04834840259 0.0383187368984 0.04907192197 0.05858225158
Herato19 Herato1910 22670737.0 5425000.0 0.025907064284 0.0215530544712 0.025669732786 0.031412157638
Herato19 Herato1910 22720737.0 5475000.0 0.0132864472874 0.0120098194992 0.0134854919724 0.0143570530972
