chrom scaffold Cposition position mean p0025 p0500 p0975
Herato08 Herato0801 25001.0 25000.0 0.0713687632708 0.0595082117139 0.0710027945412 0.0881506551528
Herato08 Herato0801 75001.0 75000.0 0.0243480139052 0.00867491019209 0.0244031559027 0.0459705637308
Herato08 Herato0801 125001.0 125000.0 0.0828059244444 0.0429220481149 0.0789286903456 0.150902314336
Herato08 Herato0801 175001.0 175000.0 0.118016004404 0.0564082299087 0.115133209389 0.211332421226
Herato08 Herato0801 225001.0 225000.0 0.0234846071062 0.0116308333555 0.0178017230964 0.0849118656195
Herato08 Herato0801 275001.0 275000.0 0.023857089045 0.0170028256937 0.0216980077647 0.0409766014311
Herato08 Herato0801 325001.0 325000.0 0.030970851049 0.0192553101654 0.0306322649731 0.0461189328824
Herato08 Herato0801 375001.0 375000.0 0.156528317931 0.0693060463921 0.133320836697 0.374194973772
Herato08 Herato0801 425001.0 425000.0 0.0347312530679 0.0216916329436 0.0341675551621 0.0530927168527
Herato08 Herato0801 475001.0 475000.0 0.075194221056 0.0410391974345 0.0690949468234 0.140829777273
Herato08 Herato0801 525001.0 525000.0 0.0450308108272 0.0319632482207 0.0444468408948 0.0590827921084
Herato08 Herato0801 575001.0 575000.0 0.0206485343157 0.013049702526 0.0201238278562 0.0289161257771
Herato08 Herato0801 625001.0 625000.0 0.380695566109 0.184686186704 0.365494433442 0.624279531889
Herato08 Herato0801 675001.0 675000.0 0.0188529449019 0.0149508287532 0.0189853725347 0.0223719806058
Herato08 Herato0801 725001.0 725000.0 0.0128158685058 0.0098831691866 0.0127720725403 0.016754563261
Herato08 Herato0801 775001.0 775000.0 0.0386313639926 0.0201738564075 0.0344074487046 0.0781234033969
Herato08 Herato0801 825001.0 825000.0 0.0247468544028 0.0102218289711 0.0219376792053 0.0522161553753
Herato08 Herato0801 875001.0 875000.0 0.15112764625 0.0684169808026 0.146216981474 0.263681958796
Herato08 Herato0801 925001.0 925000.0 0.0197066216529 0.0128435299764 0.0189325165379 0.0304460946624
Herato08 Herato0801 975001.0 975000.0 0.0547537518362 0.0275389246477 0.0492700728625 0.11447875969
Herato08 Herato0801 1025001.0 1025000.0 0.0053512045048 0.00457880333406 0.00533283069284 0.0061335439742
Herato08 Herato0801 1075001.0 1075000.0 0.0247485070961 0.0123337835226 0.0242917929431 0.0401242081615
Herato08 Herato0801 1125001.0 1125000.0 0.0640905504978 0.0275950816008 0.0633258494994 0.117371683084
Herato08 Herato0801 1175001.0 1175000.0 0.0562012167469 0.0304671703577 0.0512592804238 0.130958326913
Herato08 Herato0801 1225001.0 1225000.0 0.0435434642838 0.0290643870764 0.04202756896 0.0654860345276
Herato08 Herato0801 1275001.0 1275000.0 0.0233573427387 0.0186364733185 0.0217965815017 0.033353818552
Herato08 Herato0801 1325001.0 1325000.0 0.0145117297565 0.00862258071957 0.01337745223 0.0261112911561
Herato08 Herato0801 1375001.0 1375000.0 0.0661432286716 0.0478761582246 0.064863039797 0.0893683740047
Herato08 Herato0801 1425001.0 1425000.0 0.0376290180216 0.0225312355626 0.0360915613773 0.060699918649
Herato08 Herato0801 1475001.0 1475000.0 0.0635188277222 0.0332948821659 0.0610880689742 0.116826469293
Herato08 Herato0801 1525001.0 1525000.0 0.0387846076149 0.0235437415982 0.0365390396035 0.067057769248
Herato08 Herato0801 1575001.0 1575000.0 0.0119937241753 0.00881035228684 0.0113396870669 0.0189519728773
Herato08 Herato0801 1625001.0 1625000.0 0.0660241848417 0.0336700134993 0.0608623150719 0.12692359585
Herato08 Herato0801 1675001.0 1675000.0 0.0519560019168 0.030965067059 0.051112790191 0.0829114858449
Herato08 Herato0801 1725001.0 1725000.0 0.0894081366433 0.036430244844 0.0798028216884 0.205084627258
Herato08 Herato0801 1775001.0 1775000.0 0.0941402028521 0.0333747245835 0.0861776377331 0.196763609384
Herato08 Herato0801 1825001.0 1825000.0 0.0336279904456 0.0164799498484 0.0310922013017 0.0655998013508
Herato08 Herato0801 1875001.0 1875000.0 0.0779749769076 0.040444100707 0.0759692839983 0.135478281331
Herato08 Herato0801 1925001.0 1925000.0 0.0740105171243 0.0372223272781 0.0690299771818 0.137885517054
Herato08 Herato0801 1975001.0 1975000.0 0.0147964132896 0.0108969903221 0.0145524125212 0.0194831891048
Herato08 Herato0801 2025001.0 2025000.0 0.0278881463464 0.0154387469203 0.0261066419592 0.0496910454754
Herato08 Herato0801 2075001.0 2075000.0 0.0816820560034 0.0351327018643 0.0706374458902 0.185852798632
Herato08 Herato0801 2125001.0 2125000.0 0.0368607791851 0.0128809920678 0.033409303594 0.0867178678999
Herato08 Herato0801 2175001.0 2175000.0 0.0467272625524 0.0219900832175 0.041906089905 0.100723611613
Herato08 Herato0801 2225001.0 2225000.0 0.0130923959236 0.0107490943852 0.0130313176899 0.0159728483969
Herato08 Herato0801 2275001.0 2275000.0 0.0582747077388 0.0175959425233 0.0336715320454 0.162440121
Herato08 Herato0801 2325001.0 2325000.0 0.0255028835913 0.020430958411 0.0255327485292 0.0310582322672
Herato08 Herato0801 2375001.0 2375000.0 0.0272788475757 0.0147078308954 0.0258125281225 0.0460263711176
Herato08 Herato0801 2425001.0 2425000.0 0.0161710169239 0.0132112269805 0.0156943418286 0.020964192928
Herato08 Herato0801 2475001.0 2475000.0 0.0455845131695 0.0277611170227 0.0435969053688 0.0750604635764
Herato08 Herato0801 2525001.0 2525000.0 0.0130726851694 0.00805839678971 0.0125105674449 0.0216581609512
Herato08 Herato0801 2575001.0 2575000.0 0.0712816193373 0.0382529664577 0.0672292256656 0.128465296537
Herato08 Herato0801 2625001.0 2625000.0 0.0327705012128 0.028762628247 0.0326143574652 0.0372205525462
Herato08 Herato0801 2675001.0 2675000.0 0.0287636991033 0.0134090020369 0.021340718166 0.0988922521886
Herato08 Herato0801 2725001.0 2725000.0 0.0279946130789 0.0133482177767 0.025412539056 0.0566042406382
Herato08 Herato0801 2775001.0 2775000.0 0.0208518102016 0.0149954240326 0.0202755807275 0.0295484208652
Herato08 Herato0801 2825001.0 2825000.0 0.0143806678586 0.0112143796559 0.0143646648841 0.0181808401756
Herato08 Herato0801 2875001.0 2875000.0 0.0237753299493 0.0100465405962 0.0207544663412 0.0495647268268
Herato08 Herato0801 2925001.0 2925000.0 0.00955641662147 0.00773108036587 0.00969774278979 0.011621826975
Herato08 Herato0801 2975001.0 2975000.0 0.0260448294388 0.0200373160758 0.0255357719082 0.035141936425
Herato08 Herato0801 3025001.0 3025000.0 0.12580283271 0.0729979693732 0.120751309544 0.208518879181
Herato08 Herato0801 3075001.0 3075000.0 0.100353991331 0.0580315666993 0.0936960614753 0.186720281589
Herato08 Herato0801 3125001.0 3125000.0 0.0868966509312 0.0567913186968 0.0843686338135 0.131609836007
Herato08 Herato0801 3175001.0 3175000.0 0.153802648241 0.0908509359813 0.14173578603 0.28679208281
Herato08 Herato0801 3225001.0 3225000.0 0.0126642646496 0.0116593608368 0.0126093192472 0.0139135617688
Herato08 Herato0801 3275001.0 3275000.0 0.0126039880403 0.00994589410821 0.0121181424861 0.017420250185
Herato08 Herato0801 3325001.0 3325000.0 0.0586094530593 0.033987696137 0.0553651962623 0.103924326306
Herato08 Herato0801 3375001.0 3375000.0 0.011222153065 0.00639931282083 0.00968055037666 0.0233912354723
Herato08 Herato0801 3425001.0 3425000.0 0.0522769652522 0.0120849964184 0.0442152568197 0.128894907747
Herato08 Herato0801 3475001.0 3475000.0 0.0097208282624 0.0076376935246 0.0094631610928 0.010808136176
Herato08 Herato0801 3525001.0 3525000.0 0.0305240211124 0.0168473536053 0.0260277551726 0.0771544108376
Herato08 Herato0801 3575001.0 3575000.0 0.0275563376128 0.0160727481711 0.0255510688484 0.0506357016974
Herato08 Herato0801 3625001.0 3625000.0 0.120195395164 0.0657119299812 0.117519714949 0.204350175685
Herato08 Herato0801 3675001.0 3675000.0 0.0220973367046 0.0125911240863 0.0221136618502 0.0336461681492
Herato08 Herato0801 3725001.0 3725000.0 0.00757783727 0.006833277746 0.007617195006 0.008246456316
Herato08 Herato0801 3775001.0 3775000.0 0.0593462335883 0.0257721094894 0.0521194188316 0.152612578931
Herato08 Herato0801 3825001.0 3825000.0 0.0251674133644 0.0107493257445 0.0238031894309 0.0485095195575
Herato08 Herato0801 3875001.0 3875000.0 0.0174514791582 0.0146179794193 0.0172074767202 0.0213473174567
Herato08 Herato0801 3925001.0 3925000.0 0.0233902366672 0.0161297053812 0.0228522012278 0.033171412561
Herato08 Herato0801 3975001.0 3975000.0 0.0189615673003 0.0149236296227 0.0184531661171 0.024394400625
Herato08 Herato0801 4025001.0 4025000.0 0.083515437621 0.0423328301939 0.0749807145166 0.164837453916
Herato08 Herato0801 4075001.0 4075000.0 0.039905493238 0.02626870027 0.03893278639 0.05927584547
Herato08 Herato0801 4125001.0 4125000.0 0.021170387666 0.013242068408 0.02115352604 0.029952827116
Herato08 Herato0801 4175001.0 4175000.0 0.0068315871002 0.0054348132098 0.00666462867902 0.00972676562976
Herato08 Herato0801 4225001.0 4225000.0 0.0793244787143 0.0359243854535 0.0759717598411 0.141890654276
Herato08 Herato0801 4275001.0 4275000.0 0.0988447556192 0.0498141641664 0.091459086537 0.196772242606
Herato08 Herato0801 4325001.0 4325000.0 0.0250277379924 0.012200505457 0.0236792491322 0.0508980673367
Herato08 Herato0801 4375001.0 4375000.0 0.0518895860797 0.0254193588953 0.0432516517487 0.118145018193
Herato08 Herato0801 4425001.0 4425000.0 0.017144311366 0.013589109454 0.0168887623278 0.0221600897074
Herato08 Herato0801 4475001.0 4475000.0 0.008059409278 0.007364631672 0.00801565323 0.00876379508
Herato08 Herato0801 4525001.0 4525000.0 0.059264678399 0.0406851447438 0.059991186839 0.083248128077
Herato08 Herato0801 4575001.0 4575000.0 0.0218116572433 0.0139974560812 0.0218402383153 0.0338028136392
Herato08 Herato0801 4625001.0 4625000.0 0.0900356438112 0.0488467185555 0.0838571649467 0.161493728024
Herato08 Herato0801 4675001.0 4675000.0 0.0144870237421 0.0106597684488 0.0143403264647 0.0199545989768
Herato08 Herato0801 4725001.0 4725000.0 0.0649629668255 0.0302126826538 0.0581375920963 0.142508604947
Herato08 Herato0801 4775001.0 4775000.0 0.142646661516 0.0575991358872 0.128933532838 0.313955582396
Herato08 Herato0801 4825001.0 4825000.0 0.0918501523447 0.0483366680146 0.0830083399251 0.171380417649
Herato08 Herato0801 4875001.0 4875000.0 0.114218072713 0.0913993236338 0.109901168455 0.162337625694
Herato08 Herato0801 4925001.0 4925000.0 0.125290172021 0.11515046971 0.124954475935 0.135188090093
Herato08 Herato0801 4975001.0 4975000.0 0.107723602468 0.103007271971 0.107670500287 0.111948286551
Herato08 Herato0801 5025001.0 5025000.0 0.12523001323 0.109000805426 0.130049982718 0.145113496369
Herato08 Herato0801 5075001.0 5075000.0 0.128591222177 0.11911875558 0.127929497557 0.140975802961
Herato08 Herato0801 5125001.0 5125000.0 0.141051249479 0.0302238829861 0.136665216317 0.263460690773
Herato08 Herato0801 5175001.0 5175000.0 0.0781707234796 0.0346736157779 0.0739839156912 0.155437760186
Herato08 Herato0801 5225001.0 5225000.0 0.0589111622244 0.0329111333628 0.0552671732036 0.102989686178
Herato08 Herato0801 5275001.0 5275000.0 0.0115582501884 0.0086240226043 0.0113345398637 0.0159017655788
Herato08 Herato0801 5325001.0 5325000.0 0.0402377185638 0.0283920487965 0.0398170360823 0.0561275721798
Herato08 Herato0801 5375001.0 5375000.0 0.0120463658471 0.00904122295003 0.0119188856095 0.0153448776837
Herato08 Herato0801 5425001.0 5425000.0 0.0180173935143 0.00888745288351 0.0178153780245 0.0281111403478
Herato08 Herato0801 5475001.0 5475000.0 0.0283856286171 0.0184640123975 0.0277052551838 0.0414164655523
Herato08 Herato0801 5525001.0 5525000.0 0.0437910646592 0.0173701584032 0.0409509579558 0.0914011684291
Herato08 Herato0801 5575001.0 5575000.0 0.00402021105614 0.00328951567609 0.0039659406318 0.00511708828048
Herato08 Herato0801 5625001.0 5625000.0 0.0380726612626 0.0161947724427 0.0349796919124 0.0793267316719
Herato08 Herato0801 5675001.0 5675000.0 0.0552361768246 0.0148145366567 0.0539573935548 0.110684485094
Herato08 Herato0801 5725001.0 5725000.0 0.0130948084776 0.00969353330422 0.0129615508844 0.017284232057
Herato08 Herato0801 5775001.0 5775000.0 0.00832834990663 0.00657301765162 0.00801531188156 0.0105923251467
Herato08 Herato0801 5825001.0 5825000.0 0.092121189891 0.0461487509285 0.0822811928414 0.184934390969
Herato08 Herato0801 5875001.0 5875000.0 0.0787802789135 0.0400640662397 0.0747345363679 0.144006171017
Herato08 Herato0801 5925001.0 5925000.0 0.0185758783912 0.0111480904175 0.0186193541496 0.0287953666715
Herato08 Herato0801 5975001.0 5975000.0 0.0444293884713 0.0281767105396 0.0433303319431 0.0714001296696
Herato08 Herato0801 6025001.0 6025000.0 0.0108969679258 0.00918509069417 0.0108312546434 0.0128514416006
Herato08 Herato0801 6075001.0 6075000.0 0.0170726180387 0.0118309848661 0.0164673099152 0.0255980790063
Herato08 Herato0801 6125001.0 6125000.0 0.0334664048708 0.00781502040556 0.0310059359744 0.0731389334874
Herato08 Herato0801 6175001.0 6175000.0 0.00317325559892 0.00251538340526 0.0031197721752 0.004372076135
Herato08 Herato0801 6225001.0 6225000.0 0.0672299399054 0.0221182730083 0.0637529142867 0.127769133373
Herato08 Herato0801 6275001.0 6275000.0 0.029859638773 0.0116579498151 0.027540261888 0.0570159423004
Herato08 Herato0801 6325001.0 6325000.0 0.0195833160064 0.0109823520927 0.0193942708905 0.0315194820362
Herato08 Herato0801 6375001.0 6375000.0 0.0302087701895 0.0147174598007 0.0285289980009 0.0524470781126
Herato08 Herato0801 6425001.0 6425000.0 0.0895497149351 0.0463425416518 0.0802701054524 0.178480807414
Herato08 Herato0801 6475001.0 6475000.0 0.0392024704557 0.0157181340198 0.0332782934697 0.098081407999
Herato08 Herato0801 6525001.0 6525000.0 0.05763767573 0.0192221538347 0.0518606123426 0.120507087445
Herato08 Herato0801 6575001.0 6575000.0 0.0226770856407 0.0142841474262 0.0215344743493 0.0350788543748
Herato08 Herato0801 6625001.0 6625000.0 0.0269519411447 0.0107572710624 0.0235840702391 0.0615448742957
Herato08 Herato0801 6675001.0 6675000.0 0.0391333883424 0.0287039426433 0.0392630778668 0.0481398266186
Herato08 Herato0801 6725001.0 6725000.0 0.0296402480666 0.0251057768155 0.0292813484982 0.0380151185756
Herato08 Herato0801 6775001.0 6775000.0 0.0338313627016 0.0119308969297 0.0313743290067 0.0676550700832
Herato08 Herato0801 6825001.0 6825000.0 0.0396595103367 0.0197342771666 0.0369671102787 0.0768400071645
Herato08 Herato0801 6875001.0 6875000.0 0.0275376713504 0.0218011064016 0.0272845488098 0.0344727899092
Herato08 Herato0801 6925001.0 6925000.0 0.0250227288872 0.013686821455 0.0228386572675 0.0494345098971
Herato08 Herato0801 6975001.0 6975000.0 0.0269293062472 0.0166754151839 0.0258373997912 0.0437529196156
Herato08 Herato0801 7025001.0 7025000.0 0.0217862094823 0.0106654672947 0.019921433782 0.0437704369168
Herato08 Herato0801 7075001.0 7075000.0 0.013966327609 0.0127837896661 0.0138553033485 0.0155262457857
Herato08 Herato0801 7125001.0 7125000.0 0.0322712750136 0.0205316673258 0.0305800694024 0.0565035901204
Herato08 Herato0801 7175001.0 7175000.0 0.00414611948668 0.00351137244679 0.00409863236998 0.00489172556614
Herato08 Herato0801 7225001.0 7225000.0 0.0379430390986 0.0163244050774 0.0327420650641 0.0900653942684
Herato08 Herato0801 7275001.0 7275000.0 0.0143539306172 0.0116443018005 0.0142954932572 0.01788278117
Herato08 Herato0801 7325001.0 7325000.0 0.0483349718567 0.0184038507055 0.042086851924 0.107408100027
Herato08 Herato0801 7375001.0 7375000.0 0.00899496708916 0.00636782865806 0.00889662945477 0.0119198428105
Herato08 Herato0801 7425001.0 7425000.0 0.0261755964537 0.0158017476281 0.0239109645014 0.044330646255
Herato08 Herato0801 7475001.0 7475000.0 0.111659918452 0.0579008300531 0.105922246101 0.213624148127
Herato08 Herato0801 7525001.0 7525000.0 0.045810823068 0.0242315213576 0.044630515488 0.08040463438
Herato08 Herato0801 7575001.0 7575000.0 0.0691474435349 0.042357376954 0.0671529334403 0.115207866869
Herato08 Herato0801 7625001.0 7625000.0 0.00521954157924 0.00461237743061 0.00518380458422 0.0058586019194
Herato08 Herato0801 7675001.0 7675000.0 0.0161493374705 0.011064473692 0.015568954159 0.0240023054872
Herato08 Herato0801 7725001.0 7725000.0 0.0602499524477 0.0401722577143 0.0576961588376 0.095046407683
Herato08 Herato0801 7775001.0 7775000.0 0.0479614316908 0.0269225654162 0.0453122273814 0.0849181528398
Herato08 Herato0801 7825001.0 7825000.0 0.0340345835104 0.0244482560071 0.0333287089278 0.0468661980542
Herato08 Herato0801 7875001.0 7875000.0 0.101185835861 0.0493672487844 0.0973929060374 0.180824705425
Herato08 Herato0801 7925001.0 7925000.0 0.0446053075954 0.0272866046373 0.0416404005547 0.0762167694186
Herato08 Herato0801 7975001.0 7975000.0 0.0660198368374 0.0379749674002 0.0636386887453 0.108258199079
Herato08 Herato0801 8025001.0 8025000.0 0.0172891865408 0.00848132519015 0.0160538710696 0.035029860066
Herato08 Herato0801 8075001.0 8075000.0 0.0133801963553 0.00360740798673 0.0129865664341 0.0232344584019
Herato08 Herato0801 8125001.0 8125000.0 0.00596351842362 0.00511312256783 0.00592839826144 0.00692545983874
Herato08 Herato0801 8175001.0 8175000.0 0.0144702757866 0.00656307123024 0.0130268692718 0.0306664421044
Herato08 Herato0801 8225001.0 8225000.0 0.014903060026 0.00958381937017 0.0142110371595 0.024033044398
Herato08 Herato0801 8275001.0 8275000.0 0.0901918207431 0.0300951044474 0.0802592377493 0.227909345947
Herato08 Herato0801 8325001.0 8325000.0 0.0147354265961 0.0089082761735 0.0141927857625 0.0246500286617
Herato08 Herato0801 8375001.0 8375000.0 0.0321148013816 0.0187428271657 0.0295135443559 0.0577237833108
Herato08 Herato0801 8425001.0 8425000.0 0.0150879225555 0.00978200444332 0.0143230476349 0.0245105771335
Herato08 Herato0801 8475001.0 8475000.0 0.0269692557075 0.0201564117137 0.0266194021303 0.0364142563909
Herato08 Herato0801 8525001.0 8525000.0 0.101986491167 0.0340546054074 0.091702922299 0.211653449997
Herato08 Herato0801 8575001.0 8575000.0 0.0316144425016 0.0200202558216 0.0307493821568 0.0493203105266
Herato08 Herato0801 8625001.0 8625000.0 0.00727628905902 0.00600408595001 0.0072230071876 0.0087764275629
Herato08 Herato0801 8675001.0 8675000.0 0.0081809031933 0.00726429933047 0.00815627866636 0.00921764080444
Herato08 Herato0801 8725001.0 8725000.0 0.019071559788 0.0164219958268 0.0189758297496 0.021959558075
Herato08 Herato0801 8775001.0 8775000.0 0.0485455023036 0.0258799214346 0.0462230780642 0.087479490369
Herato08 Herato0801 8825001.0 8825000.0 0.0490640526956 0.0263643264055 0.0468098980647 0.0875061676338
Herato08 Herato0801 8875001.0 8875000.0 0.0311837750504 0.025228974947 0.0305516122483 0.0394358038116
Herato08 Herato0801 8925001.0 8925000.0 0.04694912429 0.0213866194202 0.0442375371331 0.0937068727647
Herato08 Herato0801 8975001.0 8975000.0 0.0572247595728 0.0271412428211 0.0505167147246 0.123889639878
Herato08 Herato0801 9025001.0 9025000.0 0.0287598604243 0.0151784179246 0.0278050071495 0.0490537541004
Herato08 Herato0801 9075001.0 9075000.0 0.0440267697738 0.0286036749107 0.0428705967671 0.075183681776
Herato08 Herato0801 9125001.0 9125000.0 0.0245141391301 0.0117738138819 0.0230893230824 0.0429349879925
Herato08 Herato0801 9175001.0 9175000.0 0.0487948800459 0.0360792397106 0.0479895213729 0.067039477452
Herato08 Herato0801 9225001.0 9225000.0 0.0543470328129 0.036906237068 0.0499367970047 0.0851499653446
Herato08 Herato0801 9260916.5 9275000.0 0.0485382368558 0.0411761576717 0.0482089310109 0.0578773351106
Herato08 Herato0802 9288035.5 25000.0 0.0418975074887 0.0340383182574 0.0408264311165 0.0533899030674
Herato08 Herato0803 9329239.0 25000.0 0.104247298851 0.0824048507062 0.101699212321 0.140249531412
Herato08 Herato0803 9379239.0 75000.0 0.094351568362 0.0871541413458 0.0941326663194 0.103867314738
Herato08 Herato0803 9422168.5 125000.0 0.183557592705 0.0806927516412 0.166586590226 0.431975384947
Herato08 Herato0804 9465099.0 25000.0 0.09116536872 0.0799819252304 0.0914073408276 0.106542477636
Herato08 Herato0804 9506176.0 75000.0 0.0766706856752 0.0628570305322 0.0755226827303 0.0920494703346
Herato08 Herato0805 9538053.0 25000.0 0.0517683497309 0.0459466061938 0.051712637938 0.0584538556316
Herato08 Herato0806 9578853.0 25000.0 0.0859796468248 0.0767130514848 0.085808775723 0.096982428956
Herato08 Herato0806 9622681.0 75000.0 0.0964181447743 0.0784540931371 0.0931282600534 0.131477151955
Herato08 Herato0807 9666510.0 25000.0 0.09120160676 0.08885063628 0.09112369328 0.09414726628
Herato08 Herato0807 9716510.0 75000.0 0.125137677766 0.0612074431204 0.12981539434 0.204792396816
Herato08 Herato0807 9761164.0 125000.0 0.0557882362242 0.0478161968734 0.0547008080365 0.0759453758166
Herato08 Herato0808 9805819.0 25000.0 0.08472490012 0.0524794735642 0.080216172822 0.137650430244
Herato08 Herato0808 9855819.0 75000.0 0.102504166868 0.09476721018 0.101510764054 0.112207259433
Herato08 Herato0808 9896529.5 125000.0 0.0710498029702 0.0578855065459 0.0697592593398 0.0924289076751
Herato08 Herato0809 9937241.0 25000.0 0.088325191457 0.0667764865158 0.0864783301542 0.119007171983
Herato08 Herato0809 9969966.0 75000.0 0.159252995663 0.139541510744 0.158061079094 0.184144460259
Herato08 Herato0810 10001748.5 25000.0 0.0729559959682 0.0555162338153 0.0713923821741 0.10034925575
Herato08 Herato0811 10044166.0 25000.0 0.0654101336196 0.0569321296609 0.0651476116813 0.0754809589803
Herato08 Herato0812 10087527.0 25000.0 0.0637738112338 0.0527703742062 0.062726830787 0.075607044998
Herato08 Herato0812 10112795.0 75000.0 0.260187089552 0.00206770447761 0.266611679104 0.391830708955
Herato08 Herato0813 10123852.5 25000.0 0.11212361915 0.0861485364138 0.10838460241 0.156968586347
Herato08 Herato0814 10159642.0 25000.0 0.0701369344942 0.0631508631802 0.0702339100294 0.0769717701904
Herato08 Herato0814 10195527.0 75000.0 0.0488370683739 0.04182880739 0.0481359690354 0.0584000521681
Herato08 Herato0815 10220911.5 25000.0 0.0695799354244 0.0600579397317 0.0693226626823 0.0800908559092
Herato08 Herato0816 10245516.5 25000.0 0.0529987343773 0.0456338542067 0.0528195770895 0.0615882737668
Herato08 Herato0817 10267897.0 25000.0 0.0752155715904 0.0620273245641 0.0726099614755 0.112647655451
Herato08 Herato0818 10305172.0 25000.0 0.084633455044 0.070823919632 0.0851199784536 0.09613837229
Herato08 Herato0818 10335979.5 75000.0 0.106623500646 0.0862380231597 0.105314238743 0.13107361257
Herato08 Herato0819 10366788.0 25000.0 0.0744069403992 0.0558700067388 0.078419038596 0.0939758532112
Herato08 Herato0819 10416557.5 75000.0 0.0728546847278 0.0649152214087 0.0722328024717 0.0845948878383
Herato08 Herato0820 10466328.0 25000.0 0.12349685338 0.0846908431122 0.120036630327 0.183416926468
Herato08 Herato0820 10494503.0 75000.0 0.0882369976378 0.0754931361732 0.0875238254016 0.107406776693
Herato08 Herato0821 10522679.0 25000.0 0.0143391525863 0.00855806364412 0.0142628738559 0.021374710533
Herato08 Herato0821 10572679.0 75000.0 0.0375765971938 0.0236077255384 0.0358137215475 0.060638132258
Herato08 Herato0821 10622679.0 125000.0 0.039275318127 0.027254072773 0.0380342134712 0.056403187736
Herato08 Herato0821 10672679.0 175000.0 0.0403072153098 0.0251929223126 0.0395690048442 0.071251572852
Herato08 Herato0821 10722679.0 225000.0 0.11896919131 0.0391434656164 0.110672018034 0.248381438686
Herato08 Herato0821 10772679.0 275000.0 0.0361548067299 0.015353467339 0.034038589416 0.0667051091233
Herato08 Herato0821 10822679.0 325000.0 0.0502107730732 0.0213341860183 0.0473131365012 0.0919346061509
Herato08 Herato0821 10872679.0 375000.0 0.0335987755753 0.0183178692859 0.0309173044547 0.0621255308967
Herato08 Herato0821 10922679.0 425000.0 0.129438184566 0.0309037731839 0.111584091316 0.32045898724
Herato08 Herato0821 10972679.0 475000.0 0.168536818598 0.0647542342922 0.151338710625 0.364647536865
Herato08 Herato0821 11022679.0 525000.0 0.0497035934367 0.0245820895084 0.0459899622376 0.0991418241345
Herato08 Herato0821 11072679.0 575000.0 0.0259030782571 0.0193065891395 0.0254469778942 0.035470672747
Herato08 Herato0821 11122679.0 625000.0 0.023709440201 0.0180600721592 0.0234732187404 0.0308930359872
Herato08 Herato0821 11172679.0 675000.0 0.034970000293 0.0270297196918 0.0340766743483 0.0490748592951
Herato08 Herato0821 11222679.0 725000.0 0.0901979419587 0.0415837288869 0.0810463080816 0.191903587652
Herato08 Herato0821 11272679.0 775000.0 0.0531926495557 0.0258082309642 0.0466477492876 0.115317252155
Herato08 Herato0821 11322679.0 825000.0 0.0127646195631 0.00999753141764 0.0116379054534 0.0235577082826
Herato08 Herato0821 11372679.0 875000.0 0.0669162933531 0.0378669074189 0.0575644507975 0.134995695524
Herato08 Herato0821 11422679.0 925000.0 0.0228579278347 0.0171075511627 0.0227697854797 0.029192993221
Herato08 Herato0821 11472679.0 975000.0 0.0700118824406 0.0372690387718 0.0658426788005 0.125816284509
Herato08 Herato0821 11522679.0 1025000.0 0.0377699044229 0.0242140197694 0.036770450565 0.0576764870646
Herato08 Herato0821 11572679.0 1075000.0 0.0236136741502 0.0120194512597 0.0221540297736 0.0422309979455
Herato08 Herato0821 11622679.0 1125000.0 0.0145377082683 0.0117938001268 0.0144748725793 0.0177147116535
Herato08 Herato0821 11672679.0 1175000.0 0.0202308010089 0.00862205206824 0.0158840160639 0.0497308288898
Herato08 Herato0821 11722679.0 1225000.0 0.0484353000731 0.0267218819752 0.0429614045965 0.104382818858
Herato08 Herato0821 11772679.0 1275000.0 0.0626123782606 0.0331099012988 0.0576657347554 0.119037079964
Herato08 Herato0821 11822679.0 1325000.0 0.0102873745479 0.00934362092139 0.0103088453882 0.011242096809
Herato08 Herato0821 11872679.0 1375000.0 0.013216823678 0.0115347933541 0.0130026720506 0.016813931118
Herato08 Herato0821 11922679.0 1425000.0 0.0127497111908 0.0104102372857 0.0126376736732 0.0153604968588
Herato08 Herato0821 11972679.0 1475000.0 0.0606247222198 0.0317896452326 0.05520847621 0.118250679725
Herato08 Herato0821 12022679.0 1525000.0 0.022939569817 0.017651181583 0.0230589579962 0.0256984244542
Herato08 Herato0821 12072679.0 1575000.0 0.0096708587666 0.00843038959211 0.00959133954986 0.0112162874744
Herato08 Herato0821 12122679.0 1625000.0 0.0357689987131 0.0218425508279 0.0333374471828 0.0644292403222
Herato08 Herato0821 12172679.0 1675000.0 0.0149431028952 0.0094042686368 0.0149511623881 0.0166262401594
Herato08 Herato0821 12222679.0 1725000.0 0.031415750348 0.018026441312 0.033606098704 0.039506130228
Herato08 Herato0821 12272679.0 1775000.0 0.0415725693352 0.0213902962918 0.0394343593763 0.0755987279368
Herato08 Herato0821 12322679.0 1825000.0 0.0475744028808 0.0288921509045 0.0461822136623 0.0741841520059
Herato08 Herato0821 12372679.0 1875000.0 0.0256962670182 0.0159611556238 0.0214708074814 0.0468505454691
Herato08 Herato0821 12422679.0 1925000.0 0.0313324567561 0.016269754796 0.0298713531344 0.0591926054396
Herato08 Herato0821 12472679.0 1975000.0 0.0501284628583 0.0275426141813 0.0473824582975 0.0870549362224
Herato08 Herato0821 12522679.0 2025000.0 0.0434205703042 0.0257320031974 0.0404235358285 0.0818103799648
Herato08 Herato0821 12572679.0 2075000.0 0.122402135393 0.0419500283093 0.109587923153 0.263065527983
Herato08 Herato0821 12622679.0 2125000.0 0.0225142636465 0.0156253081075 0.0217326095149 0.0337162520326
Herato08 Herato0821 12672679.0 2175000.0 0.04370559173 0.0276935919227 0.0410486896575 0.071577072009
Herato08 Herato0821 12722679.0 2225000.0 0.0145803486419 0.0102522356835 0.0144348798561 0.020087301125
Herato08 Herato0821 12772679.0 2275000.0 0.128617901601 0.0205353155974 0.0855635018982 0.451745977892
Herato08 Herato0821 12822679.0 2325000.0 0.0270773497892 0.0156053511546 0.0260532059068 0.0449013240267
Herato08 Herato0821 12872679.0 2375000.0 0.0181934958276 0.00899409105954 0.0161873959998 0.0367701614927
Herato08 Herato0821 12922679.0 2425000.0 0.0183121062377 0.0129650511861 0.015077245651 0.0315118542481
Herato08 Herato0821 12972679.0 2475000.0 0.0621246258909 0.00977411632117 0.0606077226375 0.1315750939
Herato08 Herato0821 13022679.0 2525000.0 0.0279311895699 0.00701337603037 0.0159021057163 0.0844277612239
Herato08 Herato0821 13072679.0 2575000.0 0.0172803817538 0.00926267769794 0.0164521761378 0.031143909052
Herato08 Herato0821 13122679.0 2625000.0 0.0101053995064 0.00713325828171 0.00991320540682 0.0145659909998
Herato08 Herato0821 13172679.0 2675000.0 0.0310614566494 0.0204391520178 0.0293011417751 0.051985936369
Herato08 Herato0821 13222679.0 2725000.0 0.097648306947 0.05054885638 0.0928077069007 0.170341092062
Herato08 Herato0821 13272679.0 2775000.0 0.141207088893 0.0375458719437 0.119842713511 0.386140567824
Herato08 Herato0821 13322679.0 2825000.0 0.0063035729693 0.00566263698166 0.00631009077938 0.00704344755704
Herato08 Herato0821 13372679.0 2875000.0 0.00939157014008 0.0060593776346 0.00930151472554 0.0131571349938
Herato08 Herato0821 13422679.0 2925000.0 0.0188975976261 0.00592271919954 0.0145344081108 0.052506429234
Herato08 Herato0821 13472679.0 2975000.0 0.0235645167777 0.00878387207184 0.0195494219918 0.0613765485125
Herato08 Herato0821 13522679.0 3025000.0 0.0106789094766 0.00384449409223 0.00887267657732 0.0297572264636
Herato08 Herato0821 13572679.0 3075000.0 0.0041061806692 0.00371147300084 0.00405697075044 0.0044300955482
Herato08 Herato0821 13622679.0 3125000.0 0.18865032031 0.0399965978709 0.183020947131 0.343377976957
Herato08 Herato0821 13672679.0 3175000.0 0.0483184630625 0.0275818763469 0.0456786564409 0.0820224963914
Herato08 Herato0821 13722679.0 3225000.0 0.0317359018106 0.0193898444925 0.0306022366547 0.050042304255
Herato08 Herato0821 13772679.0 3275000.0 0.016371145169 0.00675602914022 0.0136294448006 0.0454752173119
Herato08 Herato0821 13822679.0 3325000.0 0.00630561468852 0.00461983699759 0.00629499414612 0.00845114650056
Herato08 Herato0821 13872679.0 3375000.0 0.0298578097478 0.0187214141687 0.0292669566474 0.045538437819
Herato08 Herato0821 13922679.0 3425000.0 0.0282175950602 0.0158828819472 0.026528853642 0.0490205040027
