chrom scaffold Cposition position mean p0025 p0500 p0975
Herato09 Herato0901 25001.0 25000.0 0.0387691465408 0.0265190261078 0.0375563300254 0.056296302851
Herato09 Herato0901 75001.0 75000.0 0.0178700104354 0.0157074724567 0.0179440847193 0.0199206936234
Herato09 Herato0901 125001.0 125000.0 0.0266307707651 0.0226139582059 0.026514508362 0.0316613456052
Herato09 Herato0901 175001.0 175000.0 0.0341047591786 0.0314382743042 0.0341038873334 0.036663597623
Herato09 Herato0901 225001.0 225000.0 0.0576214929716 0.0393471048666 0.0554232602046 0.08955747222
Herato09 Herato0901 275001.0 275000.0 0.018971699181 0.0165720303952 0.0189183372852 0.0215047649452
Herato09 Herato0901 325001.0 325000.0 0.03583294806 0.032764978552 0.035800901482 0.039034623158
Herato09 Herato0901 375001.0 375000.0 0.0352182390718 0.0333846186884 0.0350721626906 0.037791631451
Herato09 Herato0901 425001.0 425000.0 0.0622632244162 0.0526085006425 0.061834385803 0.074006502287
Herato09 Herato0901 475001.0 475000.0 0.062953367926 0.058304663852 0.063073897608 0.067409590684
Herato09 Herato0901 525001.0 525000.0 0.0433054621 0.0360940822707 0.043387599582 0.04989175064
Herato09 Herato0901 575001.0 575000.0 0.0223906600056 0.0184306076242 0.0220302956586 0.0275794649108
Herato09 Herato0901 625001.0 625000.0 0.0359349844664 0.0325928322018 0.035962652532 0.0392349873824
Herato09 Herato0901 675001.0 675000.0 0.0363752928712 0.0315816104461 0.036281719646 0.040867051808
Herato09 Herato0901 725001.0 725000.0 0.0439606609846 0.034227151086 0.0436978066159 0.05823730552
Herato09 Herato0901 775001.0 775000.0 0.042690395578 0.032027576394 0.041959832922 0.063587252518
Herato09 Herato0901 825001.0 825000.0 0.0630198216352 0.0444024649191 0.0626955477286 0.085891206108
Herato09 Herato0901 875001.0 875000.0 0.0562381305128 0.047042552693 0.055199469045 0.0721109530824
Herato09 Herato0901 925001.0 925000.0 0.0578520028888 0.0501267482444 0.0575275016868 0.067723701049
Herato09 Herato0901 975001.0 975000.0 0.0424680556696 0.0378037417837 0.042527258428 0.0475322854498
Herato09 Herato0901 1025001.0 1025000.0 0.066693176224 0.051179293246 0.065328201314 0.089596334462
Herato09 Herato0901 1075001.0 1075000.0 0.038929768057 0.0322468377718 0.0386410808576 0.0478313168214
Herato09 Herato0901 1125001.0 1125000.0 0.0252277564904 0.0211742902992 0.0250322110226 0.0297191387268
Herato09 Herato0901 1175001.0 1175000.0 0.0287861532244 0.0240821880136 0.0268149151554 0.0483684502486
Herato09 Herato0901 1225001.0 1225000.0 0.0363985023394 0.0281919880077 0.0361219289582 0.0471756023096
Herato09 Herato0901 1275001.0 1275000.0 0.0485010936371 0.0167845021364 0.0458976319003 0.109269036215
Herato09 Herato0901 1325001.0 1325000.0 0.029149736805 0.0265727855198 0.0291844601203 0.0321203937468
Herato09 Herato0901 1375001.0 1375000.0 0.0354227996617 0.030032654229 0.0347150915183 0.042366909053
Herato09 Herato0901 1425001.0 1425000.0 0.035799718026 0.02762171337 0.035143380968 0.047286410378
Herato09 Herato0901 1475001.0 1475000.0 0.04100550654 0.03849556238 0.04100752418 0.042168676
Herato09 Herato0901 1525001.0 1525000.0 0.0472661259388 0.0391683998265 0.04668975256 0.0597565880188
Herato09 Herato0901 1575001.0 1575000.0 0.0393707571916 0.0361467805306 0.039343598848 0.041973035652
Herato09 Herato0901 1625001.0 1625000.0 0.052001557182 0.0478874054958 0.051988741652 0.056412792088
Herato09 Herato0901 1675001.0 1675000.0 0.0449363748617 0.0415691947734 0.044869487419 0.0494552537844
Herato09 Herato0901 1725001.0 1725000.0 0.0434244805 0.04137113226 0.04333384034 0.04694201594
Herato09 Herato0901 1775001.0 1775000.0 0.0332173629 0.0288178157 0.03306982506 0.03741626228
Herato09 Herato0901 1825001.0 1825000.0 0.02657725992 0.02443621078 0.02627320712 0.03418398686
Herato09 Herato0901 1875001.0 1875000.0 0.033882683366 0.017117301702 0.0353691248324 0.046322158902
Herato09 Herato0901 1925001.0 1925000.0 0.07491323298 0.0525751626382 0.073753519463 0.106459534952
Herato09 Herato0901 1975001.0 1975000.0 0.023541165498 0.0200596381564 0.023454612138 0.027839433474
Herato09 Herato0901 2025001.0 2025000.0 0.0535292607 0.05042306058 0.05398514442 0.05610352158
Herato09 Herato0901 2075001.0 2075000.0 0.05200267644 0.05019612936 0.0522052986 0.0540559812
Herato09 Herato0901 2125001.0 2125000.0 0.045903033936 0.0433545327862 0.0460157835564 0.048645612317
Herato09 Herato0901 2175001.0 2175000.0 0.04977907676 0.04738598648 0.05006496808 0.0519252609
Herato09 Herato0901 2225001.0 2225000.0 0.0479713639872 0.0447735365921 0.048065478629 0.0509778394692
Herato09 Herato0901 2275001.0 2275000.0 0.0536191444674 0.0496413494306 0.05360671676 0.057496738586
Herato09 Herato0901 2325001.0 2325000.0 0.0568445912632 0.0490984104961 0.0557876596035 0.0735089399948
Herato09 Herato0901 2375001.0 2375000.0 0.042753920752 0.0378543754666 0.0428091552814 0.048235986896
Herato09 Herato0901 2425001.0 2425000.0 0.0581741755712 0.0524626169689 0.0579744253488 0.0640779864624
Herato09 Herato0901 2475001.0 2475000.0 0.04393052971 0.0423589180952 0.0440417932742 0.045351067016
Herato09 Herato0901 2525001.0 2525000.0 0.0352280032262 0.0174822221168 0.0339732600133 0.079970298908
Herato09 Herato0901 2575001.0 2575000.0 0.0341688016908 0.0297273386106 0.0340436724846 0.039901139292
Herato09 Herato0901 2625001.0 2625000.0 0.06263403098 0.056823149056 0.063123228796 0.068362317146
Herato09 Herato0901 2675001.0 2675000.0 0.0545433830432 0.0378301158936 0.0532160873196 0.0784613049524
Herato09 Herato0901 2725001.0 2725000.0 0.0565761689874 0.0396284828855 0.05495535705 0.0826385385176
Herato09 Herato0901 2775001.0 2775000.0 0.0405101136 0.0384417808 0.0405841236 0.0420909672
Herato09 Herato0901 2825001.0 2825000.0 0.0334316292778 0.0275275206404 0.0330179103747 0.041685143951
Herato09 Herato0901 2875001.0 2875000.0 0.029999331696 0.022774346118 0.028973232878 0.040036493344
Herato09 Herato0901 2925001.0 2925000.0 0.0475090769708 0.0436467820786 0.0474720828654 0.0514578163044
Herato09 Herato0901 2975001.0 2975000.0 0.0482195233 0.0460718934 0.04810890292 0.05015488166
Herato09 Herato0901 3025001.0 3025000.0 0.0394444230552 0.0349497620452 0.0389805755546 0.0457134629592
Herato09 Herato0901 3075001.0 3075000.0 0.039106816562 0.034684706744 0.038462511732 0.048239340344
Herato09 Herato0901 3125001.0 3125000.0 0.0484847213688 0.0466711108669 0.047893272246 0.0521990724928
Herato09 Herato0901 3175001.0 3175000.0 0.04862822768 0.04699032056 0.04861590696 0.05086663104
Herato09 Herato0901 3225001.0 3225000.0 0.055591832738 0.05301709991 0.055604246694 0.058910137108
Herato09 Herato0901 3275001.0 3275000.0 0.0657731102 0.062110402526 0.06563053689 0.0706455845
Herato09 Herato0901 3325001.0 3325000.0 0.057609297288 0.05426732649 0.057881982904 0.060077763314
Herato09 Herato0901 3375001.0 3375000.0 0.05096086792 0.0490110413 0.05078439594 0.05322570806
Herato09 Herato0901 3425001.0 3425000.0 0.04710950604 0.0456847317 0.04677827814 0.04925606058
Herato09 Herato0901 3475001.0 3475000.0 0.04697213554 0.045256995148 0.04667127374 0.04956142752
Herato09 Herato0901 3525001.0 3525000.0 0.04944676128 0.04582926176 0.04939969734 0.053609393
Herato09 Herato0901 3575001.0 3575000.0 0.04627517964 0.0428862648 0.04619963476 0.05057311048
Herato09 Herato0901 3625001.0 3625000.0 0.063971211188 0.0577547301038 0.0637517958956 0.0708393914852
Herato09 Herato0901 3675001.0 3675000.0 0.06412794458 0.057448863612 0.06375805716 0.0704598029
Herato09 Herato0901 3725001.0 3725000.0 0.05697311532 0.05404267572 0.05687282904 0.06148702428
Herato09 Herato0901 3775001.0 3775000.0 0.0540661432614 0.0442787984544 0.0531072788358 0.0682236033216
Herato09 Herato0901 3825001.0 3825000.0 0.062834011894 0.0499151405366 0.059885970628 0.079328215862
Herato09 Herato0901 3875001.0 3875000.0 0.0451266936746 0.0409866621983 0.044839263008 0.0487253864189
Herato09 Herato0901 3925001.0 3925000.0 0.048221710634 0.034206729182 0.047170371792 0.07043673433
Herato09 Herato0901 3975001.0 3975000.0 0.074900641552 0.0456662417688 0.0720807245234 0.122241547852
Herato09 Herato0901 4025001.0 4025000.0 0.037747570658 0.034679182902 0.037988664596 0.039694793722
Herato09 Herato0901 4075001.0 4075000.0 0.0458738547583 0.0423378514238 0.046136526231 0.0491728241869
Herato09 Herato0901 4125001.0 4125000.0 0.055363093132 0.044812988264 0.0551051965 0.070480738174
Herato09 Herato0901 4175001.0 4175000.0 0.06091023184 0.04866164352 0.06102179328 0.07398680082
Herato09 Herato0901 4225001.0 4225000.0 0.06301660846 0.05531448418 0.062783052 0.07117632812
Herato09 Herato0901 4275001.0 4275000.0 0.042854596738 0.039803673044 0.043270173964 0.045777211854
Herato09 Herato0901 4325001.0 4325000.0 0.07675777884 0.07046481128 0.0766405768 0.08430628724
Herato09 Herato0901 4375001.0 4375000.0 0.067104332596 0.053746688928 0.068833735778 0.07701759363
Herato09 Herato0901 4425001.0 4425000.0 0.088972690064 0.076772048402 0.088462895874 0.102601355224
Herato09 Herato0901 4475001.0 4475000.0 0.055344231542 0.0428122756095 0.055631393136 0.062437267784
Herato09 Herato0901 4525001.0 4525000.0 0.049979856042 0.0345534865848 0.047031010332 0.080146924808
Herato09 Herato0901 4575001.0 4575000.0 0.046974278908 0.037912811562 0.046672575624 0.05843714539
Herato09 Herato0901 4625001.0 4625000.0 0.0647600503966 0.0570625150826 0.0646001006082 0.073689065574
Herato09 Herato0901 4675001.0 4675000.0 0.0498988068 0.0477091824 0.0496535128 0.0525539892
Herato09 Herato0901 4725001.0 4725000.0 0.073847005328 0.067288699964 0.073611605968 0.08019347228
Herato09 Herato0901 4775001.0 4775000.0 0.047524901521 0.044881847229 0.0475796461088 0.050297636611
Herato09 Herato0901 4825001.0 4825000.0 0.0471227426 0.04535580168 0.0472203182 0.04906513152
Herato09 Herato0901 4875001.0 4875000.0 0.05082514869 0.047785104816 0.050702366822 0.054275314046
Herato09 Herato0901 4925001.0 4925000.0 0.044407636136 0.041365953904 0.044119122802 0.047783611566
Herato09 Herato0901 4975001.0 4975000.0 0.052425717554 0.04759544038 0.052401601758 0.0581812333
Herato09 Herato0901 5025001.0 5025000.0 0.035966020966 0.031304274672 0.035518546544 0.041190872044
Herato09 Herato0901 5075001.0 5075000.0 0.0345562168212 0.0287966114318 0.0340811209154 0.0434786465652
Herato09 Herato0901 5125001.0 5125000.0 0.0474159842452 0.0365831883075 0.0407146686302 0.0712996887426
Herato09 Herato0901 5175001.0 5175000.0 0.035752759154 0.033105698592 0.035726734232 0.03851741777
Herato09 Herato0901 5225001.0 5225000.0 0.06295581628 0.05725249736 0.0632202558 0.06982666196
Herato09 Herato0901 5275001.0 5275000.0 0.03969120656 0.03805795504 0.03957140816 0.04169183984
Herato09 Herato0901 5325001.0 5325000.0 0.07734316208 0.0701003378 0.07746969374 0.08447376692
Herato09 Herato0901 5375001.0 5375000.0 0.059605964406 0.054181954946 0.059705336838 0.06510937588
Herato09 Herato0901 5425001.0 5425000.0 0.0485327058432 0.0441313161184 0.0483835431762 0.05368702849
Herato09 Herato0901 5475001.0 5475000.0 0.040875229568 0.030268145264 0.040738223856 0.049018933288
Herato09 Herato0901 5525001.0 5525000.0 0.0572568043 0.04981017026 0.0575528546 0.06538154686
Herato09 Herato0901 5575001.0 5575000.0 0.0303720303774 0.0260915940931 0.0298412758922 0.036305575081
Herato09 Herato0901 5625001.0 5625000.0 0.043376848098 0.0333792247191 0.0421837814244 0.06156125336
Herato09 Herato0901 5675001.0 5675000.0 0.0323073303892 0.0284755791221 0.0320790254578 0.037524216036
Herato09 Herato0901 5725001.0 5725000.0 0.0366965969286 0.0329131257948 0.0365243676772 0.041416959092
Herato09 Herato0901 5775001.0 5775000.0 0.0208115416368 0.0186585766242 0.0207006129236 0.0230869318194
Herato09 Herato0901 5825001.0 5825000.0 0.02656428822 0.02223642144 0.026464722494 0.031932964474
Herato09 Herato0901 5875001.0 5875000.0 0.034636277998 0.0311048878541 0.0345621494024 0.0389367643972
Herato09 Herato0901 5925001.0 5925000.0 0.0299943909578 0.02709730497 0.0299292994336 0.033925001933
Herato09 Herato0901 5975001.0 5975000.0 0.035908607536 0.031897910742 0.035546281888 0.040848201564
Herato09 Herato0901 6025001.0 6025000.0 0.046629296084 0.04197766533 0.046456028476 0.05247313492
Herato09 Herato0901 6075001.0 6075000.0 0.0419780700108 0.0350419329821 0.0420157143718 0.0481776058586
Herato09 Herato0901 6125001.0 6125000.0 0.060880707876 0.052248337782 0.060256948184 0.075128305448
Herato09 Herato0901 6175001.0 6175000.0 0.03112308842 0.0301497491 0.03098262112 0.03242791828
Herato09 Herato0901 6225001.0 6225000.0 0.0322370915 0.02949194486 0.03200987274 0.03553754292
Herato09 Herato0901 6275001.0 6275000.0 0.0451980958802 0.0358507453173 0.0446455527122 0.056859919727
Herato09 Herato0901 6325001.0 6325000.0 0.0372642888658 0.0283817727535 0.0364046097847 0.0514634537944
Herato09 Herato0901 6375001.0 6375000.0 0.035599815302 0.032049755848 0.035559069766 0.03984248466
Herato09 Herato0901 6425001.0 6425000.0 0.0464686287424 0.0223415815059 0.045316551246 0.0808682861888
Herato09 Herato0901 6475001.0 6475000.0 0.037217989072 0.029573150864 0.036033288036 0.04807064483
Herato09 Herato0901 6525001.0 6525000.0 0.089546238564 0.041094579052 0.056368371956 0.290360016044
Herato09 Herato0901 6575001.0 6575000.0 0.023699816802 0.020891632646 0.023750049238 0.026721691778
Herato09 Herato0901 6625001.0 6625000.0 0.023910282574 0.022652045818 0.023908095564 0.02500206947
Herato09 Herato0901 6675001.0 6675000.0 0.0615433461796 0.0550388282121 0.061338386369 0.0712059841436
Herato09 Herato0901 6725001.0 6725000.0 0.03950294008 0.0363951572 0.0399312252 0.0418157863
Herato09 Herato0901 6775001.0 6775000.0 0.037880426786 0.034059727354 0.037697918006 0.044260939424
Herato09 Herato0901 6825001.0 6825000.0 0.0333893096832 0.0306452226088 0.0333213593992 0.0372525316172
Herato09 Herato0901 6875001.0 6875000.0 0.038663270566 0.030911796606 0.038616879884 0.048735334036
Herato09 Herato0901 6925001.0 6925000.0 0.0362871321704 0.0294476231626 0.0358356750872 0.044336218752
Herato09 Herato0901 6975001.0 6975000.0 0.0325168530596 0.0292609815206 0.0325442782348 0.0354550816478
Herato09 Herato0901 7025001.0 7025000.0 0.0433528962042 0.0391992043131 0.0433254445677 0.0478490401908
Herato09 Herato0901 7075001.0 7075000.0 0.0482045562476 0.0379579458225 0.0479921027904 0.0609892092244
Herato09 Herato0901 7125001.0 7125000.0 0.01769597352 0.01638354528 0.01743229836 0.01912041414
Herato09 Herato0901 7175001.0 7175000.0 0.026721079652 0.022317085958 0.026894660452 0.031237465548
Herato09 Herato0901 7225001.0 7225000.0 0.04533926636 0.042925655016 0.044941507172 0.04890310085
Herato09 Herato0901 7275001.0 7275000.0 0.04956184598 0.04775944898 0.04891804542 0.05301305408
Herato09 Herato0901 7325001.0 7325000.0 0.0420010753924 0.0399005484732 0.0417212069306 0.044948357788
Herato09 Herato0901 7375001.0 7375000.0 0.043654714428 0.04115752078 0.04329309244 0.046673605352
Herato09 Herato0901 7425001.0 7425000.0 0.0548038883596 0.0445167192848 0.0543761741265 0.065751788561
Herato09 Herato0901 7475001.0 7475000.0 0.0443682359824 0.0350518873382 0.0431053449256 0.060227308848
Herato09 Herato0901 7525001.0 7525000.0 0.02969082918 0.02839529232 0.0295634601 0.03131004078
Herato09 Herato0901 7575001.0 7575000.0 0.022581298419 0.0185351299824 0.0227093783362 0.0267800719168
Herato09 Herato0901 7625001.0 7625000.0 0.036620724002 0.03289399463 0.036912735078 0.040170824764
Herato09 Herato0901 7675001.0 7675000.0 0.04183657296 0.03956972838 0.04194010912 0.04465395116
Herato09 Herato0901 7725001.0 7725000.0 0.033470210518 0.030930325946 0.03338183381 0.03678177281
Herato09 Herato0901 7775001.0 7775000.0 0.04439756759 0.030697443584 0.042513183996 0.075935438848
Herato09 Herato0901 7825001.0 7825000.0 0.065064533812 0.0479464063253 0.0636071833566 0.0866181767181
Herato09 Herato0901 7875001.0 7875000.0 0.0459704528394 0.0422367951704 0.0459052394014 0.049792121418
Herato09 Herato0901 7925001.0 7925000.0 0.038368555648 0.034870302596 0.038162859044 0.042256720926
Herato09 Herato0901 7975001.0 7975000.0 0.034558944632 0.03247918614 0.034570796672 0.036853076648
Herato09 Herato0901 8025001.0 8025000.0 0.05272387653 0.049034913796 0.052712475572 0.0559099696
Herato09 Herato0901 8075001.0 8075000.0 0.053784948444 0.0473535714445 0.0536191500759 0.06175302933
Herato09 Herato0901 8125001.0 8125000.0 0.0415869747598 0.0359658361439 0.0413639542481 0.0480572948234
Herato09 Herato0901 8175001.0 8175000.0 0.0564308426 0.04900994772 0.0565080318 0.06539364162
Herato09 Herato0901 8225001.0 8225000.0 0.02935862994 0.0252311084 0.0301281406 0.0335823643
Herato09 Herato0901 8275001.0 8275000.0 0.0282174159168 0.0243622406241 0.0278838832384 0.0331727527196
Herato09 Herato0901 8325001.0 8325000.0 0.0218442637698 0.0199523442646 0.021817886953 0.023882923219
Herato09 Herato0901 8375001.0 8375000.0 0.026024734193 0.0167796938342 0.0251885873558 0.038362382286
Herato09 Herato0901 8425001.0 8425000.0 0.0157881488043 0.0124220618093 0.0157061932212 0.0193119213532
Herato09 Herato0901 8475001.0 8475000.0 0.0338558126 0.030264930032 0.034027529906 0.037679909044
Herato09 Herato0901 8525001.0 8525000.0 0.0324408805566 0.0285946485598 0.0316012104812 0.0383418945078
Herato09 Herato0901 8575001.0 8575000.0 0.048587993266 0.0437535983192 0.0486266553018 0.053841539728
Herato09 Herato0901 8625001.0 8625000.0 0.0486852975 0.04520275372 0.04874826586 0.05268254746
Herato09 Herato0901 8675001.0 8675000.0 0.0434602757394 0.0402836695381 0.0433842598722 0.0464210352674
Herato09 Herato0901 8725001.0 8725000.0 0.05938824924 0.05572766596 0.05930754728 0.06254513084
Herato09 Herato0901 8775001.0 8775000.0 0.04060520404 0.03891661916 0.04044397336 0.04243968774
Herato09 Herato0901 8825001.0 8825000.0 0.033635040076 0.030736929638 0.033577339704 0.036510740156
Herato09 Herato0901 8875001.0 8875000.0 0.041755845518 0.039244599584 0.041452102606 0.044840809616
Herato09 Herato0901 8925001.0 8925000.0 0.032018702095 0.0280257865536 0.031261087394 0.03908070696
Herato09 Herato0901 8975001.0 8975000.0 0.0754921276141 0.0319023732315 0.0721351560327 0.148473221405
Herato09 Herato0901 9025001.0 9025000.0 0.0324083675258 0.0256590352595 0.0322632155718 0.0410379799418
Herato09 Herato0901 9075001.0 9075000.0 0.0333636925756 0.0311164012631 0.0335171159116 0.0353865746068
Herato09 Herato0901 9125001.0 9125000.0 0.037480244446 0.0357463352906 0.03768121224 0.0390187749
Herato09 Herato0901 9175001.0 9175000.0 0.080411392294 0.0519456974415 0.0763855335122 0.131411109722
Herato09 Herato0901 9225001.0 9225000.0 0.036052771436 0.026024053742 0.034980243942 0.0533742567
Herato09 Herato0901 9275001.0 9275000.0 0.0960074736281 0.0409685807291 0.0920127811762 0.181721027755
Herato09 Herato0901 9325001.0 9325000.0 0.0274330616829 0.0226436782101 0.0271628358108 0.0331610691147
Herato09 Herato0901 9375001.0 9375000.0 0.0342373690332 0.0311895592362 0.0340720795448 0.0376099086146
Herato09 Herato0901 9425001.0 9425000.0 0.0202951648528 0.0184827169468 0.0201950242811 0.0222614033894
Herato09 Herato0901 9475001.0 9475000.0 0.0372403372 0.031581376921 0.037000253852 0.04337295618
Herato09 Herato0901 9525001.0 9525000.0 0.003921976426 0.002823335584 0.003518257372 0.010991331198
Herato09 Herato0901 9575001.0 9575000.0 0.0120227645786 0.0105120862523 0.0119340343662 0.0137702798258
Herato09 Herato0901 9625001.0 9625000.0 0.0227468603089 0.019141078702 0.0228020418046 0.0267190610273
Herato09 Herato0901 9675001.0 9675000.0 0.023227978256 0.02086739361 0.0232689241 0.02549579482
Herato09 Herato0901 9725001.0 9725000.0 0.030021386578 0.026393023492 0.029927366518 0.034386052104
Herato09 Herato0901 9775001.0 9775000.0 0.045123691536 0.038685732644 0.044813884636 0.05283551404
Herato09 Herato0901 9825001.0 9825000.0 0.0249570756359 0.0228251436651 0.0247776659991 0.027547470581
Herato09 Herato0901 9875001.0 9875000.0 0.044425606639 0.0391170056367 0.044542766108 0.050394752844
Herato09 Herato0901 9925001.0 9925000.0 0.0407947760364 0.0366131386689 0.0409812519848 0.0450416084368
Herato09 Herato0901 9975001.0 9975000.0 0.033768600072 0.026064126928 0.034365493796 0.04294676324
Herato09 Herato0901 10025001.0 10025000.0 0.045238922242 0.0291190359837 0.0448090486778 0.069139340843
Herato09 Herato0901 10075001.0 10075000.0 0.0422849141312 0.0380013407363 0.0422136235614 0.0471282222328
Herato09 Herato0901 10125001.0 10125000.0 0.0492346655822 0.0438142203308 0.048963605861 0.0563272261352
Herato09 Herato0901 10175001.0 10175000.0 0.021443560504 0.0196672933904 0.0212753214756 0.0239261191992
Herato09 Herato0901 10225001.0 10225000.0 0.055668290106 0.047599022404 0.055267511668 0.067329701276
Herato09 Herato0901 10275001.0 10275000.0 0.02826896664 0.0265188947 0.0282802973 0.0294133633
Herato09 Herato0901 10325001.0 10325000.0 0.0173763161156 0.0148397606852 0.0173256868822 0.0204228990472
Herato09 Herato0901 10375001.0 10375000.0 0.01612350569 0.01427784795 0.016125215382 0.01785427218
Herato09 Herato0901 10425001.0 10425000.0 0.035539977026 0.0281611717449 0.0342642494576 0.048871660848
Herato09 Herato0901 10475001.0 10475000.0 0.020344692635 0.0184705902246 0.0199306864928 0.025087243975
Herato09 Herato0901 10525001.0 10525000.0 0.0536879525953 0.0494893506235 0.0538451603996 0.0588615258352
Herato09 Herato0901 10575001.0 10575000.0 0.0346062360564 0.0298191429276 0.0347174828302 0.0385353323006
Herato09 Herato0901 10625001.0 10625000.0 0.0556273070604 0.0506224291938 0.0558243730742 0.0592398375366
Herato09 Herato0901 10675001.0 10675000.0 0.0770649132552 0.0666295823572 0.0764466676319 0.0909346715384
Herato09 Herato0901 10725001.0 10725000.0 0.040159516108 0.0368982789492 0.040289418198 0.043222718356
Herato09 Herato0901 10775001.0 10775000.0 0.0458590363232 0.0420517604222 0.0458583057983 0.0493723006968
Herato09 Herato0901 10825001.0 10825000.0 0.079734999312 0.070575728182 0.079450574198 0.09061457582
Herato09 Herato0901 10875001.0 10875000.0 0.042127631132 0.0370067587297 0.0420117685872 0.0482061967254
Herato09 Herato0901 10925001.0 10925000.0 0.0603243464 0.05293687066 0.0605278093 0.06890293152
Herato09 Herato0901 10975001.0 10975000.0 0.065147799174 0.053850724364 0.06477388637 0.079750889984
Herato09 Herato0901 11025001.0 11025000.0 0.053998959276 0.0478690955546 0.053695174168 0.061450575782
Herato09 Herato0901 11075001.0 11075000.0 0.064242101246 0.059448257228 0.063804666646 0.070348713108
Herato09 Herato0901 11125001.0 11125000.0 0.055952436891 0.043575916472 0.0554142378203 0.0731245505626
Herato09 Herato0901 11175001.0 11175000.0 0.065869269504 0.056967733252 0.065292399412 0.076372975498
Herato09 Herato0901 11225001.0 11225000.0 0.046187290862 0.036063841914 0.046233342918 0.058260028338
Herato09 Herato0901 11275001.0 11275000.0 0.026742132482 0.024629602342 0.026779053528 0.02902240356
Herato09 Herato0901 11325001.0 11325000.0 0.04366251997 0.038272363176 0.043576832762 0.049689832888
Herato09 Herato0901 11375001.0 11375000.0 0.0507755728274 0.0452433565662 0.0503529153384 0.057325591311
Herato09 Herato0901 11425001.0 11425000.0 0.033627508358 0.031091708796 0.033471610672 0.03639879045
Herato09 Herato0901 11475001.0 11475000.0 0.0352262759094 0.0324732151005 0.0350052487246 0.039645278982
Herato09 Herato0901 11525001.0 11525000.0 0.060110424254 0.044461273506 0.060169631704 0.07940392362
Herato09 Herato0901 11575001.0 11575000.0 0.035256769526 0.03034432094 0.033833933842 0.043330900104
Herato09 Herato0901 11625001.0 11625000.0 0.04967613716 0.036707410612 0.0500805213 0.06344498223
Herato09 Herato0901 11675001.0 11675000.0 0.021759625674 0.018866575962 0.021797180452 0.025141103452
Herato09 Herato0901 11725001.0 11725000.0 0.0273065522734 0.0234425237688 0.0268646862298 0.03170501216
Herato09 Herato0901 11775001.0 11775000.0 0.044007371954 0.0332791045607 0.040762055332 0.061450428286
Herato09 Herato0901 11825001.0 11825000.0 0.052624133876 0.038289365472 0.051598800158 0.073706839614
Herato09 Herato0901 11875001.0 11875000.0 0.0389382173835 0.0342134587428 0.0388893618822 0.0443825927664
Herato09 Herato0901 11925001.0 11925000.0 0.06548171472 0.05956465438 0.06515523214 0.07074037518
Herato09 Herato0901 11975001.0 11975000.0 0.066339179484 0.044110059536 0.0638066495 0.106455930372
Herato09 Herato0901 12025001.0 12025000.0 0.02479327624 0.02209279734 0.0246201392 0.0285173884
Herato09 Herato0901 12075001.0 12075000.0 0.0282334827838 0.022985878065 0.0279447051892 0.0347382630176
Herato09 Herato0901 12125001.0 12125000.0 0.06594263546 0.05925418748 0.06538457154 0.07462859558
Herato09 Herato0901 12175001.0 12175000.0 0.032907091112 0.03138265781 0.032950116572 0.034744303546
Herato09 Herato0901 12225001.0 12225000.0 0.03455082126 0.0335647165 0.03464822672 0.03564136074
Herato09 Herato0901 12275001.0 12275000.0 0.0299824251 0.02883670106 0.02998518658 0.03120015432
Herato09 Herato0901 12325001.0 12325000.0 0.04626103744 0.03340952498 0.04068018374 0.08407677492
Herato09 Herato0901 12375001.0 12375000.0 0.0333665758655 0.0312526626208 0.033267369398 0.03588916111
Herato09 Herato0901 12425001.0 12425000.0 0.03937420674 0.034680107638 0.039324485482 0.044527457644
Herato09 Herato0901 12475001.0 12475000.0 0.0405680302928 0.0246433375134 0.0386953105008 0.071079416654
Herato09 Herato0901 12525001.0 12525000.0 0.0424977779014 0.023250306581 0.0408615217272 0.0706757141795
Herato09 Herato0901 12560232.5 12575000.0 0.0600690961632 0.0202464756688 0.0525699820779 0.143127126906
Herato09 Herato0902 12595465.0 25000.0 0.0203616379397 0.017772764958 0.0201024555186 0.0236604311113
Herato09 Herato0902 12622091.0 75000.0 0.0272390089963 0.0225271670203 0.0270174676614 0.0333742847134
Herato09 Herato0903 12648718.0 25000.0 0.0590141879416 0.0371460561921 0.0572119953512 0.0930956197666
Herato09 Herato0903 12677323.5 75000.0 0.0183851684926 0.0162978158369 0.0185259187353 0.020183053668
Herato09 Herato0904 12705930.0 25000.0 0.0141550343002 0.0105690957727 0.0136042600056 0.0193436886392
Herato09 Herato0904 12755930.0 75000.0 0.061460806925 0.0328011284267 0.0559413913604 0.124167313324
Herato09 Herato0904 12805930.0 125000.0 0.0291773078642 0.0197825011431 0.0296408119006 0.0420047179324
Herato09 Herato0904 12855930.0 175000.0 0.031146487758 0.02634546173 0.030761388762 0.037222465276
Herato09 Herato0904 12905930.0 225000.0 0.070353173198 0.055049663972 0.069204773924 0.093975168366
Herato09 Herato0904 12955930.0 275000.0 0.051805333244 0.0480333030912 0.051383698238 0.05629458552
Herato09 Herato0904 13005930.0 325000.0 0.0300551236068 0.0224404803067 0.0284984037396 0.0457050768588
Herato09 Herato0904 13055930.0 375000.0 0.0424662997184 0.0290570471335 0.040701929032 0.065583839842
Herato09 Herato0904 13105930.0 425000.0 0.03279609684 0.030959095134 0.032849939518 0.03488777094
