chrom scaffold Cposition position mean p0025 p0500 p0975
Herato08 Herato0801 25001.0 25000.0 0.064168655328 0.049272068796 0.062955407322 0.088063060256
Herato08 Herato0801 75001.0 75000.0 0.087442840838 0.082418879476 0.08717942744 0.094642780152
Herato08 Herato0801 125001.0 125000.0 0.104315335728 0.097613631144 0.103931204422 0.112252893216
Herato08 Herato0801 175001.0 175000.0 0.1101806648 0.1063974096 0.1100644696 0.1160227296
Herato08 Herato0801 225001.0 225000.0 0.0976847784 0.0965553072 0.0970476408 0.1043747232
Herato08 Herato0801 275001.0 275000.0 0.08533458826 0.07845052814 0.08485892182 0.09602114856
Herato08 Herato0801 325001.0 325000.0 0.0625028584228 0.0558985720836 0.0626350892558 0.069698804708
Herato08 Herato0801 375001.0 375000.0 0.044486706056 0.039532354404 0.044418196316 0.049864980042
Herato08 Herato0801 425001.0 425000.0 0.06170494499 0.058978634074 0.061821782744 0.06378229321
Herato08 Herato0801 475001.0 475000.0 0.04250819951 0.040408450342 0.041608451478 0.045393458644
Herato08 Herato0801 525001.0 525000.0 0.0510030365748 0.0442640234862 0.0504907158924 0.0574271562194
Herato08 Herato0801 575001.0 575000.0 0.0488617065044 0.0451524534924 0.048726424589 0.052648335119
Herato08 Herato0801 625001.0 625000.0 0.052787450286 0.0474170312816 0.05266078962 0.05851508049
Herato08 Herato0801 675001.0 675000.0 0.0423196138276 0.0381357395574 0.0420680140556 0.0494851180618
Herato08 Herato0801 725001.0 725000.0 0.080408654392 0.072696418036 0.079647209962 0.08892157324
Herato08 Herato0801 775001.0 775000.0 0.05817139078 0.0537089709 0.05781546758 0.06266394248
Herato08 Herato0801 825001.0 825000.0 0.0525349443188 0.0485497526612 0.0527866096712 0.056112332469
Herato08 Herato0801 875001.0 875000.0 0.0775207429768 0.0672478198676 0.0770772426768 0.090694778498
Herato08 Herato0801 925001.0 925000.0 0.08837674828 0.08270239812 0.08802644924 0.09820694906
Herato08 Herato0801 975001.0 975000.0 0.0674281686 0.064859762 0.06740218472 0.06946990194
Herato08 Herato0801 1025001.0 1025000.0 0.08781092514 0.08493499838 0.08756651078 0.09071584566
Herato08 Herato0801 1075001.0 1075000.0 0.0797881169 0.0771083647 0.0795046255 0.0828100458
Herato08 Herato0801 1125001.0 1125000.0 0.05172933104 0.0474509777 0.0517860109 0.05597375688
Herato08 Herato0801 1175001.0 1175000.0 0.07805390688 0.07484458626 0.07857780426 0.0810895329
Herato08 Herato0801 1225001.0 1225000.0 0.085589478 0.082452764 0.085884886 0.08851262
Herato08 Herato0801 1275001.0 1275000.0 0.0793255647172 0.0581741616059 0.0793020024794 0.0934392229312
Herato08 Herato0801 1325001.0 1325000.0 0.075430323602 0.068549241936 0.075383457194 0.084818752476
Herato08 Herato0801 1375001.0 1375000.0 0.07223232594 0.06349202772 0.07179489811 0.08374945128
Herato08 Herato0801 1425001.0 1425000.0 0.0668960986 0.06325783332 0.06684628298 0.07159381222
Herato08 Herato0801 1475001.0 1475000.0 0.04517224664 0.04355154388 0.04508680022 0.04676230156
Herato08 Herato0801 1525001.0 1525000.0 0.07033204284 0.067355838018 0.06995082982 0.0740246252
Herato08 Herato0801 1575001.0 1575000.0 0.0590088943 0.055726487052 0.058721831364 0.063116990404
Herato08 Herato0801 1625001.0 1625000.0 0.05289010346 0.04697316144 0.05307340874 0.05811536476
Herato08 Herato0801 1675001.0 1675000.0 0.10324553454 0.09748259482 0.10270853694 0.1102205898
Herato08 Herato0801 1725001.0 1725000.0 0.083190541784 0.079353911264 0.082864592068 0.088887795364
Herato08 Herato0801 1775001.0 1775000.0 0.050375781366 0.04518793836 0.050498615992 0.057876902034
Herato08 Herato0801 1825001.0 1825000.0 0.05199451493 0.0480432965298 0.051823776922 0.056538728032
Herato08 Herato0801 1875001.0 1875000.0 0.0644022782284 0.060609340153 0.0645598259244 0.068604413512
Herato08 Herato0801 1925001.0 1925000.0 0.077656494726 0.066963052656 0.0771622012 0.089826273338
Herato08 Herato0801 1975001.0 1975000.0 0.054655964628 0.051901087652 0.054430348352 0.057867707144
Herato08 Herato0801 2025001.0 2025000.0 0.061411927014 0.05751338205 0.061143891474 0.065705880882
Herato08 Herato0801 2075001.0 2075000.0 0.09121231988 0.088132419 0.09082169838 0.0964571465
Herato08 Herato0801 2125001.0 2125000.0 0.085899041702 0.079510700158 0.085263055562 0.095055996142
Herato08 Herato0801 2175001.0 2175000.0 0.08467378586 0.0776503573 0.08512650842 0.09120169326
Herato08 Herato0801 2225001.0 2225000.0 0.0824999699 0.07734325042 0.08289355718 0.08686487546
Herato08 Herato0801 2275001.0 2275000.0 0.08448019186 0.07976225298 0.0842299932 0.090524058
Herato08 Herato0801 2325001.0 2325000.0 0.054147025 0.0504475604 0.05358323574 0.0593644163
Herato08 Herato0801 2375001.0 2375000.0 0.05538194815 0.050265893392 0.055334362468 0.06083056718
Herato08 Herato0801 2425001.0 2425000.0 0.0226465178498 0.0218535045284 0.0223547886912 0.0259637815618
Herato08 Herato0801 2475001.0 2475000.0 0.027279108848 0.0228753546966 0.0270211897136 0.032887103112
Herato08 Herato0801 2525001.0 2525000.0 0.0810745893 0.0750302756 0.08176100902 0.08634788802
Herato08 Herato0801 2575001.0 2575000.0 0.0999853389 0.09275916562 0.1002221206 0.1021018586
Herato08 Herato0801 2625001.0 2625000.0 0.08197006312 0.07595691786 0.08209072244 0.08457767212
Herato08 Herato0801 2675001.0 2675000.0 0.07238291224 0.06721199112 0.07220588908 0.07859131072
Herato08 Herato0801 2725001.0 2725000.0 0.114554291088 0.096876939162 0.113083066108 0.148741810154
Herato08 Herato0801 2775001.0 2775000.0 0.0759031310088 0.0589395874644 0.0761666641989 0.0898814184942
Herato08 Herato0801 2825001.0 2825000.0 0.06657516202 0.06341778992 0.06661960972 0.07081725502
Herato08 Herato0801 2875001.0 2875000.0 0.0655469319 0.0606762625 0.06502855068 0.0751297099
Herato08 Herato0801 2925001.0 2925000.0 0.12070840462 0.1124259249 0.12040005004 0.13179380898
Herato08 Herato0801 2975001.0 2975000.0 0.1089736676 0.10434317096 0.10808879032 0.11400270224
Herato08 Herato0801 3025001.0 3025000.0 0.0826054754 0.07924110208 0.08257295956 0.08758547952
Herato08 Herato0801 3075001.0 3075000.0 0.07232895918 0.06718129208 0.07208825132 0.07997278104
Herato08 Herato0801 3125001.0 3125000.0 0.07484054824 0.07128578508 0.07462238588 0.07749107284
Herato08 Herato0801 3175001.0 3175000.0 0.078971439172 0.070639036368 0.078834192696 0.08612893284
Herato08 Herato0801 3225001.0 3225000.0 0.059215893398 0.053596700528 0.059413360984 0.06556129846
Herato08 Herato0801 3275001.0 3275000.0 0.118895150966 0.11332453435 0.119068408722 0.122664632374
Herato08 Herato0801 3325001.0 3325000.0 0.09729818992 0.09253043796 0.09743329024 0.10066320848
Herato08 Herato0801 3375001.0 3375000.0 0.065623042896 0.052011794084 0.06659563204 0.081213155272
Herato08 Herato0801 3425001.0 3425000.0 0.06590733768 0.06301946592 0.06619642704 0.06958894608
Herato08 Herato0801 3475001.0 3475000.0 0.051059766224 0.040322608044 0.051472120058 0.059604033442
Herato08 Herato0801 3525001.0 3525000.0 0.055443899652 0.049190266314 0.055288745172 0.063043378878
Herato08 Herato0801 3575001.0 3575000.0 0.06642798296 0.0619229257 0.06666542364 0.07039229568
Herato08 Herato0801 3625001.0 3625000.0 0.056473814001 0.0468152848743 0.055735181093 0.0683004115676
Herato08 Herato0801 3675001.0 3675000.0 0.0537015640004 0.0498154367705 0.0537991178768 0.057371405814
Herato08 Herato0801 3725001.0 3725000.0 0.059702946368 0.052442657198 0.059566939652 0.06443389255
Herato08 Herato0801 3775001.0 3775000.0 0.057722896106 0.050481250196 0.05683749276 0.072655784548
Herato08 Herato0801 3825001.0 3825000.0 0.07202763818 0.06794870492 0.07237325088 0.07572089398
Herato08 Herato0801 3875001.0 3875000.0 0.06528905944 0.0610460216 0.06565311788 0.0691470334
Herato08 Herato0801 3925001.0 3925000.0 0.06376765808 0.057352519894 0.0632628809 0.06990268514
Herato08 Herato0801 3975001.0 3975000.0 0.057402969104 0.05088454804 0.057318437292 0.065404759652
Herato08 Herato0801 4025001.0 4025000.0 0.11910253509 0.11124521398 0.118882631168 0.12718280207
Herato08 Herato0801 4075001.0 4075000.0 0.12455777192 0.11298853068 0.12145607556 0.14027133102
Herato08 Herato0801 4125001.0 4125000.0 0.0382110553244 0.0251555014156 0.0376698682328 0.0535169902328
Herato08 Herato0801 4175001.0 4175000.0 0.0351037752805 0.0257076057942 0.0344579005799 0.0476802931392
Herato08 Herato0801 4225001.0 4225000.0 0.029426003856 0.0280132322878 0.0292923556765 0.031619983296
Herato08 Herato0801 4275001.0 4275000.0 0.049601556188 0.045005663386 0.049458375374 0.055162836708
Herato08 Herato0801 4325001.0 4325000.0 0.052744166036 0.04694827231 0.052998624772 0.05898813187
Herato08 Herato0801 4375001.0 4375000.0 0.06748673156 0.063564221032 0.067647976558 0.073659756512
Herato08 Herato0801 4425001.0 4425000.0 0.06432790306 0.06126789066 0.06470973924 0.0679611349
Herato08 Herato0801 4475001.0 4475000.0 0.0756546068 0.07219262 0.075953511 0.0807451808
Herato08 Herato0801 4525001.0 4525000.0 0.074541367088 0.06865413793 0.074161796682 0.081683204692
Herato08 Herato0801 4575001.0 4575000.0 0.0488761010464 0.0454184275706 0.0492883203066 0.052054604406
Herato08 Herato0801 4625001.0 4625000.0 0.0612751720522 0.0568753026414 0.0614866263186 0.065240409483
Herato08 Herato0801 4675001.0 4675000.0 0.09076529284 0.0817285827256 0.090500647938 0.100090744776
Herato08 Herato0801 4725001.0 4725000.0 0.073454372266 0.0657995018232 0.073469822654 0.081555702366
Herato08 Herato0801 4775001.0 4775000.0 0.10042509302 0.0988757335 0.10025077222 0.1030300568
Herato08 Herato0801 4825001.0 4825000.0 0.0949840201877 0.0892266892724 0.0948415982243 0.100743168043
Herato08 Herato0801 4875001.0 4875000.0 0.109912454399 0.0937578727598 0.108575102575 0.129086837242
Herato08 Herato0801 4925001.0 4925000.0 0.127181937 0.1203653246 0.1286972508 0.1323230168
Herato08 Herato0801 4975001.0 4975000.0 0.122836952074 0.114900365334 0.122081198458 0.133241985912
Herato08 Herato0801 5025001.0 5025000.0 0.1003059552 0.0999959986 0.1002259664 0.1012958166
Herato08 Herato0801 5075001.0 5075000.0 0.097283954672 0.092386678352 0.09699563008 0.103784854812
Herato08 Herato0801 5125001.0 5125000.0 0.061986439232 0.051743234712 0.061760761872 0.07526118903
Herato08 Herato0801 5175001.0 5175000.0 0.04738046379 0.04040058044 0.047488593076 0.054785406074
Herato08 Herato0801 5225001.0 5225000.0 0.0454751451 0.0387131073894 0.044850646464 0.05471638423
Herato08 Herato0801 5275001.0 5275000.0 0.051209863586 0.0397274489832 0.04852519577 0.077288784576
Herato08 Herato0801 5325001.0 5325000.0 0.041110416505 0.0383271125608 0.0410431783474 0.044324208922
Herato08 Herato0801 5375001.0 5375000.0 0.078919449012 0.0698950906212 0.078509420318 0.090178627398
Herato08 Herato0801 5425001.0 5425000.0 0.0706308012407 0.0497303774103 0.0706306707641 0.10214966005
Herato08 Herato0801 5475001.0 5475000.0 0.046783536822 0.0443216772892 0.0468880269012 0.04968510258
Herato08 Herato0801 5525001.0 5525000.0 0.057936587708 0.054145024094 0.057770405786 0.062832824092
Herato08 Herato0801 5575001.0 5575000.0 0.08830318233 0.083350405694 0.087433306026 0.094608052218
Herato08 Herato0801 5625001.0 5625000.0 0.08087631401 0.075045239324 0.08043576528 0.088948922808
Herato08 Herato0801 5675001.0 5675000.0 0.048443897392 0.043509685986 0.048154543774 0.054184849926
Herato08 Herato0801 5725001.0 5725000.0 0.0321531620034 0.0305041543842 0.0320063656166 0.0340667183932
Herato08 Herato0801 5775001.0 5775000.0 0.082894265286 0.076817406632 0.082917171326 0.090612346436
Herato08 Herato0801 5825001.0 5825000.0 0.13347672706 0.12257924156 0.13396651386 0.14378036182
Herato08 Herato0801 5875001.0 5875000.0 0.128315256 0.1225890378 0.1280454342 0.1356304248
Herato08 Herato0801 5925001.0 5925000.0 0.0484363663678 0.0354462736965 0.0480777662017 0.063582423544
Herato08 Herato0801 5975001.0 5975000.0 0.0861235960592 0.0746404757226 0.0850113238032 0.10212327848
Herato08 Herato0801 6025001.0 6025000.0 0.0939479962252 0.087315380293 0.0939253077642 0.100026476772
Herato08 Herato0801 6075001.0 6075000.0 0.087739568566 0.079265738164 0.087073351704 0.097897610052
Herato08 Herato0801 6125001.0 6125000.0 0.069407483096 0.062698572886 0.06870897219 0.07778687151
Herato08 Herato0801 6175001.0 6175000.0 0.0722935753751 0.0608144135504 0.0715148668005 0.09275738709
Herato08 Herato0801 6225001.0 6225000.0 0.060572942194 0.0568848537527 0.060576732993 0.0643617207254
Herato08 Herato0801 6275001.0 6275000.0 0.05657255182 0.05405179478 0.05660259974 0.05886394792
Herato08 Herato0801 6325001.0 6325000.0 0.10182749966 0.09179921248 0.1013141723 0.11152568796
Herato08 Herato0801 6375001.0 6375000.0 0.08195362672 0.0703820477031 0.08068286436 0.09620673884
Herato08 Herato0801 6425001.0 6425000.0 0.0410276697016 0.0376801730747 0.040890286535 0.0444853644148
Herato08 Herato0801 6475001.0 6475000.0 0.051617038976 0.0437881869866 0.049544639092 0.060991641358
Herato08 Herato0801 6525001.0 6525000.0 0.05262506824 0.0496974096 0.0522284901 0.0562196106
Herato08 Herato0801 6575001.0 6575000.0 0.0804475640188 0.055533461478 0.0754359647749 0.134589948001
Herato08 Herato0801 6625001.0 6625000.0 0.0330715304275 0.0284192253873 0.0331311781472 0.0378751769415
Herato08 Herato0801 6675001.0 6675000.0 0.031689800236 0.0239901689614 0.030992878648 0.044232187462
Herato08 Herato0801 6725001.0 6725000.0 0.053942697792 0.0464226234964 0.053987281012 0.06728877523
Herato08 Herato0801 6775001.0 6775000.0 0.059625052396 0.0539371075718 0.05937822342 0.066956954196
Herato08 Herato0801 6825001.0 6825000.0 0.05136015664 0.04683160462 0.05149715412 0.05539533854
Herato08 Herato0801 6875001.0 6875000.0 0.07234652566 0.06850552398 0.07228657246 0.07551804994
Herato08 Herato0801 6925001.0 6925000.0 0.0452578972018 0.0410230642919 0.0451226277775 0.0493127356988
Herato08 Herato0801 6975001.0 6975000.0 0.08731612892 0.07772599956 0.08413791174 0.10181362664
Herato08 Herato0801 7025001.0 7025000.0 0.065095594884 0.0614962668366 0.064661400176 0.0691873231
Herato08 Herato0801 7075001.0 7075000.0 0.02909569629 0.026974664946 0.028868034034 0.03151873388
Herato08 Herato0801 7125001.0 7125000.0 0.0839101836828 0.0769996023236 0.0836886914546 0.09043017931
Herato08 Herato0801 7175001.0 7175000.0 0.083685120646 0.077408202794 0.083718116164 0.089815184306
Herato08 Herato0801 7225001.0 7225000.0 0.07780512942 0.07103742462 0.07873684028 0.0825890823
Herato08 Herato0801 7275001.0 7275000.0 0.059214040248 0.053643677012 0.05877096412 0.064647126066
Herato08 Herato0801 7325001.0 7325000.0 0.0897858093 0.08192997248 0.08939616766 0.09955345994
Herato08 Herato0801 7375001.0 7375000.0 0.061906849442 0.05805259192 0.062352383976 0.065551096954
Herato08 Herato0801 7425001.0 7425000.0 0.05926369986 0.0571536266 0.05931031264 0.06174145822
Herato08 Herato0801 7475001.0 7475000.0 0.05739158106 0.05535782176 0.05741708642 0.05970832598
Herato08 Herato0801 7525001.0 7525000.0 0.0610514108 0.0572248808 0.0616936676 0.0639365644
Herato08 Herato0801 7575001.0 7575000.0 0.057529483582 0.052956721308 0.057943750538 0.061807483762
Herato08 Herato0801 7625001.0 7625000.0 0.0415597693407 0.0343776074698 0.0415744895766 0.0483059227356
Herato08 Herato0801 7675001.0 7675000.0 0.04638325244 0.04339325104 0.0465623398 0.04894958256
Herato08 Herato0801 7725001.0 7725000.0 0.05730978366 0.052348068192 0.057195529482 0.06327650126
Herato08 Herato0801 7775001.0 7775000.0 0.02639843765 0.0129848517306 0.02542638592 0.043389161852
Herato08 Herato0801 7825001.0 7825000.0 0.054916910488 0.044561861508 0.053952893124 0.073063133168
Herato08 Herato0801 7875001.0 7875000.0 0.030475112324 0.023898745012 0.030008804248 0.039791108148
Herato08 Herato0801 7925001.0 7925000.0 0.0725431752672 0.0367796614138 0.068752991818 0.132436419219
Herato08 Herato0801 7975001.0 7975000.0 0.0252060618964 0.0181286941104 0.0218686850886 0.0347852429098
Herato08 Herato0801 8025001.0 8025000.0 0.016927550626 0.015960668346 0.01688861225 0.017942756004
Herato08 Herato0801 8075001.0 8075000.0 0.021914767338 0.019514630256 0.021872498706 0.024710577558
Herato08 Herato0801 8125001.0 8125000.0 0.0331444367611 0.0292675363866 0.0330184947577 0.0376385743403
Herato08 Herato0801 8175001.0 8175000.0 0.0414379945084 0.037614399288 0.041520212596 0.0458117137522
Herato08 Herato0801 8225001.0 8225000.0 0.0228328837366 0.020421583542 0.0226065821296 0.0314377033492
Herato08 Herato0801 8275001.0 8275000.0 0.041936856245 0.0331443694969 0.0414468788438 0.0535734629348
Herato08 Herato0801 8325001.0 8325000.0 0.0444939547464 0.0342933021532 0.0424007654086 0.0653239241976
Herato08 Herato0801 8375001.0 8375000.0 0.0772649934346 0.0629512493198 0.0763725948864 0.097150259002
Herato08 Herato0801 8425001.0 8425000.0 0.0609625629234 0.0419923689457 0.0603186028266 0.0795660315474
Herato08 Herato0801 8475001.0 8475000.0 0.063368821 0.05576999462 0.0648404726 0.06920560332
Herato08 Herato0801 8525001.0 8525000.0 0.0557912031836 0.0488490931615 0.0556877143129 0.0660743800716
Herato08 Herato0801 8575001.0 8575000.0 0.0717295306179 0.0587453384029 0.0694204008752 0.0878313475424
Herato08 Herato0801 8625001.0 8625000.0 0.053657505116 0.0415559798188 0.04990466125 0.09034922173
Herato08 Herato0801 8675001.0 8675000.0 0.02618504913 0.0218296269772 0.026092903582 0.03396715069
Herato08 Herato0801 8725001.0 8725000.0 0.058273292128 0.0515759144988 0.058318191384 0.063888030364
Herato08 Herato0801 8775001.0 8775000.0 0.115639119 0.10780895004 0.1157659428 0.1263375834
Herato08 Herato0801 8825001.0 8825000.0 0.1008255408 0.09726980928 0.1005461904 0.1048162608
Herato08 Herato0801 8875001.0 8875000.0 0.09417010112 0.09032568416 0.09406199536 0.09830371152
Herato08 Herato0801 8925001.0 8925000.0 0.07554224764 0.071570974702 0.07563793102 0.07982276304
Herato08 Herato0801 8975001.0 8975000.0 0.024746199744 0.021454949846 0.024332098276 0.028589817116
Herato08 Herato0801 9025001.0 9025000.0 0.0369606285682 0.0279699308428 0.0359738010522 0.053857110845
Herato08 Herato0801 9075001.0 9075000.0 0.03054012728 0.02873799456 0.03075433672 0.03222290524
Herato08 Herato0801 9125001.0 9125000.0 0.0756589896 0.07238809348 0.07547101664 0.07973453392
Herato08 Herato0801 9175001.0 9175000.0 0.062633032456 0.05835549909 0.062385072148 0.0676256236
Herato08 Herato0801 9225001.0 9225000.0 0.09530624956 0.084526307894 0.09433351648 0.10800899508
Herato08 Herato0801 9260916.5 9275000.0 0.0494877245293 0.0433298010361 0.0500484860886 0.0539092688241
Herato08 Herato0802 9288035.5 25000.0 0.036754623484 0.0333775338682 0.0374206435427 0.0385848119426
Herato08 Herato0803 9329239.0 25000.0 0.09481178874 0.085031995998 0.093913237022 0.114605925402
Herato08 Herato0803 9379239.0 75000.0 0.082340868262 0.0769906795593 0.0819566973742 0.08818676188
Herato08 Herato0803 9422168.5 125000.0 0.04480911944 0.0417675298251 0.044944147076 0.0476784174684
Herato08 Herato0804 9465099.0 25000.0 0.092146527428 0.085683697794 0.092028908616 0.099949255598
Herato08 Herato0804 9506176.0 75000.0 0.120650447907 0.107070231312 0.120459357312 0.133898823008
Herato08 Herato0805 9538053.0 25000.0 0.0609516574783 0.055505594468 0.060977819419 0.0663411329515
Herato08 Herato0806 9578853.0 25000.0 0.0885092755 0.079662791842 0.08857995802 0.0987612652
Herato08 Herato0806 9622681.0 75000.0 0.0753426767994 0.0692660734458 0.0751660985588 0.0834918382786
Herato08 Herato0807 9666510.0 25000.0 0.08233878128 0.07745108176 0.08227151936 0.08882038448
Herato08 Herato0807 9716510.0 75000.0 0.0491445332178 0.0431901017754 0.0490291185332 0.0550302846608
Herato08 Herato0807 9761164.0 125000.0 0.0486902548336 0.0443762222448 0.0487202335402 0.0508903050778
Herato08 Herato0808 9805819.0 25000.0 0.062287405652 0.051419007174 0.061963257664 0.0753378376
Herato08 Herato0808 9855819.0 75000.0 0.0887060959 0.07496157204 0.0868651058 0.1413418326
Herato08 Herato0808 9896529.5 125000.0 0.0682986738805 0.0664236443143 0.0673108728557 0.0733611541326
Herato08 Herato0809 9937241.0 25000.0 0.06614174448 0.06432592992 0.06518513904 0.07104434736
Herato08 Herato0809 9969966.0 75000.0 0.0653127099029 0.0635196551456 0.0643680947573 0.0701538625243
Herato08 Herato0810 10001748.5 25000.0 0.0701313850726 0.0629918639245 0.0703749900858 0.0766042132895
Herato08 Herato0811 10044166.0 25000.0 0.104813790569 0.0888110610376 0.10422023314 0.121593248595
Herato08 Herato0812 10087527.0 25000.0 0.073080145152 0.066888049086 0.072365298534 0.08129946518
Herato08 Herato0812 10112795.0 75000.0 0 0 0 0
Herato08 Herato0813 10123852.5 25000.0 0.0526694708115 0.0468358138017 0.0525113780275 0.0575946516754
Herato08 Herato0814 10159642.0 25000.0 0.0665107426912 0.0616358323306 0.066020485049 0.073444976918
Herato08 Herato0814 10195527.0 75000.0 0.0846810096922 0.0772608344511 0.0850568577859 0.0923328724851
Herato08 Herato0815 10220911.5 25000.0 0.0982319505121 0.0842537256268 0.098639800669 0.110924349174
Herato08 Herato0816 10245516.5 25000.0 0.0624174790838 0.0550369675651 0.0624926163502 0.0694758438924
Herato08 Herato0817 10267897.0 25000.0 0.0672201270979 0.0597683037315 0.0676583346912 0.0738035652599
Herato08 Herato0818 10305172.0 25000.0 0.055233006232 0.0513285423996 0.0551622341656 0.060274756892
Herato08 Herato0818 10335979.5 75000.0 0.143370221266 0.13480508997 0.142120719759 0.153688685321
Herato08 Herato0819 10366788.0 25000.0 0.1416767328 0.1332127728 0.1404419904 0.1518733152
Herato08 Herato0819 10416557.5 75000.0 0.0801081077555 0.0707078392539 0.0794862355861 0.0940698146612
Herato08 Herato0820 10466328.0 25000.0 0.0604173505017 0.0468229632109 0.0561204410277 0.089158391332
Herato08 Herato0820 10494503.0 75000.0 0.0267434305512 0.0238490154331 0.0266338469291 0.0304803325984
Herato08 Herato0821 10522679.0 25000.0 0.020333646407 0.016573828095 0.0203294347462 0.0241642897084
Herato08 Herato0821 10572679.0 75000.0 0.0139596922772 0.0121805495452 0.0139194028177 0.0160602866876
Herato08 Herato0821 10622679.0 125000.0 0.0205713657962 0.0191767380129 0.0205259534085 0.0220256580348
Herato08 Herato0821 10672679.0 175000.0 0.0680496377782 0.0568291329223 0.0670599587058 0.087544965272
Herato08 Herato0821 10722679.0 225000.0 0.05815173301 0.052949528676 0.0579330592 0.063804897922
Herato08 Herato0821 10772679.0 275000.0 0.086099908368 0.074862646984 0.085856524588 0.09823996059
Herato08 Herato0821 10822679.0 325000.0 0.104849994376 0.0967112836719 0.105367926089 0.1117439212
Herato08 Herato0821 10872679.0 375000.0 0.1161317544 0.1066122184 0.1158871492 0.1245684292
Herato08 Herato0821 10922679.0 425000.0 0.103975341303 0.0995954632259 0.103791605916 0.109473593091
Herato08 Herato0821 10972679.0 475000.0 0.09832107108 0.08995669098 0.0979672848 0.10794259536
Herato08 Herato0821 11022679.0 525000.0 0.0788859154332 0.0718508759312 0.078289898847 0.0881247591394
Herato08 Herato0821 11072679.0 575000.0 0.08682937039 0.076497288566 0.086390966592 0.099674204324
Herato08 Herato0821 11122679.0 625000.0 0.06296538384 0.056012800126 0.062649673944 0.071429956716
Herato08 Herato0821 11172679.0 675000.0 0.08156622376 0.069896012336 0.081774549876 0.0933793172
Herato08 Herato0821 11222679.0 725000.0 0.068496142494 0.063831382354 0.0681642776052 0.07473089777
Herato08 Herato0821 11272679.0 775000.0 0.07437178292 0.06285749315 0.07315512438 0.09245856332
Herato08 Herato0821 11322679.0 825000.0 0.105108085477 0.0910147980504 0.104945431502 0.121664551854
Herato08 Herato0821 11372679.0 875000.0 0.1275457166 0.1214291116 0.1265248754 0.136506047
Herato08 Herato0821 11422679.0 925000.0 0.1369529294 0.1287140864 0.1361100178 0.1472788754
Herato08 Herato0821 11472679.0 975000.0 0.101152703576 0.093830176548 0.100742069958 0.10858022759
Herato08 Herato0821 11522679.0 1025000.0 0.0865958478 0.08294379016 0.08631032872 0.09100398384
Herato08 Herato0821 11572679.0 1075000.0 0.1055183926 0.09955494096 0.10580948312 0.11033741864
Herato08 Herato0821 11622679.0 1125000.0 0.11002929724 0.09884152588 0.10949441588 0.1330518543
Herato08 Herato0821 11672679.0 1175000.0 0.052771457388 0.0474830933512 0.052823326528 0.057194784372
Herato08 Herato0821 11722679.0 1225000.0 0.04761369332 0.0446069536472 0.047291354246 0.05200124075
Herato08 Herato0821 11772679.0 1275000.0 0.042997981132 0.036434416147 0.0432558747994 0.05058256958
Herato08 Herato0821 11822679.0 1325000.0 0.0682656525604 0.0628347733788 0.0682678653808 0.0739367857064
Herato08 Herato0821 11872679.0 1375000.0 0.0723599813652 0.0531745207654 0.0734365181486 0.091684651348
Herato08 Herato0821 11922679.0 1425000.0 0.08434975202 0.0800728341 0.08378727532 0.09028425554
Herato08 Herato0821 11972679.0 1475000.0 0.05593483404 0.05050096178 0.05549043538 0.06269718728
Herato08 Herato0821 12022679.0 1525000.0 0.045065509024 0.0410248819412 0.0449352313604 0.049759523544
Herato08 Herato0821 12072679.0 1575000.0 0.096296899988 0.089111383162 0.095544006246 0.105988469718
Herato08 Herato0821 12122679.0 1625000.0 0.06315773978 0.05869063912 0.06334276192 0.06779675104
Herato08 Herato0821 12172679.0 1675000.0 0.11141015418 0.10027986814 0.11048257832 0.12477572614
Herato08 Herato0821 12222679.0 1725000.0 0.0714129599146 0.0628137223625 0.072034548278 0.0836014431098
Herato08 Herato0821 12272679.0 1775000.0 0.07981852318 0.06230087071 0.08199099984 0.09749665874
Herato08 Herato0821 12322679.0 1825000.0 0.08160442626 0.0756023695 0.080439721 0.0925018045
Herato08 Herato0821 12372679.0 1875000.0 0.066425220334 0.052491232764 0.068292094548 0.075915304308
Herato08 Herato0821 12422679.0 1925000.0 0.050040162958 0.047177332688 0.04976983287 0.053263507484
Herato08 Herato0821 12472679.0 1975000.0 0.0521025037 0.0503500984 0.05186990782 0.05488353128
Herato08 Herato0821 12522679.0 2025000.0 0.05762293142 0.054166921204 0.057372816336 0.061726530104
Herato08 Herato0821 12572679.0 2075000.0 0.0612292167524 0.0561360467396 0.0612571966428 0.065354282108
Herato08 Herato0821 12622679.0 2125000.0 0.1010619462 0.0921923282 0.1017367464 0.1036968396
Herato08 Herato0821 12672679.0 2175000.0 0.125439061 0.11914764 0.125440156 0.131512584
Herato08 Herato0821 12722679.0 2225000.0 0.119342453 0.1137860646 0.1194328286 0.125040489
Herato08 Herato0821 12772679.0 2275000.0 0.1396905676 0.130358814 0.1396578228 0.1512126868
Herato08 Herato0821 12822679.0 2325000.0 0.1768057772 0.163763433176 0.177344424668 0.18608261717
Herato08 Herato0821 12872679.0 2375000.0 0.12783005529 0.11809083442 0.128286375948 0.1364980813
Herato08 Herato0821 12922679.0 2425000.0 0.08226256872 0.072473318878 0.082284841784 0.09036369676
Herato08 Herato0821 12972679.0 2475000.0 0.07507348632 0.0643693963416 0.0737395273732 0.093017337734
Herato08 Herato0821 13022679.0 2525000.0 0.05898339384 0.0563900967 0.05880800752 0.06240476496
Herato08 Herato0821 13072679.0 2575000.0 0.06696708496 0.06503502362 0.0667683585 0.06981952062
Herato08 Herato0821 13122679.0 2625000.0 0.07796614342 0.05301321938 0.07554698348 0.12421062974
Herato08 Herato0821 13172679.0 2675000.0 0.06651043757 0.059293240846 0.066597475516 0.07571384674
Herato08 Herato0821 13222679.0 2725000.0 0.084458514225 0.0755127818603 0.0840099593398 0.0977934296666
Herato08 Herato0821 13272679.0 2775000.0 0.056120266965 0.052881637014 0.0558034082918 0.0593022410102
Herato08 Herato0821 13322679.0 2825000.0 0.0263646209188 0.0236896013929 0.026216202094 0.02921263212
Herato08 Herato0821 13372679.0 2875000.0 0.0588548207024 0.0481217506656 0.0577661339808 0.0757636084978
Herato08 Herato0821 13422679.0 2925000.0 0.095966319462 0.0820712371291 0.0944800703602 0.121425920869
Herato08 Herato0821 13472679.0 2975000.0 0.0422845612498 0.0376592073572 0.0421164161074 0.0466592971476
Herato08 Herato0821 13522679.0 3025000.0 0.062534731074 0.0574816698824 0.062128927166 0.069105010638
Herato08 Herato0821 13572679.0 3075000.0 0.038436097272 0.0331343011475 0.038033180212 0.04569176599
Herato08 Herato0821 13622679.0 3125000.0 0.037559898742 0.0348409854305 0.0376292872214 0.04019366336
Herato08 Herato0821 13672679.0 3175000.0 0.04414205962 0.04107813284 0.04421507688 0.04698563792
Herato08 Herato0821 13722679.0 3225000.0 0.049511630574 0.042844852014 0.049630829538 0.0561015596
Herato08 Herato0821 13772679.0 3275000.0 0.05378220611 0.048542573058 0.053793359168 0.058733758656
Herato08 Herato0821 13822679.0 3325000.0 0.075294785674 0.067919126148 0.074020694644 0.092075376286
Herato08 Herato0821 13872679.0 3375000.0 0.06459393066 0.06052673382 0.06483784902 0.06703595052
Herato08 Herato0821 13922679.0 3425000.0 0.082041104832 0.076551275884 0.08241829795 0.08735897992
