chrom scaffold Cposition position mean p0025 p0500 p0975
Herato07 Herato0701 25001.0 25000.0 0.04534745526 0.036660173166 0.045000902484 0.056623393558
Herato07 Herato0701 75001.0 75000.0 0.050099350923 0.0356369879052 0.0481523836947 0.0750744892814
Herato07 Herato0701 125001.0 125000.0 0.052933618646 0.045049772342 0.04998866705 0.067839266572
Herato07 Herato0701 175001.0 175000.0 0.026974010505 0.0201875165858 0.0266060693126 0.0387938698356
Herato07 Herato0701 225001.0 225000.0 0.027804721344 0.021831029076 0.027732449616 0.034649270198
Herato07 Herato0701 275001.0 275000.0 0.049329926758 0.039354715224 0.048744906638 0.062583103414
Herato07 Herato0701 325001.0 325000.0 0.0410860696864 0.0381508799455 0.041081005296 0.044194703668
Herato07 Herato0701 375001.0 375000.0 0.271706594395 0.115794514749 0.243123042284 0.598288630738
Herato07 Herato0701 425001.0 425000.0 0.07438653282 0.03856751094 0.06788675272 0.1523532956
Herato07 Herato0701 475001.0 475000.0 0.033387037112 0.029409116754 0.03345941858 0.03731855483
Herato07 Herato0701 525001.0 525000.0 0.0316836001 0.026335652904 0.031697071162 0.038334158396
Herato07 Herato0701 575001.0 575000.0 0.04468232673 0.038312648148 0.043971671842 0.056679076458
Herato07 Herato0701 625001.0 625000.0 0.0447557202996 0.039677046087 0.0445233696778 0.0516157662998
Herato07 Herato0701 675001.0 675000.0 0.051176799722 0.0460653206588 0.051127211238 0.056600594174
Herato07 Herato0701 725001.0 725000.0 0.03889894576 0.03415445612 0.03844697912 0.04494794444
Herato07 Herato0701 775001.0 775000.0 0.0364862265 0.0307465044 0.03545454972 0.04594445298
Herato07 Herato0701 825001.0 825000.0 0.041639616214 0.0378251888836 0.041328741586 0.046850205326
Herato07 Herato0701 875001.0 875000.0 0.048044244016 0.043348323654 0.04740983536 0.054672211452
Herato07 Herato0701 925001.0 925000.0 0.042492120022 0.039697124724 0.042402658248 0.04582702238
Herato07 Herato0701 975001.0 975000.0 0.055696973224 0.051619655118 0.055489058588 0.06042268724
Herato07 Herato0701 1025001.0 1025000.0 0.05784852369 0.053808700696 0.057844153942 0.06236401832
Herato07 Herato0701 1075001.0 1075000.0 0.0517807969728 0.0466955682909 0.0516751336268 0.057787154852
Herato07 Herato0701 1125001.0 1125000.0 0.0409353794637 0.0347422400022 0.0404242299241 0.0510542533838
Herato07 Herato0701 1175001.0 1175000.0 0.0482349015592 0.043820284395 0.0480987774014 0.0535182119964
Herato07 Herato0701 1225001.0 1225000.0 0.0303024923214 0.0164576153972 0.0289736901978 0.0537873732532
Herato07 Herato0701 1275001.0 1275000.0 0.048090225692 0.041295933749 0.0480229249126 0.0554938933438
Herato07 Herato0701 1325001.0 1325000.0 0.048816518546 0.046523448548 0.04884567027 0.050946960706
Herato07 Herato0701 1375001.0 1375000.0 0.064667190386 0.061104062598 0.064841550752 0.067032739896
Herato07 Herato0701 1425001.0 1425000.0 0.060569139424 0.057785537686 0.060358824604 0.064501631226
Herato07 Herato0701 1475001.0 1475000.0 0.042727415038 0.03874621063 0.042596444964 0.047351053608
Herato07 Herato0701 1525001.0 1525000.0 0.073919779478 0.063627684976 0.073417404654 0.086703351072
Herato07 Herato0701 1575001.0 1575000.0 0.0380764232564 0.0248957231084 0.0293977958454 0.10517589994
Herato07 Herato0701 1625001.0 1625000.0 0.039459089154 0.0353078051361 0.0392819226638 0.0445747356448
Herato07 Herato0701 1675001.0 1675000.0 0.045566044599 0.0353279999317 0.0447377326958 0.0632477150522
Herato07 Herato0701 1725001.0 1725000.0 0.0357686050112 0.0345183474118 0.0357494375569 0.0377672572245
Herato07 Herato0701 1775001.0 1775000.0 0.037973074252 0.0336275087298 0.037858146752 0.043206151398
Herato07 Herato0701 1825001.0 1825000.0 0.059748967768 0.044865302028 0.059166131978 0.086119865898
Herato07 Herato0701 1875001.0 1875000.0 0.0540425151855 0.0461021252581 0.0536873494264 0.063972972793
Herato07 Herato0701 1925001.0 1925000.0 0.0421522774746 0.0367670342462 0.0422404174138 0.04761395925
Herato07 Herato0701 1975001.0 1975000.0 0.0476937038518 0.0379838579808 0.0466766310188 0.0595134057998
Herato07 Herato0701 2025001.0 2025000.0 0.084410626236 0.0768757552191 0.0841277814464 0.0938528908468
Herato07 Herato0701 2075001.0 2075000.0 0.0451628992506 0.0389842871738 0.044914414905 0.0539929085628
Herato07 Herato0701 2125001.0 2125000.0 0.045709307472 0.042409751348 0.045674083658 0.04893925241
Herato07 Herato0701 2175001.0 2175000.0 0.07227209236 0.06620916348 0.07181018914 0.07968437276
Herato07 Herato0701 2225001.0 2225000.0 0.05184621386 0.04856427672 0.0516376862 0.05556981754
Herato07 Herato0701 2275001.0 2275000.0 0.043755032188 0.040137825016 0.043523178776 0.047953235856
Herato07 Herato0701 2325001.0 2325000.0 0.070944668698 0.054095431934 0.07033710049 0.097424688292
Herato07 Herato0701 2375001.0 2375000.0 0.054567595332 0.046485364774 0.054277748588 0.0614803529
Herato07 Herato0701 2425001.0 2425000.0 0.0535823442416 0.0490233550394 0.0528893590308 0.06224160104
Herato07 Herato0701 2475001.0 2475000.0 0.0498856560361 0.0429941011479 0.0494915975109 0.0602746350368
Herato07 Herato0701 2525001.0 2525000.0 0.0637656642 0.058796661422 0.063464432798 0.0691833847
Herato07 Herato0701 2575001.0 2575000.0 0.060430630522 0.05463436634 0.061387798728 0.065704708412
Herato07 Herato0701 2625001.0 2625000.0 0.0486690373 0.043147859966 0.04800928872 0.0549499762
Herato07 Herato0701 2675001.0 2675000.0 0.061850426164 0.05386303891 0.060986785372 0.073881200972
Herato07 Herato0701 2725001.0 2725000.0 0.036557752012 0.033574141347 0.036503595726 0.039753893242
Herato07 Herato0701 2775001.0 2775000.0 0.05179768019 0.047263187408 0.051652879142 0.056801299808
Herato07 Herato0701 2825001.0 2825000.0 0.073692908451 0.051596389377 0.0727514193216 0.106545690188
Herato07 Herato0701 2875001.0 2875000.0 0.058032386414 0.052285460226 0.058211581436 0.0630864013
Herato07 Herato0701 2925001.0 2925000.0 0.0691098230316 0.0621226268821 0.0687805975332 0.07687511777
Herato07 Herato0701 2975001.0 2975000.0 0.0710471050294 0.0608167922077 0.0701806845492 0.0862887188076
Herato07 Herato0701 3025001.0 3025000.0 0.062718095342 0.0576916494531 0.062491828666 0.067454703682
Herato07 Herato0701 3075001.0 3075000.0 0.067847874332 0.061235665806 0.06788706458 0.07465343242
Herato07 Herato0701 3125001.0 3125000.0 0.050076641412 0.0442332466516 0.049765276516 0.057298876536
Herato07 Herato0701 3175001.0 3175000.0 0.06670464852 0.0560407622 0.06675576658 0.07598013904
Herato07 Herato0701 3225001.0 3225000.0 0.06903647006 0.063234243786 0.0689374627 0.07554601366
Herato07 Herato0701 3275001.0 3275000.0 0.0542976738396 0.0515230916019 0.054044034085 0.05797872502
Herato07 Herato0701 3325001.0 3325000.0 0.05649366736 0.05154104812 0.05665845872 0.06134289656
Herato07 Herato0701 3375001.0 3375000.0 0.0622021941 0.0565314042 0.06215959644 0.06925238082
Herato07 Herato0701 3425001.0 3425000.0 0.0773668694472 0.0734436715314 0.076642790364 0.086471048396
Herato07 Herato0701 3475001.0 3475000.0 0.0883249116256 0.0840242784166 0.0881625635132 0.092367765468
Herato07 Herato0701 3525001.0 3525000.0 0.06052503507 0.056936686656 0.0607257296 0.063295545632
Herato07 Herato0701 3575001.0 3575000.0 0.0557390440494 0.0497290570779 0.0553328505954 0.0641355002776
Herato07 Herato0701 3625001.0 3625000.0 0.044243077161 0.0396254566374 0.0439824165576 0.048997146069
Herato07 Herato0701 3675001.0 3675000.0 0.059506503568 0.054385351054 0.059649155096 0.06411204948
Herato07 Herato0701 3725001.0 3725000.0 0.05027797374 0.0431252114718 0.050523282182 0.05846119852
Herato07 Herato0701 3775001.0 3775000.0 0.0462368458096 0.0361379756215 0.0461441689617 0.0622034006283
Herato07 Herato0701 3825001.0 3825000.0 0.0406489705813 0.0344971041255 0.0395133429352 0.0518124644576
Herato07 Herato0701 3875001.0 3875000.0 0.034705263422 0.032385261721 0.034566558116 0.03849537065
Herato07 Herato0701 3925001.0 3925000.0 0.06443175916 0.05997384934 0.06424789634 0.06978694468
Herato07 Herato0701 3975001.0 3975000.0 0.059135902612 0.049857596958 0.059288487344 0.069118017322
Herato07 Herato0701 4025001.0 4025000.0 0.049041273636 0.0444619596608 0.0492425996192 0.053653904472
Herato07 Herato0701 4075001.0 4075000.0 0.0409375499828 0.0366108156046 0.0410322770308 0.0455743566
Herato07 Herato0701 4125001.0 4125000.0 0.049060265316 0.039335950262 0.0484367854806 0.0625144366524
Herato07 Herato0701 4175001.0 4175000.0 0.04294626698 0.039534630832 0.04287889016 0.04670185192
Herato07 Herato0701 4225001.0 4225000.0 0.02906075439 0.025261532246 0.028696375994 0.033719972816
Herato07 Herato0701 4275001.0 4275000.0 0.046286175246 0.036156377196 0.045310183836 0.061328746034
Herato07 Herato0701 4325001.0 4325000.0 0.035671313838 0.02829650432 0.034705968512 0.049892454532
Herato07 Herato0701 4375001.0 4375000.0 0.0299825118654 0.0277352908826 0.0298622501402 0.032970844424
Herato07 Herato0701 4425001.0 4425000.0 0.039142568646 0.030812069348 0.038649469744 0.049912444342
Herato07 Herato0701 4475001.0 4475000.0 0.028064310052 0.026059018636 0.02808798129 0.030110304808
Herato07 Herato0701 4525001.0 4525000.0 0.0307314013576 0.0268245416221 0.0303785250044 0.0356114265612
Herato07 Herato0701 4575001.0 4575000.0 0.05721912658 0.049286236398 0.056714979594 0.070035466064
Herato07 Herato0701 4625001.0 4625000.0 0.056262369 0.04713569066 0.0556822625 0.06722350636
Herato07 Herato0701 4675001.0 4675000.0 0.069162481398 0.065965266446 0.068892864572 0.073138241558
Herato07 Herato0701 4725001.0 4725000.0 0.0474736318435 0.0415432098637 0.0476121971654 0.0540855979266
Herato07 Herato0701 4775001.0 4775000.0 0.032092058308 0.02880370706 0.032150847662 0.035482995694
Herato07 Herato0701 4825001.0 4825000.0 0.0511701148 0.0467646295 0.05117326474 0.0559178985
Herato07 Herato0701 4875001.0 4875000.0 0.037628940109 0.0343817774195 0.0375288507736 0.04143174912
Herato07 Herato0701 4925001.0 4925000.0 0.03341668311 0.031750868549 0.033412198898 0.035592352378
Herato07 Herato0701 4975001.0 4975000.0 0.03082763059 0.0274230838 0.030466868146 0.036745225662
Herato07 Herato0701 5025001.0 5025000.0 0.032898818227 0.0261258199795 0.0324961170224 0.0414347416616
Herato07 Herato0701 5075001.0 5075000.0 0.036134819428 0.034102900166 0.036131133896 0.038547215022
Herato07 Herato0701 5125001.0 5125000.0 0.0359236936 0.032332168548 0.035594056 0.04088762386
Herato07 Herato0701 5175001.0 5175000.0 0.017200022252 0.015912957516 0.01716464551 0.018703377758
Herato07 Herato0701 5225001.0 5225000.0 0.046780027812 0.035748517514 0.044736685668 0.076808999496
Herato07 Herato0701 5275001.0 5275000.0 0.070213355012 0.0651023267821 0.069756574257 0.076941247998
Herato07 Herato0701 5325001.0 5325000.0 0.0468162766038 0.0429802374334 0.0467756456944 0.0508520970746
Herato07 Herato0701 5375001.0 5375000.0 0.0534352468766 0.0470518477424 0.0530367373488 0.0612374786526
Herato07 Herato0701 5425001.0 5425000.0 0.038927458186 0.0332273946772 0.0390747535762 0.0446981837744
Herato07 Herato0701 5475001.0 5475000.0 0.023110694384 0.02031235623 0.023014574488 0.025872498324
Herato07 Herato0701 5525001.0 5525000.0 0.0250616787494 0.0212708071887 0.0247210463972 0.0301684582244
Herato07 Herato0701 5575001.0 5575000.0 0.0171701382444 0.0151226155302 0.0170857196456 0.0197904346404
Herato07 Herato0701 5625001.0 5625000.0 0.046898894274 0.04342773491 0.046663840792 0.05094388301
Herato07 Herato0701 5675001.0 5675000.0 0.04003653996 0.0370010081 0.04017003698 0.04385365092
Herato07 Herato0701 5725001.0 5725000.0 0.0293548520384 0.0266264925285 0.0292341833618 0.032712179186
Herato07 Herato0701 5775001.0 5775000.0 0.074484641634 0.065342635284 0.074537280228 0.08525822434
Herato07 Herato0701 5825001.0 5825000.0 0.0499880144714 0.0406760566548 0.0497338677954 0.060835680306
Herato07 Herato0701 5875001.0 5875000.0 0.05582204729 0.0535426890472 0.055544021736 0.059235555194
Herato07 Herato0701 5925001.0 5925000.0 0.062028304426 0.0543917504945 0.0616639341038 0.0710108068416
Herato07 Herato0701 5975001.0 5975000.0 0.052980273478 0.04502745829 0.052583423442 0.063776921324
Herato07 Herato0701 6025001.0 6025000.0 0.0532034032 0.0496096785 0.053178135778 0.05711726106
Herato07 Herato0701 6075001.0 6075000.0 0.061938488794 0.0559388532714 0.062157489245 0.06823290351
Herato07 Herato0701 6125001.0 6125000.0 0.050752657312 0.045655713846 0.050860875908 0.05654942079
Herato07 Herato0701 6175001.0 6175000.0 0.047712825822 0.045125287502 0.04761916418 0.050857038354
Herato07 Herato0701 6225001.0 6225000.0 0.07020333742 0.06365264074 0.06970345834 0.08041629296
Herato07 Herato0701 6275001.0 6275000.0 0.047436575432 0.042217021894 0.047211117032 0.053173364016
Herato07 Herato0701 6325001.0 6325000.0 0.033877224526 0.031720888416 0.033916959834 0.035963723448
Herato07 Herato0701 6375001.0 6375000.0 0.04868085229 0.034963903142 0.049616017808 0.059982115274
Herato07 Herato0701 6425001.0 6425000.0 0.034101332988 0.02950691798 0.033991288704 0.039343506708
Herato07 Herato0701 6475001.0 6475000.0 0.0317439198 0.029833810988 0.03185957982 0.03364908182
Herato07 Herato0701 6525001.0 6525000.0 0.0249270584074 0.0224023419248 0.0248961017808 0.027728464316
Herato07 Herato0701 6575001.0 6575000.0 0.038638804622 0.033444889854 0.03819172963 0.04505132414
Herato07 Herato0701 6625001.0 6625000.0 0.043642684658 0.0392723917774 0.043577004804 0.04843928427
Herato07 Herato0701 6675001.0 6675000.0 0.0319284810902 0.0233440003752 0.0311073857794 0.0449297614988
Herato07 Herato0701 6725001.0 6725000.0 0.0614838337692 0.0559459988634 0.0613080493904 0.0680791097372
Herato07 Herato0701 6775001.0 6775000.0 0.049172805446 0.043687683488 0.048733475616 0.059304897862
Herato07 Herato0701 6825001.0 6825000.0 0.0554785119856 0.0493709645044 0.0548830628584 0.063526971902
Herato07 Herato0701 6875001.0 6875000.0 0.06518985488 0.06287616798 0.06501053824 0.06842845268
Herato07 Herato0701 6925001.0 6925000.0 0.070762947648 0.067364215096 0.070793642428 0.074289445252
Herato07 Herato0701 6975001.0 6975000.0 0.066045385866 0.051712938238 0.059515657594 0.10427229949
Herato07 Herato0701 7025001.0 7025000.0 0.059849478578 0.0560562129 0.060078363148 0.063180331858
Herato07 Herato0701 7075001.0 7075000.0 0.037286219472 0.03390845033 0.03714485135 0.040586639688
Herato07 Herato0701 7125001.0 7125000.0 0.033060728982 0.0287181792293 0.0325956616824 0.040645802727
Herato07 Herato0701 7175001.0 7175000.0 0.0573868625192 0.0511158823531 0.056993043226 0.064931143244
Herato07 Herato0701 7225001.0 7225000.0 0.073941736166 0.0613122002637 0.0731022511116 0.089606741826
Herato07 Herato0701 7275001.0 7275000.0 0.06289679062 0.0592561478636 0.063140881362 0.066282452084
Herato07 Herato0701 7325001.0 7325000.0 0.0550713358672 0.0494842742705 0.0549616800504 0.06364116559
Herato07 Herato0701 7375001.0 7375000.0 0.051581989528 0.043198308248 0.050773595792 0.064279111276
Herato07 Herato0701 7425001.0 7425000.0 0.05863495918 0.05065707312 0.057967172326 0.069178745838
Herato07 Herato0701 7475001.0 7475000.0 0.056874896892 0.050014764066 0.056769962366 0.06530534848
Herato07 Herato0701 7525001.0 7525000.0 0.051707136962 0.04678434873 0.051399460774 0.063344127568
Herato07 Herato0701 7575001.0 7575000.0 0.038064513584 0.031293294442 0.038117663782 0.04495282783
Herato07 Herato0701 7625001.0 7625000.0 0.042255083634 0.03790245353 0.042228157442 0.046468634796
Herato07 Herato0701 7675001.0 7675000.0 0.033271432964 0.029105814716 0.033033456762 0.039115795092
Herato07 Herato0701 7725001.0 7725000.0 0.0580428103699 0.0553700476011 0.0580011591005 0.061442886598
Herato07 Herato0701 7775001.0 7775000.0 0.0498490214664 0.0466604356711 0.0495886143512 0.05352941326
Herato07 Herato0701 7825001.0 7825000.0 0.041512251922 0.038362705772 0.04156790871 0.04447497934
Herato07 Herato0701 7875001.0 7875000.0 0.0389901130996 0.0302891891635 0.0370090242321 0.0551845316582
Herato07 Herato0701 7925001.0 7925000.0 0.083966985562 0.069579289047 0.083383009852 0.09966465154
Herato07 Herato0701 7975001.0 7975000.0 0.052742438614 0.04570918167 0.052446493284 0.06323682762
Herato07 Herato0701 8025001.0 8025000.0 0.04941213992 0.047652725184 0.04957254402 0.05134286084
Herato07 Herato0701 8075001.0 8075000.0 0.060812189448 0.053799190928 0.059781839166 0.075390663268
Herato07 Herato0701 8125001.0 8125000.0 0.065435444706 0.058609053084 0.065363933962 0.07599594676
Herato07 Herato0701 8175001.0 8175000.0 0.044023130208 0.0367084152266 0.043694136186 0.053758830428
Herato07 Herato0701 8225001.0 8225000.0 0.04855103189 0.046432228963 0.048474895958 0.050310041662
Herato07 Herato0701 8275001.0 8275000.0 0.063945285908 0.0593950367088 0.063856866934 0.0685715942
Herato07 Herato0701 8325001.0 8325000.0 0.0361393113034 0.0299416118806 0.036562099156 0.039479449442
Herato07 Herato0701 8375001.0 8375000.0 0.06170747638 0.057874632958 0.06187591226 0.0657312111
Herato07 Herato0701 8425001.0 8425000.0 0.0736693727252 0.0601771541648 0.0729333271554 0.0903691742098
Herato07 Herato0701 8475001.0 8475000.0 0.03603278284 0.031666196452 0.035988056022 0.04155026712
Herato07 Herato0701 8525001.0 8525000.0 0.04946615489 0.0438953862649 0.0501085198124 0.05578083344
Herato07 Herato0701 8575001.0 8575000.0 0.030689056304 0.027117898504 0.030699666218 0.034305359898
Herato07 Herato0701 8625001.0 8625000.0 0.046636402694 0.043658040116 0.046393515316 0.050111121214
Herato07 Herato0701 8675001.0 8675000.0 0.05665598954 0.05348793968 0.05621758174 0.06075216158
Herato07 Herato0701 8725001.0 8725000.0 0.057742036398 0.053826779532 0.057105771148 0.063204254242
Herato07 Herato0701 8775001.0 8775000.0 0.066684142122 0.061999835608 0.066672448562 0.071785549032
Herato07 Herato0701 8825001.0 8825000.0 0.0637493348828 0.054118435799 0.0620091098644 0.0795055071244
Herato07 Herato0701 8875001.0 8875000.0 0.06892256608 0.06561535254 0.06930749678 0.07223127732
Herato07 Herato0701 8925001.0 8925000.0 0.0566532696108 0.0543924256035 0.0563561488272 0.059819054048
Herato07 Herato0701 8975001.0 8975000.0 0.07167275826 0.06470355948 0.07158437728 0.0790722178
Herato07 Herato0701 9025001.0 9025000.0 0.067903422764 0.062015091768 0.067616426544 0.074494113944
Herato07 Herato0701 9075001.0 9075000.0 0.029515342216 0.024982682188 0.02931434264 0.038159044328
Herato07 Herato0701 9125001.0 9125000.0 0.0226765292996 0.0204967239404 0.022601870802 0.0250043079632
Herato07 Herato0701 9175001.0 9175000.0 0.061675202464 0.055309373526 0.061561171388 0.06945717785
Herato07 Herato0701 9225001.0 9225000.0 0.0510876187856 0.0425981162841 0.0512788447807 0.0606931682224
Herato07 Herato0701 9275001.0 9275000.0 0.054184414552 0.0496023418182 0.0540733952902 0.059268129111
Herato07 Herato0701 9325001.0 9325000.0 0.067761024324 0.064516697584 0.067521181018 0.071660789696
Herato07 Herato0701 9375001.0 9375000.0 0.06329077882 0.06238322458 0.06295760052 0.06492490072
Herato07 Herato0701 9425001.0 9425000.0 0.0507970070224 0.0432901905004 0.0503347577908 0.060441010878
Herato07 Herato0701 9475001.0 9475000.0 0.04233943442 0.03909024164 0.04218981692 0.04705804232
Herato07 Herato0701 9525001.0 9525000.0 0.079521290298 0.0719922923044 0.079099321802 0.087829806336
Herato07 Herato0701 9575001.0 9575000.0 0.05735393806 0.05487881088 0.0574602287 0.05951717738
Herato07 Herato0701 9625001.0 9625000.0 0.054808203318 0.0498408908 0.054482774902 0.062505066002
Herato07 Herato0701 9675001.0 9675000.0 0.045743084914 0.041755788548 0.045722626766 0.050146301524
Herato07 Herato0701 9725001.0 9725000.0 0.02226138194 0.019541943414 0.022269804186 0.025428069696
Herato07 Herato0701 9775001.0 9775000.0 0.03351625545 0.0287277212204 0.033270448979 0.0396470563
Herato07 Herato0701 9825001.0 9825000.0 0.031051733097 0.0232282335591 0.029649579392 0.045496141927
Herato07 Herato0701 9875001.0 9875000.0 0.035912171472 0.030757635283 0.0361997661732 0.0431995767398
Herato07 Herato0701 9925001.0 9925000.0 0.037396450534 0.03053880854 0.036697683334 0.046408242616
Herato07 Herato0701 9975001.0 9975000.0 0.076591653402 0.065341607368 0.076284575994 0.089829027844
Herato07 Herato0701 10025001.0 10025000.0 0.0940058932 0.081219650534 0.0942424227 0.10843563704
Herato07 Herato0701 10075001.0 10075000.0 0.05995266394 0.05433765062 0.05984028712 0.0672276564
Herato07 Herato0701 10125001.0 10125000.0 0.0456281075251 0.037988006773 0.0449235413741 0.056811880447
Herato07 Herato0701 10175001.0 10175000.0 0.0374913087662 0.0149004663673 0.0354314318202 0.0766850642222
Herato07 Herato0701 10225001.0 10225000.0 0.0321116660892 0.0270117213517 0.0318378224082 0.0389558261024
Herato07 Herato0701 10275001.0 10275000.0 0.06831546125 0.064609749066 0.068095858064 0.07302139219
Herato07 Herato0701 10325001.0 10325000.0 0.075629347103 0.0661870052769 0.0753550331982 0.08565366319
Herato07 Herato0701 10375001.0 10375000.0 0.061646959496 0.05812516831 0.061435439732 0.066033109812
Herato07 Herato0701 10425001.0 10425000.0 0.084706360155 0.07526573715 0.0845046259494 0.095361806725
Herato07 Herato0701 10475001.0 10475000.0 0.0639214894892 0.0566686856769 0.0635370614245 0.072668820358
Herato07 Herato0701 10525001.0 10525000.0 0.05884180564 0.05533065252 0.05870172826 0.0629135783
Herato07 Herato0701 10575001.0 10575000.0 0.06744632608 0.06186497196 0.0672395952 0.07434313076
Herato07 Herato0701 10625001.0 10625000.0 0.06547598022 0.05916074082 0.06467623182 0.07394483678
Herato07 Herato0701 10675001.0 10675000.0 0.0544145518 0.0520847346 0.05423473116 0.05735267656
Herato07 Herato0701 10725001.0 10725000.0 0.06753371934 0.06431784954 0.06718105472 0.07285006076
Herato07 Herato0701 10775001.0 10775000.0 0.0691927417172 0.053795329533 0.0685114365698 0.092130547484
Herato07 Herato0701 10825001.0 10825000.0 0.0550629199114 0.0514972942514 0.0549182487226 0.06001095809
Herato07 Herato0701 10875001.0 10875000.0 0.0513661747386 0.0459056860288 0.0507659882418 0.0597071476938
Herato07 Herato0701 10925001.0 10925000.0 0.061565104292 0.0548849214 0.061715107126 0.06844294246
Herato07 Herato0701 10975001.0 10975000.0 0.07176030512 0.06795351942 0.07134870976 0.07563779844
Herato07 Herato0701 11025001.0 11025000.0 0.029468198764 0.026323783282 0.029394582612 0.033013210326
Herato07 Herato0701 11075001.0 11075000.0 0.023839170158 0.020037296558 0.023829352698 0.028019950892
Herato07 Herato0701 11125001.0 11125000.0 0.08533130883 0.071803992062 0.082690470762 0.10929501357
Herato07 Herato0701 11175001.0 11175000.0 0.0460592760762 0.0420442183187 0.0459531753851 0.0501949360438
Herato07 Herato0701 11225001.0 11225000.0 0.053971590402 0.0491623743855 0.0539274101116 0.0592663886072
Herato07 Herato0701 11275001.0 11275000.0 0.0647975981359 0.0579572783342 0.0648154785608 0.0716857157662
Herato07 Herato0701 11325001.0 11325000.0 0.0558073489394 0.0383323776493 0.0525106544542 0.0887527797656
Herato07 Herato0701 11375001.0 11375000.0 0.026556614916 0.022802789164 0.02658170981 0.029284525656
Herato07 Herato0701 11425001.0 11425000.0 0.0326766716958 0.0229310022453 0.0312608262644 0.0515044225002
Herato07 Herato0701 11475001.0 11475000.0 0.044336822182 0.039283174522 0.044428717964 0.0536761627
Herato07 Herato0701 11525001.0 11525000.0 0.05092125488 0.04440205268 0.0508496334 0.05828895592
Herato07 Herato0701 11575001.0 11575000.0 0.042487578604 0.038570839448 0.04242362674 0.046525322512
Herato07 Herato0701 11625001.0 11625000.0 0.039905367348 0.036486451298 0.03983179225 0.043958017274
Herato07 Herato0701 11675001.0 11675000.0 0.017019657537 0.0138944985058 0.0168679631096 0.0207143942188
Herato07 Herato0701 11725001.0 11725000.0 0.0441470641792 0.0298754168634 0.0430199223282 0.0652872807266
Herato07 Herato0701 11775001.0 11775000.0 0.0243730427516 0.0178852793318 0.0237880580258 0.0345860004
Herato07 Herato0701 11825001.0 11825000.0 0.0414663616846 0.0279391934613 0.0406704231179 0.0598577468298
Herato07 Herato0701 11875001.0 11875000.0 0.0425923374436 0.032446626662 0.0413397683192 0.0597072266554
Herato07 Herato0701 11925001.0 11925000.0 0.07824504391 0.074584617574 0.07849585803 0.08132041936
Herato07 Herato0701 11975001.0 11975000.0 0.0658513492308 0.0619671007736 0.065938126078 0.0695532535794
Herato07 Herato0701 12025001.0 12025000.0 0.0681661796 0.06503442818 0.06781432652 0.0719034375
Herato07 Herato0701 12075001.0 12075000.0 0.068531467386 0.0639667842564 0.068259389204 0.074121457472
Herato07 Herato0701 12125001.0 12125000.0 0.03578722512 0.031083286506 0.03584467344 0.03962180946
Herato07 Herato0701 12175001.0 12175000.0 0.033908054378 0.0271557939315 0.0336871500448 0.043462276902
Herato07 Herato0701 12225001.0 12225000.0 0.041566321832 0.0362297470246 0.0418006949808 0.046454905194
Herato07 Herato0701 12275001.0 12275000.0 0.0472117793624 0.0443235749873 0.0470722454114 0.0514574335036
Herato07 Herato0701 12325001.0 12325000.0 0.0655049028441 0.0555359723868 0.0637792318378 0.0833576403008
Herato07 Herato0701 12375001.0 12375000.0 0.057214361888 0.0453646824872 0.056116255044 0.075495523918
Herato07 Herato0701 12425001.0 12425000.0 0.05749919172 0.05354355116 0.05752007158 0.0614620051
Herato07 Herato0701 12475001.0 12475000.0 0.05654072708 0.05273755138 0.05647442016 0.06089223832
Herato07 Herato0701 12525001.0 12525000.0 0.028982913306 0.027512185866 0.02924334547 0.030432750996
Herato07 Herato0701 12575001.0 12575000.0 0.0476091683576 0.0433837976568 0.0474436435466 0.052377454712
Herato07 Herato0701 12625001.0 12625000.0 0.0325511649878 0.029435797353 0.0324199500046 0.036315698058
Herato07 Herato0701 12675001.0 12675000.0 0.0461477192 0.0446912803 0.04599269662 0.04831225772
Herato07 Herato0701 12725001.0 12725000.0 0.038058060098 0.033722031078 0.038069863276 0.04261259484
Herato07 Herato0701 12775001.0 12775000.0 0.034468300292 0.0308814884084 0.034471540796 0.03857412891
Herato07 Herato0701 12825001.0 12825000.0 0.041313943428 0.0295369381684 0.039040381548 0.068717392312
Herato07 Herato0701 12875001.0 12875000.0 0.026532302661 0.0190770428088 0.0255008555736 0.037767006853
Herato07 Herato0701 12925001.0 12925000.0 0.0339610092568 0.0195547065158 0.0312556445884 0.0682944022092
Herato07 Herato0701 12975001.0 12975000.0 0.06564572321 0.062075869176 0.065847539762 0.068944640788
Herato07 Herato0701 13025001.0 13025000.0 0.0350771300688 0.0288344432762 0.0339468655398 0.044235815952
Herato07 Herato0701 13075001.0 13075000.0 0.066310291956 0.05998342105 0.06698158042 0.070233881312
Herato07 Herato0701 13125001.0 13125000.0 0.13257748588 0.11098141684 0.13430301336 0.15324894376
Herato07 Herato0701 13175001.0 13175000.0 0.096068954918 0.090241917934 0.09612203278 0.10239758794
Herato07 Herato0701 13225001.0 13225000.0 0.078974136468 0.07151827782 0.078809319566 0.087871705172
Herato07 Herato0701 13275001.0 13275000.0 0.081418032476 0.07582221526 0.080957186784 0.088050656388
Herato07 Herato0701 13325001.0 13325000.0 0.082474775314 0.076420082726 0.0823300853 0.08890406396
Herato07 Herato0701 13375001.0 13375000.0 0.08218693422 0.071156198984 0.08310969768 0.09434741788
Herato07 Herato0701 13425001.0 13425000.0 0.060675503177 0.0514204660537 0.0606458088752 0.0680931764502
Herato07 Herato0701 13475001.0 13475000.0 0.0792341214388 0.0726347731886 0.0789599695849 0.087185191468
Herato07 Herato0701 13525001.0 13525000.0 0.0608462231161 0.0535778324732 0.0606249841555 0.0690302738298
Herato07 Herato0701 13575001.0 13575000.0 0.070752468286 0.0625775894059 0.069941897234 0.081599394244
Herato07 Herato0701 13625001.0 13625000.0 0.067982584904 0.0643277307188 0.067846402558 0.071920657574
Herato07 Herato0701 13675001.0 13675000.0 0.069986068386 0.0626920002332 0.070154540894 0.077515602694
Herato07 Herato0701 13725001.0 13725000.0 0.087764768632 0.0838574871426 0.087863581628 0.09159268433
Herato07 Herato0701 13775001.0 13775000.0 0.08212779149 0.0738859094473 0.08213973234 0.08890794661
Herato07 Herato0701 13825001.0 13825000.0 0.1228193901 0.11687761185 0.12254159952 0.12869158616
Herato07 Herato0701 13875001.0 13875000.0 0.08106077164 0.07650714032 0.0812428316 0.0877522682
Herato07 Herato0701 13925001.0 13925000.0 0.05839693112 0.05399149202 0.05822390622 0.06256419794
Herato07 Herato0701 13975001.0 13975000.0 0.081882852242 0.067659505822 0.081082916446 0.099253477996
Herato07 Herato0701 14025001.0 14025000.0 0.04658403848 0.04254926164 0.046451381396 0.051456201818
Herato07 Herato0701 14075001.0 14075000.0 0.0381487036968 0.033996479854 0.0381856144771 0.0427686874916
Herato07 Herato0701 14125001.0 14125000.0 0.058319283808 0.0440364994944 0.056925815024 0.080886461924
Herato07 Herato0701 14175001.0 14175000.0 0.070218508082 0.065611191934 0.069968136752 0.075178010556
Herato07 Herato0701 14225001.0 14225000.0 0.098103692516 0.0897519210898 0.0986068776292 0.10647021998
Herato07 Herato0701 14275001.0 14275000.0 0.0921677721514 0.0865183792889 0.0921779679892 0.098488399242
Herato07 Herato0701 14325001.0 14325000.0 0.030005468034 0.0241891784878 0.0295396010496 0.04138146965
Herato07 Herato0701 14375001.0 14375000.0 0.02739998333 0.02375442146 0.02726812108 0.03141885216
Herato07 Herato0701 14425001.0 14425000.0 0.15329808752 0.11744529278 0.15291460254 0.18877087028
Herato07 Herato0701 14475001.0 14475000.0 0.07602416952 0.07366387112 0.07596182554 0.07811310044
Herato07 Herato0701 14525001.0 14525000.0 0.0938299242452 0.0893842102887 0.093682981919 0.0982913941868
Herato07 Herato0701 14575001.0 14575000.0 0.062997527576 0.0589658197744 0.0632668826818 0.0670200549556
Herato07 Herato0701 14625001.0 14625000.0 0.094214356932 0.089897951094 0.094039327008 0.099538332772
Herato07 Herato0701 14675001.0 14675000.0 0.060253362836 0.056352637436 0.059762737338 0.064550118524
Herato07 Herato0701 14725001.0 14725000.0 0.05411588149 0.048219991228 0.05368437448 0.06081318514
Herato07 Herato0701 14775001.0 14775000.0 0.06408837222 0.0602693222172 0.063897148326 0.068921653682
Herato07 Herato0701 14825001.0 14825000.0 0.06484683584 0.0615255668 0.06552538136 0.06648499136
Herato07 Herato0701 14875001.0 14875000.0 0.045468116732 0.0393087699634 0.04528334263 0.051986581364
Herato07 Herato0701 14925001.0 14925000.0 0.06938852992 0.0620099845508 0.069000568045 0.078333832003
Herato07 Herato0701 14975001.0 14975000.0 0.07570640246 0.06542053346 0.07634933372 0.08609263082
Herato07 Herato0701 15025001.0 15025000.0 0.028630441414 0.024969005324 0.028153867148 0.03568979942
Herato07 Herato0701 15075001.0 15075000.0 0.046287189906 0.042006405566 0.045907815932 0.05182817111
Herato07 Herato0701 15125001.0 15125000.0 0.051170864932 0.041239477508 0.050628907588 0.063079399206
Herato07 Herato0701 15175001.0 15175000.0 0.0417439580088 0.0378515457421 0.0418180081934 0.0456169824298
Herato07 Herato0701 15225001.0 15225000.0 0.065602497316 0.0547978704776 0.06406446952 0.0776601937
Herato07 Herato0701 15275001.0 15275000.0 0.0617871424426 0.056987229038 0.0618927924964 0.06517098723
Herato07 Herato0701 15325001.0 15325000.0 0.074704537346 0.06654681801 0.073257005394 0.08865952296
Herato07 Herato0701 15375001.0 15375000.0 0.0381989358146 0.0340503248547 0.038347102183 0.0430818943922
Herato07 Herato0701 15425001.0 15425000.0 0.06793339598 0.06150688428 0.06754846024 0.0751732502
Herato07 Herato0701 15475001.0 15475000.0 0.0520111244808 0.0490399760278 0.0519110167084 0.055418928352
Herato07 Herato0701 15525001.0 15525000.0 0.078826973034 0.0737153609748 0.078906737598 0.08221288878
Herato07 Herato0701 15575001.0 15575000.0 0.061061985246 0.0547994983186 0.060956463498 0.068552990346
Herato07 Herato0701 15625001.0 15625000.0 0.0381229366 0.03704796372 0.03805253948 0.03938683958
Herato07 Herato0701 15675001.0 15675000.0 0.029945782084 0.028919233424 0.029879768282 0.031269467078
Herato07 Herato0701 15725001.0 15725000.0 0.023695312552 0.021813538582 0.023658430172 0.025471008574
Herato07 Herato0701 15775001.0 15775000.0 0.02888619146 0.027057406764 0.02877994372 0.03035700018
Herato07 Herato0701 15825001.0 15825000.0 0.03198703338 0.03120211394 0.03193516042 0.03306133206
Herato07 Herato0701 15875001.0 15875000.0 0.02724191774 0.026012371712 0.027222637264 0.028326980994
Herato07 Herato0701 15925001.0 15925000.0 0.03379086464 0.03283412062 0.03372172534 0.0348903098
Herato07 Herato0701 15975001.0 15975000.0 0.028692316982 0.026521471572 0.028612710082 0.03151356638
Herato07 Herato0701 16025001.0 16025000.0 0.026773139932 0.024719061248 0.026839025314 0.028826977754
Herato07 Herato0701 16075001.0 16075000.0 0.0250974821 0.023224300088 0.025038780654 0.02732668706
Herato07 Herato0701 16125001.0 16125000.0 0.031730377602 0.02072411038 0.028910879828 0.06031211067
Herato07 Herato0701 16175001.0 16175000.0 0.019138391086 0.01452925161 0.01835091113 0.028250499214
Herato07 Herato0701 16225001.0 16225000.0 0.032992982014 0.028041915532 0.033541601626 0.037208269936
Herato07 Herato0701 16275001.0 16275000.0 0.021722408524 0.02024929441 0.021645470562 0.023682603704
Herato07 Herato0701 16325001.0 16325000.0 0.03949181484 0.0353336231 0.039364833842 0.04465544998
Herato07 Herato0701 16375001.0 16375000.0 0.034978441024 0.02862716548 0.034839429716 0.04081520292
Herato07 Herato0701 16425001.0 16425000.0 0.033756592248 0.030491281408 0.03364751947 0.037493259276
Herato07 Herato0701 16475001.0 16475000.0 0.042299509136 0.03997979935 0.042124839888 0.04545945024
Herato07 Herato0701 16525001.0 16525000.0 0.04297051144 0.037238875096 0.043216949242 0.047360827
Herato07 Herato0701 16575001.0 16575000.0 0.033452115784 0.030565761718 0.03333127846 0.037068881126
Herato07 Herato0701 16625001.0 16625000.0 0.033157139304 0.027713761226 0.033164189668 0.03851025291
Herato07 Herato0701 16675001.0 16675000.0 0.029924808984 0.026985796458 0.029993399306 0.032386385936
Herato07 Herato0701 16725001.0 16725000.0 0.025941302484 0.023683931246 0.02582135684 0.028744645258
Herato07 Herato0701 16775001.0 16775000.0 0.029758337874 0.026625759062 0.029658473472 0.03354246739
Herato07 Herato0701 16825001.0 16825000.0 0.02511445152 0.0225253774158 0.0251442150832 0.027859200812
Herato07 Herato0701 16875001.0 16875000.0 0.0376852402168 0.0317256722079 0.0378417186198 0.0434467013976
Herato07 Herato0701 16925001.0 16925000.0 0.041515989616 0.038034753336 0.041573333828 0.045138304122
Herato07 Herato0701 16975001.0 16975000.0 0.0381231421712 0.0323207239201 0.0378851468731 0.045234574616
Herato07 Herato0701 17025001.0 17025000.0 0.043930009014 0.040720824392 0.043804911632 0.047312009594
Herato07 Herato0701 17075001.0 17075000.0 0.0428696566826 0.0382359734816 0.0428439737726 0.047669991318
Herato07 Herato0701 17125001.0 17125000.0 0.0809456608565 0.0710962974413 0.0810020852814 0.0927535029052
Herato07 Herato0701 17175001.0 17175000.0 0.0545702311774 0.0419364588062 0.0543115197626 0.0650727897248
Herato07 Herato0701 17225001.0 17225000.0 0.0502176611666 0.0454031158312 0.0498136711234 0.0563105336204
Herato07 Herato0701 17275001.0 17275000.0 0.07122818226 0.06085942218 0.071053834606 0.08381101636
Herato07 Herato0701 17325001.0 17325000.0 0.028611708012 0.026657048976 0.028507848454 0.03130694789
Herato07 Herato0701 17375001.0 17375000.0 0.0302463113556 0.0272634603832 0.0302355210508 0.03343862571
Herato07 Herato0701 17425001.0 17425000.0 0.039560306442 0.031153261898 0.039547979566 0.049219970874
Herato07 Herato0701 17475001.0 17475000.0 0.0354455641722 0.0310009341663 0.0353229908998 0.040903950152
Herato07 Herato0701 17525001.0 17525000.0 0.0273404696968 0.0242295009644 0.0273057880392 0.0306346705542
Herato07 Herato0701 17575001.0 17575000.0 0.0358658803326 0.0287663452872 0.0344192673994 0.053506920194
Herato07 Herato0701 17625001.0 17625000.0 0.05493486346 0.051077416374 0.05515573554 0.05814749672
Herato07 Herato0701 17675001.0 17675000.0 0.028676449236 0.026010130732 0.028592027188 0.031690145366
Herato07 Herato0701 17725001.0 17725000.0 0.0460237717216 0.0341621563005 0.0451636503743 0.062423420624
Herato07 Herato0701 17775001.0 17775000.0 0.0274446628 0.02423504694 0.027229457 0.03139893098
Herato07 Herato0701 17825001.0 17825000.0 0.03464226874 0.0324360740184 0.034668422736 0.036352272772
Herato07 Herato0701 17875001.0 17875000.0 0.036158725474 0.033857664919 0.035874209688 0.038622114
Herato07 Herato0701 17925001.0 17925000.0 0.03119970496 0.02956158698 0.03109971484 0.03447073948
Herato07 Herato0701 17975001.0 17975000.0 0.03962007394 0.0365226245 0.03940357222 0.04344887008
Herato07 Herato0701 18025001.0 18025000.0 0.03817422802 0.03598330226 0.03806414936 0.0410209978
Herato07 Herato0701 18075001.0 18075000.0 0.038072449395 0.0354802313426 0.0382226083234 0.0408071621348
Herato07 Herato0701 18125001.0 18125000.0 0.032122712236 0.0285737115408 0.032268848778 0.036179743094
Herato07 Herato0701 18175001.0 18175000.0 0.023862316224 0.022198828257 0.023676260522 0.025954984712
Herato07 Herato0701 18225001.0 18225000.0 0.0307420984622 0.0265572635001 0.0303612586638 0.0359371519742
Herato07 Herato0701 18275001.0 18275000.0 0.023273717072 0.019410984216 0.022023667716 0.028782018544
Herato07 Herato0701 18325001.0 18325000.0 0.01568094807 0.0142554874747 0.0157135322248 0.017196759451
Herato07 Herato0701 18375001.0 18375000.0 0.034175285428 0.0253940220054 0.0328695366394 0.0491384617808
Herato07 Herato0701 18425001.0 18425000.0 0.0108963401278 0.00946979989304 0.0108225259975 0.0127650548888
Herato07 Herato0701 18475001.0 18475000.0 0.02593927062 0.014546146234 0.025229106696 0.045538979652
Herato07 Herato0701 18525001.0 18525000.0 0.0356395674768 0.0295049929254 0.0352388117446 0.0428807934352
Herato07 Herato0701 18575001.0 18575000.0 0.0358336434734 0.0335266121777 0.0358495292288 0.038742857047
Herato07 Herato0701 18625001.0 18625000.0 0.03572313096 0.03321879054 0.03560749566 0.03829931632
Herato07 Herato0701 18675001.0 18675000.0 0.03942983442 0.03633782281 0.039435414 0.042477926328
Herato07 Herato0701 18725001.0 18725000.0 0.026334707362 0.02236582151 0.026328134476 0.031105654846
Herato07 Herato0701 18775001.0 18775000.0 0.025525275204 0.0232708162412 0.025593152008 0.02764203152
Herato07 Herato0701 18825001.0 18825000.0 0.0155837942554 0.011486747881 0.0154325953412 0.0193792708436
Herato07 Herato0701 18875001.0 18875000.0 0.0147800025828 0.0136919074394 0.0147961242858 0.0158949778672
Herato07 Herato0701 18925001.0 18925000.0 0.0132815861352 0.0079297739708 0.0124109365672 0.0234797231588
Herato07 Herato0701 18975001.0 18975000.0 0.013762387336 0.0114807789316 0.0139883043012 0.016400049898
Herato07 Herato0701 19025001.0 19025000.0 0.0260978472276 0.0119878801074 0.0235659204052 0.051889764971
