chrom scaffold Cposition position mean p0025 p0500 p0975
Herato13 Herato1301 25001.0 25000.0 0.0175038874858 0.0135429657612 0.0172445818196 0.0227037205552
Herato13 Herato1301 75001.0 75000.0 0.0252824923408 0.0201514887658 0.0250715036261 0.0321969208132
Herato13 Herato1301 125001.0 125000.0 0.00889839785 0.00548168813177 0.00835737683564 0.0169270595032
Herato13 Herato1301 175001.0 175000.0 0.0255106435142 0.0230111379341 0.0255575398248 0.0280908502806
Herato13 Herato1301 225001.0 225000.0 0.0294525780228 0.0225068849675 0.0285019678955 0.03885531698
Herato13 Herato1301 275001.0 275000.0 0.0886835948956 0.0662708830576 0.0857964809996 0.121687147751
Herato13 Herato1301 325001.0 325000.0 0.0438228213784 0.0351319104472 0.0442368817648 0.0532342354792
Herato13 Herato1301 375001.0 375000.0 0.037063780314 0.034487151324 0.037098897254 0.039486635228
Herato13 Herato1301 425001.0 425000.0 0.0425717254615 0.0390722095217 0.0424807737302 0.046301785779
Herato13 Herato1301 475001.0 475000.0 0.0421445318718 0.0381131583092 0.0419460949515 0.0478265976164
Herato13 Herato1301 525001.0 525000.0 0.05289256176 0.0502973472 0.05269370244 0.05677634454
Herato13 Herato1301 575001.0 575000.0 0.0479206089165 0.0398285423155 0.0484787525572 0.0551298172831
Herato13 Herato1301 625001.0 625000.0 0.04357475604 0.040056701392 0.043512929752 0.047339296434
Herato13 Herato1301 675001.0 675000.0 0.067998360278 0.045802246223 0.065356530006 0.105007073988
Herato13 Herato1301 725001.0 725000.0 0.063179933698 0.0464854349326 0.061668351622 0.0915977948206
Herato13 Herato1301 775001.0 775000.0 0.0303287723232 0.026139382541 0.0302399213488 0.03500394868
Herato13 Herato1301 825001.0 825000.0 0.0451864946941 0.0405226277757 0.0452360769661 0.0500847845818
Herato13 Herato1301 875001.0 875000.0 0.03497346848 0.03165370346 0.03482340462 0.03846243958
Herato13 Herato1301 925001.0 925000.0 0.021088435488 0.01869065886 0.020966332252 0.023789367694
Herato13 Herato1301 975001.0 975000.0 0.0559525100084 0.0530656213352 0.0557083642788 0.060906600842
Herato13 Herato1301 1025001.0 1025000.0 0.0326368875896 0.0294602152918 0.0326706748044 0.0357944655888
Herato13 Herato1301 1075001.0 1075000.0 0.04092723006 0.038649583412 0.040711087726 0.043988793562
Herato13 Herato1301 1125001.0 1125000.0 0.047531115302 0.042849292782 0.047245806274 0.056714192112
Herato13 Herato1301 1175001.0 1175000.0 0.0554773391718 0.0513959068561 0.0551593723084 0.060987796458
Herato13 Herato1301 1225001.0 1225000.0 0.049708584926 0.047713154272 0.049432034494 0.053099643282
Herato13 Herato1301 1275001.0 1275000.0 0.0391315615822 0.0346228580605 0.0389120489318 0.0448175551228
Herato13 Herato1301 1325001.0 1325000.0 0.0467052236974 0.0357994987816 0.0469667025672 0.056661352872
Herato13 Herato1301 1375001.0 1375000.0 0.047077885692 0.0396969244828 0.047892869646 0.05156066129
Herato13 Herato1301 1425001.0 1425000.0 0.050619816812 0.045651372715 0.0508698820784 0.05403528832
Herato13 Herato1301 1475001.0 1475000.0 0.064002047192 0.060198310278 0.063877602884 0.068055438972
Herato13 Herato1301 1525001.0 1525000.0 0.0708099324 0.06626430198 0.07052008546 0.07765798304
Herato13 Herato1301 1575001.0 1575000.0 0.071557026842 0.0672329609806 0.071394966016 0.076683800924
Herato13 Herato1301 1625001.0 1625000.0 0.05938355718 0.05746382796 0.05929152222 0.06186650034
Herato13 Herato1301 1675001.0 1675000.0 0.06063427101 0.0543783786904 0.060339564838 0.06765540017
Herato13 Herato1301 1725001.0 1725000.0 0.0429444385824 0.0328104344395 0.0436100865558 0.0535988712928
Herato13 Herato1301 1775001.0 1775000.0 0.0255019354716 0.0169376976191 0.0239382194461 0.0435831967973
Herato13 Herato1301 1825001.0 1825000.0 0.0165599118142 0.0081709994648 0.0146515201802 0.0387666435166
Herato13 Herato1301 1875001.0 1875000.0 0.0678093107664 0.041685673567 0.0623926349868 0.129831107971
Herato13 Herato1301 1925001.0 1925000.0 0.045580782898 0.0420797286739 0.0457760971264 0.0488245105244
Herato13 Herato1301 1975001.0 1975000.0 0.015697027016 0.01397778913 0.01560859039 0.01779990461
Herato13 Herato1301 2025001.0 2025000.0 0.042381948928 0.038548931648 0.042246015294 0.04694236573
Herato13 Herato1301 2075001.0 2075000.0 0.034769322706 0.03143796234 0.03470949905 0.03860482226
Herato13 Herato1301 2125001.0 2125000.0 0.0533532135916 0.0468844104767 0.0531866822456 0.0600589212504
Herato13 Herato1301 2175001.0 2175000.0 0.055351993271 0.0459877397174 0.0553522536126 0.06762276464
Herato13 Herato1301 2225001.0 2225000.0 0.0770960930075 0.0608782185093 0.0760440842576 0.0991800177334
Herato13 Herato1301 2275001.0 2275000.0 0.0476649794876 0.0414729872836 0.0479711043028 0.0546307222594
Herato13 Herato1301 2325001.0 2325000.0 0.0559172257136 0.0511398610293 0.0558057325109 0.0600559591072
Herato13 Herato1301 2375001.0 2375000.0 0.0540125887363 0.0495954325977 0.0542698549932 0.0578883037397
Herato13 Herato1301 2425001.0 2425000.0 0.06361535578 0.0597669704 0.06365018334 0.0676370261
Herato13 Herato1301 2475001.0 2475000.0 0.0703168337708 0.0573748606031 0.0687459333552 0.0930564956224
Herato13 Herato1301 2525001.0 2525000.0 0.063755062782 0.05749352196 0.063733630744 0.070773332438
Herato13 Herato1301 2575001.0 2575000.0 0.075135776498 0.0701052601 0.074933008784 0.08150748078
Herato13 Herato1301 2625001.0 2625000.0 0.0782117809 0.0746937091 0.07805508866 0.0820095504
Herato13 Herato1301 2675001.0 2675000.0 0.06386915202 0.06157944188 0.06376452192 0.06660283936
Herato13 Herato1301 2725001.0 2725000.0 0.0479102761 0.04613137904 0.04785175356 0.05028624892
Herato13 Herato1301 2775001.0 2775000.0 0.029227500868 0.0245786587432 0.0289231442888 0.0351784270382
Herato13 Herato1301 2825001.0 2825000.0 0.0458738795761 0.0267159786902 0.0437868565115 0.0721470193216
Herato13 Herato1301 2875001.0 2875000.0 0.059545660428 0.052551027088 0.058603148628 0.067814159152
Herato13 Herato1301 2925001.0 2925000.0 0.051069692224 0.0470593404 0.051218769138 0.057167515752
Herato13 Herato1301 2975001.0 2975000.0 0.058276829288 0.053812666146 0.058822525928 0.061831029892
Herato13 Herato1301 3025001.0 3025000.0 0.031783385142 0.0272622355 0.030984446054 0.039002718082
Herato13 Herato1301 3075001.0 3075000.0 0.051462171158 0.04051234182 0.052956456824 0.058477911444
Herato13 Herato1301 3125001.0 3125000.0 0.0746499371578 0.0642916654268 0.0739608209442 0.093931211464
Herato13 Herato1301 3175001.0 3175000.0 0.07709250246 0.06799600488 0.07690815232 0.0881720792
Herato13 Herato1301 3225001.0 3225000.0 0.0432785331 0.039095230992 0.04272664938 0.05012217496
Herato13 Herato1301 3275001.0 3275000.0 0.0679508055 0.06465659664 0.06708057942 0.07868751084
Herato13 Herato1301 3325001.0 3325000.0 0.0531416461604 0.0431315739139 0.0534657706852 0.0585711864872
Herato13 Herato1301 3375001.0 3375000.0 0.0476233949001 0.0342591916826 0.0457357420953 0.0711908969988
Herato13 Herato1301 3425001.0 3425000.0 0.0646515648 0.0618657493 0.06449421638 0.06777621944
Herato13 Herato1301 3475001.0 3475000.0 0.07023936696 0.06662428224 0.07024220652 0.07369959382
Herato13 Herato1301 3525001.0 3525000.0 0.0483586793212 0.0434804927588 0.0477653309392 0.056581733178
Herato13 Herato1301 3575001.0 3575000.0 0.0514231648 0.04866585838 0.05121048866 0.05437056668
Herato13 Herato1301 3625001.0 3625000.0 0.0592653589 0.05440159842 0.05905589498 0.06468313368
Herato13 Herato1301 3675001.0 3675000.0 0.043722726876 0.038312017564 0.043624063718 0.049604361386
Herato13 Herato1301 3725001.0 3725000.0 0.053325129543 0.0445821943879 0.0531612204606 0.062477528166
Herato13 Herato1301 3775001.0 3775000.0 0.053457570698 0.05036371103 0.053460211644 0.05688799035
Herato13 Herato1301 3825001.0 3825000.0 0.0590659551768 0.0526123575118 0.0584926961494 0.068384341628
Herato13 Herato1301 3875001.0 3875000.0 0.0500875762 0.04977798192 0.04991237172 0.0515260448
Herato13 Herato1301 3925001.0 3925000.0 0.02120526571 0.0199943561 0.021180281486 0.02269851304
Herato13 Herato1301 3975001.0 3975000.0 0.051454576936 0.04852874288 0.051467452872 0.0540812172
Herato13 Herato1301 4025001.0 4025000.0 0.05824683504 0.05526089476 0.05840283192 0.06115677684
Herato13 Herato1301 4075001.0 4075000.0 0.0588779635488 0.055813093854 0.0586958421372 0.063280925284
Herato13 Herato1301 4125001.0 4125000.0 0.06652776862 0.062350277974 0.06643064009 0.071253371124
Herato13 Herato1301 4175001.0 4175000.0 0.093010708816 0.0823858367741 0.0924071009358 0.10081189874
Herato13 Herato1301 4225001.0 4225000.0 0.08257319408 0.07851690252 0.08147476172 0.08755111376
Herato13 Herato1301 4275001.0 4275000.0 0.08130051456 0.07667480674 0.08051364414 0.08664648612
Herato13 Herato1301 4325001.0 4325000.0 0.0517534178426 0.0463203798254 0.051775894697 0.057428306864
Herato13 Herato1301 4375001.0 4375000.0 0.116585825955 0.0659903701288 0.111836003905 0.204327213659
Herato13 Herato1301 4425001.0 4425000.0 0.0632708902992 0.0594529356376 0.0629377372762 0.06892699873
Herato13 Herato1301 4475001.0 4475000.0 0.068779151896 0.0540991518117 0.0689685534282 0.082963036504
Herato13 Herato1301 4525001.0 4525000.0 0.05597093426 0.05133279024 0.05595191548 0.06204942986
Herato13 Herato1301 4575001.0 4575000.0 0.0618260998 0.05774868828 0.06189561368 0.06580549392
Herato13 Herato1301 4625001.0 4625000.0 0.049808578618 0.046585789352 0.049708648004 0.052856488342
Herato13 Herato1301 4675001.0 4675000.0 0.0525427952 0.04960417308 0.05247966472 0.05542582262
Herato13 Herato1301 4725001.0 4725000.0 0.07150200782 0.06651618006 0.07162731424 0.07600363022
Herato13 Herato1301 4775001.0 4775000.0 0.038350729728 0.032045483352 0.038473196134 0.045098710316
Herato13 Herato1301 4825001.0 4825000.0 0.0565622976495 0.0509772069157 0.0563422808856 0.0638879123268
Herato13 Herato1301 4875001.0 4875000.0 0.045098274404 0.041865893032 0.044823973642 0.0489980878
Herato13 Herato1301 4925001.0 4925000.0 0.06449196604 0.0606612398521 0.0641403026052 0.069222080876
Herato13 Herato1301 4975001.0 4975000.0 0.0595099327672 0.0439513805566 0.0546388756028 0.0931688894472
Herato13 Herato1301 5025001.0 5025000.0 0.043836143878 0.04031630218 0.043883233442 0.047797523752
Herato13 Herato1301 5075001.0 5075000.0 0.0472930041558 0.043724809908 0.0473635248866 0.0518175089128
Herato13 Herato1301 5125001.0 5125000.0 0.0337766677266 0.0315607169349 0.034169853487 0.0356614627574
Herato13 Herato1301 5175001.0 5175000.0 0.098286083398 0.0724350042381 0.099838454526 0.125665040022
Herato13 Herato1301 5225001.0 5225000.0 0.057202794172 0.0494167667103 0.0569773686192 0.069268975132
Herato13 Herato1301 5275001.0 5275000.0 0.046027119038 0.043207598794 0.046047133852 0.049547443238
Herato13 Herato1301 5325001.0 5325000.0 0.0589200919712 0.0522321724493 0.0587261038478 0.0666490925714
Herato13 Herato1301 5375001.0 5375000.0 0.0527520092078 0.039899714108 0.0513685009382 0.074360288188
Herato13 Herato1301 5425001.0 5425000.0 0.0365268014822 0.0326127881792 0.036410452965 0.0404584895234
Herato13 Herato1301 5475001.0 5475000.0 0.048748428396 0.0421265695992 0.04886767718 0.053325431062
Herato13 Herato1301 5525001.0 5525000.0 0.051586094506 0.045178970402 0.050971763088 0.060098140206
Herato13 Herato1301 5575001.0 5575000.0 0.05191744789 0.044602190314 0.052203236172 0.05854697481
Herato13 Herato1301 5625001.0 5625000.0 0.04203304573 0.0356707257798 0.041889298496 0.049889796292
Herato13 Herato1301 5675001.0 5675000.0 0.04320432012 0.0404357291 0.04289377924 0.04661883192
Herato13 Herato1301 5725001.0 5725000.0 0.074213265638 0.0656857125891 0.073723218968 0.084572592984
Herato13 Herato1301 5775001.0 5775000.0 0.05552707782 0.05307332472 0.05554413868 0.05887903502
Herato13 Herato1301 5825001.0 5825000.0 0.043315806444 0.040130603394 0.043407509784 0.047589121814
Herato13 Herato1301 5875001.0 5875000.0 0.023204297226 0.020923427822 0.023197853666 0.025583093488
Herato13 Herato1301 5925001.0 5925000.0 0.041071204426 0.035567073746 0.041537011682 0.045285576696
Herato13 Herato1301 5975001.0 5975000.0 0.07518614792 0.07023845452 0.0753413414 0.08036262676
Herato13 Herato1301 6025001.0 6025000.0 0.0733317282934 0.0673586600906 0.0734258488164 0.0796138799432
Herato13 Herato1301 6075001.0 6075000.0 0.05209116632 0.0496360752 0.05203286584 0.05421968576
Herato13 Herato1301 6125001.0 6125000.0 0.05192006352 0.05031215856 0.05157362556 0.0541967715
Herato13 Herato1301 6175001.0 6175000.0 0.059318692292 0.054598091266 0.05896777838 0.065300271356
Herato13 Herato1301 6225001.0 6225000.0 0.07457102026 0.07075467228 0.07530274484 0.0782735666
Herato13 Herato1301 6275001.0 6275000.0 0.07103504844 0.06444600408 0.0706160692 0.07933871548
Herato13 Herato1301 6325001.0 6325000.0 0.05972797472 0.05766408804 0.0595155792 0.06263336568
Herato13 Herato1301 6375001.0 6375000.0 0.06764798868 0.06521916204 0.06743717298 0.07127179812
Herato13 Herato1301 6425001.0 6425000.0 0.04293809449 0.039340147942 0.04291100947 0.046327078642
Herato13 Herato1301 6475001.0 6475000.0 0.040806304396 0.0300945814304 0.0398183128492 0.055530106122
Herato13 Herato1301 6525001.0 6525000.0 0.058370050154 0.05388056098 0.057578412946 0.066860724086
Herato13 Herato1301 6575001.0 6575000.0 0.06287769992 0.06068370832 0.06283066378 0.0660046415
Herato13 Herato1301 6625001.0 6625000.0 0.041257408318 0.037829663302 0.041587888524 0.044430199448
Herato13 Herato1301 6675001.0 6675000.0 0.0467064861276 0.0326102034188 0.0436668465974 0.075987944322
Herato13 Herato1301 6725001.0 6725000.0 0.052951867256 0.05020847306 0.052967396824 0.05547960889
Herato13 Herato1301 6775001.0 6775000.0 0.055352069 0.0528889653 0.0554880201 0.0582283966
Herato13 Herato1301 6825001.0 6825000.0 0.06806939832 0.06389521398 0.06918687198 0.07134607596
Herato13 Herato1301 6875001.0 6875000.0 0.0589947762251 0.052704118261 0.0586945575675 0.066450169158
Herato13 Herato1301 6925001.0 6925000.0 0.0469350896672 0.044302613061 0.0468809849682 0.0498955452532
Herato13 Herato1301 6975001.0 6975000.0 0.0431093787032 0.0389984718364 0.0431671936998 0.0466295469664
Herato13 Herato1301 7025001.0 7025000.0 0.042700962 0.04010751086 0.04276333546 0.0450687577
Herato13 Herato1301 7075001.0 7075000.0 0.0437017708698 0.0380632781335 0.043176631684 0.0532916495845
Herato13 Herato1301 7125001.0 7125000.0 0.04963735186 0.04456152956 0.049495132164 0.054918025668
Herato13 Herato1301 7175001.0 7175000.0 0.03705705307 0.03314014913 0.03672851147 0.042538195626
Herato13 Herato1301 7225001.0 7225000.0 0.0244823179916 0.0200889978238 0.0240121447562 0.030443885925
Herato13 Herato1301 7275001.0 7275000.0 0.0405991755732 0.0357221752794 0.0403626093718 0.046709778782
Herato13 Herato1301 7325001.0 7325000.0 0.03455402512 0.03255806792 0.03449448554 0.03679586672
Herato13 Herato1301 7375001.0 7375000.0 0.0394148405046 0.0328332140098 0.0390004037176 0.0487273297626
Herato13 Herato1301 7425001.0 7425000.0 0.0438423935974 0.039935160511 0.0437752129188 0.0484386539854
Herato13 Herato1301 7475001.0 7475000.0 0.07357105814 0.06696244008 0.07327472308 0.0817418942
Herato13 Herato1301 7525001.0 7525000.0 0.0462970597408 0.0417373466789 0.0460111089658 0.0514561238976
Herato13 Herato1301 7575001.0 7575000.0 0.0483147330698 0.0451580464407 0.0483076357524 0.0511292429058
Herato13 Herato1301 7625001.0 7625000.0 0.0659070251036 0.0510607285612 0.0641604735392 0.0873395566124
Herato13 Herato1301 7675001.0 7675000.0 0.049076818734 0.0403428608591 0.0490358285744 0.0606830754088
Herato13 Herato1301 7725001.0 7725000.0 0.052824962072 0.048258232522 0.052940402618 0.05667412621
Herato13 Herato1301 7775001.0 7775000.0 0.0457286445028 0.0400922412061 0.0456288424114 0.051828712358
Herato13 Herato1301 7825001.0 7825000.0 0.0566966674062 0.0481612141726 0.0562493932756 0.0662453920308
Herato13 Herato1301 7875001.0 7875000.0 0.0452468609268 0.0421682655311 0.0450786857728 0.0495002580808
Herato13 Herato1301 7925001.0 7925000.0 0.04877020962 0.04841874576 0.0485368686 0.05074053732
Herato13 Herato1301 7975001.0 7975000.0 0.05647243884 0.05489571032 0.05633380794 0.0588506164
Herato13 Herato1301 8025001.0 8025000.0 0.0648955392 0.0613056576 0.06493619808 0.06777537792
Herato13 Herato1301 8075001.0 8075000.0 0.0580055696 0.0546234068 0.05789734034 0.06110354416
Herato13 Herato1301 8125001.0 8125000.0 0.06028336509 0.0531989316 0.059798984156 0.068330233242
Herato13 Herato1301 8175001.0 8175000.0 0.054368878818 0.0464330581764 0.054120196946 0.064509712574
Herato13 Herato1301 8225001.0 8225000.0 0.050889489214 0.0436226287488 0.049650709762 0.063100295958
Herato13 Herato1301 8275001.0 8275000.0 0.059822911836 0.057172076352 0.059732617432 0.065439757244
Herato13 Herato1301 8325001.0 8325000.0 0.058044392558 0.052082787252 0.058051719562 0.063382328776
Herato13 Herato1301 8375001.0 8375000.0 0.05213615124 0.05030257108 0.05211656756 0.05445161572
Herato13 Herato1301 8425001.0 8425000.0 0.05151433625 0.045250914686 0.051222571088 0.05843596826
Herato13 Herato1301 8475001.0 8475000.0 0.0490987014894 0.0437564634379 0.0489027016546 0.05535978846
Herato13 Herato1301 8525001.0 8525000.0 0.0323274192856 0.0260654402759 0.0317496397712 0.0412892254122
Herato13 Herato1301 8575001.0 8575000.0 0.0244842555222 0.0169845242193 0.0245965707945 0.0328284769752
Herato13 Herato1301 8625001.0 8625000.0 0.042772938322 0.0396355685574 0.0427024839022 0.0455025586644
Herato13 Herato1301 8675001.0 8675000.0 0.040114327688 0.033256926428 0.039920240946 0.046547358108
Herato13 Herato1301 8725001.0 8725000.0 0.0319663966368 0.0288461889729 0.0320283120168 0.0359976958072
Herato13 Herato1301 8775001.0 8775000.0 0.04178046355 0.03608655796 0.041832974596 0.051036126304
Herato13 Herato1301 8825001.0 8825000.0 0.04664629042 0.0449380808 0.04651660056 0.04905387242
Herato13 Herato1301 8875001.0 8875000.0 0.0477368790348 0.0370788549059 0.0477724106564 0.052941609752
Herato13 Herato1301 8925001.0 8925000.0 0.0438837559 0.04055065096 0.04349689034 0.0482500471
Herato13 Herato1301 8975001.0 8975000.0 0.09957427198 0.08851563144 0.09957090628 0.11171427398
Herato13 Herato1301 9025001.0 9025000.0 0.04679514648 0.04380789292 0.04682421812 0.05090384418
Herato13 Herato1301 9075001.0 9075000.0 0.0554797771412 0.0523929777806 0.0554791053158 0.0585433121776
Herato13 Herato1301 9125001.0 9125000.0 0.05732363552 0.05249778264 0.0572898735 0.06280390082
Herato13 Herato1301 9175001.0 9175000.0 0.0704286249584 0.0409478208264 0.0702071216478 0.127265455824
Herato13 Herato1301 9225001.0 9225000.0 0.0447765507856 0.0393546416594 0.0447936158878 0.0505111952688
Herato13 Herato1301 9275001.0 9275000.0 0.045488878218 0.0421749159196 0.04532438225 0.049029860608
Herato13 Herato1301 9325001.0 9325000.0 0.06889434224 0.06101768562 0.06896275248 0.0774976861
Herato13 Herato1301 9375001.0 9375000.0 0.04924285826 0.04593332148 0.04927233504 0.05236382434
Herato13 Herato1301 9425001.0 9425000.0 0.0646454403 0.05139145824 0.06267835478 0.08382943456
Herato13 Herato1301 9475001.0 9475000.0 0.0738004946 0.0698139186 0.07338095684 0.07791849752
Herato13 Herato1301 9525001.0 9525000.0 0.0760588914 0.07249553784 0.07619094156 0.07838777604
Herato13 Herato1301 9575001.0 9575000.0 0.04877073268 0.04645897408 0.04858729354 0.05117134178
Herato13 Herato1301 9625001.0 9625000.0 0.05157510408 0.05001808584 0.05153090432 0.05322349176
Herato13 Herato1301 9675001.0 9675000.0 0.050675941116 0.047693684874 0.050489340536 0.05491806412
Herato13 Herato1301 9725001.0 9725000.0 0.0389806821784 0.0264514644137 0.0393585089902 0.05041001445
Herato13 Herato1301 9775001.0 9775000.0 0.0739919674077 0.038597906957 0.0671300950988 0.165674043587
Herato13 Herato1301 9825001.0 9825000.0 0.0378514284192 0.0255513085303 0.038139479319 0.0513353793832
Herato13 Herato1301 9875001.0 9875000.0 0.0455690827674 0.0240682943966 0.0438371901577 0.0776460123264
Herato13 Herato1301 9925001.0 9925000.0 0.0801372109122 0.0228713085625 0.076839861485 0.199602428692
Herato13 Herato1301 9975001.0 9975000.0 0.0246441807595 0.0213152183743 0.0246382933515 0.0284970094936
Herato13 Herato1301 10025001.0 10025000.0 0.0406616875802 0.0348338155541 0.0400714383644 0.0489980462648
Herato13 Herato1301 10075001.0 10075000.0 0.0516105555588 0.0344035379984 0.0502117400259 0.0764278349519
Herato13 Herato1301 10125001.0 10125000.0 0.0227412622462 0.0185784658178 0.0225707897445 0.0276554068721
Herato13 Herato1301 10175001.0 10175000.0 0.0299018551369 0.022695733555 0.029769297285 0.0397669930614
Herato13 Herato1301 10225001.0 10225000.0 0.0359644452422 0.0297280181306 0.0355785370748 0.0453509742188
Herato13 Herato1301 10275001.0 10275000.0 0.036767009756 0.033761397494 0.036802351654 0.04018581962
Herato13 Herato1301 10325001.0 10325000.0 0.04848463376 0.04600093478 0.04817845458 0.0518128125
Herato13 Herato1301 10375001.0 10375000.0 0.04381662688 0.04157205364 0.04353992604 0.046824375
Herato13 Herato1301 10425001.0 10425000.0 0.056133034048 0.052502218144 0.055921238868 0.060614860632
Herato13 Herato1301 10475001.0 10475000.0 0.0638954046804 0.0572367846396 0.0632896389316 0.0733668795688
Herato13 Herato1301 10525001.0 10525000.0 0.049407197138 0.03248764536 0.047315715198 0.077863324526
Herato13 Herato1301 10575001.0 10575000.0 0.060844858334 0.05594030446 0.06053793478 0.066567218212
Herato13 Herato1301 10625001.0 10625000.0 0.05750380478 0.05486006454 0.05757145948 0.0602258379
Herato13 Herato1301 10675001.0 10675000.0 0.04983891172 0.044571438452 0.049890974196 0.0556062511
Herato13 Herato1301 10725001.0 10725000.0 0.057569872906 0.0471399985746 0.051801146762 0.08163592111
Herato13 Herato1301 10775001.0 10775000.0 0.0519260094 0.0485177702 0.05203188772 0.05488105636
Herato13 Herato1301 10825001.0 10825000.0 0.059789551142 0.056117143808 0.059584161184 0.06397372411
Herato13 Herato1301 10875001.0 10875000.0 0.0577102282198 0.0529237097235 0.0576576277728 0.0631561759832
Herato13 Herato1301 10925001.0 10925000.0 0.0638745339616 0.0542533310496 0.0637622944032 0.0750801813368
Herato13 Herato1301 10975001.0 10975000.0 0.0732865536 0.0699389184 0.0730549248 0.0774718464
Herato13 Herato1301 11025001.0 11025000.0 0.06350134644 0.05999243376 0.06391350952 0.06748452116
Herato13 Herato1301 11075001.0 11075000.0 0.05006256372 0.047318132236 0.0502388824 0.0536335922
Herato13 Herato1301 11125001.0 11125000.0 0.04226643007 0.038224387926 0.041665782696 0.049441198252
Herato13 Herato1301 11175001.0 11175000.0 0.063746109808 0.059246621362 0.064329483078 0.066732996624
Herato13 Herato1301 11225001.0 11225000.0 0.05604097408 0.04953885874 0.05556564292 0.06605050272
Herato13 Herato1301 11275001.0 11275000.0 0.0484065032264 0.0348654701166 0.047578259864 0.0676486558466
Herato13 Herato1301 11325001.0 11325000.0 0.067235658702 0.05605526923 0.066177156488 0.08457705801
Herato13 Herato1301 11375001.0 11375000.0 0.05076489031 0.0442498386076 0.0506254192066 0.05559713094
Herato13 Herato1301 11425001.0 11425000.0 0.05712748768 0.054033393924 0.05669503436 0.06088052088
Herato13 Herato1301 11475001.0 11475000.0 0.069568111542 0.062533040856 0.068566345154 0.08024057229
Herato13 Herato1301 11525001.0 11525000.0 0.06120083638 0.05745683924 0.06134657912 0.0654093737
Herato13 Herato1301 11575001.0 11575000.0 0.0662342142 0.06268813012 0.06686987076 0.0696823512
Herato13 Herato1301 11625001.0 11625000.0 0.07919058712 0.07015952134 0.07930681412 0.08685178886
Herato13 Herato1301 11675001.0 11675000.0 0.0437065842416 0.0361124891732 0.042085610746 0.0587884089102
Herato13 Herato1301 11725001.0 11725000.0 0.0779365315974 0.032032883707 0.0666811492572 0.180514610624
Herato13 Herato1301 11775001.0 11775000.0 0.0545236154251 0.0489457646533 0.0545986537459 0.0609296703996
Herato13 Herato1301 11825001.0 11825000.0 0.04189062419 0.038849763826 0.041889196258 0.045481304002
Herato13 Herato1301 11875001.0 11875000.0 0.0516134922715 0.0482281176252 0.0512174876003 0.0559956321784
Herato13 Herato1301 11925001.0 11925000.0 0.0588395424284 0.0431522808026 0.0570879721376 0.0844116724976
Herato13 Herato1301 11975001.0 11975000.0 0.05517012064 0.045681177104 0.051397069242 0.09263715498
Herato13 Herato1301 12025001.0 12025000.0 0.0342477189616 0.0314954793138 0.034178995518 0.0386746975338
Herato13 Herato1301 12075001.0 12075000.0 0.074428130572 0.070121692112 0.073708021504 0.078983133168
Herato13 Herato1301 12125001.0 12125000.0 0.08325419008 0.07881187944 0.08247748104 0.08868250672
Herato13 Herato1301 12175001.0 12175000.0 0.07159076752 0.04444059626 0.07289821572 0.0777841216
Herato13 Herato1301 12225001.0 12225000.0 0.0522736066364 0.04716612875 0.0525167956236 0.0574561335422
Herato13 Herato1301 12275001.0 12275000.0 0.07711717384 0.07003531154 0.07670110612 0.08574417924
Herato13 Herato1301 12325001.0 12325000.0 0.0549547339 0.05022932658 0.05473933134 0.05943662344
Herato13 Herato1301 12375001.0 12375000.0 0.051869814848 0.046689024624 0.051778421948 0.057458517938
Herato13 Herato1301 12425001.0 12425000.0 0.080763311094 0.0678677547668 0.078901764496 0.104398947152
Herato13 Herato1301 12475001.0 12475000.0 0.0362095429768 0.0268184407988 0.0338895707654 0.0502529480372
Herato13 Herato1301 12525001.0 12525000.0 0.028575597024 0.026651705732 0.02846658715 0.031259156742
Herato13 Herato1301 12575001.0 12575000.0 0.0370378337373 0.0345829666373 0.0368740383842 0.0399701949605
Herato13 Herato1301 12625001.0 12625000.0 0.030466803128 0.0278486461379 0.0305451473436 0.03336957337
Herato13 Herato1301 12675001.0 12675000.0 0.046251386164 0.033542812456 0.045305661404 0.066039681488
Herato13 Herato1301 12725001.0 12725000.0 0.04831129734 0.0456054147262 0.048189066192 0.051770919296
Herato13 Herato1301 12775001.0 12775000.0 0.035560232208 0.03223935425 0.035470475606 0.03984775477
Herato13 Herato1301 12825001.0 12825000.0 0.0652671043448 0.0475386674217 0.0620381758064 0.0981655029608
Herato13 Herato1301 12875001.0 12875000.0 0.047614924556 0.044788291954 0.047756648988 0.050831571198
Herato13 Herato1301 12925001.0 12925000.0 0.053530136154 0.050108843238 0.053481341552 0.057239134316
Herato13 Herato1301 12975001.0 12975000.0 0.04705079774 0.036950190212 0.04137307154 0.14014996758
Herato13 Herato1301 13025001.0 13025000.0 0.0645586934069 0.0490030556972 0.0618000339585 0.0887578535687
Herato13 Herato1301 13075001.0 13075000.0 0.0527271245418 0.047997401079 0.0527780911126 0.05807755109
Herato13 Herato1301 13125001.0 13125000.0 0.0515640253876 0.0433158748029 0.0512319631108 0.062340420434
Herato13 Herato1301 13175001.0 13175000.0 0.0638403241672 0.0372609780306 0.0599249463725 0.110427523189
Herato13 Herato1301 13225001.0 13225000.0 0.0411304180652 0.0300564064594 0.0380657912601 0.0717524938624
Herato13 Herato1301 13275001.0 13275000.0 0.026149556184 0.0228512263218 0.026071205858 0.029814284896
Herato13 Herato1301 13325001.0 13325000.0 0.06155634346 0.055589362492 0.06139747092 0.06822094174
Herato13 Herato1301 13375001.0 13375000.0 0.049819312392 0.048151788478 0.049492489754 0.052222824632
Herato13 Herato1301 13425001.0 13425000.0 0.049420314254 0.0428083495858 0.049235404721 0.05552047686
Herato13 Herato1301 13475001.0 13475000.0 0.0282951669548 0.0231919770165 0.0285328501846 0.034378978854
Herato13 Herato1301 13525001.0 13525000.0 0.0385829170044 0.0304051346568 0.038149954055 0.049553738834
Herato13 Herato1301 13575001.0 13575000.0 0.0491700600882 0.0370976078036 0.0480774324924 0.065873691116
Herato13 Herato1301 13625001.0 13625000.0 0.063047631936 0.057715265528 0.063000543966 0.0681762757
Herato13 Herato1301 13675001.0 13675000.0 0.048323071566 0.045676196396 0.048501836298 0.05130092659
Herato13 Herato1301 13725001.0 13725000.0 0.05850348308 0.05594147436 0.05877560336 0.06133368496
Herato13 Herato1301 13775001.0 13775000.0 0.06631379114 0.06330187848 0.06635886136 0.06926152568
Herato13 Herato1301 13825001.0 13825000.0 0.058912156068 0.0529740267218 0.05843626063 0.066703206652
Herato13 Herato1301 13875001.0 13875000.0 0.041358620474 0.037624364314 0.041709891152 0.044395280952
Herato13 Herato1301 13925001.0 13925000.0 0.0627490212034 0.0588095180749 0.0627813354108 0.067029304277
Herato13 Herato1301 13975001.0 13975000.0 0.0599795328 0.0544964428 0.05968848374 0.06704256952
Herato13 Herato1301 14025001.0 14025000.0 0.063927929568 0.0527242419816 0.0644510223428 0.07401559306
Herato13 Herato1301 14075001.0 14075000.0 0.058669462588 0.0505809606442 0.0581353877 0.067940635598
Herato13 Herato1301 14125001.0 14125000.0 0.04698867162 0.04404083904 0.04655006256 0.05065831398
Herato13 Herato1301 14175001.0 14175000.0 0.064853501548 0.058148442104 0.064813712464 0.07345664582
Herato13 Herato1301 14225001.0 14225000.0 0.06435893574 0.058920447592 0.06403631663 0.07014110106
Herato13 Herato1301 14275001.0 14275000.0 0.06670075398 0.060692065592 0.06639093766 0.0717541802
Herato13 Herato1301 14325001.0 14325000.0 0.033188444062 0.0253509995602 0.031615172294 0.060289919004
Herato13 Herato1301 14375001.0 14375000.0 0.0357540067271 0.0299449520132 0.0353191360452 0.0425688450034
Herato13 Herato1301 14425001.0 14425000.0 0.0393044276792 0.0301102564617 0.0388530693428 0.0514388789226
Herato13 Herato1301 14475001.0 14475000.0 0.0399729332426 0.0345507481948 0.0391671443555 0.048339410622
Herato13 Herato1301 14525001.0 14525000.0 0.0280372286829 0.0200862707768 0.028293086486 0.036618381425
Herato13 Herato1301 14575001.0 14575000.0 0.038100357009 0.031950868903 0.0383132049786 0.0446440750842
Herato13 Herato1301 14625001.0 14625000.0 0.055872843282 0.049872021788 0.05600717093 0.062576784928
Herato13 Herato1301 14675001.0 14675000.0 0.137478647087 0.104550431897 0.135745022375 0.180225554496
Herato13 Herato1301 14725001.0 14725000.0 0.03027183874 0.025682751318 0.029942149618 0.035596399782
Herato13 Herato1301 14775001.0 14775000.0 0.128996167272 0.0755465119256 0.122270312418 0.221500222733
Herato13 Herato1301 14825001.0 14825000.0 0.049362683124 0.0346591606395 0.0471516637908 0.0768704274444
Herato13 Herato1301 14875001.0 14875000.0 0.0651634448474 0.0453146365849 0.0641889165862 0.0947506289604
Herato13 Herato1301 14925001.0 14925000.0 0.050592472572 0.042359378298 0.049949316388 0.06158028046
Herato13 Herato1301 14975001.0 14975000.0 0.0323059656804 0.0246894471119 0.0314414780418 0.0439638680676
Herato13 Herato1301 15025001.0 15025000.0 0.0514078666511 0.0351516728364 0.0498528068298 0.0793145430244
Herato13 Herato1301 15075001.0 15075000.0 0.03716312198 0.033800918082 0.037350849364 0.040447327472
Herato13 Herato1301 15125001.0 15125000.0 0.054895749 0.040551734794 0.053292278168 0.078383895836
Herato13 Herato1301 15175001.0 15175000.0 0.0448248402236 0.0220010366237 0.0423331185168 0.0852424836
Herato13 Herato1301 15225001.0 15225000.0 0.014968025448 0.012800421092 0.014940698658 0.017576188092
Herato13 Herato1301 15275001.0 15275000.0 0.0472569663884 0.0367017177958 0.0462115384644 0.0658734410674
Herato13 Herato1301 15325001.0 15325000.0 0.041854038128 0.037056803372 0.041702527564 0.04787178754
Herato13 Herato1301 15375001.0 15375000.0 0.042391955142 0.038825736468 0.042498119538 0.046041757026
Herato13 Herato1301 15425001.0 15425000.0 0.047237054999 0.0414504375976 0.0467732765058 0.0538787466774
Herato13 Herato1301 15475001.0 15475000.0 0.043111641207 0.0391804293719 0.0429001615306 0.0476135511956
Herato13 Herato1301 15525001.0 15525000.0 0.046910921548 0.043259686198 0.046893747024 0.051579405972
Herato13 Herato1301 15575001.0 15575000.0 0.058253444888 0.0510639769758 0.058237229024 0.06637705057
Herato13 Herato1301 15625001.0 15625000.0 0.07006473878 0.06560705246 0.07016106014 0.07495973368
Herato13 Herato1301 15675001.0 15675000.0 0.06788399684 0.06434317714 0.06813969752 0.07209671088
Herato13 Herato1301 15725001.0 15725000.0 0.0286674474676 0.0239957065194 0.028846697897 0.0324001851168
Herato13 Herato1301 15775001.0 15775000.0 0.052724688514 0.0453316424626 0.0510749447746 0.07097255602
Herato13 Herato1301 15825001.0 15825000.0 0.062938946 0.056297118 0.06314712502 0.0707615973
Herato13 Herato1301 15875001.0 15875000.0 0.051353493474 0.047736548616 0.051596438512 0.053956139424
Herato13 Herato1301 15925001.0 15925000.0 0.0430859883076 0.0385368807808 0.0430301961936 0.048245988658
Herato13 Herato1301 15975001.0 15975000.0 0.04330188384 0.04082170084 0.04323322308 0.04614526072
Herato13 Herato1301 16025001.0 16025000.0 0.0414510659626 0.0395174370749 0.0415281518612 0.0436955170556
Herato13 Herato1301 16075001.0 16075000.0 0.036931992732 0.0329124068189 0.036911017863 0.0416400514908
Herato13 Herato1301 16125001.0 16125000.0 0.065218470234 0.062949260386 0.065060282002 0.068424449732
Herato13 Herato1301 16175001.0 16175000.0 0.06249419932 0.06112992502 0.06242038098 0.06496356842
Herato13 Herato1301 16225001.0 16225000.0 0.0634587164885 0.0565981171578 0.0635168794364 0.0709829826328
Herato13 Herato1301 16275001.0 16275000.0 0.05223900638 0.0491617413 0.05255768358 0.05434255424
Herato13 Herato1301 16325001.0 16325000.0 0.046098832095 0.0341989541115 0.045622544614 0.0655321575236
Herato13 Herato1301 16375001.0 16375000.0 0.0446909313091 0.0408374385475 0.0446713726036 0.050818016023
Herato13 Herato1301 16425001.0 16425000.0 0.06706046966 0.06165991624 0.06713541984 0.07278650322
Herato13 Herato1301 16475001.0 16475000.0 0.0743198215 0.070892536 0.075056453 0.0769904855
Herato13 Herato1301 16525001.0 16525000.0 0.072491974044 0.06709021398 0.07260444831 0.078235008788
Herato13 Herato1301 16575001.0 16575000.0 0.063561716244 0.0564319463485 0.063589335782 0.069278841578
Herato13 Herato1301 16625001.0 16625000.0 0.06480944138 0.06191063266 0.06461874016 0.06805830938
Herato13 Herato1301 16675001.0 16675000.0 0.0653494556903 0.0597717603687 0.0648739845465 0.0712031330202
Herato13 Herato1301 16725001.0 16725000.0 0.06727659795 0.0627426021477 0.0670876489497 0.0731690011662
Herato13 Herato1301 16775001.0 16775000.0 0.05546981944 0.05259604062 0.05556587524 0.05824028354
Herato13 Herato1301 16825001.0 16825000.0 0.08417210508 0.08033744868 0.08358585427 0.090328285344
Herato13 Herato1301 16875001.0 16875000.0 0.05237535054 0.04903827458 0.05179565646 0.05662205446
Herato13 Herato1301 16925001.0 16925000.0 0.033565177008 0.031854794486 0.033505619614 0.035695246018
Herato13 Herato1301 16975001.0 16975000.0 0.06013727502 0.0448585085238 0.06149218696 0.07789909118
Herato13 Herato1301 17025001.0 17025000.0 0.0653215056 0.05839123894 0.06567167504 0.07221309364
Herato13 Herato1301 17075001.0 17075000.0 0.05715799707 0.0503802702898 0.057116014742 0.064507369266
Herato13 Herato1301 17125001.0 17125000.0 0.057450132366 0.053702503878 0.057299553686 0.061603295494
Herato13 Herato1301 17175001.0 17175000.0 0.06625700994 0.06180469554 0.06610453034 0.07201023858
Herato13 Herato1301 17225001.0 17225000.0 0.04396053883 0.041497412688 0.044030504682 0.046704460492
Herato13 Herato1301 17275001.0 17275000.0 0.046719148936 0.043904430778 0.046843290476 0.049975292862
Herato13 Herato1301 17325001.0 17325000.0 0.045908878016 0.041446463494 0.0457505985 0.051637520688
Herato13 Herato1301 17375001.0 17375000.0 0.03139917895 0.027137768772 0.031665894046 0.034563945576
Herato13 Herato1301 17425001.0 17425000.0 0.0542731695194 0.0427400000411 0.0524048760566 0.0792293035026
Herato13 Herato1301 17475001.0 17475000.0 0.04874277748 0.04495392534 0.04851909534 0.05357001496
Herato13 Herato1301 17525001.0 17525000.0 0.05996329317 0.053222600506 0.059389838916 0.070184922978
Herato13 Herato1301 17575001.0 17575000.0 0.05799398046 0.05555210274 0.05798851974 0.06076087218
Herato13 Herato1301 17625001.0 17625000.0 0.05497674028 0.05316491888 0.05479427192 0.05772534884
Herato13 Herato1301 17675001.0 17675000.0 0.04420555032 0.041551850592 0.043757338576 0.050485196814
Herato13 Herato1301 17725001.0 17725000.0 0.05052204754 0.04601425766 0.05083676466 0.05624422026
Herato13 Herato1301 17775001.0 17775000.0 0.0509899312576 0.0459256781211 0.0507383373048 0.0584706523592
Herato13 Herato1301 17825001.0 17825000.0 0.0441930172102 0.0394542247481 0.0444912421731 0.049677804656
Herato13 Herato1301 17875001.0 17875000.0 0.0465858190841 0.0423927712368 0.0464641612011 0.051900701559
Herato13 Herato1301 17925001.0 17925000.0 0.025343047054 0.023100487986 0.025436933824 0.027172727872
Herato13 Herato1301 17975001.0 17975000.0 0.055139276888 0.050291810524 0.054890328474 0.061354652124
Herato13 Herato1301 18025001.0 18025000.0 0.03712225846 0.03354887446 0.03705598784 0.04108785514
Herato13 Herato1301 18075001.0 18075000.0 0.03215265538 0.03070984756 0.03227145354 0.03378953584
Herato13 Herato1301 18125001.0 18125000.0 0.049556606916 0.040770050712 0.04905397943 0.060221282384
Herato13 Herato1301 18175001.0 18175000.0 0.06289264366 0.06045127858 0.0628236616 0.0666676619
Herato13 Herato1301 18225001.0 18225000.0 0.041067876602 0.038872643226 0.040991972806 0.043869263494
Herato13 Herato1301 18275001.0 18275000.0 0.05509010178 0.05185003698 0.05511510228 0.05793215862
Herato13 Herato1301 18325001.0 18325000.0 0.055566336894 0.051526324108 0.055391071256 0.060603154352
Herato13 Herato1301 18375001.0 18375000.0 0.059567254728 0.047876606588 0.058767130696 0.07714870116
Herato13 Herato1301 18425001.0 18425000.0 0.059909235138 0.05470249583 0.059836709566 0.066110694424
Herato13 Herato1301 18475001.0 18475000.0 0.0647514543627 0.0524630933455 0.0637564780458 0.0817441054932
Herato13 Herato1301 18525001.0 18525000.0 0.07016260764 0.06298358256 0.0709576454 0.07491756716
Herato13 Herato1301 18575001.0 18575000.0 0.054868374808 0.051494870034 0.05501652123 0.058300757868
Herato13 Herato1301 18625001.0 18625000.0 0.05982738376 0.0578680255 0.05939000982 0.06247668
Herato13 Herato1301 18675001.0 18675000.0 0.06763987134 0.06483616164 0.06732501624 0.0703326321
Herato13 Herato1301 18725001.0 18725000.0 0.05167150356 0.04742169188 0.05189741462 0.05518572846
Herato13 Herato1301 18775001.0 18775000.0 0.038482061224 0.0299386773442 0.037796229954 0.050517469628
Herato13 Herato1301 18825001.0 18825000.0 0.050858963932 0.047830791948 0.05077587027 0.054790308574
Herato13 Herato1301 18875001.0 18875000.0 0.051687944002 0.038966565354 0.049136122656 0.0818316966
Herato13 Herato1301 18925001.0 18925000.0 0.052091242536 0.0460471032818 0.0527340895094 0.0565631291
Herato13 Herato1301 18975001.0 18975000.0 0.06549408372 0.06129006682 0.06516801928 0.07011847852
Herato13 Herato1301 19025001.0 19025000.0 0.0796479714606 0.0702653214341 0.079616060099 0.089830400886
Herato13 Herato1301 19075001.0 19075000.0 0.056842853888 0.048977344018 0.056526993712 0.068385097668
Herato13 Herato1301 19125001.0 19125000.0 0.05945736356 0.052980831334 0.05920397138 0.06707776026
Herato13 Herato1301 19175001.0 19175000.0 0.0584385888 0.0544521741 0.05823985672 0.0626800548
Herato13 Herato1301 19225001.0 19225000.0 0.0475591930874 0.0442163138626 0.0476013736948 0.052758697274
Herato13 Herato1301 19275001.0 19275000.0 0.08926899596 0.08426940196 0.08942353286 0.09479722812
Herato13 Herato1301 19325001.0 19325000.0 0.1127198222 0.1071067122 0.1124672592 0.1198429416
Herato13 Herato1301 19375001.0 19375000.0 0.077804864 0.07526016368 0.07789710688 0.0802813848
Herato13 Herato1301 19425001.0 19425000.0 0.07329736782 0.06913743132 0.07301267568 0.07738290512
Herato13 Herato1301 19475001.0 19475000.0 0.0820581528 0.07322724608 0.08216111716 0.09124153938
Herato13 Herato1301 19525001.0 19525000.0 0.07358784196 0.061917230548 0.072338331096 0.090428903604
Herato13 Herato1301 19575001.0 19575000.0 0.0790021843 0.07661641464 0.0786123858 0.0836654398
Herato13 Herato1301 19625001.0 19625000.0 0.05458263439 0.0510917116517 0.054722745141 0.05737667746
Herato13 Herato1301 19675001.0 19675000.0 0.068630945749 0.0536596327598 0.0657343219698 0.0968862197784
Herato13 Herato1301 19725001.0 19725000.0 0.074075928346 0.067116679736 0.073808039472 0.086154873558
Herato13 Herato1301 19775001.0 19775000.0 0.0771011588 0.0734969336 0.076914666 0.0814319025
Herato13 Herato1301 19825001.0 19825000.0 0.073274884272 0.070292406034 0.072944722272 0.078030140162
Herato13 Herato1301 19875001.0 19875000.0 0.06713071548 0.0634996813 0.06686419032 0.07217253086
Herato13 Herato1301 19925001.0 19925000.0 0.0960686652 0.09309455516 0.0954444213 0.103609141
Herato13 Herato1301 19975001.0 19975000.0 0.074104567672 0.066957842236 0.074076208546 0.084722494272
Herato13 Herato1301 20025001.0 20025000.0 0.053733900481 0.0494070066835 0.0538113585528 0.058142817604
Herato13 Herato1301 20075001.0 20075000.0 0.05596007228 0.0512293862 0.05592672022 0.06154835226
Herato13 Herato1301 20125001.0 20125000.0 0.0880938202951 0.0672752395677 0.0869811706776 0.119011038142
Herato13 Herato1301 20175001.0 20175000.0 0.05903477394 0.0546787451 0.0584259712 0.06491128782
Herato13 Herato1301 20225001.0 20225000.0 0.03382012914 0.030413582696 0.033589144906 0.037743654742
Herato13 Herato1301 20275001.0 20275000.0 0.0529591568589 0.0471714496011 0.0528790504624 0.0588097008212
Herato13 Herato1301 20325001.0 20325000.0 0.053877711098 0.0462945046918 0.0537015018178 0.0642714070074
Herato13 Herato1301 20375001.0 20375000.0 0.0437712535128 0.0403422094424 0.0438559443684 0.047047059864
Herato13 Herato1301 20425001.0 20425000.0 0.0428875114772 0.0383918103146 0.0425667586792 0.0490570359852
Herato13 Herato1301 20475001.0 20475000.0 0.0719694421172 0.055899926403 0.0701745757173 0.0988589311856
Herato13 Herato1301 20525001.0 20525000.0 0.037706805887 0.0348338715657 0.0379239663196 0.0404282428919
Herato13 Herato1301 20575001.0 20575000.0 0.0401948210129 0.0354030534407 0.0400477981074 0.0460248439923
Herato13 Herato1301 20625001.0 20625000.0 0.0512577488164 0.0448876144556 0.0508058895934 0.0577929712944
Herato13 Herato1301 20675001.0 20675000.0 0.06314243086 0.0610829497 0.0633050938 0.0658157811
Herato13 Herato1301 20725001.0 20725000.0 0.056468700216 0.05354889112 0.056559673222 0.05955140489
Herato13 Herato1301 20775001.0 20775000.0 0.0699190498 0.06499220172 0.06975929956 0.0745899855
Herato13 Herato1301 20825001.0 20825000.0 0.06387657822 0.06092100378 0.06302727522 0.06807513258
Herato13 Herato1301 20875001.0 20875000.0 0.070371907764 0.0559895242536 0.068635856436 0.096901548764
Herato13 Herato1301 20925001.0 20925000.0 0.059731195528 0.057174121984 0.059443903338 0.064150308282
Herato13 Herato1301 20975001.0 20975000.0 0.058579089774 0.054151178764 0.058450623962 0.065036043732
Herato13 Herato1301 21025001.0 21025000.0 0.079441366568 0.074946900986 0.07981921068 0.08512615386
Herato13 Herato1301 21075001.0 21075000.0 0.0653095474802 0.0606815393092 0.0656335868186 0.069977070712
Herato13 Herato1301 21125001.0 21125000.0 0.077268830898 0.064471734296 0.077378695098 0.08922217766
Herato13 Herato1301 21175001.0 21175000.0 0.0621872233978 0.0579014521062 0.0622952035802 0.066110623982
Herato13 Herato1301 21225001.0 21225000.0 0.07208026608 0.064079588664 0.071298062632 0.08117799464
Herato13 Herato1301 21275001.0 21275000.0 0.081239804898 0.07378043657 0.08088955428 0.08988958169
Herato13 Herato1301 21325001.0 21325000.0 0.07776392678 0.06860523376 0.07839881302 0.08676647806
Herato13 Herato1301 21375001.0 21375000.0 0.063704246748 0.059492485158 0.063785917488 0.068346988572
Herato13 Herato1301 21425001.0 21425000.0 0.0450002742 0.04198274934 0.0445422426 0.0493651128
Herato13 Herato1301 21475001.0 21475000.0 0.0738402603408 0.0655722233001 0.0722471084485 0.0855101150208
Herato13 Herato1301 21525001.0 21525000.0 0.047596726046 0.044463858441 0.0477626265568 0.050881245336
Herato13 Herato1301 21575001.0 21575000.0 0.05947169758 0.05569253354 0.0600316658 0.06253743186
Herato13 Herato1301 21625001.0 21625000.0 0.0589015003028 0.050642874284 0.0579628114122 0.074203897846
Herato13 Herato1301 21675001.0 21675000.0 0.04595558358 0.0430996363 0.04587387674 0.04933062348
Herato13 Herato1301 21725001.0 21725000.0 0.055188579752 0.043776602122 0.054081857004 0.0720364677
Herato13 Herato1301 21775001.0 21775000.0 0.0523435323418 0.0494682454767 0.0519054812558 0.05712219472
Herato13 Herato1301 21825001.0 21825000.0 0.06568296188 0.06415824812 0.06530749536 0.0687101184
Herato13 Herato1301 21875001.0 21875000.0 0.049262503118 0.046720320584 0.048916433586 0.052967927776
Herato13 Herato1301 21925001.0 21925000.0 0.08020534087 0.072503123224 0.079907876248 0.08794980462
Herato13 Herato1301 21975001.0 21975000.0 0.07369973166 0.06982842862 0.07370073148 0.07573836464
Herato13 Herato1301 22025001.0 22025000.0 0.046427292458 0.039787944224 0.046219497566 0.054517749544
Herato13 Herato1301 22075001.0 22075000.0 0.05169664122 0.048763289969 0.051416931894 0.055036730682
Herato13 Herato1301 22125001.0 22125000.0 0.0464633055063 0.0374488191835 0.0450831576569 0.0619135789345
Herato13 Herato1301 22175001.0 22175000.0 0.028936203428 0.0238004928478 0.029023278442 0.035275896124
Herato13 Herato1301 22225001.0 22225000.0 0.0475940484632 0.0317960952831 0.045859423319 0.0673189413782
Herato13 Herato1301 22275001.0 22275000.0 0.0375748891022 0.0282090494341 0.0363866023564 0.0532802535434
Herato13 Herato1301 22325001.0 22325000.0 0.070884766694 0.065805231282 0.071026082624 0.076589702898
Herato13 Herato1301 22375001.0 22375000.0 0.060338983526 0.05571996948 0.061563623126 0.06509648276
Herato13 Herato1301 22425001.0 22425000.0 0.06347106031 0.0577764233829 0.0630174394636 0.0693796091368
Herato13 Herato1301 22475001.0 22475000.0 0.070153412533 0.0647795207096 0.0702484523426 0.0752101364244
Herato13 Herato1301 22525001.0 22525000.0 0.052426155928 0.046623508066 0.05231162339 0.058817805834
Herato13 Herato1301 22575001.0 22575000.0 0.0609808512152 0.0345208618223 0.0572841185259 0.102052474912
Herato13 Herato1301 22625001.0 22625000.0 0.0245240681976 0.0228929208465 0.024475997004 0.026618402077
Herato13 Herato1301 22675001.0 22675000.0 0.0368043347 0.02756587474 0.03626237366 0.04989680382
Herato13 Herato1301 22725001.0 22725000.0 0.0546073257288 0.0493741306566 0.0541597921154 0.060976309358
Herato13 Herato1301 22775001.0 22775000.0 0.0555484538916 0.0510457273702 0.0556844389886 0.0602327043248
Herato13 Herato1301 22825001.0 22825000.0 0.05491914968 0.05155896304 0.05476405462 0.05730615988
Herato13 Herato1301 22875001.0 22875000.0 0.03793371826 0.0364331692429 0.0378192000522 0.039942735056
Herato13 Herato1301 22925001.0 22925000.0 0.04260436624 0.04086924584 0.04247122934 0.04469143282
Herato13 Herato1301 22975001.0 22975000.0 0.073483646819 0.0606696217184 0.07205291451 0.09258428462
Herato13 Herato1301 23025001.0 23025000.0 0.052021585468 0.049181283766 0.051786112978 0.055689373806
Herato13 Herato1301 23075001.0 23075000.0 0.0595205126064 0.0541963027012 0.0594374346694 0.0653777132222
Herato13 Herato1301 23125001.0 23125000.0 0.053226869604 0.0442647242812 0.054983364538 0.063177581604
Herato13 Herato1301 23175001.0 23175000.0 0.043214916938 0.03494213911 0.041984824844 0.0543271963
Herato13 Herato1301 23225001.0 23225000.0 0.058705938446 0.053510068814 0.058671932276 0.065595723784
Herato13 Herato1301 23275001.0 23275000.0 0.0553799271 0.04878127524 0.05533968504 0.0621228405
Herato13 Herato1301 23325001.0 23325000.0 0.025529560818 0.0184468990234 0.025534263046 0.031715974546
Herato13 Herato1301 23375001.0 23375000.0 0.03593849751 0.033163837804 0.035889054036 0.0387755689
Herato13 Herato1301 23425001.0 23425000.0 0.038726066338 0.0306916371579 0.0379788801296 0.048875257392
Herato13 Herato1301 23475001.0 23475000.0 0.0559957794774 0.0427562637483 0.0550824016141 0.074501904508
Herato13 Herato1301 23525001.0 23525000.0 0.0220259230296 0.0155845930069 0.021269045078 0.03541340753
Herato13 Herato1301 23575001.0 23575000.0 0.0253522783744 0.0179872134363 0.0227604652973 0.0431108836317
Herato13 Herato1301 23625001.0 23625000.0 0.0385147466688 0.0333875078069 0.0381871241289 0.0453592450263
Herato13 Herato1301 23675001.0 23675000.0 0.046302156854 0.0389574936868 0.0462256916372 0.0557741417548
Herato13 Herato1301 23725001.0 23725000.0 0.008865266428 0.00676950587508 0.0089638594676 0.010810587632
Herato13 Herato1301 23775001.0 23775000.0 0.0161157510159 0.0100127043242 0.0151478838406 0.0280920227884
