chrom scaffold Cposition position mean p0025 p0500 p0975
Herato16 Herato1601 25001.0 25000.0 0.007484455644 0.005214597436 0.006907258394 0.010318092686
Herato16 Herato1601 75001.0 75000.0 0.05299683204 0.042129127468 0.052419747664 0.07062059403
Herato16 Herato1601 125001.0 125000.0 0.0554225828264 0.0501955999219 0.0553267272304 0.061322514812
Herato16 Herato1601 175001.0 175000.0 0.04489671947 0.0401813871 0.044597352668 0.050924499206
Herato16 Herato1601 225001.0 225000.0 0.0494429226016 0.0356099698327 0.0475015816168 0.072952146022
Herato16 Herato1601 275001.0 275000.0 0.07707567668 0.069116843636 0.076573679484 0.087840600318
Herato16 Herato1601 325001.0 325000.0 0.0752895847633 0.0693574956743 0.0756465420553 0.0802025093604
Herato16 Herato1601 375001.0 375000.0 0.0815424287792 0.0680461914131 0.0817340463528 0.098442630051
Herato16 Herato1601 425001.0 425000.0 0.030871125636 0.0273397060099 0.0309455413552 0.034202526854
Herato16 Herato1601 475001.0 475000.0 0.06673019758 0.0632040784 0.06644350482 0.07074784064
Herato16 Herato1601 525001.0 525000.0 0.0584043296036 0.0434373058148 0.0573764061906 0.0773101679206
Herato16 Herato1601 575001.0 575000.0 0.067487734782 0.0635415169174 0.067216614965 0.0731531648024
Herato16 Herato1601 625001.0 625000.0 0.056272132825 0.049072204755 0.055881968461 0.0670578082786
Herato16 Herato1601 675001.0 675000.0 0.113069928639 0.0675589960386 0.110436070222 0.17381728112
Herato16 Herato1601 725001.0 725000.0 0.05511158166 0.051417086102 0.0548551453 0.0596864702
Herato16 Herato1601 775001.0 775000.0 0.07103276308 0.067811672182 0.0707523387 0.0741963234
Herato16 Herato1601 825001.0 825000.0 0.06860098674 0.06476546998 0.06842336378 0.07249139584
Herato16 Herato1601 875001.0 875000.0 0.08244538485 0.07689307341 0.0824142393 0.08717392205
Herato16 Herato1601 925001.0 925000.0 0.0750039706 0.0720047712 0.075084922 0.0777673116
Herato16 Herato1601 975001.0 975000.0 0.0641184773 0.05924951258 0.06396262378 0.068424622
Herato16 Herato1601 1025001.0 1025000.0 0.05588942538 0.05282216186 0.05579795486 0.05830493852
Herato16 Herato1601 1075001.0 1075000.0 0.1122362452 0.1072016615 0.1116130031 0.1194639949
Herato16 Herato1601 1125001.0 1125000.0 0.1067820788 0.1036614024 0.1063397208 0.1117136656
Herato16 Herato1601 1175001.0 1175000.0 0.10182163958 0.09802308566 0.10166015874 0.107220813
Herato16 Herato1601 1225001.0 1225000.0 0.0881389073 0.082165739764 0.087702679544 0.09804270208
Herato16 Herato1601 1275001.0 1275000.0 0.07430863484 0.0704665956 0.07406997526 0.08113728584
Herato16 Herato1601 1325001.0 1325000.0 0.08763407896 0.0835776856 0.0873462804 0.09146790688
Herato16 Herato1601 1375001.0 1375000.0 0.0800798223254 0.0747509780972 0.0794865306214 0.08710051558
Herato16 Herato1601 1425001.0 1425000.0 0.100126761485 0.0969396840832 0.099630023486 0.10562978722
Herato16 Herato1601 1475001.0 1475000.0 0.08097252858 0.0759547098 0.08076375198 0.08775571958
Herato16 Herato1601 1525001.0 1525000.0 0.065932734164 0.061488816774 0.066089691774 0.070704581402
Herato16 Herato1601 1575001.0 1575000.0 0.0858686264 0.076858042916 0.08567755592 0.09681350282
Herato16 Herato1601 1625001.0 1625000.0 0.07631643272 0.07423860136 0.07589867296 0.08030758384
Herato16 Herato1601 1675001.0 1675000.0 0.08833903116 0.08009787042 0.0874253567 0.09950194102
Herato16 Herato1601 1725001.0 1725000.0 0.075991658544 0.069636407372 0.075950069504 0.082217401612
Herato16 Herato1601 1775001.0 1775000.0 0.08854013632 0.08374560512 0.08827933176 0.09449212528
Herato16 Herato1601 1825001.0 1825000.0 0.07109664632 0.06801767762 0.07094676966 0.07507324918
Herato16 Herato1601 1875001.0 1875000.0 0.06535022154 0.06075159515 0.065570409842 0.06996203909
Herato16 Herato1601 1925001.0 1925000.0 0.036605872173 0.0324813195388 0.0366732217332 0.0400899543836
Herato16 Herato1601 1975001.0 1975000.0 0.066519042154 0.0531761502269 0.061573055836 0.08925968651
Herato16 Herato1601 2025001.0 2025000.0 0.05359707806 0.05065428882 0.05347291546 0.05666024068
Herato16 Herato1601 2075001.0 2075000.0 0.07142576208 0.0675980686 0.07130217946 0.0754455681
Herato16 Herato1601 2125001.0 2125000.0 0.067070412806 0.061156933692 0.066716279086 0.073962159058
Herato16 Herato1601 2175001.0 2175000.0 0.08337648556 0.07754294108 0.08396654732 0.08983351264
Herato16 Herato1601 2225001.0 2225000.0 0.06527846111 0.059198769978 0.06630953122 0.070836224322
Herato16 Herato1601 2275001.0 2275000.0 0.094762948716 0.0905005724523 0.0942518688988 0.100444532948
Herato16 Herato1601 2325001.0 2325000.0 0.07324002054 0.06801325254 0.07352958846 0.0778446267
Herato16 Herato1601 2375001.0 2375000.0 0.097981944544 0.085844350848 0.09807435507 0.11128077732
Herato16 Herato1601 2425001.0 2425000.0 0.09791503086 0.0882928434 0.10046055542 0.1046945824
Herato16 Herato1601 2475001.0 2475000.0 0.08512638672 0.07822987374 0.08565368308 0.09157437516
Herato16 Herato1601 2525001.0 2525000.0 0.07125282598 0.06519106292 0.07158430528 0.07664614136
Herato16 Herato1601 2575001.0 2575000.0 0.079213612288 0.07014441598 0.079609398854 0.087128148376
Herato16 Herato1601 2625001.0 2625000.0 0.0979246338 0.0922642182 0.0980123102 0.104874966
Herato16 Herato1601 2675001.0 2675000.0 0.10375924856 0.09841375076 0.10386508424 0.110789499
Herato16 Herato1601 2725001.0 2725000.0 0.052206754288 0.044658876888 0.05164240349 0.063992283428
Herato16 Herato1601 2775001.0 2775000.0 0.08288835896 0.06838936648 0.08397680712 0.09077644804
Herato16 Herato1601 2825001.0 2825000.0 0.0809751378345 0.0723749953987 0.080835955754 0.0907879858344
Herato16 Herato1601 2875001.0 2875000.0 0.08869789398 0.08367374266 0.08863810638 0.09308132152
Herato16 Herato1601 2925001.0 2925000.0 0.09800753936 0.09582333892 0.09751640676 0.10197525304
Herato16 Herato1601 2975001.0 2975000.0 0.0926627814 0.0896662256 0.0925001058 0.0971751936
Herato16 Herato1601 3025001.0 3025000.0 0.083869539668 0.077380478896 0.08384010576 0.092717439628
Herato16 Herato1601 3075001.0 3075000.0 0.09909647952 0.09235372252 0.10000075368 0.1048067716
Herato16 Herato1601 3125001.0 3125000.0 0.0561227951926 0.0513544967704 0.0561344925876 0.0608505699148
Herato16 Herato1601 3175001.0 3175000.0 0.0892422825662 0.0805513960314 0.0895126540088 0.099565319346
Herato16 Herato1601 3225001.0 3225000.0 0.06571400887 0.059450552204 0.06549453814 0.073726234368
Herato16 Herato1601 3275001.0 3275000.0 0.04857739778 0.0457168978 0.04810156772 0.05200275292
Herato16 Herato1601 3325001.0 3325000.0 0.059352571628 0.050902775308 0.059924833832 0.0626511669
Herato16 Herato1601 3375001.0 3375000.0 0.06233355726 0.0593247832 0.06214149398 0.06600477722
Herato16 Herato1601 3425001.0 3425000.0 0.06256823196 0.05917597842 0.06211033272 0.06734218146
Herato16 Herato1601 3475001.0 3475000.0 0.062653318252 0.0595059938547 0.0622280433208 0.06673491284
Herato16 Herato1601 3525001.0 3525000.0 0.07591657076 0.07259747228 0.07562251908 0.07958429022
Herato16 Herato1601 3575001.0 3575000.0 0.077578895168 0.071949210246 0.077227488698 0.0831525291
Herato16 Herato1601 3625001.0 3625000.0 0.0637487255 0.06149543552 0.0637265724 0.06634460608
Herato16 Herato1601 3675001.0 3675000.0 0.065246628446 0.057196953898 0.064977619408 0.074910498418
Herato16 Herato1601 3725001.0 3725000.0 0.089976487024 0.085038664988 0.08982983966 0.095445259388
Herato16 Herato1601 3775001.0 3775000.0 0.157181627158 0.150046287207 0.156352499404 0.167996629224
Herato16 Herato1601 3825001.0 3825000.0 0.126863418348 0.119653797124 0.125745364452 0.13720173743
Herato16 Herato1601 3875001.0 3875000.0 0.08929767752 0.0587147695 0.08842186936 0.12982297632
Herato16 Herato1601 3925001.0 3925000.0 0.04989589928 0.04062401032 0.04997757156 0.05968218316
Herato16 Herato1601 3975001.0 3975000.0 0.04131877376 0.03882457216 0.0414067456 0.04383496832
Herato16 Herato1601 4025001.0 4025000.0 0.0422564271 0.03989369298 0.0422229654 0.04494863004
Herato16 Herato1601 4075001.0 4075000.0 0.102644999304 0.082671829266 0.102088552578 0.121109607578
Herato16 Herato1601 4125001.0 4125000.0 0.0734945995112 0.0690012305246 0.07221780442 0.0828536703598
Herato16 Herato1601 4175001.0 4175000.0 0.0555131595 0.0516051385796 0.0558940517308 0.0592405548
Herato16 Herato1601 4225001.0 4225000.0 0.0517879608104 0.0422238258863 0.0498680085215 0.065209514281
Herato16 Herato1601 4275001.0 4275000.0 0.048270566482 0.041045646358 0.047446727318 0.061038353556
Herato16 Herato1601 4325001.0 4325000.0 0.05531741716 0.04685227396 0.05540369012 0.06537003834
Herato16 Herato1601 4375001.0 4375000.0 0.066901186754 0.0560310257013 0.0675892548442 0.080523062084
Herato16 Herato1601 4425001.0 4425000.0 0.06068633016 0.05270629448 0.06131978706 0.06636741538
Herato16 Herato1601 4475001.0 4475000.0 0.04136701056 0.03811963024 0.04055519286 0.05007955226
Herato16 Herato1601 4525001.0 4525000.0 0.029001324892 0.025628409862 0.02897034543 0.03293452938
Herato16 Herato1601 4575001.0 4575000.0 0.077379012272 0.07103960678 0.077177690044 0.08410740722
Herato16 Herato1601 4625001.0 4625000.0 0.08177761224 0.0794505828 0.08175080772 0.08507258268
Herato16 Herato1601 4675001.0 4675000.0 0.09158354634 0.0866186602 0.09104187894 0.099335876
Herato16 Herato1601 4725001.0 4725000.0 0.07752102086 0.07276934288 0.0766876755 0.0844021289
Herato16 Herato1601 4775001.0 4775000.0 0.1555502173 0.1441586967 0.1559196132 0.16783512226
Herato16 Herato1601 4825001.0 4825000.0 0.138108181948 0.128306919844 0.137696447432 0.14999930786
Herato16 Herato1601 4875001.0 4875000.0 0.107109084266 0.0900292965688 0.106200100864 0.131275710122
Herato16 Herato1601 4925001.0 4925000.0 0.068943306891 0.0631862003896 0.0695634264714 0.0747349604318
Herato16 Herato1601 4975001.0 4975000.0 0.08053241952 0.06968517492 0.08080237244 0.08672050668
Herato16 Herato1601 5025001.0 5025000.0 0.07932611036 0.07329721958 0.0789537461 0.08717915482
Herato16 Herato1601 5075001.0 5075000.0 0.09185097846 0.08260139148 0.08982677068 0.10433765362
Herato16 Herato1601 5125001.0 5125000.0 0.11903469592 0.10806307742 0.11859805402 0.13119969148
Herato16 Herato1601 5175001.0 5175000.0 0.079904168363 0.0741467784816 0.0798047546356 0.0853146911
Herato16 Herato1601 5225001.0 5225000.0 0.0508535900788 0.0451202465801 0.0507901959942 0.057291560309
Herato16 Herato1601 5275001.0 5275000.0 0.06919698182 0.06429367294 0.0674211191 0.07823199844
Herato16 Herato1601 5325001.0 5325000.0 0.07565437776 0.07247327152 0.07577028348 0.07948220292
Herato16 Herato1601 5375001.0 5375000.0 0.07891484018 0.07489039528 0.07916877562 0.08219303532
Herato16 Herato1601 5425001.0 5425000.0 0.067223585 0.06311303856 0.06720313028 0.07043071464
Herato16 Herato1601 5475001.0 5475000.0 0.066251925338 0.062389588749 0.066430027212 0.06980863289
Herato16 Herato1601 5525001.0 5525000.0 0.0690355798 0.0656069756 0.06940098912 0.07270432404
Herato16 Herato1601 5575001.0 5575000.0 0.0562904678804 0.0472998598661 0.0550724658734 0.0677348802298
Herato16 Herato1601 5625001.0 5625000.0 0.0834490024454 0.0756471845921 0.0832198948218 0.0919621312482
Herato16 Herato1601 5675001.0 5675000.0 0.0638675072778 0.0596598632818 0.0642685459842 0.06688046417
Herato16 Herato1601 5725001.0 5725000.0 0.06253952712 0.05929039194 0.0626212668 0.06543092868
Herato16 Herato1601 5775001.0 5775000.0 0.08952445686 0.08466019402 0.09009349596 0.0935479956
Herato16 Herato1601 5825001.0 5825000.0 0.100862560735 0.0887549871172 0.101409869243 0.11348786602
Herato16 Herato1601 5875001.0 5875000.0 0.07207850188 0.06689894381 0.071670591514 0.076388956268
Herato16 Herato1601 5916147.0 5925000.0 0.0632961499752 0.0576588644556 0.0628785926545 0.0722653263347
Herato16 Herato1602 5957294.0 25000.0 0.046189224932 0.042474255498 0.046055335964 0.050475736992
Herato16 Herato1602 6007294.0 75000.0 0.0401111087322 0.0345575401785 0.0394723538972 0.0492127466728
Herato16 Herato1602 6057294.0 125000.0 0.0622415692702 0.0539672656364 0.0612245524486 0.07483728144
Herato16 Herato1602 6107294.0 175000.0 0.03140288576 0.02863716758 0.03146600884 0.03476968226
Herato16 Herato1602 6157294.0 225000.0 0.08795915394 0.08190241444 0.08855810372 0.09366978882
Herato16 Herato1602 6192024.5 275000.0 0.0785603531679 0.0728869024202 0.0800564233082 0.0820407866502
Herato16 Herato1603 6226756.0 25000.0 0.079155778914 0.072040329038 0.080702043692 0.08418517787
Herato16 Herato1603 6276756.0 75000.0 0.048704988187 0.0453888743285 0.0495131349918 0.05321479841
Herato16 Herato1603 6326756.0 125000.0 0.0969309424 0.0946043728 0.0958338608 0.1037782448
Herato16 Herato1603 6376756.0 175000.0 0.08702594102 0.08183192552 0.08614684704 0.09495027872
Herato16 Herato1603 6426756.0 225000.0 0.06344951891 0.053901144644 0.06405016372 0.0733853488
Herato16 Herato1603 6476756.0 275000.0 0.0575372510638 0.0444734284219 0.050500767436 0.0837292645706
Herato16 Herato1603 6526756.0 325000.0 0.08444191998 0.0749169121 0.08477295038 0.09227868142
Herato16 Herato1603 6576756.0 375000.0 0.06962123994 0.05587310094 0.06847467102 0.08740211708
Herato16 Herato1603 6626756.0 425000.0 0.064725720254 0.057802796912 0.065012827014 0.07164158204
Herato16 Herato1603 6676756.0 475000.0 0.05968811784 0.0570935886 0.05955306816 0.0631127965
Herato16 Herato1603 6726756.0 525000.0 0.056468227112 0.048734168524 0.056562297842 0.063582155484
Herato16 Herato1603 6776756.0 575000.0 0.047498062658 0.04096191594 0.047108525348 0.05619683848
Herato16 Herato1603 6826756.0 625000.0 0.080786309792 0.076921811539 0.080738405674 0.085649053184
Herato16 Herato1603 6876756.0 675000.0 0.08107430332 0.075346412278 0.081022318494 0.08791100046
Herato16 Herato1603 6926756.0 725000.0 0.0398162736931 0.0326683116409 0.038752609609 0.0580633411808
Herato16 Herato1603 6976756.0 775000.0 0.03920771454 0.036606399492 0.039163031192 0.041638228444
Herato16 Herato1603 7026756.0 825000.0 0.042606843906 0.039732139434 0.042507061 0.045095107818
Herato16 Herato1603 7076756.0 875000.0 0.03923391194 0.032809993064 0.03939609946 0.04444056314
Herato16 Herato1603 7126756.0 925000.0 0.019485664058 0.0181854512162 0.019400834746 0.020941990022
Herato16 Herato1603 7176756.0 975000.0 0.07061175686 0.05508615998 0.0693547939 0.09369125326
Herato16 Herato1603 7226756.0 1025000.0 0.068531145714 0.0604393266956 0.067728049588 0.081441153526
Herato16 Herato1603 7276756.0 1075000.0 0.0554355756654 0.0499972988654 0.0556358654694 0.0606269321842
Herato16 Herato1603 7326756.0 1125000.0 0.09080047352 0.08702633464 0.09111734112 0.09420257936
Herato16 Herato1603 7376756.0 1175000.0 0.100458036 0.1000180008 0.1003280256 0.1018681488
Herato16 Herato1603 7426756.0 1225000.0 0.08988726116 0.08582426612 0.08958229696 0.0956108404
Herato16 Herato1603 7476756.0 1275000.0 0.076784573296 0.071443837178 0.076697240284 0.082226544648
Herato16 Herato1603 7526756.0 1325000.0 0.08335995406 0.07884313854 0.08339773032 0.08677206922
Herato16 Herato1603 7576756.0 1375000.0 0.09032550284 0.08723026756 0.08974712818 0.095502664
Herato16 Herato1603 7626756.0 1425000.0 0.07944136296 0.07302217438 0.07968802844 0.08591456012
Herato16 Herato1603 7676756.0 1475000.0 0.03023088956 0.02871094292 0.03047489852 0.0310718312
Herato16 Herato1603 7726756.0 1525000.0 0.039153172396 0.037246989496 0.03916819854 0.040882143492
Herato16 Herato1603 7776756.0 1575000.0 0.0365427272718 0.0294029770258 0.0350573717032 0.0479803912656
Herato16 Herato1603 7826756.0 1625000.0 0.0153168238566 0.0136099485441 0.0152708829562 0.0170177194338
Herato16 Herato1603 7876756.0 1675000.0 0.014930059129 0.00813789557794 0.01535625136 0.0171337266488
Herato16 Herato1603 7926756.0 1725000.0 0.023132484162 0.019482544818 0.022906716712 0.02779439986
Herato16 Herato1603 7976756.0 1775000.0 0.068063579084 0.056727362576 0.067233114876 0.082880312948
Herato16 Herato1603 8026756.0 1825000.0 0.07594136416 0.068054539318 0.07587600976 0.08689285756
Herato16 Herato1603 8076756.0 1875000.0 0.0709112878464 0.0609079046061 0.0702130273829 0.0835227852232
Herato16 Herato1603 8126756.0 1925000.0 0.09499315794 0.08659224878 0.092010123 0.10613987044
Herato16 Herato1603 8176756.0 1975000.0 0.1004470298 0.0999859932 0.1002758946 0.1018097762
Herato16 Herato1603 8226756.0 2025000.0 0.09994209704 0.09933775436 0.0997540467 0.10135521898
Herato16 Herato1603 8276756.0 2075000.0 0.07903943346 0.07349125913 0.07934846063 0.0845230603
Herato16 Herato1603 8326756.0 2125000.0 0.0334200244301 0.0307261913611 0.0332101069232 0.0364503011104
Herato16 Herato1603 8376756.0 2175000.0 0.065441790992 0.062113871442 0.06497094586 0.070352388496
Herato16 Herato1603 8426756.0 2225000.0 0.05628409608 0.05120846488 0.05612293064 0.06122428928
Herato16 Herato1603 8476756.0 2275000.0 0.0633732798132 0.0559882461524 0.0631595846172 0.0715041095904
Herato16 Herato1603 8526756.0 2325000.0 0.07221327058 0.06796259024 0.07210734796 0.07688352256
Herato16 Herato1603 8576756.0 2375000.0 0.09612495774 0.086720271938 0.0960759673 0.10934773906
Herato16 Herato1603 8626756.0 2425000.0 0.0477168911967 0.0431063290216 0.0475479506199 0.0550553305635
Herato16 Herato1603 8676756.0 2475000.0 0.07531719051 0.061010997188 0.074861859274 0.090784077326
Herato16 Herato1603 8726756.0 2525000.0 0.033158816782 0.02883828168 0.032906141054 0.037564953888
Herato16 Herato1603 8776756.0 2575000.0 0.059640574479 0.0531967705568 0.0596036598924 0.0663604454064
Herato16 Herato1603 8826756.0 2625000.0 0.0748709545016 0.069080370165 0.0751738746712 0.0802221203
Herato16 Herato1603 8876756.0 2675000.0 0.1090375181 0.10280988606 0.1087331049 0.1153532856
Herato16 Herato1603 8926756.0 2725000.0 0.09876312234 0.09271409902 0.09823227326 0.10614647658
Herato16 Herato1603 8976756.0 2775000.0 0.09338037408 0.08659670208 0.09185542464 0.1015498176
Herato16 Herato1603 9026756.0 2825000.0 0.123985010912 0.106130404895 0.12296524925 0.145765572768
Herato16 Herato1603 9076756.0 2875000.0 0.093332612245 0.0898978615927 0.0927700200718 0.100723785264
Herato16 Herato1603 9126756.0 2925000.0 0.097096399 0.095137545 0.096858674 0.100738346
Herato16 Herato1603 9176756.0 2975000.0 0.12513300566 0.11615947663 0.12492266644 0.13433995512
Herato16 Herato1603 9226756.0 3025000.0 0.09602174596 0.09075298384 0.09612337 0.10166490532
Herato16 Herato1603 9276756.0 3075000.0 0.082602481 0.07832177256 0.0825000466 0.08747427576
Herato16 Herato1603 9326756.0 3125000.0 0.1231808515 0.11169545968 0.12224327178 0.1369962599
Herato16 Herato1603 9376756.0 3175000.0 0.08084248384 0.07595688224 0.0802905456 0.08617123296
Herato16 Herato1603 9426756.0 3225000.0 0.0983976548932 0.0876336265829 0.0981106031746 0.110124756218
Herato16 Herato1603 9476756.0 3275000.0 0.0808350927 0.0760194993 0.08102815794 0.08395806414
Herato16 Herato1603 9526756.0 3325000.0 0.0760737157 0.07230391974 0.0758165488 0.0802109749
Herato16 Herato1603 9576756.0 3375000.0 0.0877230587 0.08163048926 0.08735539368 0.09353432548
Herato16 Herato1603 9626756.0 3425000.0 0.08099204976 0.07761780666 0.0806608737 0.0838834956
Herato16 Herato1603 9676756.0 3475000.0 0.078745421084 0.074069101922 0.078928048086 0.08473160672
Herato16 Herato1603 9726756.0 3525000.0 0.041408737618 0.037658813044 0.041225369032 0.045551381394
Herato16 Herato1603 9776756.0 3575000.0 0.05988977433 0.05056528304 0.059568027958 0.07256066234
Herato16 Herato1603 9826756.0 3625000.0 0.055563472582 0.04823171599 0.054339184952 0.06768570171
Herato16 Herato1603 9876756.0 3675000.0 0.049004115972 0.045047609136 0.048819247406 0.053638652716
Herato16 Herato1603 9926756.0 3725000.0 0.04956836444 0.04736463918 0.04938729378 0.0527062046
Herato16 Herato1603 9976756.0 3775000.0 0.06961425016 0.06287079688 0.06951401766 0.07695229572
Herato16 Herato1603 10026756.0 3825000.0 0.049478349862 0.032091832437 0.051301204208 0.06382955132
Herato16 Herato1603 10076756.0 3875000.0 0.072726917936 0.0647258676 0.07277697786 0.08168567077
Herato16 Herato1603 10126756.0 3925000.0 0.087757820354 0.083018932068 0.087056021184 0.093887480394
Herato16 Herato1603 10176756.0 3975000.0 0.08233561718 0.08044218662 0.08194659994 0.08592657308
Herato16 Herato1603 10224532.0 4025000.0 0.0569193943405 0.0563414209475 0.0568129255576 0.0587428834958
Herato16 Herato1604 10272309.0 25000.0 0.065131903496 0.05610099298 0.064785031212 0.076499415466
Herato16 Herato1604 10302211.0 75000.0 0.100787920135 0.0914443824969 0.102427622399 0.107108096695
Herato16 Herato1605 10332114.0 25000.0 0.09103290884 0.08508297948 0.09164181236 0.09544861806
Herato16 Herato1605 10382114.0 75000.0 0.086016633754 0.0804852199542 0.086201965452 0.090847238852
Herato16 Herato1605 10432114.0 125000.0 0.06911257026 0.06536996436 0.06836755588 0.07461026954
Herato16 Herato1605 10482114.0 175000.0 0.04188104571 0.0394037948094 0.041283080418 0.048158622918
Herato16 Herato1605 10532114.0 225000.0 0.07552692026 0.06968148366 0.07539622108 0.08207766522
Herato16 Herato1605 10582114.0 275000.0 0.06913731192 0.06189738346 0.06908201778 0.07667339806
Herato16 Herato1605 10632114.0 325000.0 0.06303742038 0.0398717354274 0.06393559714 0.0886061701
Herato16 Herato1605 10682114.0 375000.0 0.062218278114 0.05772045855 0.062325384472 0.067009330354
Herato16 Herato1605 10732114.0 425000.0 0.04741564408 0.04441960668 0.04732358988 0.05080701982
Herato16 Herato1605 10782114.0 475000.0 0.0467775504054 0.0441104829483 0.0466537728398 0.0501808984532
Herato16 Herato1605 10832114.0 525000.0 0.061566232196 0.054767024348 0.061612646932 0.069849464202
Herato16 Herato1605 10882114.0 575000.0 0.064160924462 0.060180983386 0.063781330836 0.069817618002
Herato16 Herato1605 10932114.0 625000.0 0.0776272692092 0.0694489445783 0.0772936973428 0.0870741369104
Herato16 Herato1605 10982114.0 675000.0 0.026381677822 0.023530276678 0.025788358018 0.03399054808
Herato16 Herato1605 11032114.0 725000.0 0.0246846109464 0.0226540723158 0.0247151826798 0.026564516461
Herato16 Herato1605 11082114.0 775000.0 0.0290997871091 0.0261120927286 0.0289491784381 0.0324285012016
Herato16 Herato1605 11132114.0 825000.0 0.080060004358 0.073130448978 0.08067921252 0.08631951084
Herato16 Herato1605 11182114.0 875000.0 0.0738791443 0.068908354 0.0743157086 0.07801805382
Herato16 Herato1605 11232114.0 925000.0 0.066295496574 0.053677639176 0.065731500704 0.086141861952
Herato16 Herato1605 11282114.0 975000.0 0.102798701676 0.083470046532 0.099510250448 0.130496457362
Herato16 Herato1605 11332114.0 1025000.0 0.077174673462 0.0727868685564 0.077115919256 0.08460156503
Herato16 Herato1605 11382114.0 1075000.0 0.10445837684 0.06672814006 0.1042203983 0.15041898294
Herato16 Herato1605 11432114.0 1125000.0 0.113018059728 0.103917026296 0.113045075424 0.12374720628
Herato16 Herato1605 11482114.0 1175000.0 0.086170620036 0.079584593192 0.08540292044 0.09232620154
Herato16 Herato1605 11532114.0 1225000.0 0.11113539374 0.10225325306 0.11102059462 0.1184556706
Herato16 Herato1605 11582114.0 1275000.0 0.070451578614 0.064264227496 0.07030994903 0.07686455024
Herato16 Herato1605 11632114.0 1325000.0 0.09566479646 0.09088150252 0.0948625549 0.10255964264
Herato16 Herato1605 11682114.0 1375000.0 0.0832585932 0.0802098471 0.0831119901 0.0892932555
Herato16 Herato1605 11732114.0 1425000.0 0.08523310368 0.08283253332 0.08483821404 0.09023146692
Herato16 Herato1605 11782114.0 1475000.0 0.08490467472 0.0821774877 0.08468791086 0.08943809646
Herato16 Herato1605 11832114.0 1525000.0 0.08275119066 0.07864554726 0.08323867338 0.0862434849
Herato16 Herato1605 11882114.0 1575000.0 0.07795181462 0.07473391444 0.07766891982 0.0834626079
Herato16 Herato1605 11932114.0 1625000.0 0.0866328104974 0.0830438061584 0.086281634591 0.092702647594
Herato16 Herato1605 11982114.0 1675000.0 0.0480505332558 0.0441192799453 0.0477655285632 0.0535408629298
Herato16 Herato1605 12032114.0 1725000.0 0.048552256576 0.041806951242 0.0478773281 0.056639256096
Herato16 Herato1605 12082114.0 1775000.0 0.0756391337852 0.0606400693697 0.0736651535162 0.0963817742092
Herato16 Herato1605 12132114.0 1825000.0 0.0296339121506 0.0266481119195 0.0296209298029 0.0330626015356
Herato16 Herato1605 12182114.0 1875000.0 0.0370835602698 0.0323335193576 0.0371332043526 0.042464471244
Herato16 Herato1605 12232114.0 1925000.0 0.029153598594 0.0262048060614 0.0285279846206 0.0338094376312
Herato16 Herato1605 12282114.0 1975000.0 0.04153689782 0.0350351357392 0.04111046381 0.050229382482
Herato16 Herato1605 12332114.0 2025000.0 0.0392588344044 0.0365763575729 0.0391249000862 0.0427650028205
Herato16 Herato1605 12382114.0 2075000.0 0.041619588481 0.0384707044878 0.0414502953996 0.045256239081
Herato16 Herato1605 12432114.0 2125000.0 0.094347545296 0.085847281506 0.097952015312 0.102104512232
Herato16 Herato1605 12482114.0 2175000.0 0.111128124 0.10393749228 0.1123299276 0.1182433756
Herato16 Herato1605 12532114.0 2225000.0 0.062080109974 0.055449939678 0.061609690786 0.071349394928
Herato16 Herato1605 12582114.0 2275000.0 0.07163888612 0.06692714056 0.07160496322 0.07701645394
Herato16 Herato1605 12632114.0 2325000.0 0.069355878258 0.062077044984 0.069245768616 0.077401726896
Herato16 Herato1605 12682114.0 2375000.0 0.0725980265 0.07034195538 0.07259317218 0.0757038815
Herato16 Herato1605 12732114.0 2425000.0 0.091456428514 0.084672001954 0.091459966938 0.096460570882
Herato16 Herato1605 12782114.0 2475000.0 0.08274481092 0.07216967006 0.08235325322 0.09571340278
Herato16 Herato1605 12832114.0 2525000.0 0.079860153006 0.071126442966 0.07930421915 0.091571574486
Herato16 Herato1605 12882114.0 2575000.0 0.05954385178 0.05301697972 0.05961215584 0.06444185586
Herato16 Herato1605 12932114.0 2625000.0 0.092521507852 0.0783223476721 0.0921898950886 0.109503066184
Herato16 Herato1605 12982114.0 2675000.0 0.02605851009 0.021357955077 0.025447729672 0.032457085232
Herato16 Herato1605 13032114.0 2725000.0 0.0307183416551 0.0188672608349 0.0288461079618 0.0553078389237
Herato16 Herato1605 13082114.0 2775000.0 0.073287327088 0.0674468068864 0.073221904052 0.078739963316
Herato16 Herato1605 13132114.0 2825000.0 0.064317119654 0.0584048874222 0.064073140784 0.070432023148
Herato16 Herato1605 13182114.0 2875000.0 0.071524300652 0.064261926916 0.072163102026 0.076395654854
Herato16 Herato1605 13232114.0 2925000.0 0.08050462656 0.07523883746 0.08057423748 0.0844080307
Herato16 Herato1605 13282114.0 2975000.0 0.07312217912 0.07040063452 0.07234287336 0.0771924449
Herato16 Herato1605 13332114.0 3025000.0 0.0710302865128 0.0684876018664 0.0705526156453 0.075569077894
Herato16 Herato1605 13382114.0 3075000.0 0.03139350313 0.027728446337 0.0310688653888 0.039747994224
Herato16 Herato1605 13432114.0 3125000.0 0.07523525574 0.07065365536 0.07564025246 0.0799842532
Herato16 Herato1605 13482114.0 3175000.0 0.08805853056 0.08307210912 0.08731859136 0.0966053088
Herato16 Herato1605 13532114.0 3225000.0 0.06473692816 0.06051695296 0.0645140161 0.069203971
Herato16 Herato1605 13582114.0 3275000.0 0.05854360772 0.05391924278 0.05847486814 0.061942933
Herato16 Herato1605 13632114.0 3325000.0 0.0596734795824 0.0527996120825 0.0594656971682 0.066057116716
Herato16 Herato1605 13682114.0 3375000.0 0.06537449428 0.060198619186 0.065128482208 0.071353699268
Herato16 Herato1605 13732114.0 3425000.0 0.0612174365412 0.0482065883452 0.0604031950992 0.0821273401372
Herato16 Herato1605 13782114.0 3475000.0 0.0771668900886 0.0435914462648 0.0699721103125 0.149083918642
Herato16 Herato1605 13832114.0 3525000.0 0.025089498871 0.0189787484355 0.0237991391594 0.035131666387
Herato16 Herato1605 13882114.0 3575000.0 0.0389543146422 0.0347034553086 0.0390552242212 0.0437468740902
Herato16 Herato1605 13932114.0 3625000.0 0.0433468592204 0.0385582659637 0.043179044383 0.0499168677176
Herato16 Herato1605 13982114.0 3675000.0 0.054743924016 0.0503229952256 0.054461333444 0.058626498252
Herato16 Herato1605 14032114.0 3725000.0 0.05270789494 0.0456066513 0.05199247068 0.05991135484
Herato16 Herato1605 14082114.0 3775000.0 0.05412101791 0.04951202836 0.05462818396 0.058204786288
Herato16 Herato1605 14132114.0 3825000.0 0.05935900294 0.05184584354 0.05849709626 0.07765461294
Herato16 Herato1605 14182114.0 3875000.0 0.084923681722 0.077658335036 0.084488642698 0.092080123474
Herato16 Herato1605 14232114.0 3925000.0 0.08272793032 0.0791834379 0.0819415331 0.08659756902
Herato16 Herato1605 14282114.0 3975000.0 0.09011362134 0.0858207059 0.0901293903 0.09329752534
Herato16 Herato1605 14332114.0 4025000.0 0.09444286274 0.08915797076 0.09366924078 0.09975992356
Herato16 Herato1605 14382114.0 4075000.0 0.0681341123956 0.0626129141524 0.0673287812858 0.0750395087432
Herato16 Herato1605 14432114.0 4125000.0 0.0492477269432 0.0463841758978 0.0493485542118 0.0506851259818
Herato16 Herato1605 14482114.0 4175000.0 0.04939728192 0.045881252154 0.04929802808 0.05255412696
Herato16 Herato1605 14532114.0 4225000.0 0.0387112290788 0.0319342001135 0.0385819754322 0.0464511610328
Herato16 Herato1605 14582114.0 4275000.0 0.06538682568 0.06011601786 0.06575751222 0.07079007612
Herato16 Herato1605 14632114.0 4325000.0 0.056686658116 0.0321920327394 0.050611401294 0.115367018152
Herato16 Herato1605 14682114.0 4375000.0 0.07386928136 0.06367371058 0.07429695364 0.086013479
Herato16 Herato1605 14732114.0 4425000.0 0.05317066998 0.045538161272 0.053425487798 0.061543297414
Herato16 Herato1605 14782114.0 4475000.0 0.05930515074 0.0505286664 0.05908007968 0.06973560074
Herato16 Herato1605 14832114.0 4525000.0 0.0381142632842 0.034833836657 0.0378402001372 0.04206517559
Herato16 Herato1605 14882114.0 4575000.0 0.042391498464 0.0391691300626 0.042281750836 0.046022549164
Herato16 Herato1605 14932114.0 4625000.0 0.09128962736 0.08634583456 0.0912269114 0.09647335068
Herato16 Herato1605 14982114.0 4675000.0 0.0576185366 0.0533062919366 0.057259497653 0.063379778742
Herato16 Herato1605 15032114.0 4725000.0 0.030985094159 0.0255581797015 0.0312172179554 0.0363400927948
Herato16 Herato1605 15082114.0 4775000.0 0.056813996287 0.0491925797791 0.0568712345982 0.0651499352444
Herato16 Herato1605 15132114.0 4825000.0 0.11664108696 0.0684991365439 0.110051398327 0.204870291486
