chrom scaffold Cposition position mean p0025 p0500 p0975
Herato09 Herato0901 25001.0 25000.0 0.063377312048 0.049398083454 0.062786049968 0.083856435646
Herato09 Herato0901 75001.0 75000.0 0.052177747924 0.038521446114 0.051025087188 0.075666825248
Herato09 Herato0901 125001.0 125000.0 0.05365497509 0.044093455492 0.051792886454 0.07190957045
Herato09 Herato0901 175001.0 175000.0 0.0912328742 0.08140351392 0.09107640198 0.10207087316
Herato09 Herato0901 225001.0 225000.0 0.104053460551 0.0903871380986 0.1035484857 0.118679111814
Herato09 Herato0901 275001.0 275000.0 0.055231760686 0.0514445155556 0.0551461262822 0.059482190554
Herato09 Herato0901 325001.0 325000.0 0.0839244695276 0.0701423954258 0.0840282612879 0.0985983624368
Herato09 Herato0901 375001.0 375000.0 0.099853174804 0.0964015268775 0.099206690689 0.106212529484
Herato09 Herato0901 425001.0 425000.0 0.124784394613 0.114542928003 0.124630542045 0.135796867102
Herato09 Herato0901 475001.0 475000.0 0.150124713364 0.137284558754 0.149485053545 0.162439684964
Herato09 Herato0901 525001.0 525000.0 0.0905719126716 0.0781930907601 0.090350558443 0.103882153321
Herato09 Herato0901 575001.0 575000.0 0.10248948058 0.09120777594 0.10115881442 0.11381361344
Herato09 Herato0901 625001.0 625000.0 0.112865426142 0.0992843571454 0.11291747497 0.124819342034
Herato09 Herato0901 675001.0 675000.0 0.103522144386 0.089468493166 0.103591933078 0.119021301278
Herato09 Herato0901 725001.0 725000.0 0.0302746588158 0.0269962355539 0.0299322807868 0.0369587012484
Herato09 Herato0901 775001.0 775000.0 0.0715376855262 0.0571215343359 0.0709430921736 0.085841054895
Herato09 Herato0901 825001.0 825000.0 0.11162779784 0.10585379796 0.11143752618 0.11726417288
Herato09 Herato0901 875001.0 875000.0 0.12910971664 0.12084697008 0.1281572228 0.1389247458
Herato09 Herato0901 925001.0 925000.0 0.104031823508 0.09723159938 0.10372604066 0.11230851876
Herato09 Herato0901 975001.0 975000.0 0.064080053572 0.060206926434 0.063866500866 0.069647597546
Herato09 Herato0901 1025001.0 1025000.0 0.066541028244 0.057509493362 0.067505505856 0.073753696494
Herato09 Herato0901 1075001.0 1075000.0 0.0948136978386 0.086728550999 0.094466604589 0.104279054815
Herato09 Herato0901 1125001.0 1125000.0 0.0594599784 0.0532287006 0.05891854 0.0674260595
Herato09 Herato0901 1175001.0 1175000.0 0.06869287126 0.06358578854 0.0678459116 0.07599848892
Herato09 Herato0901 1225001.0 1225000.0 0.07121032202 0.065268664072 0.071175195992 0.0774963961
Herato09 Herato0901 1275001.0 1275000.0 0.102014683665 0.0858843232961 0.0984610377778 0.130132974931
Herato09 Herato0901 1325001.0 1325000.0 0.0832576446548 0.068608026073 0.0820622892174 0.1044606672
Herato09 Herato0901 1375001.0 1375000.0 0.053899801976 0.045755731176 0.0565974291 0.063036922368
Herato09 Herato0901 1425001.0 1425000.0 0.0817988692016 0.0721282192973 0.0814311486898 0.0939011400954
Herato09 Herato0901 1475001.0 1475000.0 0.10960011392 0.0999579296 0.10851756294 0.12315209914
Herato09 Herato0901 1525001.0 1525000.0 0.086153499688 0.0728085239079 0.085315535016 0.105378186024
Herato09 Herato0901 1575001.0 1575000.0 0.075035158484 0.069922968074 0.074685096236 0.081584687708
Herato09 Herato0901 1625001.0 1625000.0 0.107525344118 0.089317565158 0.10558958744 0.137164722828
Herato09 Herato0901 1675001.0 1675000.0 0.09584048094 0.089668799678 0.095317147298 0.10309338692
Herato09 Herato0901 1725001.0 1725000.0 0.051535315294 0.046709386786 0.051647487616 0.056644195906
Herato09 Herato0901 1775001.0 1775000.0 0.0814252110253 0.0725083011643 0.0808355328406 0.0885964822172
Herato09 Herato0901 1825001.0 1825000.0 0.0383666299493 0.0358001639151 0.0382242077924 0.0411978043164
Herato09 Herato0901 1875001.0 1875000.0 0.108855916992 0.0976964118074 0.10812919236 0.123435533519
Herato09 Herato0901 1925001.0 1925000.0 0.113221661898 0.103804379218 0.11307169553 0.123848193628
Herato09 Herato0901 1975001.0 1975000.0 0.045925233522 0.0428433508094 0.04569844266 0.050005461328
Herato09 Herato0901 2025001.0 2025000.0 0.0448340434376 0.0382823117267 0.0447696822946 0.0534436094462
Herato09 Herato0901 2075001.0 2075000.0 0.035322832424 0.031891912096 0.034987096084 0.038992496614
Herato09 Herato0901 2125001.0 2125000.0 0.067938763236 0.063636837662 0.067646930004 0.073074670992
Herato09 Herato0901 2175001.0 2175000.0 0.10156572988 0.08896448192 0.10070300924 0.12489531304
Herato09 Herato0901 2225001.0 2225000.0 0.10841308222 0.10349341602 0.10824987122 0.11429077132
Herato09 Herato0901 2275001.0 2275000.0 0.100946256621 0.0909029342661 0.100681338026 0.113623256251
Herato09 Herato0901 2325001.0 2325000.0 0.0922531834484 0.0858585611268 0.0927780425314 0.0990066758574
Herato09 Herato0901 2375001.0 2375000.0 0.0640576292992 0.0566403294546 0.0635701784463 0.072431543953
Herato09 Herato0901 2425001.0 2425000.0 0.0893174653184 0.0696780946462 0.088779239304 0.117140997723
Herato09 Herato0901 2475001.0 2475000.0 0.0770472914 0.06927581896 0.07836393882 0.08547413976
Herato09 Herato0901 2525001.0 2525000.0 0.106767532795 0.0961526093802 0.106132993854 0.118517187043
Herato09 Herato0901 2575001.0 2575000.0 0.0789003471232 0.0730896821049 0.0785097264858 0.0860466739946
Herato09 Herato0901 2625001.0 2625000.0 0.106537524949 0.0940860020005 0.105900402898 0.122892246722
Herato09 Herato0901 2675001.0 2675000.0 0.0519372210012 0.0465217026942 0.0516825488862 0.0579177357064
Herato09 Herato0901 2725001.0 2725000.0 0.059141168592 0.05257763568 0.058602114066 0.06792819556
Herato09 Herato0901 2775001.0 2775000.0 0.106646652192 0.09108653949 0.10713788665 0.119520089396
Herato09 Herato0901 2825001.0 2825000.0 0.073883702988 0.066386911594 0.0723519877 0.08528252608
Herato09 Herato0901 2875001.0 2875000.0 0.0486110176675 0.0433915073504 0.0484616075126 0.0550608687404
Herato09 Herato0901 2925001.0 2925000.0 0.078627596318 0.074158712384 0.07890980183 0.082023501618
Herato09 Herato0901 2975001.0 2975000.0 0.10551043584 0.09765911854 0.10571342062 0.1137102908
Herato09 Herato0901 3025001.0 3025000.0 0.12595255271 0.107210373182 0.12419766074 0.152527545328
Herato09 Herato0901 3075001.0 3075000.0 0.104195795624 0.09151669431 0.10375804242 0.119340357692
Herato09 Herato0901 3125001.0 3125000.0 0.108467022552 0.089960081474 0.109292670892 0.12674033582
Herato09 Herato0901 3175001.0 3175000.0 0.0908113087 0.08053451028 0.08671339886 0.10726341614
Herato09 Herato0901 3225001.0 3225000.0 0.121885919968 0.114007216629 0.122073297916 0.130638420404
Herato09 Herato0901 3275001.0 3275000.0 0.128743710795 0.119826218733 0.128522198259 0.138681257343
Herato09 Herato0901 3325001.0 3325000.0 0.140998563738 0.123539101892 0.140494038664 0.157454629078
Herato09 Herato0901 3375001.0 3375000.0 0.0880373667708 0.0767940462606 0.0880253652696 0.101182961515
Herato09 Herato0901 3425001.0 3425000.0 0.0749477911373 0.0547181372141 0.067061127015 0.11504931873
Herato09 Herato0901 3475001.0 3475000.0 0.138631522087 0.118913522774 0.138106833091 0.15790958591
Herato09 Herato0901 3525001.0 3525000.0 0.0907188889 0.077323913114 0.089176685144 0.10868898156
Herato09 Herato0901 3575001.0 3575000.0 0.08623240694 0.0785471484 0.08596667506 0.09362286082
Herato09 Herato0901 3625001.0 3625000.0 0.112130262532 0.104125378702 0.112056589004 0.120616414484
Herato09 Herato0901 3675001.0 3675000.0 0.103629879562 0.09494875613 0.104200189958 0.112531150756
Herato09 Herato0901 3725001.0 3725000.0 0.1257382332 0.10517209878 0.1277944196 0.1497001152
Herato09 Herato0901 3775001.0 3775000.0 0.11739806236 0.10541987602 0.1156502343 0.13586208846
Herato09 Herato0901 3825001.0 3825000.0 0.1066660765 0.09628267796 0.106045558 0.1181036873
Herato09 Herato0901 3875001.0 3875000.0 0.083516357718 0.078316748592 0.083701241534 0.089050959856
Herato09 Herato0901 3925001.0 3925000.0 0.0830878579408 0.0739306376853 0.0829065187718 0.0920420536864
Herato09 Herato0901 3975001.0 3975000.0 0.0971321228794 0.0950662771046 0.0961591103404 0.102063415422
Herato09 Herato0901 4025001.0 4025000.0 0.081890851488 0.076636208016 0.08180622364 0.08727292922
Herato09 Herato0901 4075001.0 4075000.0 0.13202244411 0.121465246893 0.132140228476 0.14254649828
Herato09 Herato0901 4125001.0 4125000.0 0.1265706732 0.1141623352 0.12611335048 0.13986603638
Herato09 Herato0901 4175001.0 4175000.0 0.120302771614 0.108673500584 0.120288391468 0.133889248948
Herato09 Herato0901 4225001.0 4225000.0 0.117871548981 0.109781019822 0.117555324558 0.127537611776
Herato09 Herato0901 4275001.0 4275000.0 0.12549928002 0.11247892878 0.12456742434 0.14500396068
Herato09 Herato0901 4325001.0 4325000.0 0.1365183072 0.1215146689 0.13697554406 0.15043839244
Herato09 Herato0901 4375001.0 4375000.0 0.091926903104 0.084299619662 0.091860389366 0.100176223948
Herato09 Herato0901 4425001.0 4425000.0 0.0981341331 0.094516557012 0.09825245908 0.10124889814
Herato09 Herato0901 4475001.0 4475000.0 0.072953437148 0.065523846612 0.072858046414 0.080723351064
Herato09 Herato0901 4525001.0 4525000.0 0.0996299199368 0.0943930291883 0.0994536906342 0.107221959416
Herato09 Herato0901 4575001.0 4575000.0 0.0859963569 0.082169279882 0.0855974022 0.09309138152
Herato09 Herato0901 4625001.0 4625000.0 0.08695221852 0.08235295462 0.08669200256 0.09271888312
Herato09 Herato0901 4675001.0 4675000.0 0.10374287924 0.09318289294 0.10361239458 0.11639653902
Herato09 Herato0901 4725001.0 4725000.0 0.10936818326 0.09904819506 0.10916619564 0.12267374254
Herato09 Herato0901 4775001.0 4775000.0 0.05613053228 0.05380809404 0.05638259922 0.05764974568
Herato09 Herato0901 4825001.0 4825000.0 0.0997269501896 0.0961299375162 0.100190210789 0.101762943693
Herato09 Herato0901 4875001.0 4875000.0 0.108515112954 0.0970453893476 0.10754599995 0.126154155828
Herato09 Herato0901 4925001.0 4925000.0 0.0891030709404 0.081419852538 0.0887581160458 0.096744559129
Herato09 Herato0901 4975001.0 4975000.0 0.0773866136871 0.065518430713 0.0773219098926 0.0913558998426
Herato09 Herato0901 5025001.0 5025000.0 0.07928930792 0.0670012097529 0.0779718628806 0.0963866896
Herato09 Herato0901 5075001.0 5075000.0 0.0906895064 0.08534214548 0.0906901562 0.0968458878
Herato09 Herato0901 5125001.0 5125000.0 0.09036126414 0.081964786316 0.09080576142 0.099837278132
Herato09 Herato0901 5175001.0 5175000.0 0.0613731516259 0.0541257493326 0.0616565790055 0.0692327491242
Herato09 Herato0901 5225001.0 5225000.0 0.07584735512 0.06904922844 0.0760106299 0.08436140618
Herato09 Herato0901 5275001.0 5275000.0 0.09415465952 0.08861645726 0.0943227221 0.10003814414
Herato09 Herato0901 5325001.0 5325000.0 0.114488876376 0.107554586641 0.115453867203 0.118428719642
Herato09 Herato0901 5375001.0 5375000.0 0.109095576519 0.102390085379 0.109939478173 0.114579971496
Herato09 Herato0901 5425001.0 5425000.0 0.08476861222 0.078325046592 0.08509898734 0.0917246925
Herato09 Herato0901 5475001.0 5475000.0 0.118181569412 0.109450460818 0.116620591044 0.132693382344
Herato09 Herato0901 5525001.0 5525000.0 0.05530320414 0.049384329898 0.054781558906 0.061172831204
Herato09 Herato0901 5575001.0 5575000.0 0.0987709863812 0.0853187389382 0.098480918151 0.11372043795
Herato09 Herato0901 5625001.0 5625000.0 0.131096418559 0.105047600957 0.13124240921 0.162154667218
Herato09 Herato0901 5675001.0 5675000.0 0.050968264728 0.0441393799521 0.0510925178041 0.0581041818606
Herato09 Herato0901 5725001.0 5725000.0 0.0420532709752 0.036916626587 0.0420545356598 0.047080908508
Herato09 Herato0901 5775001.0 5775000.0 0.0402651732286 0.0342841337579 0.039729515015 0.0489164799324
Herato09 Herato0901 5825001.0 5825000.0 0.0557369698636 0.0482434322863 0.055633243616 0.066318237622
Herato09 Herato0901 5875001.0 5875000.0 0.070399205236 0.063885454496 0.070082453904 0.078240636786
Herato09 Herato0901 5925001.0 5925000.0 0.0586260905 0.0495129277215 0.059177856688 0.07163943758
Herato09 Herato0901 5975001.0 5975000.0 0.057990300226 0.0544787512242 0.058196874546 0.061774517528
Herato09 Herato0901 6025001.0 6025000.0 0.09551783598 0.0910941556069 0.0953990347486 0.0998445767534
Herato09 Herato0901 6075001.0 6075000.0 0.10773597804 0.10068959822 0.1079672424 0.11365917562
Herato09 Herato0901 6125001.0 6125000.0 0.10333125752 0.08906867188 0.10182607756 0.1183400494
Herato09 Herato0901 6175001.0 6175000.0 0.10929030526 0.09541890627 0.10972618172 0.12663283814
Herato09 Herato0901 6225001.0 6225000.0 0.10376180113 0.08028152753 0.101515356338 0.137267290458
Herato09 Herato0901 6275001.0 6275000.0 0.08602041043 0.080240343034 0.08596088421 0.09304647422
Herato09 Herato0901 6325001.0 6325000.0 0.052813779442 0.0471964400528 0.0527321903898 0.059240356652
Herato09 Herato0901 6375001.0 6375000.0 0.051778920616 0.04594770913 0.051624963366 0.058305213038
Herato09 Herato0901 6425001.0 6425000.0 0.0150548762048 0.0130156952376 0.0147778098517 0.018744348622
Herato09 Herato0901 6475001.0 6475000.0 0.050129722728 0.043794871478 0.049245901958 0.0602683546
Herato09 Herato0901 6525001.0 6525000.0 0.04931296498 0.035516261192 0.04231390618 0.11801168504
Herato09 Herato0901 6575001.0 6575000.0 0.063847199578 0.05515357337 0.063510896092 0.073947779102
Herato09 Herato0901 6625001.0 6625000.0 0.0731731395206 0.0643661371163 0.072950252032 0.083763876404
Herato09 Herato0901 6675001.0 6675000.0 0.0794412912728 0.0680914388955 0.0792923666346 0.0930889579748
Herato09 Herato0901 6725001.0 6725000.0 0.06919851986 0.05189847697 0.068455193308 0.090751836124
Herato09 Herato0901 6775001.0 6775000.0 0.0447193982076 0.0410558713302 0.0452712114661 0.0465071744455
Herato09 Herato0901 6825001.0 6825000.0 0.063439363067 0.0552878428907 0.0636340052756 0.072370741664
Herato09 Herato0901 6875001.0 6875000.0 0.071100171443 0.052903889038 0.068862818909 0.112737150165
Herato09 Herato0901 6925001.0 6925000.0 0.060887314272 0.057558128224 0.060835650032 0.065269512124
Herato09 Herato0901 6975001.0 6975000.0 0.0779242131018 0.0723375902466 0.0776108229198 0.084227368342
Herato09 Herato0901 7025001.0 7025000.0 0.09458204182 0.09113311812 0.09505710482 0.09710154742
Herato09 Herato0901 7075001.0 7075000.0 0.109021310654 0.102587207118 0.109023900296 0.117148690458
Herato09 Herato0901 7125001.0 7125000.0 0.0722443643491 0.0660714198406 0.072057878488 0.080242811054
Herato09 Herato0901 7175001.0 7175000.0 0.093036835494 0.077990351232 0.091616504266 0.113875965082
Herato09 Herato0901 7225001.0 7225000.0 0.164183686124 0.15158871248 0.163550072784 0.178547813102
Herato09 Herato0901 7275001.0 7275000.0 0.154900788 0.147800244 0.154386402 0.160962474
Herato09 Herato0901 7325001.0 7325000.0 0.10703852226 0.10099625288 0.10701059038 0.11386416394
Herato09 Herato0901 7375001.0 7375000.0 0.090971392748 0.082097901518 0.090688742146 0.102452976192
Herato09 Herato0901 7425001.0 7425000.0 0.080192103098 0.0698513502896 0.080099437718 0.092387350768
Herato09 Herato0901 7475001.0 7475000.0 0.0652666780104 0.0600303570148 0.065142784079 0.0708765218916
Herato09 Herato0901 7525001.0 7525000.0 0.075316925852 0.067149417122 0.074547690602 0.090128688164
Herato09 Herato0901 7575001.0 7575000.0 0.091716344348 0.071047883936 0.087548476434 0.11883444264
Herato09 Herato0901 7625001.0 7625000.0 0.08903728208 0.04041593008 0.08803493696 0.15133907856
Herato09 Herato0901 7675001.0 7675000.0 0.07219307488 0.0695676912 0.07184919032 0.07604495628
Herato09 Herato0901 7725001.0 7725000.0 0.0481848658874 0.0422690925776 0.0455134750738 0.058274922217
Herato09 Herato0901 7775001.0 7775000.0 0.06960040359 0.0550948219738 0.068093616069 0.094551949834
Herato09 Herato0901 7825001.0 7825000.0 0.0985618947092 0.088769064646 0.0987274621232 0.106749500953
Herato09 Herato0901 7875001.0 7875000.0 0.153477009011 0.139175651956 0.153216705313 0.169570199459
Herato09 Herato0901 7925001.0 7925000.0 0.1354467444 0.1291320734 0.1362182198 0.143125429
Herato09 Herato0901 7975001.0 7975000.0 0.1150177742 0.111441361 0.1144775154 0.1221766742
Herato09 Herato0901 8025001.0 8025000.0 0.104564843786 0.098507168294 0.104291257664 0.111189116846
Herato09 Herato0901 8075001.0 8075000.0 0.11678918524 0.10804209716 0.1167355918 0.12600567396
Herato09 Herato0901 8125001.0 8125000.0 0.084070819842 0.076963038492 0.083564838948 0.094185868652
Herato09 Herato0901 8175001.0 8175000.0 0.12712851936 0.11376271382 0.12716789104 0.14410304638
Herato09 Herato0901 8225001.0 8225000.0 0.053610234181 0.0470294287719 0.0533848161696 0.061337987426
Herato09 Herato0901 8275001.0 8275000.0 0.0781821082832 0.0680203526488 0.0758429583466 0.0945264973084
Herato09 Herato0901 8325001.0 8325000.0 0.0872387154123 0.0657274671406 0.0851244230593 0.122576199721
Herato09 Herato0901 8375001.0 8375000.0 0.084631241146 0.079956153854 0.084521831538 0.090280694348
Herato09 Herato0901 8425001.0 8425000.0 0.0684097431736 0.0636241928009 0.0685253497162 0.07270978921
Herato09 Herato0901 8475001.0 8475000.0 0.064831111885 0.0486711463124 0.0629354065388 0.0999910650882
Herato09 Herato0901 8525001.0 8525000.0 0.037082307126 0.03406650129 0.036902028158 0.040311624562
Herato09 Herato0901 8575001.0 8575000.0 0.102038067383 0.0862371129738 0.10051214077 0.123370796842
Herato09 Herato0901 8625001.0 8625000.0 0.090127885562 0.083780890018 0.09013073276 0.09762955316
Herato09 Herato0901 8675001.0 8675000.0 0.142684053 0.137994714 0.14228322 0.149456538
Herato09 Herato0901 8725001.0 8725000.0 0.07256912276 0.06687646004 0.0724975131 0.07799699086
Herato09 Herato0901 8775001.0 8775000.0 0.08542849305 0.0750447476725 0.08487322454 0.097724342244
Herato09 Herato0901 8825001.0 8825000.0 0.065093368932 0.057131246962 0.06505401769 0.073673919014
Herato09 Herato0901 8875001.0 8875000.0 0.090240751492 0.08373284586 0.090257891652 0.097013799036
Herato09 Herato0901 8925001.0 8925000.0 0.062290998742 0.056044295776 0.062064674028 0.071253377386
Herato09 Herato0901 8975001.0 8975000.0 0.08664880084 0.07749865772 0.08651064498 0.0941928618
Herato09 Herato0901 9025001.0 9025000.0 0.09688573095 0.0895852800262 0.096411831896 0.10682308554
Herato09 Herato0901 9075001.0 9075000.0 0.06509030508 0.058356222236 0.064978418434 0.07302253854
Herato09 Herato0901 9125001.0 9125000.0 0.077381909138 0.0696382164314 0.076685340416 0.089096562158
Herato09 Herato0901 9175001.0 9175000.0 0.107690983962 0.0912279496629 0.107425106641 0.126125908098
Herato09 Herato0901 9225001.0 9225000.0 0.0948899298172 0.0802036785575 0.0964320999762 0.109912863664
Herato09 Herato0901 9275001.0 9275000.0 0.0928791191 0.083103947116 0.09252265956 0.1044181277
Herato09 Herato0901 9325001.0 9325000.0 0.0583725391384 0.0472655348059 0.0582073873034 0.0716512164098
Herato09 Herato0901 9375001.0 9375000.0 0.09955311502 0.096252150708 0.09935022912 0.10494092052
Herato09 Herato0901 9425001.0 9425000.0 0.0980877896 0.0959789174 0.09740287 0.10205758
Herato09 Herato0901 9475001.0 9475000.0 0.0669975524449 0.0592271386699 0.0667744235373 0.073913031393
Herato09 Herato0901 9525001.0 9525000.0 0.12316347 0.1161839858 0.123225139 0.1317734802
Herato09 Herato0901 9575001.0 9575000.0 0.0899625407072 0.0822882205094 0.08993281414 0.0986993997342
Herato09 Herato0901 9625001.0 9625000.0 0.0479211952568 0.0421039967859 0.047519553084 0.0547969575292
Herato09 Herato0901 9675001.0 9675000.0 0.043900402204 0.0340435762068 0.0410368081402 0.0771751157536
Herato09 Herato0901 9725001.0 9725000.0 0.0655440938412 0.0604965026341 0.0653927132904 0.070733236308
Herato09 Herato0901 9775001.0 9775000.0 0.059763752932 0.0543346073 0.059621642816 0.065602497136
Herato09 Herato0901 9825001.0 9825000.0 0.07812514152 0.07551368888 0.07791173622 0.08149284674
Herato09 Herato0901 9875001.0 9875000.0 0.08237608066 0.077044815998 0.082144711284 0.0886868047
Herato09 Herato0901 9925001.0 9925000.0 0.0753548731 0.067416148342 0.07451199668 0.08596492068
Herato09 Herato0901 9975001.0 9975000.0 0.0331701475984 0.0302090948228 0.0333412808474 0.0368272726128
Herato09 Herato0901 10025001.0 10025000.0 0.11250180674 0.107866369928 0.11239495581 0.118563796418
Herato09 Herato0901 10075001.0 10075000.0 0.0992337895 0.091681961532 0.09908266642 0.110269208832
Herato09 Herato0901 10125001.0 10125000.0 0.109573512394 0.0877326670084 0.108795423095 0.136490758556
Herato09 Herato0901 10175001.0 10175000.0 0.08019949872 0.0501654598305 0.0831061687404 0.10906835154
Herato09 Herato0901 10225001.0 10225000.0 0.0311687347398 0.0293439593624 0.0310368226334 0.0335239493684
Herato09 Herato0901 10275001.0 10275000.0 0.029426373232 0.0270533083284 0.029359209018 0.032293570562
Herato09 Herato0901 10325001.0 10325000.0 0.063447192712 0.045457805296 0.06142779834 0.090774170404
Herato09 Herato0901 10375001.0 10375000.0 0.052011910782 0.04323251828 0.051503513652 0.062027204408
Herato09 Herato0901 10425001.0 10425000.0 0.04991515968 0.044308900888 0.047866258426 0.06015903467
Herato09 Herato0901 10475001.0 10475000.0 0.0388012786756 0.0359337446919 0.0384615041568 0.0428305275552
Herato09 Herato0901 10525001.0 10525000.0 0.100701155569 0.0945285015428 0.0998942427532 0.108701427352
Herato09 Herato0901 10575001.0 10575000.0 0.0613256342681 0.0565294494054 0.0615160136156 0.0676616565132
Herato09 Herato0901 10625001.0 10625000.0 0.109100284836 0.088128448018 0.10510234394 0.13865748672
Herato09 Herato0901 10675001.0 10675000.0 0.105275565259 0.093175650029 0.102992612044 0.149253744861
Herato09 Herato0901 10725001.0 10725000.0 0.088004559806 0.084610031156 0.087458699842 0.0936549753
Herato09 Herato0901 10775001.0 10775000.0 0.06930523916 0.06006306274 0.06854528988 0.08146011776
Herato09 Herato0901 10825001.0 10825000.0 0.11146516956 0.09863826138 0.11127924934 0.12373816674
Herato09 Herato0901 10875001.0 10875000.0 0.103592513022 0.0921286919946 0.103288829329 0.118436455147
Herato09 Herato0901 10925001.0 10925000.0 0.1175176924 0.1122169728 0.117102808 0.1208252784
Herato09 Herato0901 10975001.0 10975000.0 0.10943229122 0.1025331908 0.11000328296 0.11245400422
Herato09 Herato0901 11025001.0 11025000.0 0.08559210029 0.07916625628 0.085487949056 0.09384452505
Herato09 Herato0901 11075001.0 11075000.0 0.085454597244 0.0799193066134 0.085639804168 0.091556619846
Herato09 Herato0901 11125001.0 11125000.0 0.0932702865303 0.0741482874313 0.0943826250409 0.114149419906
Herato09 Herato0901 11175001.0 11175000.0 0.08699670904 0.08271647024 0.08703909068 0.09137716368
Herato09 Herato0901 11225001.0 11225000.0 0.0906576691254 0.0893815768748 0.0904973169814 0.09296954092
Herato09 Herato0901 11275001.0 11275000.0 0.062202520326 0.059992245846 0.062039510744 0.065186489828
Herato09 Herato0901 11325001.0 11325000.0 0.0688112394739 0.0592216441169 0.0683798016936 0.0800513289858
Herato09 Herato0901 11375001.0 11375000.0 0.10488503382 0.10135820022 0.10439039462 0.10906324076
Herato09 Herato0901 11425001.0 11425000.0 0.0646408995 0.06090629182 0.06407426436 0.06879439792
Herato09 Herato0901 11475001.0 11475000.0 0.0505861187132 0.0483794761939 0.0504649843839 0.053456914805
Herato09 Herato0901 11525001.0 11525000.0 0.043755216756 0.038831804289 0.043517345078 0.048932542654
Herato09 Herato0901 11575001.0 11575000.0 0.084517016016 0.0668253234 0.084146028144 0.10059616868
Herato09 Herato0901 11625001.0 11625000.0 0.105531004793 0.0902925125745 0.105812026807 0.124150587541
Herato09 Herato0901 11675001.0 11675000.0 0.076824168466 0.068897659962 0.076820707832 0.08733193274
Herato09 Herato0901 11725001.0 11725000.0 0.069260514998 0.06541226376 0.069262738506 0.07367419756
Herato09 Herato0901 11775001.0 11775000.0 0.120657205568 0.106455854557 0.120165071356 0.13843026896
Herato09 Herato0901 11825001.0 11825000.0 0.0530459241294 0.0449498041692 0.0534069621826 0.0610097401281
Herato09 Herato0901 11875001.0 11875000.0 0.10433742248 0.09951402094 0.10433919842 0.1100813246
Herato09 Herato0901 11925001.0 11925000.0 0.123013062896 0.115318912363 0.122955728823 0.131987504676
Herato09 Herato0901 11975001.0 11975000.0 0.11094233064 0.099655677 0.11038664428 0.12575714894
Herato09 Herato0901 12025001.0 12025000.0 0.0807673866 0.07628650892 0.08048641934 0.0865177779
Herato09 Herato0901 12075001.0 12075000.0 0.088114336624 0.0766360176368 0.087495922094 0.101691556228
Herato09 Herato0901 12125001.0 12125000.0 0.121632091191 0.115163688014 0.12102534714 0.129063409501
Herato09 Herato0901 12175001.0 12175000.0 0.0830349920205 0.075902614231 0.08306966686 0.0896817433992
Herato09 Herato0901 12225001.0 12225000.0 0.193886391436 0.166092701047 0.19292492053 0.226482746364
Herato09 Herato0901 12275001.0 12275000.0 0.10051014709 0.0904287250311 0.1003877324 0.112409039552
Herato09 Herato0901 12325001.0 12325000.0 0.0804103861812 0.0743335757656 0.0801527039772 0.0874918491752
Herato09 Herato0901 12375001.0 12375000.0 0.070442364728 0.068251605756 0.070588540896 0.073022973196
Herato09 Herato0901 12425001.0 12425000.0 0.07277804046 0.06624341194 0.07223591264 0.08256750748
Herato09 Herato0901 12475001.0 12475000.0 0.067360223494 0.061797294732 0.066950326588 0.075164802686
Herato09 Herato0901 12525001.0 12525000.0 0.0472127263 0.04037634234 0.047445627326 0.052532683594
Herato09 Herato0901 12560232.5 12575000.0 0.0535377437424 0.045858834037 0.0530637464155 0.0619160920882
Herato09 Herato0902 12595465.0 25000.0 0.0755338613174 0.0542302643416 0.074946496315 0.101783407395
Herato09 Herato0902 12622091.0 75000.0 0.00177448216482 0.00156042619926 0.00174755104551 0.00207676076261
Herato09 Herato0903 12648718.0 25000.0 0.0818230912632 0.0498916069577 0.0761206264599 0.139982544033
Herato09 Herato0903 12677323.5 75000.0 0.086419396852 0.0701369020587 0.0858592142241 0.105157153807
Herato09 Herato0904 12705930.0 25000.0 0.059835561768 0.0348113204006 0.056031584532 0.103697846486
Herato09 Herato0904 12755930.0 75000.0 0.052911542612 0.048743246764 0.0528869054668 0.057296701542
Herato09 Herato0904 12805930.0 125000.0 0.09264730878 0.086771897822 0.092271261492 0.098242150308
Herato09 Herato0904 12855930.0 175000.0 0.06276817048 0.05929310644 0.06277901736 0.06660769884
Herato09 Herato0904 12905930.0 225000.0 0.12352084324 0.11390046816 0.12308150516 0.13526031524
Herato09 Herato0904 12955930.0 275000.0 0.12076458352 0.1110723816 0.12034261824 0.13061245804
Herato09 Herato0904 13005930.0 325000.0 0.10704482564 0.099185271378 0.1066250891 0.11428424796
Herato09 Herato0904 13055930.0 375000.0 0.106243036064 0.095963582558 0.107454829102 0.1168584537
Herato09 Herato0904 13105930.0 425000.0 0.088829515586 0.0789630656133 0.0890955379054 0.099551018418
