chrom scaffold Cposition position mean p0025 p0500 p0975
Herato12 Herato1201 25001.0 25000.0 0.0541970005928 0.0489820971282 0.054314164539 0.0597697616472
Herato12 Herato1201 75001.0 75000.0 0.0669347451116 0.0595936488909 0.0665496918982 0.076964900444
Herato12 Herato1201 125001.0 125000.0 0.0602918744 0.056544021658 0.060116553182 0.064109875412
Herato12 Herato1201 175001.0 175000.0 0.084243760502 0.076158482112 0.08456495395 0.091792269224
Herato12 Herato1201 225001.0 225000.0 0.0647895756 0.06314730352 0.06452764864 0.06716882848
Herato12 Herato1201 275001.0 275000.0 0.0637049936544 0.055531392294 0.0612464297452 0.074816719852
Herato12 Herato1201 325001.0 325000.0 0.027172279292 0.0241840052522 0.027105758082 0.030403642818
Herato12 Herato1201 375001.0 375000.0 0.0445716204442 0.0388513904538 0.044228462544 0.0516910362914
Herato12 Herato1201 425001.0 425000.0 0.0549504807514 0.0445422378025 0.054567011552 0.0669818686352
Herato12 Herato1201 475001.0 475000.0 0.085615133666 0.0783690420548 0.085685313014 0.093029311398
Herato12 Herato1201 525001.0 525000.0 0.064392637846 0.050812135538 0.063541466704 0.083763687602
Herato12 Herato1201 575001.0 575000.0 0.0470646580816 0.0426949810046 0.0469401757316 0.05192708747
Herato12 Herato1201 625001.0 625000.0 0.023360255046 0.0124323886232 0.022726813342 0.039297488166
Herato12 Herato1201 650865.0 675000.0 0.0262091145833 0.0216708854167 0.0261734895833 0.0319615625
Herato12 Herato1202 676730.0 25000.0 0.0396451579716 0.0327987935299 0.0398514649033 0.0463219751466
Herato12 Herato1202 726730.0 75000.0 0.059833139106 0.026753136772 0.056178775892 0.124226363532
Herato12 Herato1202 776730.0 125000.0 0.0538051732088 0.0443069796456 0.053352630895 0.0684562309228
Herato12 Herato1202 826730.0 175000.0 0.0636936804 0.0609932936 0.0637412304 0.0663463338
Herato12 Herato1202 876730.0 225000.0 0.077534849966 0.071416233086 0.077087636216 0.084933862502
Herato12 Herato1202 926730.0 275000.0 0.049420801888 0.037471891168 0.049366733812 0.066070524156
Herato12 Herato1202 976730.0 325000.0 0.037073935678 0.027895499148 0.034811026278 0.058049819578
Herato12 Herato1202 1026730.0 375000.0 0.0530172596646 0.0470665546351 0.0528037060854 0.060397583568
Herato12 Herato1202 1076730.0 425000.0 0.068443051696 0.0612229205082 0.068786432732 0.075599431
Herato12 Herato1202 1126730.0 475000.0 0.08428578672 0.07989349178 0.0842963646 0.08805441754
Herato12 Herato1202 1176730.0 525000.0 0.10276164614 0.09727477398 0.1026215744 0.1102806041
Herato12 Herato1202 1226730.0 575000.0 0.0759151562084 0.0660427713705 0.0757397272756 0.0874518038604
Herato12 Herato1202 1276730.0 625000.0 0.060343592916 0.042156810559 0.058812850786 0.086756971056
Herato12 Herato1202 1326730.0 675000.0 0.068910607498 0.052112135494 0.067107805788 0.093984629164
Herato12 Herato1202 1376730.0 725000.0 0.0584015822344 0.0488297755904 0.0578133796428 0.0712281138
Herato12 Herato1202 1426730.0 775000.0 0.0644770321 0.06058563098 0.06412702966 0.06891100544
Herato12 Herato1202 1476730.0 825000.0 0.06139777512 0.05646407098 0.06149278554 0.06640459436
Herato12 Herato1202 1526730.0 875000.0 0.03246820408 0.02374133272 0.03220527628 0.04395249984
Herato12 Herato1202 1576730.0 925000.0 0.0450503485169 0.039655503034 0.0444788901758 0.0527097671382
Herato12 Herato1202 1626730.0 975000.0 0.085179086382 0.0795135535483 0.0843294922888 0.0904694819012
Herato12 Herato1202 1676730.0 1025000.0 0.05568842206 0.04946632879 0.054745710976 0.06636610412
Herato12 Herato1202 1726730.0 1075000.0 0.05594181603 0.05120039906 0.055680274298 0.061350887068
Herato12 Herato1202 1776730.0 1125000.0 0.066400733876 0.0625179013412 0.066214145722 0.071073115224
Herato12 Herato1202 1826730.0 1175000.0 0.058721565894 0.054779230994 0.05842073366 0.06288202867
Herato12 Herato1202 1876730.0 1225000.0 0.0603768057476 0.055365455023 0.0599518632776 0.065737720592
Herato12 Herato1202 1926730.0 1275000.0 0.05957557192 0.05587375732 0.05942831248 0.06420785362
Herato12 Herato1202 1976730.0 1325000.0 0.0495520712675 0.0476075810022 0.0493017160741 0.0522465853271
Herato12 Herato1202 2026730.0 1375000.0 0.0626087063 0.05787962404 0.06213743444 0.06799917878
Herato12 Herato1202 2076730.0 1425000.0 0.0928310308244 0.0719914831905 0.0924955824298 0.110040509212
Herato12 Herato1202 2126730.0 1475000.0 0.071544645061 0.0666010030294 0.0714983941188 0.075615822724
Herato12 Herato1202 2176730.0 1525000.0 0.059019097474 0.05328210015 0.058819118936 0.06582816902
Herato12 Herato1202 2226730.0 1575000.0 0.04381175009 0.03169367848 0.042370786578 0.064401147938
Herato12 Herato1202 2276730.0 1625000.0 0.0386898661568 0.032549767886 0.0390221622676 0.0442914704292
Herato12 Herato1202 2326730.0 1675000.0 0.0528734154906 0.0461887947389 0.0529192264457 0.060277463577
Herato12 Herato1202 2376730.0 1725000.0 0.10253148178 0.09663363688 0.10240682468 0.1096326896
Herato12 Herato1202 2426730.0 1775000.0 0.1173027856 0.11110831 0.1180005612 0.122066006
Herato12 Herato1202 2476730.0 1825000.0 0.09522595464 0.09130114056 0.0956270234 0.09798302568
Herato12 Herato1202 2526730.0 1875000.0 0.069217614634 0.064659450366 0.068661855298 0.07568449466
Herato12 Herato1202 2576730.0 1925000.0 0.0533460346667 0.0468922378228 0.0526152824374 0.0654867490128
Herato12 Herato1202 2626730.0 1975000.0 0.068790956464 0.0365578082182 0.063943059118 0.131252873702
Herato12 Herato1202 2676730.0 2025000.0 0.04132422532 0.03772451178 0.04121693634 0.0461024047
Herato12 Herato1202 2726730.0 2075000.0 0.09341498728 0.07998970962 0.09406696842 0.10362906054
Herato12 Herato1202 2776730.0 2125000.0 0.08224966656 0.0728878664 0.083195282 0.0875819868
Herato12 Herato1202 2826730.0 2175000.0 0.0739504537 0.06811783956 0.0740427928 0.08192186172
Herato12 Herato1202 2876730.0 2225000.0 0.0613384389266 0.0576825092391 0.0610033678938 0.064580765266
Herato12 Herato1202 2926730.0 2275000.0 0.09941626938 0.09367911702 0.09932611574 0.10553480844
Herato12 Herato1202 2976730.0 2325000.0 0.094954196656 0.083849105792 0.09474578039 0.108722119702
Herato12 Herato1202 3026730.0 2375000.0 0.11844464376 0.11150329914 0.1174276381 0.12724513724
Herato12 Herato1202 3076730.0 2425000.0 0.0714583409618 0.061689641254 0.07188100465 0.08071822308
Herato12 Herato1202 3126730.0 2475000.0 0.06494329328 0.0599822822 0.06517195252 0.06908028816
Herato12 Herato1202 3176730.0 2525000.0 0.07258668239 0.06810931393 0.072668588116 0.076815805154
Herato12 Herato1202 3226730.0 2575000.0 0.06983180376 0.06611569594 0.07004016382 0.07325807192
Herato12 Herato1202 3276730.0 2625000.0 0.0530565459824 0.0497671147406 0.0533773373066 0.057239858412
Herato12 Herato1202 3326730.0 2675000.0 0.074777294654 0.070704105062 0.074388813394 0.080151953764
Herato12 Herato1202 3376730.0 2725000.0 0.07268402958 0.06820471854 0.07284924348 0.07741758798
Herato12 Herato1202 3426730.0 2775000.0 0.06695222566 0.0632145169 0.06711702796 0.0706249861
Herato12 Herato1202 3476730.0 2825000.0 0.060141506184 0.05404562363 0.060587524676 0.067041236172
Herato12 Herato1202 3526730.0 2875000.0 0.08130319644 0.07771818616 0.0811449179 0.08625452992
Herato12 Herato1202 3576730.0 2925000.0 0.071871874222 0.067282095554 0.071303251824 0.078503649424
Herato12 Herato1202 3626730.0 2975000.0 0.098454231896 0.074394987894 0.09633279242 0.133753835738
Herato12 Herato1202 3676730.0 3025000.0 0.086697659476 0.0824973363702 0.086192012768 0.091743407528
Herato12 Herato1202 3726730.0 3075000.0 0.08827560512 0.08407551122 0.08761356984 0.0926859652
Herato12 Herato1202 3776730.0 3125000.0 0.069387147264 0.0622122365002 0.0686735239998 0.077366081908
Herato12 Herato1202 3826730.0 3175000.0 0.07161299124 0.06697565108 0.07117428242 0.07661443446
Herato12 Herato1202 3876730.0 3225000.0 0.08481153794 0.08158183444 0.08409137754 0.09027170264
Herato12 Herato1202 3926730.0 3275000.0 0.0753650569076 0.0719166372042 0.0750598826708 0.0799222712204
Herato12 Herato1202 3976730.0 3325000.0 0.058347778008 0.0551451733228 0.058341255508 0.061741285042
Herato12 Herato1202 4026730.0 3375000.0 0.04354051908 0.04241843814 0.0436516178 0.04435598474
Herato12 Herato1202 4076730.0 3425000.0 0.0511157570941 0.049751889942 0.0511190456932 0.0529907274684
Herato12 Herato1202 4126730.0 3475000.0 0.047852949666 0.044553556788 0.04759396342 0.05191002459
Herato12 Herato1202 4176730.0 3525000.0 0.070408034054 0.065308226252 0.070336296572 0.07686162426
Herato12 Herato1202 4226730.0 3575000.0 0.054370788348 0.0485500989672 0.054011020722 0.06511001892
Herato12 Herato1202 4276730.0 3625000.0 0.1069902676 0.09759004722 0.1070382974 0.1152320906
Herato12 Herato1202 4326730.0 3675000.0 0.0861342505 0.07731360808 0.08627440086 0.09639658192
Herato12 Herato1202 4376730.0 3725000.0 0.03723961523 0.033097820758 0.037232403624 0.041746106526
Herato12 Herato1202 4426730.0 3775000.0 0.036433168854 0.0281074337932 0.036069784072 0.046619839164
Herato12 Herato1202 4476730.0 3825000.0 0.04322712422 0.0407080285 0.0430951629 0.0455540628
Herato12 Herato1202 4526730.0 3875000.0 0.061052853174 0.051053404916 0.060882896148 0.073053896262
Herato12 Herato1202 4576730.0 3925000.0 0.034384235181 0.0301824186838 0.034433644239 0.038355081602
Herato12 Herato1202 4626730.0 3975000.0 0.0305202239734 0.0250639779861 0.029680322013 0.0412773202445
Herato12 Herato1202 4676730.0 4025000.0 0.064369028946 0.0591694517922 0.0644220815232 0.0692854264762
Herato12 Herato1202 4726730.0 4075000.0 0.0752398274588 0.0682261869863 0.075370243497 0.081664019932
Herato12 Herato1202 4776730.0 4125000.0 0.05640140352 0.051958701362 0.05589957172 0.06162417456
Herato12 Herato1202 4826730.0 4175000.0 0.0295425952626 0.0265898933324 0.0293041169056 0.032864677594
Herato12 Herato1202 4876730.0 4225000.0 0.05086256487 0.041172032558 0.051662394862 0.06102702569
Herato12 Herato1202 4926730.0 4275000.0 0.0693472275428 0.062977519177 0.0674113648214 0.0789973431738
Herato12 Herato1202 4976730.0 4325000.0 0.028955506862 0.026436784718 0.029065340418 0.031216578248
Herato12 Herato1202 5026730.0 4375000.0 0.065192617102 0.060478199094 0.065639776014 0.069810022278
Herato12 Herato1202 5076730.0 4425000.0 0.045729123542 0.039858605346 0.045327016044 0.053642964372
Herato12 Herato1202 5126730.0 4475000.0 0.019123424088 0.01664042462 0.019853755826 0.021542149576
Herato12 Herato1202 5176730.0 4525000.0 0.058160125812 0.052658855678 0.05845237644 0.064342481448
Herato12 Herato1202 5226730.0 4575000.0 0.06568111232 0.0632809283 0.06520851644 0.06961227626
Herato12 Herato1202 5276730.0 4625000.0 0.044467613536 0.03784031594 0.043300021026 0.059097070358
Herato12 Herato1202 5326730.0 4675000.0 0.0357245535491 0.0332087934258 0.0355724425416 0.0390973333844
Herato12 Herato1202 5376730.0 4725000.0 0.0412315993736 0.0330069247886 0.04053235344 0.052789517318
Herato12 Herato1202 5426730.0 4775000.0 0.043907049894 0.040886054146 0.043914176968 0.047599630454
Herato12 Herato1202 5476730.0 4825000.0 0.0486796182878 0.0411888233045 0.0482594673302 0.057659158761
Herato12 Herato1202 5526730.0 4875000.0 0.055077605872 0.047334994198 0.05517753065 0.06070630178
Herato12 Herato1202 5576730.0 4925000.0 0.06109074396 0.052624067096 0.06121694604 0.07212279222
Herato12 Herato1202 5626730.0 4975000.0 0.083776613488 0.0763940263404 0.083536283862 0.092054349998
Herato12 Herato1202 5676730.0 5025000.0 0.088962921206 0.081981147218 0.088923988 0.09597941618
Herato12 Herato1202 5726730.0 5075000.0 0.0680441427314 0.0551202151833 0.067259292215 0.0869829244788
Herato12 Herato1202 5776730.0 5125000.0 0.034659454906 0.031264742746 0.034570252444 0.038655409576
Herato12 Herato1202 5826730.0 5175000.0 0.0488827562602 0.0411849316704 0.048774879473 0.0576876224306
Herato12 Herato1202 5876730.0 5225000.0 0.0805796128388 0.0726104119185 0.0799549128896 0.0905393260468
Herato12 Herato1202 5926730.0 5275000.0 0.040810428734 0.033657529936 0.0403401346 0.050935194658
Herato12 Herato1202 5976730.0 5325000.0 0.0484160039136 0.0410359296625 0.0481424153338 0.0564530857364
Herato12 Herato1202 6026730.0 5375000.0 0.05913433196 0.0442535202 0.06059568798 0.06983336248
Herato12 Herato1202 6076730.0 5425000.0 0.054185030888 0.0487633895447 0.0541755848138 0.05949111786
Herato12 Herato1202 6126730.0 5475000.0 0.0467731773876 0.0413614704522 0.0465591047932 0.0533129777874
Herato12 Herato1202 6176730.0 5525000.0 0.0771108281 0.07096490456 0.07690446316 0.08387167686
Herato12 Herato1202 6226730.0 5575000.0 0.064812339798 0.0510732806438 0.063433350764 0.086205481762
Herato12 Herato1202 6276730.0 5625000.0 0.0701326507362 0.0337493120765 0.0651442199222 0.143202374338
Herato12 Herato1202 6326730.0 5675000.0 0.046781711972 0.039666217496 0.046606278308 0.05479165253
Herato12 Herato1202 6376730.0 5725000.0 0.076093616932 0.056457300972 0.075749378064 0.095617258058
Herato12 Herato1202 6426730.0 5775000.0 0.06079977858 0.05561625912 0.06019441188 0.06980703124
Herato12 Herato1202 6476730.0 5825000.0 0.065598435402 0.061849354872 0.065301970924 0.069518775626
Herato12 Herato1202 6526730.0 5875000.0 0.09563195128 0.08819519136 0.09539184824 0.10381087332
Herato12 Herato1202 6576730.0 5925000.0 0.09616248773 0.089120966966 0.09650409706 0.10030762992
Herato12 Herato1202 6626730.0 5975000.0 0.097614750896 0.086049746422 0.097209264376 0.111209577804
Herato12 Herato1202 6676730.0 6025000.0 0.06772198568 0.06429938448 0.0675362632 0.07110830784
Herato12 Herato1202 6726730.0 6075000.0 0.07132465062 0.066532688232 0.07126533132 0.07588277918
Herato12 Herato1202 6776730.0 6125000.0 0.05493856483 0.044324885816 0.05500768079 0.06626699354
Herato12 Herato1202 6826730.0 6175000.0 0.0370143749852 0.0339605633468 0.0369998313698 0.0403277308496
Herato12 Herato1202 6876730.0 6225000.0 0.0306829475745 0.0257551409755 0.0302105720023 0.0372268959668
Herato12 Herato1202 6926730.0 6275000.0 0.0209348473906 0.0181454788261 0.0207011602123 0.0243734449276
Herato12 Herato1202 6976730.0 6325000.0 0.05092208859 0.03547620075 0.048148564744 0.077913447204
Herato12 Herato1202 7026730.0 6375000.0 0.0250106281942 0.0140326264252 0.0229268190619 0.049171978772
Herato12 Herato1202 7076730.0 6425000.0 0.020983719987 0.0158869485661 0.0206763747454 0.0273513780868
Herato12 Herato1202 7126730.0 6475000.0 0.0225941463244 0.019348462757 0.022446194659 0.0267204725296
Herato12 Herato1202 7176730.0 6525000.0 0.049104095446 0.04319803628 0.049415018996 0.055440265528
Herato12 Herato1202 7226730.0 6575000.0 0.04504820628 0.03730763406 0.04449629506 0.05675696946
Herato12 Herato1202 7276730.0 6625000.0 0.03915938324 0.03774537456 0.0394101434 0.04042711516
Herato12 Herato1202 7326730.0 6675000.0 0.06880410292 0.06486260786 0.06838183788 0.07399736214
Herato12 Herato1202 7376730.0 6725000.0 0.07167406532 0.06783645114 0.07146291142 0.07584759558
Herato12 Herato1202 7426730.0 6775000.0 0.08738440308 0.0833860116 0.08712293384 0.09194955144
Herato12 Herato1202 7476730.0 6825000.0 0.078533537184 0.070490047578 0.078509188266 0.085386980798
Herato12 Herato1202 7526730.0 6875000.0 0.04179884849 0.038158062233 0.041617201206 0.045577297846
Herato12 Herato1202 7576730.0 6925000.0 0.04297428394 0.04043665052 0.04295802388 0.04625432804
Herato12 Herato1202 7626730.0 6975000.0 0.075951272366 0.071158725488 0.076387281302 0.08047729859
Herato12 Herato1202 7676730.0 7025000.0 0.07769585162 0.07559852352 0.07744510524 0.08254106788
Herato12 Herato1202 7726730.0 7075000.0 0.0558131756 0.046748400492 0.055887115 0.06455150512
Herato12 Herato1202 7776730.0 7125000.0 0.10527613402 0.09673302308 0.10513717712 0.11318693882
Herato12 Herato1202 7826730.0 7175000.0 0.05248225251 0.0464834888346 0.052208586552 0.059868042278
Herato12 Herato1202 7876730.0 7225000.0 0.08180225576 0.07739213996 0.08163599792 0.0867009024
Herato12 Herato1202 7926730.0 7275000.0 0.05454299735 0.0491705834868 0.054395902252 0.060812028852
Herato12 Herato1202 7976730.0 7325000.0 0.0805797133332 0.0779916027554 0.0801227774446 0.0865571586304
Herato12 Herato1202 8026730.0 7375000.0 0.0662919668345 0.0601262274594 0.0663628131805 0.0735320081125
Herato12 Herato1202 8076730.0 7425000.0 0.0468776699698 0.0416560435516 0.046680861802 0.053483640601
Herato12 Herato1202 8126730.0 7475000.0 0.0609046618108 0.0575915806668 0.061009358171 0.064693958025
Herato12 Herato1202 8176730.0 7525000.0 0.053554051648 0.048452449231 0.053379015523 0.058404870258
Herato12 Herato1202 8226730.0 7575000.0 0.076076764338 0.0673244077914 0.074479020198 0.087808794768
Herato12 Herato1202 8276730.0 7625000.0 0.0436407222209 0.0353737898825 0.0431297096059 0.0553968638004
Herato12 Herato1202 8326730.0 7675000.0 0.0347196830317 0.0317753620205 0.034497650004 0.0384141967262
Herato12 Herato1202 8376730.0 7725000.0 0.060954897616 0.05134752625 0.060346912428 0.074406791246
Herato12 Herato1202 8426730.0 7775000.0 0.043025411936 0.0231966814738 0.044411196246 0.065398525116
Herato12 Herato1202 8476730.0 7825000.0 0.03447495189 0.031576681764 0.034148981752 0.03857939662
Herato12 Herato1202 8526730.0 7875000.0 0.060336457274 0.053791648756 0.060380997354 0.0675453284
Herato12 Herato1202 8576730.0 7925000.0 0.0482798884638 0.0346866756571 0.048456107922 0.0658560164786
Herato12 Herato1202 8626730.0 7975000.0 0.051333866732 0.045544221836 0.051119778348 0.05771578437
Herato12 Herato1202 8676730.0 8025000.0 0.05471913318 0.05121724172 0.05457562858 0.05850404924
Herato12 Herato1202 8726730.0 8075000.0 0.034222968106 0.026636427446 0.033787947862 0.046685449212
Herato12 Herato1202 8776730.0 8125000.0 0.04587575802 0.04205770976 0.04589710594 0.05027544996
Herato12 Herato1202 8826730.0 8175000.0 0.08010432234 0.07310126368 0.08026107268 0.0885463842
Herato12 Herato1202 8876730.0 8225000.0 0.053557528486 0.0308371799374 0.053226361016 0.07066589342
Herato12 Herato1202 8926730.0 8275000.0 0.064394013456 0.0462263207359 0.0644920346398 0.0874125648426
Herato12 Herato1202 8976730.0 8325000.0 0.060788185628 0.050365430204 0.06018270689 0.074940461816
Herato12 Herato1202 9026730.0 8375000.0 0.044871352626 0.0371950732717 0.0448391185162 0.052766232264
Herato12 Herato1202 9076730.0 8425000.0 0.050266088268 0.044716299252 0.050352868908 0.056786932608
Herato12 Herato1202 9126730.0 8475000.0 0.0444441626976 0.0385139641776 0.044383766653 0.0515185050708
Herato12 Herato1202 9176730.0 8525000.0 0.03562748402 0.030993665968 0.03564524384 0.04099228612
Herato12 Herato1202 9226730.0 8575000.0 0.035464633994 0.0282881107 0.034557114522 0.0472548579
Herato12 Herato1202 9276730.0 8625000.0 0.02995687509 0.026851610516 0.029666136838 0.033799266632
Herato12 Herato1202 9326730.0 8675000.0 0.034416932864 0.031386058236 0.03457064685 0.037632493492
Herato12 Herato1202 9376730.0 8725000.0 0.0246420742654 0.019888665846 0.0246562522388 0.0273329417378
Herato12 Herato1202 9426730.0 8775000.0 0.0547232705714 0.0445368586353 0.0539272859562 0.0701246361392
Herato12 Herato1202 9476730.0 8825000.0 0.0381192876236 0.0336397075054 0.0376208489834 0.0439786931268
Herato12 Herato1202 9526730.0 8875000.0 0.051281998136 0.049668930268 0.051057279426 0.054528461508
Herato12 Herato1202 9576730.0 8925000.0 0.063471276058 0.060100163026 0.063393977362 0.067480932172
Herato12 Herato1202 9626730.0 8975000.0 0.08095890836 0.07661828468 0.08159394404 0.08432127688
Herato12 Herato1202 9676730.0 9025000.0 0.0605930465 0.05606025438 0.0607472614 0.0648178063
Herato12 Herato1202 9726730.0 9075000.0 0.01893748548 0.01524135878 0.018733918092 0.024270501304
Herato12 Herato1202 9776730.0 9125000.0 0.0361937141404 0.0336638362454 0.0361665219284 0.0392872646554
Herato12 Herato1202 9826730.0 9175000.0 0.040429949888 0.037062251986 0.04042374817 0.044180896866
Herato12 Herato1202 9876730.0 9225000.0 0.0895376386 0.081220723014 0.08977353342 0.0992853496
Herato12 Herato1202 9926730.0 9275000.0 0.048282842964 0.044018131421 0.048200911092 0.05426149139
Herato12 Herato1202 9976730.0 9325000.0 0.061111285758 0.053052186006 0.060759600198 0.071793449966
Herato12 Herato1202 10026730.0 9375000.0 0.043974694246 0.034532262472 0.04215406145 0.056526672882
Herato12 Herato1202 10076730.0 9425000.0 0.05352832848 0.04967128683 0.053434609298 0.05780606306
Herato12 Herato1202 10126730.0 9475000.0 0.048863352816 0.0455857291862 0.048833573888 0.052038939794
Herato12 Herato1202 10176730.0 9525000.0 0.04958775151 0.044462143111 0.0493353428374 0.0551151896588
Herato12 Herato1202 10226730.0 9575000.0 0.08257563814 0.07431647334 0.081708181194 0.092409769462
Herato12 Herato1202 10276730.0 9625000.0 0.06171619516 0.0534528518071 0.0617392350594 0.06988329726
Herato12 Herato1202 10326730.0 9675000.0 0.0343811329166 0.0303923000963 0.034347139258 0.0387424132296
Herato12 Herato1202 10376730.0 9725000.0 0.0592431213378 0.0536032916287 0.0591214207248 0.066045592599
Herato12 Herato1202 10426730.0 9775000.0 0.051518931005 0.0410491468268 0.0509889913758 0.064945447806
Herato12 Herato1202 10476730.0 9825000.0 0.082701431108 0.0730502244127 0.0831215324928 0.091796810432
Herato12 Herato1202 10526730.0 9875000.0 0.09025122224 0.08713202 0.09009532126 0.0939211105
Herato12 Herato1202 10576730.0 9925000.0 0.09248240592 0.09005974288 0.09242180208 0.0966183851
Herato12 Herato1202 10626730.0 9975000.0 0.08519634732 0.07859783424 0.08466717796 0.09269725922
Herato12 Herato1202 10676730.0 10025000.0 0.068069349742 0.062441170584 0.067707547938 0.0752557692
Herato12 Herato1202 10726730.0 10075000.0 0.068119547138 0.06104072569 0.06830133188 0.076828416798
Herato12 Herato1202 10776730.0 10125000.0 0.02812898429 0.023375541962 0.028315129992 0.032604109386
Herato12 Herato1202 10826730.0 10175000.0 0.05953205944 0.05412195572 0.05979120738 0.06451047476
Herato12 Herato1202 10876730.0 10225000.0 0.06426741234 0.06202756152 0.06417637776 0.06729356184
Herato12 Herato1202 10926730.0 10275000.0 0.04794801458 0.04512956744 0.04774244648 0.05132541466
Herato12 Herato1202 10976730.0 10325000.0 0.037813668424 0.034224822004 0.037736121784 0.041463045394
Herato12 Herato1202 11026730.0 10375000.0 0.0442287122932 0.0409416129084 0.0442096643152 0.04665853749
Herato12 Herato1202 11076730.0 10425000.0 0.02381147237 0.0214367883625 0.0237871265756 0.0263634634838
Herato12 Herato1202 11126730.0 10475000.0 0.0434964478528 0.0330449468408 0.0418143762711 0.0669089557872
Herato12 Herato1202 11176730.0 10525000.0 0.05260884888 0.04868437362 0.05238712164 0.05895164
Herato12 Herato1202 11226730.0 10575000.0 0.060933661544 0.056717058576 0.061100320522 0.065180397222
Herato12 Herato1202 11276730.0 10625000.0 0.0585548682 0.05605141068 0.05853119032 0.06113687304
Herato12 Herato1202 11326730.0 10675000.0 0.0433890501636 0.0392936626972 0.0433033875784 0.047153703838
Herato12 Herato1202 11376730.0 10725000.0 0.07505651202 0.063213651226 0.07576592018 0.09050989794
Herato12 Herato1202 11426730.0 10775000.0 0.0351605366738 0.0281256282452 0.0341072063128 0.047773363378
Herato12 Herato1202 11476730.0 10825000.0 0.019517283428 0.01828977441 0.01950001212 0.021011497672
Herato12 Herato1202 11526730.0 10875000.0 0.05426663135 0.048973016618 0.05473881129 0.05947118524
Herato12 Herato1202 11576730.0 10925000.0 0.064909067492 0.040639068086 0.062238466674 0.101547852404
Herato12 Herato1202 11626730.0 10975000.0 0.041661119684 0.0378592563066 0.041081603494 0.048516830086
Herato12 Herato1202 11676730.0 11025000.0 0.045697625978 0.042683249814 0.045714387864 0.04922268688
Herato12 Herato1202 11726730.0 11075000.0 0.05489925724 0.04189041066 0.05264449678 0.08184903006
Herato12 Herato1202 11776730.0 11125000.0 0.034675801204 0.032548962788 0.034595521412 0.03706569604
Herato12 Herato1202 11826730.0 11175000.0 0.0354903711268 0.0299199540684 0.0348920103528 0.044440641645
Herato12 Herato1202 11876730.0 11225000.0 0.06323877536 0.0580662224 0.0630455474 0.06887878642
Herato12 Herato1202 11926730.0 11275000.0 0.08235751152 0.068703005794 0.08208570658 0.09608778384
Herato12 Herato1202 11976730.0 11325000.0 0.0737911632619 0.0629881919785 0.0714957801597 0.0865111134982
Herato12 Herato1202 12026730.0 11375000.0 0.0237485677592 0.0219431946124 0.023577202734 0.025755272652
Herato12 Herato1202 12076730.0 11425000.0 0.0264476218478 0.0233146784438 0.0263723160174 0.030057755054
Herato12 Herato1202 12126730.0 11475000.0 0.026810472048 0.024392335742 0.026626065196 0.029457036192
Herato12 Herato1202 12176730.0 11525000.0 0.019841027262 0.0186409052469 0.019675636695 0.0214049955354
Herato12 Herato1202 12226730.0 11575000.0 0.0352393242392 0.0303244031915 0.0350592708373 0.040873719976
Herato12 Herato1202 12276730.0 11625000.0 0.034137056064 0.0319848418109 0.0339490634364 0.036318221511
Herato12 Herato1202 12326730.0 11675000.0 0.05601225976 0.050783880984 0.055983559238 0.060489869066
Herato12 Herato1202 12376730.0 11725000.0 0.06638902806 0.05681688186 0.06666794518 0.07613120548
Herato12 Herato1202 12426730.0 11775000.0 0.05108709096 0.04972974262 0.05098256194 0.0524645521
Herato12 Herato1202 12476730.0 11825000.0 0.05023015184 0.04799464414 0.04994638088 0.0530348744
Herato12 Herato1202 12526730.0 11875000.0 0.045034296516 0.0411529757911 0.0450948315266 0.048985380668
Herato12 Herato1202 12576730.0 11925000.0 0.0552295819487 0.0474904643971 0.0541686806961 0.0668708328318
Herato12 Herato1202 12626730.0 11975000.0 0.0511562236266 0.0467863675419 0.0509953477684 0.056946521456
Herato12 Herato1202 12676730.0 12025000.0 0.04804377814 0.046375133074 0.048108455956 0.049490326152
Herato12 Herato1202 12726730.0 12075000.0 0.0250953767082 0.0223083176803 0.0250051641791 0.0280729756474
Herato12 Herato1202 12776730.0 12125000.0 0.078928332036 0.0718285526244 0.07896578838 0.08622375068
Herato12 Herato1202 12826730.0 12175000.0 0.070977288016 0.065907015706 0.071231366882 0.07547227958
Herato12 Herato1202 12876730.0 12225000.0 0.060936064482 0.05668424471 0.060615041268 0.065832720688
Herato12 Herato1202 12926730.0 12275000.0 0.05985218546 0.051751068756 0.0588872658 0.070285959368
Herato12 Herato1202 12976730.0 12325000.0 0.05229871714 0.05032050232 0.05143842132 0.05571383464
Herato12 Herato1202 13026730.0 12375000.0 0.06324859387 0.0576958687059 0.0634255438598 0.069095358798
Herato12 Herato1202 13076730.0 12425000.0 0.039421010758 0.03637437606 0.039373371448 0.042667807862
Herato12 Herato1202 13126730.0 12475000.0 0.047540775416 0.0446425006696 0.047407350738 0.050512841664
Herato12 Herato1202 13176730.0 12525000.0 0.0495432975076 0.0465997926351 0.0492432511672 0.0533677439576
Herato12 Herato1202 13226730.0 12575000.0 0.04812159372 0.04053254644 0.04854391554 0.05214724252
Herato12 Herato1202 13276730.0 12625000.0 0.0411464743222 0.0332140232897 0.0385029172031 0.0509394531812
Herato12 Herato1202 13326730.0 12675000.0 0.047880097416 0.039542726684 0.04546951535 0.05753076908
Herato12 Herato1202 13376730.0 12725000.0 0.05858985626 0.053488555872 0.05837190868 0.06327024896
Herato12 Herato1202 13426730.0 12775000.0 0.05406068354 0.04407102394 0.05393509018 0.06433908646
Herato12 Herato1202 13476730.0 12825000.0 0.060664352649 0.0581657794724 0.0603562018372 0.06537682962
Herato12 Herato1202 13526730.0 12875000.0 0.06054766588 0.05665933126 0.06035595004 0.064633775
Herato12 Herato1202 13576730.0 12925000.0 0.09489932388 0.0887273998 0.09439267146 0.1017846643
Herato12 Herato1202 13626730.0 12975000.0 0.0737259426 0.06876818528 0.073749894678 0.07849532026
Herato12 Herato1202 13676730.0 13025000.0 0.12521723168 0.10975336302 0.12481296172 0.14399494574
Herato12 Herato1202 13726730.0 13075000.0 0.044741978934 0.041834696498 0.04439304701 0.04882306914
Herato12 Herato1202 13776730.0 13125000.0 0.064763821586 0.058553654308 0.06516571524 0.069693444554
Herato12 Herato1202 13826730.0 13175000.0 0.07635262974 0.067182507144 0.075954750462 0.087348415192
Herato12 Herato1202 13876730.0 13225000.0 0.077163381526 0.0706720923768 0.07759656378 0.0842099376
Herato12 Herato1202 13926730.0 13275000.0 0.0610577496136 0.0520107339632 0.0610675205038 0.0729058069872
Herato12 Herato1202 13976730.0 13325000.0 0.0224924824795 0.0137878104939 0.0223807897304 0.0307929727607
Herato12 Herato1202 14026730.0 13375000.0 0.0509123057082 0.0456643681968 0.050865926859 0.05760715748
Herato12 Herato1202 14076730.0 13425000.0 0.043195099286 0.041928851846 0.042944427042 0.045614130842
Herato12 Herato1202 14126730.0 13475000.0 0.058274761282 0.0481989792394 0.057901644975 0.070394311278
Herato12 Herato1202 14176730.0 13525000.0 0.04659301356 0.0415148650074 0.045823709458 0.05198430548
Herato12 Herato1202 14226730.0 13575000.0 0.0351288114552 0.027634321452 0.0341252193626 0.0475825624288
Herato12 Herato1202 14276730.0 13625000.0 0.041154953514 0.031753434292 0.039071913658 0.068810577684
Herato12 Herato1202 14326730.0 13675000.0 0.0463701357452 0.0263119521668 0.042370349992 0.090463006974
Herato12 Herato1202 14376730.0 13725000.0 0.0297340165928 0.0204297680744 0.0290077599244 0.0423697277154
Herato12 Herato1202 14426730.0 13775000.0 0.04648880306 0.04116917008 0.04649884136 0.0513447061
Herato12 Herato1202 14476730.0 13825000.0 0.06180796797 0.0499808862898 0.0604613605944 0.082464825458
Herato12 Herato1202 14526730.0 13875000.0 0.0750651215 0.0704771005424 0.075404831442 0.08053649561
Herato12 Herato1202 14576730.0 13925000.0 0.06876978807 0.06176772921 0.06822691218 0.07612282588
Herato12 Herato1202 14626730.0 13975000.0 0.0670130293256 0.0617966628818 0.0670169531956 0.072726940284
Herato12 Herato1202 14676730.0 14025000.0 0.062305463532 0.058817394136 0.062113431722 0.066856991688
Herato12 Herato1202 14726730.0 14075000.0 0.0673778569 0.06228587992 0.06678738258 0.08106371472
Herato12 Herato1202 14776730.0 14125000.0 0.0451996043 0.04127473642 0.04556192424 0.04616516252
Herato12 Herato1202 14826730.0 14175000.0 0.07706421007 0.0634317536106 0.076018044702 0.095057544186
Herato12 Herato1202 14876730.0 14225000.0 0.07511387696 0.07266851916 0.07494250686 0.07769783476
Herato12 Herato1202 14926730.0 14275000.0 0.07567877312 0.07304687824 0.07595878376 0.07753935664
Herato12 Herato1202 14976730.0 14325000.0 0.041382497026 0.03668354831 0.041304017782 0.048126859292
Herato12 Herato1202 15026730.0 14375000.0 0.077985251592 0.0382733178964 0.0691109324778 0.173638110152
Herato12 Herato1202 15076730.0 14425000.0 0.03351911196 0.030155567 0.03366431194 0.03701925402
Herato12 Herato1202 15126730.0 14475000.0 0.034357968656 0.030280810778 0.03381680136 0.040478037064
Herato12 Herato1202 15176730.0 14525000.0 0.0319200356736 0.0205058198481 0.0308178135128 0.0503486891126
Herato12 Herato1202 15226730.0 14575000.0 0.050481865964 0.048954861758 0.050007429834 0.053649534378
Herato12 Herato1202 15276730.0 14625000.0 0.048204047364 0.03760230596 0.047842984302 0.060396206124
Herato12 Herato1202 15326730.0 14675000.0 0.08169089449 0.071958935008 0.081836484936 0.093020948336
Herato12 Herato1202 15376730.0 14725000.0 0.06721892494 0.05822306773 0.06729767904 0.07603255564
Herato12 Herato1202 15426730.0 14775000.0 0.062225730986 0.053411269919 0.062146464986 0.07001528604
Herato12 Herato1202 15476730.0 14825000.0 0.08439774782 0.07813181678 0.08408916428 0.09314263974
Herato12 Herato1202 15526730.0 14875000.0 0.066135741051 0.0619417624535 0.0660610733598 0.071188716768
Herato12 Herato1202 15576730.0 14925000.0 0.080094023902 0.0726053090729 0.0801470247814 0.08718248756
Herato12 Herato1202 15626730.0 14975000.0 0.06264828138 0.05826137292 0.06300736934 0.06744581052
Herato12 Herato1202 15676730.0 15025000.0 0.0644027366 0.05559276302 0.06334660266 0.07517668148
Herato12 Herato1202 15726730.0 15075000.0 0.12562600412 0.11725915246 0.12517023852 0.13448562518
Herato12 Herato1202 15776730.0 15125000.0 0.10238787412 0.09364975882 0.1024678262 0.11017017208
Herato12 Herato1202 15826730.0 15175000.0 0.08366657628 0.079481373 0.08363729238 0.08777396316
Herato12 Herato1202 15876730.0 15225000.0 0.103356296776 0.087252892536 0.102872045402 0.12203615536
Herato12 Herato1202 15926730.0 15275000.0 0.0899301335824 0.0797789874024 0.0894734514814 0.102204626232
Herato12 Herato1202 15976730.0 15325000.0 0.06371576512 0.058979379314 0.06378948496 0.06733181728
Herato12 Herato1202 16026730.0 15375000.0 0.0448384677432 0.0405247641581 0.0449332684618 0.048892043074
Herato12 Herato1202 16076730.0 15425000.0 0.051473630454 0.046734291016 0.051438616438 0.056611786308
Herato12 Herato1202 16126730.0 15475000.0 0.060085052566 0.055909140154 0.05965369771 0.065470279358
Herato12 Herato1202 16176730.0 15525000.0 0.05260457726 0.048391436 0.05258665412 0.05711755732
Herato12 Herato1202 16226730.0 15575000.0 0.03170036271 0.028050855038 0.03159381636 0.036186433106
Herato12 Herato1202 16276730.0 15625000.0 0.085939140346 0.074918252834 0.086569056198 0.097800290698
Herato12 Herato1202 16326730.0 15675000.0 0.073636544832 0.06382445506 0.073303485098 0.084504131038
Herato12 Herato1202 16376730.0 15725000.0 0.0518133157438 0.0471624608673 0.0516372505336 0.056480831168
Herato12 Herato1202 16426730.0 15775000.0 0.06003179172 0.05224987284 0.06002762618 0.06629541682
Herato12 Herato1202 16476730.0 15825000.0 0.08401743756 0.08054078776 0.08388300392 0.08803388906
Herato12 Herato1202 16526730.0 15875000.0 0.040938278924 0.037009434396 0.041085367946 0.045267956774
Herato12 Herato1202 16576730.0 15925000.0 0.051892949612 0.043513691392 0.052275749104 0.059487636124
Herato12 Herato1202 16626730.0 15975000.0 0.06129989612 0.055790133312 0.06078925728 0.07012395558
Herato12 Herato1202 16676730.0 16025000.0 0.08256905617 0.076537977246 0.082211879832 0.091058924796
Herato12 Herato1202 16726730.0 16075000.0 0.054334193894 0.0485740203776 0.0538173994878 0.06227014529
Herato12 Herato1202 16776730.0 16125000.0 0.0337360477268 0.0310480160632 0.0336233012954 0.0364001939702
Herato12 Herato1202 16826730.0 16175000.0 0.013712781134 0.012164246901 0.013678613486 0.015408207684
Herato12 Herato1202 16876730.0 16225000.0 0.101817743466 0.0531465579362 0.0947087490722 0.187878912368
Herato12 Herato1202 16926730.0 16275000.0 0.0441052954888 0.0324365280928 0.0429723021941 0.0607897964464
Herato12 Herato1202 16976730.0 16325000.0 0.024717288644 0.0217663008372 0.024612265638 0.028158774088
Herato12 Herato1202 17026730.0 16375000.0 0.082305813212 0.0596250282394 0.0799929455 0.12214969214
Herato12 Herato1202 17076730.0 16425000.0 0.056588326952 0.051113937106 0.056660824096 0.0616659414
Herato12 Herato1202 17126730.0 16475000.0 0.048530568914 0.043207493634 0.04831144491 0.054436334996
Herato12 Herato1202 17176730.0 16525000.0 0.0555710315352 0.0520277188354 0.0553667115712 0.0595388119974
Herato12 Herato1202 17226730.0 16575000.0 0.061382780812 0.051443383716 0.060156332772 0.07942564036
Herato12 Herato1202 17276730.0 16625000.0 0.031601226164 0.0286763057738 0.031412796476 0.035618299348
Herato12 Herato1202 17326730.0 16675000.0 0.0421908984124 0.0363383222972 0.04167410048 0.0494349278332
Herato12 Herato1202 17376730.0 16725000.0 0.05572823608 0.050729062834 0.05539695062 0.063355594136
Herato12 Herato1202 17426730.0 16775000.0 0.0367240328125 0.0273974941487 0.0360166742173 0.0498925673352
Herato12 Herato1202 17476730.0 16825000.0 0.04540065474 0.042116649272 0.04493490686 0.04942998828
Herato12 Herato1202 17526730.0 16875000.0 0.039166281348 0.03408604801 0.039029652542 0.045324896056
Herato12 Herato1202 17576730.0 16925000.0 0.04625207202 0.044323911433 0.045894927928 0.049231150911
Herato12 Herato1202 17626730.0 16975000.0 0.07191852282 0.06267284838 0.0707301481 0.0860453663
Herato12 Herato1202 17676730.0 17025000.0 0.077802936564 0.0708529377 0.077715575802 0.083805489786
Herato12 Herato1202 17726730.0 17075000.0 0.070227624428 0.06162981927 0.069741482824 0.081158777628
Herato12 Herato1202 17776730.0 17125000.0 0.069142310478 0.061232604192 0.068753743076 0.078798714254
Herato12 Herato1202 17826730.0 17175000.0 0.03200590026 0.028554100498 0.032055758914 0.03592666026
Herato12 Herato1202 17876730.0 17225000.0 0.048501231566 0.0452681769446 0.048389782758 0.052104163114
Herato12 Herato1202 17926730.0 17275000.0 0.07538734028 0.06987237882 0.07537754434 0.08173480656
Herato12 Herato1202 17976730.0 17325000.0 0.10610243716 0.09915369802 0.1064838043 0.11379937268
Herato12 Herato1202 18026730.0 17375000.0 0.09994898654 0.09425378412 0.09820709022 0.1082660988
Herato12 Herato1202 18076730.0 17425000.0 0.088768339654 0.08293702386 0.087887398972 0.095569055646
Herato12 Herato1202 18126730.0 17475000.0 0.0988171676 0.09152567044 0.09897948376 0.1055184952
Herato12 Herato1202 18176730.0 17525000.0 0.11678325614 0.107676582864 0.1155679112 0.1279666343
Herato12 Herato1202 18226730.0 17575000.0 0.09903387334 0.09189063054 0.09800100904 0.1099062538
Herato12 Herato1202 18276730.0 17625000.0 0.0868733999544 0.0786130241031 0.0866085351902 0.0970099211644
Herato12 Herato1202 18326730.0 17675000.0 0.0729377491 0.07066208124 0.07270802578 0.07727869138
Herato12 Herato1202 18376730.0 17725000.0 0.06951716994 0.06641280392 0.06942101898 0.07358266128
Herato12 Herato1202 18426730.0 17775000.0 0.08645246719 0.079933490112 0.08669307726 0.092861910472
Herato12 Herato1202 18476730.0 17825000.0 0.082714911956 0.076828653664 0.08299834614 0.089217780642
Herato12 Herato1202 18526730.0 17875000.0 0.051717429548 0.04274614827 0.050957376836 0.065687030926
Herato12 Herato1202 18576730.0 17925000.0 0.0689586064574 0.0619528609128 0.069055209998 0.075569528872
Herato12 Herato1202 18626730.0 17975000.0 0.0241669273924 0.016671957382 0.0230318581982 0.041264765408
Herato12 Herato1202 18676730.0 18025000.0 0.018750802784 0.016188124704 0.018667670386 0.021651713618
Herato12 Herato1202 18726730.0 18075000.0 0.04740227917 0.042003894822 0.047366292542 0.056245707856
Herato12 Herato1202 18776730.0 18125000.0 0.119420520342 0.093116728838 0.116652807032 0.16111530939
Herato12 Herato1202 18826730.0 18175000.0 0.09184012982 0.08589579858 0.09166690956 0.10023880996
Herato12 Herato1202 18876730.0 18225000.0 0.07349003484 0.06724404074 0.07296251584 0.08092237634
Herato12 Herato1202 18926730.0 18275000.0 0.07748235696 0.07500435616 0.07782162914 0.08100728072
Herato12 Herato1202 18976730.0 18325000.0 0.0733328592011 0.0684151206813 0.0728979452943 0.0787784880418
Herato12 Herato1202 19026730.0 18375000.0 0.079359872282 0.072431134078 0.07955545509 0.086451206552
Herato12 Herato1202 19076730.0 18425000.0 0.06791025069 0.062437233508 0.067915259238 0.07395988772
Herato12 Herato1202 19126730.0 18475000.0 0.046554918458 0.0435504867832 0.046484788548 0.050209027284
Herato12 Herato1202 19176730.0 18525000.0 0.0369962640664 0.0286886980318 0.0357650280936 0.049298833158
Herato12 Herato1202 19226730.0 18575000.0 0.0417297503048 0.0345699186835 0.0413336802944 0.0515416360204
Herato12 Herato1202 19276730.0 18625000.0 0.0403416101774 0.0366010058864 0.039779358298 0.048506175795
Herato12 Herato1202 19326730.0 18675000.0 0.0283524292532 0.0259133537534 0.0283363298782 0.031017662571
Herato12 Herato1202 19376730.0 18725000.0 0.05126554504 0.05029295388 0.05110349252 0.05326391036
Herato12 Herato1202 19426730.0 18775000.0 0.06154312806 0.05860387512 0.06148776124 0.06454734042
Herato12 Herato1202 19476730.0 18825000.0 0.065771092326 0.061936304756 0.065466736642 0.070777824006
Herato12 Herato1202 19526730.0 18875000.0 0.0481580554968 0.0436889219767 0.0486164899592 0.0528803577104
Herato12 Herato1202 19576730.0 18925000.0 0.067993877442 0.062851466727 0.067377172287 0.07410763288
Herato12 Herato1202 19626730.0 18975000.0 0.0478880466834 0.0374348219703 0.0476592392859 0.0604313648462
Herato12 Herato1202 19676730.0 19025000.0 0.036519619808 0.0309082521957 0.03619696711 0.044415222986
Herato12 Herato1202 19726730.0 19075000.0 0.0436091899411 0.0385422624499 0.0431715716035 0.0503423199652
Herato12 Herato1202 19776730.0 19125000.0 0.0503055909992 0.038731542954 0.0486369133828 0.0716220207166
Herato12 Herato1202 19826730.0 19175000.0 0.0844061279 0.0757578121 0.0843593817 0.09376073056
Herato12 Herato1202 19876730.0 19225000.0 0.0438636774134 0.040352884468 0.0441097002816 0.046981575972
Herato12 Herato1202 19926730.0 19275000.0 0.047190212494 0.041153417016 0.047330767958 0.053074670202
Herato12 Herato1202 19976730.0 19325000.0 0.053781916024 0.0463905069292 0.05252654975 0.066174058984
Herato12 Herato1202 20026730.0 19375000.0 0.0796655564872 0.0578959426862 0.0774968028954 0.107869463755
Herato12 Herato1202 20076730.0 19425000.0 0.040970168076 0.03700801324 0.040974883424 0.04530442168
Herato12 Herato1202 20126730.0 19475000.0 0.05475557686 0.0500305624216 0.0550633237796 0.059640533432
Herato12 Herato1202 20176730.0 19525000.0 0.0240669176736 0.0222077603202 0.0240306437314 0.0262833164488
Herato12 Herato1202 20226730.0 19575000.0 0.0532349594392 0.0365278859808 0.051306952075 0.0823985581856
Herato12 Herato1202 20276730.0 19625000.0 0.0409935962798 0.0268294690161 0.0399219973064 0.0585746764802
Herato12 Herato1202 20326730.0 19675000.0 0.0313435198535 0.0168509551119 0.0289253196651 0.0591517706826
Herato12 Herato1202 20376730.0 19725000.0 0.0127454093654 0.00352290123786 0.0108732598184 0.0310158258812
Herato12 Herato1202 20426730.0 19775000.0 0.00978526391936 0.00731623449062 0.00958181883064 0.0131068030112
Herato12 Herato1202 20476730.0 19825000.0 0.034683488272 0.0177084141188 0.033180199144 0.058593542974
Herato12 Herato1202 20526730.0 19875000.0 0.058948697106 0.039952613187 0.057585154852 0.08842888718
Herato12 Herato1202 20576730.0 19925000.0 0.0306531088798 0.0247565178743 0.0293160172128 0.0391815815008
Herato12 Herato1202 20626730.0 19975000.0 0.00558624859 0.005104120126 0.005549678368 0.006149279952
Herato12 Herato1202 20676730.0 20025000.0 0.0137195296192 0.0099434759832 0.0136971069304 0.0172299708192
Herato12 Herato1202 20726730.0 20075000.0 0.0110846822114 0.00856421078836 0.0107802749856 0.0155696904324
Herato12 Herato1202 20776730.0 20125000.0 0.056865728958 0.0475777925624 0.0568517111396 0.066951416144
Herato12 Herato1202 20826730.0 20175000.0 0.03308801988 0.030388083388 0.03298912956 0.036003864632
Herato12 Herato1202 20876730.0 20225000.0 0.0342088966852 0.032380917591 0.0340564275152 0.03601634783
Herato12 Herato1202 20926730.0 20275000.0 0.0553929897136 0.0524975052173 0.0553632999818 0.0582632238636
Herato12 Herato1202 20976730.0 20325000.0 0.015108705964 0.0118631685864 0.014201173314 0.02405409922
Herato12 Herato1202 21026730.0 20375000.0 0.0291863438237 0.0255906945223 0.0292489931927 0.0330949413546
Herato12 Herato1202 21076730.0 20425000.0 0.028037057532 0.02532774015 0.02798131579 0.03029399255
Herato12 Herato1202 21126730.0 20475000.0 0.04107764232 0.03915582256 0.04105670402 0.04306739152
Herato12 Herato1202 21176730.0 20525000.0 0.0383997078498 0.0363953615026 0.0386048071386 0.0395096801186
Herato12 Herato1202 21226730.0 20575000.0 0.066403008694 0.051114177688 0.065668037118 0.085111661672
