chrom scaffold Cposition position mean p0025 p0500 p0975
Herato13 Herato1301 25001.0 25000.0 0.0208035326676 0.0102137655305 0.0132654474058 0.0491277138016
Herato13 Herato1301 75001.0 75000.0 0.0189789336224 0.007673215194 0.0191457590996 0.0379647012574
Herato13 Herato1301 125001.0 125000.0 0.0175179837052 0.00609506642082 0.00966694003365 0.042445932717
Herato13 Herato1301 175001.0 175000.0 0.0494955111816 0.0291578782294 0.0482069046608 0.0783702346263
Herato13 Herato1301 225001.0 225000.0 0.0313971478088 0.0167161223588 0.0323143436648 0.0538975185584
Herato13 Herato1301 275001.0 275000.0 0.012719598531 0.0107761066082 0.0126345238552 0.014883422381
Herato13 Herato1301 325001.0 325000.0 0.0372310566442 0.0298118036531 0.0373492130362 0.0453323381487
Herato13 Herato1301 375001.0 375000.0 0.0345080533832 0.027471560381 0.0346034367958 0.0421481220572
Herato13 Herato1301 425001.0 425000.0 0.0525926215244 0.0226369389941 0.0469968959819 0.121423002095
Herato13 Herato1301 475001.0 475000.0 0.0510079573041 0.027198601363 0.0469284346613 0.0975056431371
Herato13 Herato1301 525001.0 525000.0 0.216496926563 0.0821403979713 0.189386556346 0.514719150758
Herato13 Herato1301 575001.0 575000.0 0.148926228835 0.0607807347568 0.133153043189 0.324155177679
Herato13 Herato1301 625001.0 625000.0 0.0356827010586 0.0170231068035 0.0352456103872 0.0696434129011
Herato13 Herato1301 675001.0 675000.0 0.0069516443012 0.0055537114211 0.0068754963556 0.008909546813
Herato13 Herato1301 725001.0 725000.0 0.00252334497992 0.00203026422436 0.00251419055734 0.00302443197616
Herato13 Herato1301 775001.0 775000.0 0.0591782428081 0.0513861583202 0.0591214096524 0.0678493743501
Herato13 Herato1301 825001.0 825000.0 0.0700017571836 0.0378185489305 0.066738755532 0.127461786842
Herato13 Herato1301 875001.0 875000.0 0.0105152539932 0.00806159438045 0.0101244597171 0.0149979327704
Herato13 Herato1301 925001.0 925000.0 0.0140415140715 0.0107965015867 0.0139943324032 0.0175486042747
Herato13 Herato1301 975001.0 975000.0 0.0339799216387 0.030046303918 0.0340513924286 0.0384277014084
Herato13 Herato1301 1025001.0 1025000.0 0.0084681552198 0.00767345779439 0.00853955249114 0.00947894807328
Herato13 Herato1301 1075001.0 1075000.0 0.0235797359762 0.0140351702806 0.022860700008 0.0383757036421
Herato13 Herato1301 1125001.0 1125000.0 0.00339726746 0.00280789793664 0.0033824301018 0.0040189505272
Herato13 Herato1301 1175001.0 1175000.0 0.0039896914568 0.00337386255318 0.0039669395536 0.0046895969578
Herato13 Herato1301 1225001.0 1225000.0 0.045058106095 0.0261365209521 0.0438538853741 0.0723861611187
Herato13 Herato1301 1275001.0 1275000.0 0.0119665752102 0.0105602674868 0.0120357958316 0.0135251809716
Herato13 Herato1301 1325001.0 1325000.0 0.108834441966 0.0500002065025 0.0990728238928 0.207614179129
Herato13 Herato1301 1375001.0 1375000.0 0.073674598105 0.0205310844187 0.0594193687381 0.218465796241
Herato13 Herato1301 1425001.0 1425000.0 0.0395236599461 0.0258316398927 0.0385418850865 0.0588859952576
Herato13 Herato1301 1475001.0 1475000.0 0.0351679013188 0.0206434930579 0.0333267852271 0.0608620007572
Herato13 Herato1301 1525001.0 1525000.0 0.0702352715416 0.00970046547006 0.0649105395546 0.176214396301
Herato13 Herato1301 1575001.0 1575000.0 0.0490931157228 0.0282761383702 0.0464216562215 0.085450417554
Herato13 Herato1301 1625001.0 1625000.0 0.0365382876865 0.019491663754 0.0350708594732 0.0605385216964
Herato13 Herato1301 1675001.0 1675000.0 0.0762417361679 0.041914226388 0.0697549974312 0.145034107482
Herato13 Herato1301 1725001.0 1725000.0 0.0267864365225 0.013193670308 0.0243729208125 0.0550439034107
Herato13 Herato1301 1775001.0 1775000.0 0.049291562362 0.030237143276 0.048044286972 0.078983266716
Herato13 Herato1301 1825001.0 1825000.0 0.004124177794 0.0029498122496 0.003984548656 0.005985140986
Herato13 Herato1301 1875001.0 1875000.0 0.0214609824646 0.0103136768878 0.0203358373242 0.0407046416852
Herato13 Herato1301 1925001.0 1925000.0 0.0583720279183 0.00990442060664 0.0586846982807 0.110841489968
Herato13 Herato1301 1975001.0 1975000.0 0.00798161835756 0.00586329694591 0.00781611698454 0.010778283643
Herato13 Herato1301 2025001.0 2025000.0 0.00861289113672 0.0064038702995 0.00838892332306 0.0117770156588
Herato13 Herato1301 2075001.0 2075000.0 0.00914846501608 0.00623932121241 0.00862378008214 0.0129915596068
Herato13 Herato1301 2125001.0 2125000.0 0.0381144729093 0.0148014855708 0.035048037638 0.0793506784987
Herato13 Herato1301 2175001.0 2175000.0 0.00278688634418 0.00229881427029 0.00277040565742 0.00341847640666
Herato13 Herato1301 2225001.0 2225000.0 0.105646931956 0.0366732401032 0.08981387874 0.269715800246
Herato13 Herato1301 2275001.0 2275000.0 0.0138161638237 0.00486458919919 0.0138725028001 0.0228635391992
Herato13 Herato1301 2325001.0 2325000.0 0.0434856465356 0.0108394769537 0.035310370803 0.124866514228
Herato13 Herato1301 2375001.0 2375000.0 0.0105638248918 0.00756975425483 0.0105096594361 0.0141502224821
Herato13 Herato1301 2425001.0 2425000.0 0.0176519707296 0.0113321273533 0.0172221721453 0.0275056077077
Herato13 Herato1301 2475001.0 2475000.0 0.0588777096856 0.0251170375694 0.0535860556535 0.123716018309
Herato13 Herato1301 2525001.0 2525000.0 0.0479753452518 0.0226823191422 0.0442506503971 0.097078794148
Herato13 Herato1301 2575001.0 2575000.0 0.02826813536 0.0145193112689 0.0273131691532 0.0483821978262
Herato13 Herato1301 2625001.0 2625000.0 0.0431527835805 0.0222054336834 0.0401123352195 0.0777497786086
Herato13 Herato1301 2675001.0 2675000.0 0.0305813137002 0.0183595966812 0.0288413132292 0.0545045282114
Herato13 Herato1301 2725001.0 2725000.0 0.048371732748 0.0175112331885 0.0464064041895 0.0978303168584
Herato13 Herato1301 2775001.0 2775000.0 0.0290060406849 0.0098525597289 0.0282466756503 0.0555701191027
Herato13 Herato1301 2825001.0 2825000.0 0.004323771866 0.003839489054 0.004307653468 0.004731229642
Herato13 Herato1301 2875001.0 2875000.0 0.0199525137455 0.0147998577726 0.0194526381208 0.027072916177
Herato13 Herato1301 2925001.0 2925000.0 0.00864877217064 0.00722200353338 0.00850797385564 0.0111945481546
Herato13 Herato1301 2975001.0 2975000.0 0.0694970202186 0.0324592837147 0.060869508018 0.158064949168
Herato13 Herato1301 3025001.0 3025000.0 0.0355789790208 0.022654329925 0.034179278383 0.0548224067482
Herato13 Herato1301 3075001.0 3075000.0 0.0450818302416 0.0228104675871 0.0425084444489 0.0852303357122
Herato13 Herato1301 3125001.0 3125000.0 0.0362264220268 0.00686930603134 0.0153304858097 0.155684238751
Herato13 Herato1301 3175001.0 3175000.0 0.214554364067 0.0436324319123 0.205894516199 0.424521968206
Herato13 Herato1301 3225001.0 3225000.0 0.0246091235372 0.00719953661596 0.0221163595649 0.0625448074963
Herato13 Herato1301 3275001.0 3275000.0 0.0122939776784 0.00979678283814 0.0119989337216 0.0159896755698
Herato13 Herato1301 3325001.0 3325000.0 0.00595015851104 0.00406189579445 0.00579869993806 0.0086594237068
Herato13 Herato1301 3375001.0 3375000.0 0.0917109213588 0.0174937847025 0.0854444553526 0.198597454117
Herato13 Herato1301 3425001.0 3425000.0 0.019270393355 0.0136760779383 0.0187152284816 0.0295982318218
Herato13 Herato1301 3475001.0 3475000.0 0.0163079833392 0.0122070003759 0.0151816468384 0.0235994408377
Herato13 Herato1301 3525001.0 3525000.0 0.0508657373631 0.0240359206397 0.0502626774802 0.0823265685602
Herato13 Herato1301 3575001.0 3575000.0 0.0142609605 0.011661555006 0.0141100337814 0.016577796578
Herato13 Herato1301 3625001.0 3625000.0 0.118208112944 0.0519274351408 0.106066023638 0.239947150331
Herato13 Herato1301 3675001.0 3675000.0 0.146117713629 0.0578995849436 0.133592937963 0.326720563168
Herato13 Herato1301 3725001.0 3725000.0 0.0119188882539 0.0087776202268 0.0118383080734 0.0158483498486
Herato13 Herato1301 3775001.0 3775000.0 0.0115044387564 0.010446972613 0.0115391394867 0.0125709711908
Herato13 Herato1301 3825001.0 3825000.0 0.0584728893075 0.0247507190325 0.0525105509228 0.12922671001
Herato13 Herato1301 3875001.0 3875000.0 0.0656461339595 0.0306695114734 0.0592991760828 0.136621821859
Herato13 Herato1301 3925001.0 3925000.0 0.0376468303213 0.026623736841 0.0374229657245 0.0471905358332
Herato13 Herato1301 3975001.0 3975000.0 0.0125612729894 0.00796260015052 0.0118974378189 0.02059057926
Herato13 Herato1301 4025001.0 4025000.0 0.0316913530493 0.0132253087119 0.0311783413848 0.050214832428
Herato13 Herato1301 4075001.0 4075000.0 0.084426664514 0.0294290684863 0.0800812077384 0.159433120885
Herato13 Herato1301 4125001.0 4125000.0 0.0607051920284 0.0331034817089 0.0551379169946 0.110838061969
Herato13 Herato1301 4175001.0 4175000.0 0.11436548029 0.0221362026349 0.0927011447616 0.322900028367
Herato13 Herato1301 4225001.0 4225000.0 0.0271522769195 0.0201478291887 0.0266579592318 0.0362531075318
Herato13 Herato1301 4275001.0 4275000.0 0.018176389293 0.00896928309928 0.0174863977846 0.0368335622952
Herato13 Herato1301 4325001.0 4325000.0 0.0316505152698 0.00937581321892 0.0313987162447 0.0634271402667
Herato13 Herato1301 4375001.0 4375000.0 0.0676214185507 0.0270805628025 0.0624318813179 0.130239754658
Herato13 Herato1301 4425001.0 4425000.0 0.044672522498 0.0204011053207 0.0448440118513 0.08269980645
Herato13 Herato1301 4475001.0 4475000.0 0.0341405406816 0.0288247960588 0.0337890083536 0.0408330572332
Herato13 Herato1301 4525001.0 4525000.0 0.0351828884172 0.0280165876402 0.0346795453971 0.0458752431773
Herato13 Herato1301 4575001.0 4575000.0 0.039019165392 0.029074538607 0.0350006386168 0.0698304809408
Herato13 Herato1301 4625001.0 4625000.0 0.0266107181381 0.0183748264133 0.0259083343804 0.0405430967943
Herato13 Herato1301 4675001.0 4675000.0 0.0307165304747 0.0176432713802 0.0294593827386 0.0489938474057
Herato13 Herato1301 4725001.0 4725000.0 0.0503404694771 0.0235042447891 0.0482943463544 0.0876335907714
Herato13 Herato1301 4775001.0 4775000.0 0.0255488437843 0.017705838877 0.0245667672174 0.0402148554729
Herato13 Herato1301 4825001.0 4825000.0 0.0504027613637 0.0266634726758 0.0484767466757 0.0859400750674
Herato13 Herato1301 4875001.0 4875000.0 0.0132556396229 0.00760947865193 0.0128592994672 0.0252201019486
Herato13 Herato1301 4925001.0 4925000.0 0.0450832064029 0.0247329469351 0.0439335398606 0.0737510345453
Herato13 Herato1301 4975001.0 4975000.0 0.0214404303891 0.0108040816225 0.0196593410245 0.0420305125478
Herato13 Herato1301 5025001.0 5025000.0 0.0172752475764 0.00893912753097 0.0161337582529 0.0329260730932
Herato13 Herato1301 5075001.0 5075000.0 0.00511366807044 0.00437877367895 0.00509946089268 0.00601937754256
Herato13 Herato1301 5125001.0 5125000.0 0.0330650662148 0.0199819830559 0.0311307591927 0.0579172993855
Herato13 Herato1301 5175001.0 5175000.0 0.00303863605466 0.00193865511047 0.00305647052502 0.00368629445246
Herato13 Herato1301 5225001.0 5225000.0 0.00253830064852 0.00203372128235 0.00251343145819 0.0032151638866
Herato13 Herato1301 5275001.0 5275000.0 0.0138723302874 0.00754782557061 0.0128820911134 0.0257243955167
Herato13 Herato1301 5325001.0 5325000.0 0.00512027651068 0.00420183095566 0.00505921405038 0.00633464098852
Herato13 Herato1301 5375001.0 5375000.0 0.002845474738 0.00177398725149 0.00281762479546 0.00438724777888
Herato13 Herato1301 5425001.0 5425000.0 0.0305590300867 0.0163566283288 0.0300815248857 0.0473396017432
Herato13 Herato1301 5475001.0 5475000.0 0.00324105717774 0.00245032167419 0.00322919777166 0.00416015573472
Herato13 Herato1301 5525001.0 5525000.0 0.0483780618085 0.0248492775343 0.04596166068 0.0860758087481
Herato13 Herato1301 5575001.0 5575000.0 0.0199633166567 0.0071940004787 0.0171457867243 0.0469068391404
Herato13 Herato1301 5625001.0 5625000.0 0.0151831584938 0.00752677830704 0.013651604983 0.0325112365679
Herato13 Herato1301 5675001.0 5675000.0 0.0380822982807 0.015559893166 0.037047443001 0.0739629661375
Herato13 Herato1301 5725001.0 5725000.0 0.0242618283236 0.0130855133812 0.0225344887463 0.0465309039882
Herato13 Herato1301 5775001.0 5775000.0 0.0307196504537 0.0245516982778 0.0306829403967 0.0379386853391
Herato13 Herato1301 5825001.0 5825000.0 0.0611496622617 0.016028105979 0.0536651870927 0.135608401319
Herato13 Herato1301 5875001.0 5875000.0 0.035635782242 0.031202250412 0.035495410346 0.040451286976
Herato13 Herato1301 5925001.0 5925000.0 0.0174183868729 0.00864917241413 0.0151431536298 0.0414216236464
Herato13 Herato1301 5975001.0 5975000.0 0.0392230732584 0.0187233708096 0.034139032706 0.0781985094949
Herato13 Herato1301 6025001.0 6025000.0 0.0155122593064 0.00904662880243 0.0150175692261 0.0254063170595
Herato13 Herato1301 6075001.0 6075000.0 0.0174476735438 0.0098911856572 0.0161131030955 0.0329386698459
Herato13 Herato1301 6125001.0 6125000.0 0.0391428977168 0.0243974368843 0.0363356506921 0.0664718314461
Herato13 Herato1301 6175001.0 6175000.0 0.0112282145782 0.00910529914087 0.0111361163321 0.0136770302524
Herato13 Herato1301 6225001.0 6225000.0 0.110737394554 0.0107434388652 0.11534446665 0.20613628902
Herato13 Herato1301 6275001.0 6275000.0 0.00509086364522 0.00365627609237 0.00474558157672 0.0103603712034
Herato13 Herato1301 6325001.0 6325000.0 0.00630517627856 0.00536452444264 0.00630551360248 0.00733429298888
Herato13 Herato1301 6375001.0 6375000.0 0.0253626344769 0.0169324593237 0.0248112800314 0.0370438663576
Herato13 Herato1301 6425001.0 6425000.0 0.0087566982399 0.00701867814603 0.00866711825404 0.0109839361112
Herato13 Herato1301 6475001.0 6475000.0 0.0698491860731 0.033915227542 0.0661227269671 0.128801596986
Herato13 Herato1301 6525001.0 6525000.0 0.0551455434262 0.0285106600254 0.0520184974293 0.0988640658132
Herato13 Herato1301 6575001.0 6575000.0 0.0328100077863 0.0171342679743 0.0313221056764 0.0549367986921
Herato13 Herato1301 6625001.0 6625000.0 0.00134570127766 0.00100792908957 0.00131655819347 0.00172940465606
Herato13 Herato1301 6675001.0 6675000.0 0.0261490846383 0.015391605372 0.0247635062916 0.0448252621789
Herato13 Herato1301 6725001.0 6725000.0 0.0514435203958 0.0198311194076 0.0493108886856 0.0968607706501
Herato13 Herato1301 6775001.0 6775000.0 0.063961537257 0.0254586105712 0.0632649726479 0.111230065715
Herato13 Herato1301 6825001.0 6825000.0 0.0169401635364 0.0130315622617 0.0167059337462 0.0218235184461
Herato13 Herato1301 6875001.0 6875000.0 0.00666381569004 0.00397105964316 0.00633782770377 0.010989543225
Herato13 Herato1301 6925001.0 6925000.0 0.0210622839188 0.00772574926554 0.0195547694297 0.0480744218222
Herato13 Herato1301 6975001.0 6975000.0 0.0025979009642 0.00208884594664 0.00256088137136 0.00342643911964
Herato13 Herato1301 7025001.0 7025000.0 0.0113811395442 0.000280976577527 0.00999481618623 0.0292243339185
Herato13 Herato1301 7075001.0 7075000.0 0.00050835214344 0.000380950222269 0.00050147869768 0.00066828279624
Herato13 Herato1301 7125001.0 7125000.0 0.00422636430138 0.00255562208209 0.0042165285894 0.005782634579
Herato13 Herato1301 7175001.0 7175000.0 0.00436687057394 0.000218697159966 0.00050639927174 0.0326306395944
Herato13 Herato1301 7225001.0 7225000.0 0.0413190610608 0.0202667974538 0.0384336434205 0.075966061975
Herato13 Herato1301 7275001.0 7275000.0 0.0603875682178 0.0312335290247 0.0567608572465 0.112068963773
Herato13 Herato1301 7325001.0 7325000.0 0.0282061848062 0.0159063246176 0.0274698933901 0.04634908935
Herato13 Herato1301 7375001.0 7375000.0 0.0179567041177 0.00972421298515 0.0171874555598 0.0315214954632
Herato13 Herato1301 7425001.0 7425000.0 0.0190808999405 0.0106644612276 0.0177107773042 0.0346249425538
Herato13 Herato1301 7475001.0 7475000.0 0.015520076278 0.00466767426365 0.0143612546603 0.0332602417069
Herato13 Herato1301 7525001.0 7525000.0 0.0255961462384 0.00935201305235 0.0243574801192 0.0498283988646
Herato13 Herato1301 7575001.0 7575000.0 0.0430983384898 0.0151504787103 0.0417425552557 0.0911902561324
Herato13 Herato1301 7625001.0 7625000.0 0.0109802711101 0.0076491089928 0.0108842348936 0.0151069273557
Herato13 Herato1301 7675001.0 7675000.0 0.0100927427634 0.00614063636248 0.00968979330036 0.0157699640325
Herato13 Herato1301 7725001.0 7725000.0 0.0220826563791 0.0095136959076 0.0198610919061 0.0485577391981
Herato13 Herato1301 7775001.0 7775000.0 0.170531292694 0.00975218495181 0.169568783055 0.315665230947
Herato13 Herato1301 7825001.0 7825000.0 0.0239675225843 0.00709519394695 0.0188957945261 0.0624021075809
Herato13 Herato1301 7875001.0 7875000.0 0.0309298624572 0.0185856895491 0.0284960611227 0.0497665253447
Herato13 Herato1301 7925001.0 7925000.0 0.0290787811983 0.025730295431 0.0290605186756 0.0327742871054
Herato13 Herato1301 7975001.0 7975000.0 0.0214461842722 0.0155288132643 0.0211181263206 0.028518970036
Herato13 Herato1301 8025001.0 8025000.0 0.0583767457956 0.0245321403128 0.0516641850081 0.126753823155
Herato13 Herato1301 8075001.0 8075000.0 0.0398649023502 0.0188666857539 0.0376728986956 0.0782403405862
Herato13 Herato1301 8125001.0 8125000.0 0.00680303963542 0.00484448017076 0.00658878857152 0.0096254977501
Herato13 Herato1301 8175001.0 8175000.0 0.00274596159294 0.00227322535648 0.00275041049354 0.00328917343798
Herato13 Herato1301 8225001.0 8225000.0 0.00591821641202 0.00250005409933 0.00528467271256 0.0119394340146
Herato13 Herato1301 8275001.0 8275000.0 0.00343516602996 0.00193485348671 0.0031515794342 0.00710939089158
Herato13 Herato1301 8325001.0 8325000.0 0.0183326336455 0.0129456521565 0.0179968291367 0.0257982808085
Herato13 Herato1301 8375001.0 8375000.0 0.0342742322006 0.0110186217345 0.0308795071185 0.076803567351
Herato13 Herato1301 8425001.0 8425000.0 0.00961611032254 0.00704277460449 0.00931255102348 0.0146696781394
Herato13 Herato1301 8475001.0 8475000.0 0.0216194247641 0.0137035916537 0.0206478164104 0.0346170542131
Herato13 Herato1301 8525001.0 8525000.0 0.0154283209235 0.00782330499391 0.0147235304879 0.027217960127
Herato13 Herato1301 8575001.0 8575000.0 0.00294464503034 0.00135448225397 0.00279536129907 0.00525852232242
Herato13 Herato1301 8625001.0 8625000.0 0.0443040262983 0.0180649718267 0.0453212309328 0.0799651578949
Herato13 Herato1301 8675001.0 8675000.0 0.0116729840784 0.0037625281124 0.0110979041347 0.0216307816006
Herato13 Herato1301 8725001.0 8725000.0 0.0134196447031 0.0033239994877 0.0112298723048 0.0372065959899
Herato13 Herato1301 8775001.0 8775000.0 0.0597408969765 0.0237811185315 0.050973689064 0.14186475677
Herato13 Herato1301 8825001.0 8825000.0 0.0576625068752 0.00841687814556 0.0503208804398 0.15766134188
Herato13 Herato1301 8875001.0 8875000.0 0.0440569135506 0.021809787156 0.0408193718463 0.0822540011588
Herato13 Herato1301 8925001.0 8925000.0 0.0294551370041 0.0207250957517 0.0289847921936 0.0403858083881
Herato13 Herato1301 8975001.0 8975000.0 0.00083282118434 0.00068657600054 0.00082629479836 0.00100007107706
Herato13 Herato1301 9025001.0 9025000.0 0.00672196420929 0.00439918777387 0.00649840333407 0.0106689529117
Herato13 Herato1301 9075001.0 9075000.0 0.0425924415999 0.0138901048234 0.0376777408372 0.0992851616451
Herato13 Herato1301 9125001.0 9125000.0 0.0542702980069 0.0235884482916 0.045922820911 0.112829685105
Herato13 Herato1301 9175001.0 9175000.0 0.0173699080879 0.00883241292473 0.0158109231176 0.0353718730317
Herato13 Herato1301 9225001.0 9225000.0 0.03465374922 0.0202348297734 0.0334593426391 0.0538792348305
Herato13 Herato1301 9275001.0 9275000.0 0.103318244323 0.0405763925419 0.0904136840983 0.243931961477
Herato13 Herato1301 9325001.0 9325000.0 0.00459469496866 0.00271408381842 0.00407049666148 0.00840403672658
Herato13 Herato1301 9375001.0 9375000.0 0.0260064974734 0.00962273052129 0.0221589830657 0.0671427056054
Herato13 Herato1301 9425001.0 9425000.0 0.0217239332334 0.0134846126721 0.0207152039295 0.0355927486882
Herato13 Herato1301 9475001.0 9475000.0 0.02894084229 0.01623962767 0.0203194544276 0.0722113276364
Herato13 Herato1301 9525001.0 9525000.0 0.116772889823 0.0302613230788 0.0855459573083 0.322146190378
Herato13 Herato1301 9575001.0 9575000.0 0.0763492586996 0.0281678903209 0.0670348111462 0.180648779251
Herato13 Herato1301 9625001.0 9625000.0 0.0042957761962 0.0021566473116 0.003960934411 0.0094208832152
Herato13 Herato1301 9675001.0 9675000.0 0.0313457752694 0.0170927476905 0.0293330281795 0.056532186847
Herato13 Herato1301 9725001.0 9725000.0 0.0351938762638 0.0309891240704 0.0345689510674 0.0410170750152
Herato13 Herato1301 9775001.0 9775000.0 0.00587695827836 0.00115716537677 0.00356180364476 0.0251342664275
Herato13 Herato1301 9825001.0 9825000.0 0.00927511148122 0.00344181351554 0.00705966337043 0.0221271689827
Herato13 Herato1301 9875001.0 9875000.0 0.0135212810111 0.00829331073626 0.0124438119069 0.0214712028417
Herato13 Herato1301 9925001.0 9925000.0 0.0248591023428 0.0125506692547 0.0223057777138 0.0464712717138
Herato13 Herato1301 9975001.0 9975000.0 0.0192869202233 0.011936998545 0.0188581874524 0.0303621065404
Herato13 Herato1301 10025001.0 10025000.0 0.0074786873898 0.006300837446 0.0074475962852 0.0089182974062
Herato13 Herato1301 10075001.0 10075000.0 0.023620238394 0.014527953308 0.0226387911424 0.0385580229108
Herato13 Herato1301 10125001.0 10125000.0 0.0476011987891 0.0294871672852 0.0447469563698 0.0807197824423
Herato13 Herato1301 10175001.0 10175000.0 0.00551889604116 0.00491988955007 0.00550603341252 0.0060907546524
Herato13 Herato1301 10225001.0 10225000.0 0.0121590322552 0.00657555545687 0.0109059095668 0.0268408653216
Herato13 Herato1301 10275001.0 10275000.0 0.038082829744 0.0235640004021 0.0365974308752 0.0615471221726
Herato13 Herato1301 10325001.0 10325000.0 0.01076849871 0.008717211942 0.010329780258 0.016462472244
Herato13 Herato1301 10375001.0 10375000.0 0.00656417298 0.005060028402 0.006220559748 0.01152650148
Herato13 Herato1301 10425001.0 10425000.0 0.119035646684 0.0476678084816 0.109908916918 0.248013164338
Herato13 Herato1301 10475001.0 10475000.0 0.0955821673564 0.0411699222952 0.090999609682 0.177562925874
Herato13 Herato1301 10525001.0 10525000.0 0.0358533150287 0.028583532508 0.0350649135654 0.0472042492186
Herato13 Herato1301 10575001.0 10575000.0 0.0340431259237 0.0274314232526 0.0333546633297 0.045151834432
Herato13 Herato1301 10625001.0 10625000.0 0.0466224823633 0.0214443908557 0.0454006119284 0.0752995451139
Herato13 Herato1301 10675001.0 10675000.0 0.0665191608889 0.0343978920998 0.0615076680632 0.128446081837
Herato13 Herato1301 10725001.0 10725000.0 0.251001741049 0.105829922813 0.231806754987 0.51965826994
Herato13 Herato1301 10775001.0 10775000.0 0.083995527163 0.0492335796823 0.0770557269147 0.148905773816
Herato13 Herato1301 10825001.0 10825000.0 0.13207644761 0.0664942713057 0.123810476117 0.240884789608
Herato13 Herato1301 10875001.0 10875000.0 0.0462582364551 0.0289216256464 0.04415606873 0.0722566306426
Herato13 Herato1301 10925001.0 10925000.0 0.0340992468562 0.0196147080143 0.0311866098908 0.0586493679594
Herato13 Herato1301 10975001.0 10975000.0 0.01588818207 0.01299847193 0.0156942451654 0.0199576498594
Herato13 Herato1301 11025001.0 11025000.0 0.0133013514892 0.0118559438469 0.0132491231008 0.0150193005623
Herato13 Herato1301 11075001.0 11075000.0 0.0144779956645 0.0115089036202 0.0142041820213 0.0182608364262
Herato13 Herato1301 11125001.0 11125000.0 0.122090674781 0.057709651745 0.11139703465 0.250312708527
Herato13 Herato1301 11175001.0 11175000.0 0.0506912568406 0.0200526501757 0.0443236651787 0.129085095226
Herato13 Herato1301 11225001.0 11225000.0 0.00895818300398 0.00339115207748 0.00798171900104 0.0204013465676
Herato13 Herato1301 11275001.0 11275000.0 0.00309109636152 0.00255255478348 0.0030541761248 0.00382792064808
Herato13 Herato1301 11325001.0 11325000.0 0.0312278428157 0.0148003114914 0.0309272423491 0.0514023526031
Herato13 Herato1301 11375001.0 11375000.0 0.110231462248 0.0278881517694 0.0941809181059 0.282651577894
Herato13 Herato1301 11425001.0 11425000.0 0.0192320042436 0.00766892670291 0.0182205039272 0.0364376404231
Herato13 Herato1301 11475001.0 11475000.0 0.0438270001698 0.0135702051334 0.0373628443289 0.105108489577
Herato13 Herato1301 11525001.0 11525000.0 0.25481612854 0.121201386627 0.246708435116 0.477809441257
Herato13 Herato1301 11575001.0 11575000.0 0.0153157540055 0.00583496311642 0.0151105140037 0.0346809737418
Herato13 Herato1301 11625001.0 11625000.0 0.0261310146502 0.0146474531519 0.0253157493232 0.042331882779
Herato13 Herato1301 11675001.0 11675000.0 0.0138642982149 0.0081197875621 0.013250135799 0.0241197552308
Herato13 Herato1301 11725001.0 11725000.0 0.0287753300404 0.00793941610779 0.0233841628394 0.0739018869158
Herato13 Herato1301 11775001.0 11775000.0 0.0331811018321 0.00905753337866 0.0298515648614 0.0726541450232
Herato13 Herato1301 11825001.0 11825000.0 0.0720329054412 0.0279562389066 0.0626852324182 0.163617411469
Herato13 Herato1301 11875001.0 11875000.0 0.0636510494305 0.0355024232093 0.0608636464351 0.107160053195
Herato13 Herato1301 11925001.0 11925000.0 0.0784056532367 0.00856774285992 0.0711384211501 0.190801221641
Herato13 Herato1301 11975001.0 11975000.0 0.00120008977532 0.000568986908561 0.000776503150084 0.0029734242312
Herato13 Herato1301 12025001.0 12025000.0 0.00696310208544 0.00406577343904 0.00662155898964 0.0118270307478
Herato13 Herato1301 12075001.0 12075000.0 0.011913322933 0.00345988163728 0.00928865014532 0.0370778732284
Herato13 Herato1301 12125001.0 12125000.0 0.0297027477942 0.0110502477614 0.0286648624985 0.0549086194543
Herato13 Herato1301 12175001.0 12175000.0 0.00143690652732 0.0011737512146 0.00142350980756 0.00181793754954
Herato13 Herato1301 12225001.0 12225000.0 0.0203120865153 0.00983862298866 0.0185881841686 0.0383081294035
Herato13 Herato1301 12275001.0 12275000.0 0.0017882061555 0.00151151263253 0.00178286476554 0.00207188766304
Herato13 Herato1301 12325001.0 12325000.0 0.018291489829 0.00808960045319 0.0179961943099 0.0347844238558
Herato13 Herato1301 12375001.0 12375000.0 0.0233368442267 0.0127958043629 0.020380075738 0.0552363603942
Herato13 Herato1301 12425001.0 12425000.0 0.00247397981098 0.00189267134858 0.0024608801974 0.0030923883099
Herato13 Herato1301 12475001.0 12475000.0 0.0245478928476 0.00715270017057 0.0203283712654 0.0689609142162
Herato13 Herato1301 12525001.0 12525000.0 0.00675355907254 0.00435778713884 0.00640171485648 0.0111745648528
Herato13 Herato1301 12575001.0 12575000.0 0.0362294103985 0.0187571073057 0.0330549490365 0.0726305749601
Herato13 Herato1301 12625001.0 12625000.0 0.0168356140634 0.0115680738372 0.0161693607553 0.0270593238681
Herato13 Herato1301 12675001.0 12675000.0 0.0279457606619 0.0126367044723 0.0256431890439 0.0610641498217
Herato13 Herato1301 12725001.0 12725000.0 0.0275437710436 0.00578053472248 0.0259591050187 0.0576072378413
Herato13 Herato1301 12775001.0 12775000.0 0.00518222615528 0.0035734358969 0.0050065869485 0.00750520427014
Herato13 Herato1301 12825001.0 12825000.0 0.0160047416854 0.010332401883 0.0154617128787 0.024786388533
Herato13 Herato1301 12875001.0 12875000.0 0.131776033947 0.0670886717976 0.124631676033 0.23757765983
Herato13 Herato1301 12925001.0 12925000.0 0.0103334399342 0.00292455919023 0.00949746437838 0.0272910010736
Herato13 Herato1301 12975001.0 12975000.0 0.0157607171153 0.00597261136979 0.0148935200198 0.0291773485638
Herato13 Herato1301 13025001.0 13025000.0 0.097702026598 0.0353388054346 0.0927631055046 0.18204853894
Herato13 Herato1301 13075001.0 13075000.0 0.00660191447862 0.00420955343132 0.00548672606542 0.0131099095037
Herato13 Herato1301 13125001.0 13125000.0 0.0248791192838 0.0091918401059 0.0245295184998 0.0501014603723
Herato13 Herato1301 13175001.0 13175000.0 0.0277221864175 0.0105100043562 0.0288065420262 0.050380674029
Herato13 Herato1301 13225001.0 13225000.0 0.0355482216754 0.0239820366325 0.0351147590323 0.0504511961112
Herato13 Herato1301 13275001.0 13275000.0 0.0561771261547 0.0293291909663 0.050370354414 0.112371991895
Herato13 Herato1301 13325001.0 13325000.0 0.047733988121 0.022751915595 0.0451401407142 0.0913316309259
Herato13 Herato1301 13375001.0 13375000.0 0.0946502869909 0.0313987949737 0.0815308758406 0.227549088556
Herato13 Herato1301 13425001.0 13425000.0 0.029393109752 0.0113196610634 0.0292530181825 0.049889293981
Herato13 Herato1301 13475001.0 13475000.0 0.0067474944084 0.00473416294593 0.00668596097956 0.00930188437232
Herato13 Herato1301 13525001.0 13525000.0 0.0117785828322 0.00760346561906 0.0113529790833 0.0180871311583
Herato13 Herato1301 13575001.0 13575000.0 0.0165167127791 0.01072366822 0.0161469774106 0.0247271681467
Herato13 Herato1301 13625001.0 13625000.0 0.0786496810499 0.03992690826 0.0708936086582 0.160447892042
Herato13 Herato1301 13675001.0 13675000.0 0.0111905086919 0.00991187316923 0.0111561932815 0.0126667248097
Herato13 Herato1301 13725001.0 13725000.0 0.0207115731713 0.0100870612145 0.019871176993 0.0359113634829
Herato13 Herato1301 13775001.0 13775000.0 0.0123758909516 0.0085542923267 0.011731267033 0.01997878898
Herato13 Herato1301 13825001.0 13825000.0 0.0549810156614 0.0264818637952 0.0508842732593 0.10647383313
Herato13 Herato1301 13875001.0 13875000.0 0.0216937603792 0.00650124135696 0.0194134085737 0.0552784448913
Herato13 Herato1301 13925001.0 13925000.0 0.0164360186006 0.00911539464107 0.0154757344973 0.0280465887982
Herato13 Herato1301 13975001.0 13975000.0 0.0338341330169 0.0137625244065 0.0265873101235 0.0741294542957
Herato13 Herato1301 14025001.0 14025000.0 0.0284406624359 0.0159311875799 0.0256057721775 0.0607623907929
Herato13 Herato1301 14075001.0 14075000.0 0.0117814089563 0.0041432540477 0.0097554675536 0.0313954671382
Herato13 Herato1301 14125001.0 14125000.0 0.0174792220328 0.0102088983966 0.0150937079121 0.0372149874352
Herato13 Herato1301 14175001.0 14175000.0 0.00252974740336 0.00207776968009 0.00253029607162 0.0030540606593
Herato13 Herato1301 14225001.0 14225000.0 0.0069776919626 0.00523625128113 0.0065517955865 0.00904143395216
Herato13 Herato1301 14275001.0 14275000.0 0.00143727210694 0.000955172643718 0.00141161495692 0.00196461816392
Herato13 Herato1301 14325001.0 14325000.0 0.0232989001422 0.00888918954003 0.0192961031677 0.0569228150308
Herato13 Herato1301 14375001.0 14375000.0 0.019192709981 0.00197176433767 0.0168216990873 0.0569625260265
Herato13 Herato1301 14425001.0 14425000.0 0.00557418352492 0.00373870070523 0.00542222019108 0.00846114411784
Herato13 Herato1301 14475001.0 14475000.0 0.0026786273026 0.00113575416988 0.00261585562556 0.00493884857412
Herato13 Herato1301 14525001.0 14525000.0 0.00153667057222 0.00085035298276 0.00146977801496 0.00268998573922
Herato13 Herato1301 14575001.0 14575000.0 0.0334332220865 0.0188412317224 0.0316944830147 0.0597890683641
Herato13 Herato1301 14625001.0 14625000.0 0.0060817210559 0.00543899767394 0.00606351193728 0.00684263506086
Herato13 Herato1301 14675001.0 14675000.0 0.0152206530716 0.0131337934672 0.0150977791209 0.017752384043
Herato13 Herato1301 14725001.0 14725000.0 0.00176288646664 0.000486263380649 0.00105344766806 0.00507597667648
Herato13 Herato1301 14775001.0 14775000.0 0.0117933020049 0.00527597077649 0.00927058718643 0.0410661640166
Herato13 Herato1301 14825001.0 14825000.0 0.00110845578692 0.000884369881073 0.00109628728354 0.00137986655997
Herato13 Herato1301 14875001.0 14875000.0 0.00865888362718 0.00171344381223 0.00428445430574 0.0393307195609
Herato13 Herato1301 14925001.0 14925000.0 0.0311694742202 0.0148944768107 0.0291751747385 0.0599009787377
Herato13 Herato1301 14975001.0 14975000.0 0.0045921642731 0.00280333691325 0.0043279531052 0.00767724742724
Herato13 Herato1301 15025001.0 15025000.0 0.0015957259275 0.000263397737968 0.00116708445312 0.00560323367778
Herato13 Herato1301 15075001.0 15075000.0 0.00661901207168 0.000903606159372 0.00196618653944 0.0318165692061
Herato13 Herato1301 15125001.0 15125000.0 0.0014909818235 0.00106147290128 0.00148947076968 0.00197383848362
Herato13 Herato1301 15175001.0 15175000.0 0.011634689446 0.00538098550318 0.0106323249213 0.0215220097405
Herato13 Herato1301 15225001.0 15225000.0 0.00046452465034 0.000405472670497 0.0004590732086 0.00054720801556
Herato13 Herato1301 15275001.0 15275000.0 0.0183401944819 0.00791474581791 0.0158910141893 0.0442171114965
Herato13 Herato1301 15325001.0 15325000.0 0.0677936559086 0.0353370897638 0.0648821531699 0.117637709493
Herato13 Herato1301 15375001.0 15375000.0 0.0195257412121 0.00847343203559 0.0186247417516 0.0353290009827
Herato13 Herato1301 15425001.0 15425000.0 0.0870822352098 0.0301328532628 0.0738822332707 0.216790040179
Herato13 Herato1301 15475001.0 15475000.0 0.0538313086206 0.0243620135816 0.0514036836738 0.0996052528463
Herato13 Herato1301 15525001.0 15525000.0 0.0396257704406 0.012477089121 0.0360861934064 0.0792044563709
Herato13 Herato1301 15575001.0 15575000.0 0.0903341652792 0.0420426916438 0.0806470680358 0.192902951111
Herato13 Herato1301 15625001.0 15625000.0 0.0373247849716 0.00558506381162 0.0329703988886 0.0923657326698
Herato13 Herato1301 15675001.0 15675000.0 0.0322539218166 0.0104960660598 0.0304552649908 0.0665718862147
Herato13 Herato1301 15725001.0 15725000.0 0.00658565139288 0.0052342362114 0.00659103235486 0.00821590008346
Herato13 Herato1301 15775001.0 15775000.0 0.00663673081958 0.00530914187203 0.00661174488108 0.00820252469908
Herato13 Herato1301 15825001.0 15825000.0 0.0450372396288 0.015611719988 0.0400637275391 0.103209050329
Herato13 Herato1301 15875001.0 15875000.0 0.0227916842143 0.0193785543816 0.0226411896965 0.0267304383138
Herato13 Herato1301 15925001.0 15925000.0 0.0383419663581 0.0122000765489 0.0346823771327 0.0995254187283
Herato13 Herato1301 15975001.0 15975000.0 0.007708190676 0.006612943572 0.00775025929 0.008917072974
Herato13 Herato1301 16025001.0 16025000.0 0.0401846694586 0.0266460922513 0.0391156053933 0.0614790411252
Herato13 Herato1301 16075001.0 16075000.0 0.0256123092954 0.0210613368378 0.0253708131617 0.0320114566274
Herato13 Herato1301 16125001.0 16125000.0 0.0171446869575 0.0123292341712 0.0167704908118 0.023758669628
Herato13 Herato1301 16175001.0 16175000.0 0.0229879878641 0.014170949 0.0224332295292 0.0347407464258
Herato13 Herato1301 16225001.0 16225000.0 0.02714635833 0.0180116816368 0.0265655583884 0.0403639977768
Herato13 Herato1301 16275001.0 16275000.0 0.0230673173495 0.013763251696 0.022562031791 0.0341535538245
Herato13 Herato1301 16325001.0 16325000.0 0.0369769656121 0.018903195863 0.0345320855903 0.0724309514643
Herato13 Herato1301 16375001.0 16375000.0 0.0965420055271 0.0325618415513 0.0782848100938 0.256031179536
Herato13 Herato1301 16425001.0 16425000.0 0.0199785807418 0.0170386293848 0.0199959405356 0.0235007026346
Herato13 Herato1301 16475001.0 16475000.0 0.00704888049238 0.00507266327766 0.00700037610804 0.00927182204628
Herato13 Herato1301 16525001.0 16525000.0 0.0136583289373 0.0107074563654 0.0135713918702 0.0170586536053
Herato13 Herato1301 16575001.0 16575000.0 0.314414833157 0.0599845801948 0.283857085293 0.738952639733
Herato13 Herato1301 16625001.0 16625000.0 0.0074847095986 0.0046828714412 0.007083016293 0.0125707627556
Herato13 Herato1301 16675001.0 16675000.0 0.0857337782137 0.0382932178681 0.0743862580898 0.202482741316
Herato13 Herato1301 16725001.0 16725000.0 0.0467383764544 0.0134751287057 0.043665592014 0.101136298977
Herato13 Herato1301 16775001.0 16775000.0 0.00707781472152 0.00569505467306 0.0068988395504 0.00885630944956
Herato13 Herato1301 16825001.0 16825000.0 0.113731676459 0.0450943595875 0.10698580648 0.235534324543
Herato13 Herato1301 16875001.0 16875000.0 0.0417603078742 0.0237839816172 0.0406299407638 0.0678840841544
Herato13 Herato1301 16925001.0 16925000.0 0.020410216848 0.0133286351586 0.0191716088205 0.0334615090059
Herato13 Herato1301 16975001.0 16975000.0 0.0651298084408 0.0291832116845 0.0571050086139 0.14510502991
Herato13 Herato1301 17025001.0 17025000.0 0.101158166538 0.0231765846982 0.0911830477334 0.251733177305
Herato13 Herato1301 17075001.0 17075000.0 0.131378901395 0.0340825551334 0.123122651501 0.294146504498
Herato13 Herato1301 17125001.0 17125000.0 0.0517274510801 0.0287010530548 0.0482654044856 0.092917404334
Herato13 Herato1301 17175001.0 17175000.0 0.0718362655996 0.0354382763603 0.0664474775761 0.145892149549
Herato13 Herato1301 17225001.0 17225000.0 0.0384785433593 0.0194717620889 0.0363939491098 0.0712906366115
Herato13 Herato1301 17275001.0 17275000.0 0.0468143329728 0.0140506311615 0.0441057429333 0.0930684562223
Herato13 Herato1301 17325001.0 17325000.0 0.107983258648 0.0515912291173 0.100770818517 0.209617949438
Herato13 Herato1301 17375001.0 17375000.0 0.0824835598898 0.0274061617973 0.0731932114923 0.185907623004
Herato13 Herato1301 17425001.0 17425000.0 0.0214437569133 0.0158854151871 0.0209487953398 0.0301157350877
Herato13 Herato1301 17475001.0 17475000.0 0.0469555379248 0.0120625511152 0.0457208756994 0.0968120259716
Herato13 Herato1301 17525001.0 17525000.0 0.00657923133844 0.00385760849152 0.00584390589076 0.0123347509175
Herato13 Herato1301 17575001.0 17575000.0 0.0320346000044 0.027243612675 0.0316711122255 0.0382887664674
Herato13 Herato1301 17625001.0 17625000.0 0.0149258802732 0.0124125655314 0.0147993223159 0.0179490259696
Herato13 Herato1301 17675001.0 17675000.0 0.104714218099 0.039865847679 0.0929458645706 0.227533479442
Herato13 Herato1301 17725001.0 17725000.0 0.027595149515 0.013844736961 0.0226711115078 0.0706240110361
Herato13 Herato1301 17775001.0 17775000.0 0.0248715659419 0.00807365139002 0.0197922095879 0.074858235802
Herato13 Herato1301 17825001.0 17825000.0 0.0111715048312 0.0083583950519 0.0115248194441 0.014196289114
Herato13 Herato1301 17875001.0 17875000.0 0.0777998503332 0.0414729595734 0.0749102426718 0.129482307311
Herato13 Herato1301 17925001.0 17925000.0 0.0403516433451 0.015626790312 0.0420336028439 0.0826441266752
Herato13 Herato1301 17975001.0 17975000.0 0.0630054549679 0.0410696893133 0.0604036004352 0.0978197060561
Herato13 Herato1301 18025001.0 18025000.0 0.0419834831268 0.0306049439803 0.0408852115863 0.064728376511
Herato13 Herato1301 18075001.0 18075000.0 0.0142464696255 0.00992216804624 0.0137955154794 0.022505311747
Herato13 Herato1301 18125001.0 18125000.0 0.0159711222216 0.0135627933879 0.0159174640985 0.0185383915374
Herato13 Herato1301 18175001.0 18175000.0 0.0550606556404 0.0194882776528 0.0525704470814 0.116838383721
Herato13 Herato1301 18225001.0 18225000.0 0.0044901554352 0.0039823356722 0.0044884372462 0.005013161248
Herato13 Herato1301 18275001.0 18275000.0 0.122417400614 0.04511093548 0.113430402848 0.256113411266
Herato13 Herato1301 18325001.0 18325000.0 0.00777938403636 0.00640306583467 0.00774106009226 0.00944899108026
Herato13 Herato1301 18375001.0 18375000.0 0.0919950841312 0.0380256566215 0.0795943098477 0.209756518896
Herato13 Herato1301 18425001.0 18425000.0 0.0287173493079 0.0219167303709 0.0283952293726 0.0374319259102
Herato13 Herato1301 18475001.0 18475000.0 0.0706666713514 0.0368036004439 0.0667155504673 0.124992571597
Herato13 Herato1301 18525001.0 18525000.0 0.0857031262415 0.0407020162087 0.0782848320897 0.174771341047
Herato13 Herato1301 18575001.0 18575000.0 0.0435326782994 0.0245672503588 0.0402477442986 0.084234088553
Herato13 Herato1301 18625001.0 18625000.0 0.0116959459362 0.0090356603589 0.0115173415176 0.0152713800998
Herato13 Herato1301 18675001.0 18675000.0 0.0045432282774 0.00378327928899 0.00456493373662 0.0051912722024
Herato13 Herato1301 18725001.0 18725000.0 0.0158369991153 0.00726834050865 0.0135350697342 0.0352249944213
Herato13 Herato1301 18775001.0 18775000.0 0.089203788003 0.0287564138029 0.0903169466112 0.158939798382
Herato13 Herato1301 18825001.0 18825000.0 0.0788922804145 0.0381049524706 0.0694629040245 0.174794522927
Herato13 Herato1301 18875001.0 18875000.0 0.0202668432314 0.00943255961982 0.0115297132084 0.0711091540846
Herato13 Herato1301 18925001.0 18925000.0 0.0370497275178 0.0161189812091 0.0340304095652 0.071470342212
Herato13 Herato1301 18975001.0 18975000.0 0.0396761102264 0.022223210876 0.0381687794576 0.0650711687123
Herato13 Herato1301 19025001.0 19025000.0 0.0279887787664 0.0115426029194 0.0243349084539 0.0556008624251
Herato13 Herato1301 19075001.0 19075000.0 0.0765297070239 0.0294249873669 0.0717952719054 0.159132327821
Herato13 Herato1301 19125001.0 19125000.0 0.0261076393186 0.0173125066244 0.0254187766029 0.0385107846824
Herato13 Herato1301 19175001.0 19175000.0 0.0364203150804 0.013887453237 0.0340250039122 0.0719145046653
Herato13 Herato1301 19225001.0 19225000.0 0.0649626644747 0.0229780054774 0.0578566752094 0.141782420865
Herato13 Herato1301 19275001.0 19275000.0 0.0880866610374 0.0183541457282 0.0758226474306 0.246779670838
Herato13 Herato1301 19325001.0 19325000.0 0.0810854577892 0.0135296741428 0.0665446602784 0.222152877703
Herato13 Herato1301 19375001.0 19375000.0 0.0866406814224 0.0230640983931 0.0726615469218 0.234059636343
Herato13 Herato1301 19425001.0 19425000.0 0.043564324433 0.0243283730151 0.0383808893702 0.0879227636467
Herato13 Herato1301 19475001.0 19475000.0 0.0155593493703 0.0079204772608 0.0171022765915 0.0220278999735
Herato13 Herato1301 19525001.0 19525000.0 0.0801872692175 0.0368797329086 0.0740675411258 0.158664861074
Herato13 Herato1301 19575001.0 19575000.0 0.0101464734546 0.00723304563841 0.00877405749812 0.0218139041347
Herato13 Herato1301 19625001.0 19625000.0 0.0424798619612 0.0182874433245 0.0384280570418 0.0890919201742
Herato13 Herato1301 19675001.0 19675000.0 0.0244102000618 0.0148587137504 0.0237183140178 0.0376505130224
Herato13 Herato1301 19725001.0 19725000.0 0.0801045352626 0.0311945871652 0.0755656606916 0.152196679602
Herato13 Herato1301 19775001.0 19775000.0 0.0529992978444 0.0251384068447 0.049468801738 0.104310073947
Herato13 Herato1301 19825001.0 19825000.0 0.0373573930115 0.0106798243284 0.0328129767592 0.0928731282054
Herato13 Herato1301 19875001.0 19875000.0 0.049792751161 0.0241769135834 0.0392935712877 0.108130363479
Herato13 Herato1301 19925001.0 19925000.0 0.0196214606241 0.0135486789945 0.0192501053294 0.0263369567524
Herato13 Herato1301 19975001.0 19975000.0 0.0652006845396 0.0327749426434 0.060511856594 0.125660957598
Herato13 Herato1301 20025001.0 20025000.0 0.0246350389466 0.0131279006062 0.016879836144 0.0781721508617
Herato13 Herato1301 20075001.0 20075000.0 0.0877521437312 0.0358025499069 0.0786384382707 0.194327153593
Herato13 Herato1301 20125001.0 20125000.0 0.0458551894037 0.0267097721061 0.0432077281128 0.083921702943
Herato13 Herato1301 20175001.0 20175000.0 0.0302819897415 0.017218434841 0.029076640821 0.0512176982368
Herato13 Herato1301 20225001.0 20225000.0 0.00909445927882 0.00738368555365 0.00895791410642 0.0115764726378
Herato13 Herato1301 20275001.0 20275000.0 0.0116153135585 0.00770827166777 0.0110454212657 0.0182592695106
Herato13 Herato1301 20325001.0 20325000.0 0.0110770082429 0.00764992816314 0.0105987462979 0.0165716389678
Herato13 Herato1301 20375001.0 20375000.0 0.034260566819 0.0225428797936 0.0345061350591 0.0541438452054
Herato13 Herato1301 20425001.0 20425000.0 0.0234215394742 0.00705392849554 0.0264334758879 0.0518790521394
Herato13 Herato1301 20475001.0 20475000.0 0.0337923760181 0.012240943073 0.0329441363567 0.0625984989843
Herato13 Herato1301 20525001.0 20525000.0 0.0276034635866 0.00688900339554 0.0262205993905 0.0718917573366
Herato13 Herato1301 20575001.0 20575000.0 0.0408116430561 0.0241791770023 0.0411614205509 0.0632687940518
Herato13 Herato1301 20625001.0 20625000.0 0.0901112569786 0.0435438923005 0.0846658922849 0.175423684854
Herato13 Herato1301 20675001.0 20675000.0 0.0415476124789 0.0264782514416 0.0405858870309 0.0624969605417
Herato13 Herato1301 20725001.0 20725000.0 0.0709976663683 0.0386857389601 0.0673436129554 0.124164148739
Herato13 Herato1301 20775001.0 20775000.0 0.0244500492884 0.0116905569806 0.0239906905282 0.0440383266176
Herato13 Herato1301 20825001.0 20825000.0 0.026165671957 0.0184691249109 0.0250419259848 0.0407653172834
Herato13 Herato1301 20875001.0 20875000.0 0.0110432303371 0.00870144101393 0.0108782361357 0.0143148537113
Herato13 Herato1301 20925001.0 20925000.0 0.0293904842493 0.0181129499584 0.028078116821 0.0463216628625
Herato13 Herato1301 20975001.0 20975000.0 0.0376411131901 0.0140519458064 0.0362359110202 0.0667983638394
Herato13 Herato1301 21025001.0 21025000.0 0.0146021480341 0.0130249171448 0.0146928406019 0.0161012495948
Herato13 Herato1301 21075001.0 21075000.0 0.0258339528457 0.01668352031 0.0251670174501 0.0424972287346
Herato13 Herato1301 21125001.0 21125000.0 0.00778958831454 0.00648047626578 0.00772559982272 0.00924646329792
Herato13 Herato1301 21175001.0 21175000.0 0.0380207718151 0.0175065294163 0.0365893577785 0.0725279012911
Herato13 Herato1301 21225001.0 21225000.0 0.0296825985838 0.0220621744279 0.028965839196 0.0418748183949
Herato13 Herato1301 21275001.0 21275000.0 0.0289351149182 0.0165654149604 0.0267043406942 0.0519826572582
Herato13 Herato1301 21325001.0 21325000.0 0.0155641971852 0.00561114476471 0.0153246069262 0.0367099790487
Herato13 Herato1301 21375001.0 21375000.0 0.0144835254892 0.00872645263629 0.0134492589659 0.026310087759
Herato13 Herato1301 21425001.0 21425000.0 0.00585657635798 0.00443621601393 0.00587779518374 0.00707264505434
Herato13 Herato1301 21475001.0 21475000.0 0.00727139537108 0.00512441258146 0.00696217557932 0.0108414515169
Herato13 Herato1301 21525001.0 21525000.0 0.0160815343149 0.00849486330628 0.013958084288 0.0346705027884
Herato13 Herato1301 21575001.0 21575000.0 0.00994015193652 0.00706492655699 0.00976244501876 0.0139205903045
Herato13 Herato1301 21625001.0 21625000.0 0.0102226358574 0.00747212779582 0.00990366417548 0.0142415972084
Herato13 Herato1301 21675001.0 21675000.0 0.0110436553853 0.00853817950331 0.0107274504338 0.0153233602189
Herato13 Herato1301 21725001.0 21725000.0 0.0100679827986 0.00816498422825 0.0100855627355 0.0119757678547
Herato13 Herato1301 21775001.0 21775000.0 0.0217295861172 0.0112437807619 0.0189260741335 0.0479845484392
Herato13 Herato1301 21825001.0 21825000.0 0.00729818914902 0.0049074803248 0.00736662656782 0.0101430133428
Herato13 Herato1301 21875001.0 21875000.0 0.0517854372184 0.0231957255862 0.045431909144 0.114417017037
Herato13 Herato1301 21925001.0 21925000.0 0.00720602009588 0.00556470410134 0.00716607186266 0.00900236819876
Herato13 Herato1301 21975001.0 21975000.0 0.0748500945396 0.029599090348 0.0657920821001 0.165615337681
Herato13 Herato1301 22025001.0 22025000.0 0.131529345137 0.034602568904 0.115148134203 0.334028504423
Herato13 Herato1301 22075001.0 22075000.0 0.0468833672022 0.0224778463543 0.042846869385 0.0930377856132
Herato13 Herato1301 22125001.0 22125000.0 0.0183016061323 0.00562466330554 0.0144316536712 0.050933854128
Herato13 Herato1301 22175001.0 22175000.0 0.0102294547968 0.00289867051532 0.00751878768242 0.0296022451782
Herato13 Herato1301 22225001.0 22225000.0 0.0307229844505 0.00106909831877 0.0251735164759 0.0935480213285
Herato13 Herato1301 22275001.0 22275000.0 0.0665861141428 0.0284885751514 0.0631586940016 0.125231066283
Herato13 Herato1301 22325001.0 22325000.0 0.130927431288 0.0727050082299 0.125220310658 0.21681369
Herato13 Herato1301 22375001.0 22375000.0 0.119547107927 0.0463902338699 0.1115559411 0.242293715734
Herato13 Herato1301 22425001.0 22425000.0 0.0502462420767 0.0229775584837 0.0460149723598 0.106592652593
Herato13 Herato1301 22475001.0 22475000.0 0.0232586790306 0.0141446467293 0.0221829294592 0.0395861134381
Herato13 Herato1301 22525001.0 22525000.0 0.012534124688 0.00617256196537 0.0115398935319 0.0240757032658
Herato13 Herato1301 22575001.0 22575000.0 0.0111240763613 0.00843149502677 0.0109919742303 0.0145293636764
Herato13 Herato1301 22625001.0 22625000.0 0.0579323618101 0.0238854417379 0.05321967489 0.114659477813
Herato13 Herato1301 22675001.0 22675000.0 0.0215890476728 0.0119352920376 0.0192178367408 0.0451063516284
Herato13 Herato1301 22725001.0 22725000.0 0.106088393955 0.045087405696 0.0997369903555 0.205398645731
Herato13 Herato1301 22775001.0 22775000.0 0.00608601973564 0.00449554371426 0.00597124738264 0.0085485722582
Herato13 Herato1301 22825001.0 22825000.0 0.0291012514783 0.0082501162664 0.0267662968589 0.0618301022394
Herato13 Herato1301 22875001.0 22875000.0 0.0169339133627 0.00710471569764 0.016743630686 0.0281157789729
Herato13 Herato1301 22925001.0 22925000.0 0.0051239396694 0.00446078457013 0.00511355861948 0.00583893080094
Herato13 Herato1301 22975001.0 22975000.0 0.107380802062 0.0490290947907 0.0985459519006 0.209665506373
Herato13 Herato1301 23025001.0 23025000.0 0.00907707792544 0.00254299576945 0.00829641152426 0.0204747624666
Herato13 Herato1301 23075001.0 23075000.0 0.0375991205126 0.00360269667172 0.035773450193 0.0911948670884
Herato13 Herato1301 23125001.0 23125000.0 0.0228317235964 0.00860913695606 0.0213843933837 0.0462706417707
Herato13 Herato1301 23175001.0 23175000.0 0.116813511459 0.0559377699713 0.105431000134 0.241099878918
Herato13 Herato1301 23225001.0 23225000.0 0.0755745606258 0.0251813786375 0.0693532270104 0.164148691644
Herato13 Herato1301 23275001.0 23275000.0 0.00182057879846 0.000955606484663 0.00175981092384 0.00292924495352
Herato13 Herato1301 23325001.0 23325000.0 0.00158837953629 0.00123706186024 0.00157075176643 0.00191845344628
Herato13 Herato1301 23375001.0 23375000.0 0.000114413377304 2.32569439802e-05 9.714201674e-05 0.00026005669356
Herato13 Herato1301 23425001.0 23425000.0 0.00033569116892 8.4477018639e-05 0.00030918697844 0.00073687155328
Herato13 Herato1301 23475001.0 23475000.0 5.660413006e-05 2.9196125116e-05 5.780364756e-05 8.279204124e-05
Herato13 Herato1301 23525001.0 23525000.0 0.106631872236 0.0301398942612 0.0940966519665 0.267968179526
Herato13 Herato1301 23575001.0 23575000.0 0.00469180267554 0.00349705325818 0.00466688009161 0.00611071982018
Herato13 Herato1301 23625001.0 23625000.0 0.0039649811504 0.00271795592901 0.0039445791794 0.00546374550508
Herato13 Herato1301 23675001.0 23675000.0 0.0164593020169 0.00677391272619 0.0158768125758 0.0310366959506
Herato13 Herato1301 23725001.0 23725000.0 0.020880092178 0.00960315059048 0.0190540320153 0.0441397565354
Herato13 Herato1301 23775001.0 23775000.0 0.100604479843 0.0431026869717 0.0901229276556 0.205538342918
