chrom scaffold Cposition position mean p0025 p0500 p0975
Herato17 Herato1701 25001.0 25000.0 0.0273711399504 0.0220696664256 0.0271893804128 0.034803729758
Herato17 Herato1701 75001.0 75000.0 0.017535439832 0.014565692396 0.01744453899 0.02135724242
Herato17 Herato1701 125001.0 125000.0 0.0033126478044 0.0029225392414 0.0032972502592 0.0037244994926
Herato17 Herato1701 175001.0 175000.0 0.01769072442 0.015047553132 0.01765262548 0.02083230234
Herato17 Herato1701 225001.0 225000.0 0.0225401266638 0.0128686445348 0.0197860643524 0.0415209527694
Herato17 Herato1701 275001.0 275000.0 0.0136653287656 0.0120917259924 0.0135834960216 0.0153156414016
Herato17 Herato1701 325001.0 325000.0 0.0251774655569 0.0123225598935 0.0252968537203 0.0448287662436
Herato17 Herato1701 375001.0 375000.0 0.0212699027546 0.0171540475033 0.020908255072 0.0261044889686
Herato17 Herato1701 425001.0 425000.0 0.0332944242191 0.016995261808 0.0321699632739 0.0530915212561
Herato17 Herato1701 475001.0 475000.0 0.0396549401071 0.0272464700131 0.0373953177975 0.0636486568144
Herato17 Herato1701 525001.0 525000.0 0.0104148547816 0.0089382772574 0.0104241854356 0.0118996991216
Herato17 Herato1701 575001.0 575000.0 0.01170968973 0.010865193508 0.011669071062 0.01231777145
Herato17 Herato1701 625001.0 625000.0 0.0241930185292 0.0205469083353 0.0245346809226 0.027913358068
Herato17 Herato1701 675001.0 675000.0 0.0262497567093 0.0186852712133 0.025699907606 0.037355696854
Herato17 Herato1701 725001.0 725000.0 0.0332654938935 0.0183750768292 0.0309787323564 0.0597032104853
Herato17 Herato1701 775001.0 775000.0 0.024272837576 0.0205750318512 0.0241141821136 0.028830414592
Herato17 Herato1701 825001.0 825000.0 0.017497061652 0.011235847704 0.01628906267 0.028174581772
Herato17 Herato1701 875001.0 875000.0 0.022366595184 0.0150424528728 0.021707847289 0.0329418343726
Herato17 Herato1701 925001.0 925000.0 0.0362991753716 0.0196965269354 0.0329819677652 0.071574370186
Herato17 Herato1701 975001.0 975000.0 0.0169077777084 0.00587704335185 0.0147036250516 0.0418557262854
Herato17 Herato1701 1025001.0 1025000.0 0.024483205826 0.0168592276663 0.0233393644184 0.0368772139358
Herato17 Herato1701 1075001.0 1075000.0 0.0392360113676 0.0132183981815 0.0339465548466 0.0907753654518
Herato17 Herato1701 1125001.0 1125000.0 0.0317538256518 0.0226295521596 0.0298646780025 0.0513746451256
Herato17 Herato1701 1175001.0 1175000.0 0.0376476766894 0.0248824576855 0.0356895116395 0.0595690035866
Herato17 Herato1701 1225001.0 1225000.0 0.0219854571956 0.0181605076058 0.0222570166308 0.0262825575756
Herato17 Herato1701 1275001.0 1275000.0 0.038011380055 0.0256227254776 0.031521164053 0.07852467111
Herato17 Herato1701 1325001.0 1325000.0 0.0448328874718 0.0236316190892 0.0419283605116 0.085525902386
Herato17 Herato1701 1375001.0 1375000.0 0.0565497928678 0.0313134957648 0.0534511167547 0.103076318464
Herato17 Herato1701 1425001.0 1425000.0 0.0131379118603 0.0115376745277 0.0131421534011 0.0149389992866
Herato17 Herato1701 1475001.0 1475000.0 0.0196636692018 0.0172551167329 0.0195611666196 0.0225911327048
Herato17 Herato1701 1525001.0 1525000.0 0.0187897545082 0.0151844970776 0.0186203237774 0.0232924630072
Herato17 Herato1701 1575001.0 1575000.0 0.013913928353 0.0128768334438 0.01393838911 0.014843158113
Herato17 Herato1701 1625001.0 1625000.0 0.0416767071 0.0266355287426 0.038001882826 0.066707339688
Herato17 Herato1701 1675001.0 1675000.0 0.0286243647482 0.0199729616908 0.0282549276834 0.037977307335
Herato17 Herato1701 1725001.0 1725000.0 0.0617394961054 0.0411185040902 0.0599858203756 0.0926777330598
Herato17 Herato1701 1775001.0 1775000.0 0.0403767863867 0.0322373289212 0.0389261464535 0.0558994788398
Herato17 Herato1701 1825001.0 1825000.0 0.04310381189 0.038876837222 0.042958455586 0.047858185536
Herato17 Herato1701 1875001.0 1875000.0 0.037003820586 0.032564196968 0.036766108448 0.041932816316
Herato17 Herato1701 1925001.0 1925000.0 0.025195731506 0.018579681554 0.024158688822 0.037206499332
Herato17 Herato1701 1975001.0 1975000.0 0.0360387901056 0.030137770062 0.0358286161234 0.042973239628
Herato17 Herato1701 2025001.0 2025000.0 0.017377408832 0.015361468222 0.017279794488 0.019660241644
Herato17 Herato1701 2075001.0 2075000.0 0.0272090023664 0.0231993046385 0.0273115242304 0.0296144081741
Herato17 Herato1701 2125001.0 2125000.0 0.0380495043989 0.0320848586532 0.0374763256796 0.0469641361901
Herato17 Herato1701 2175001.0 2175000.0 0.0776950368424 0.0583959736571 0.0759730124654 0.105620401596
Herato17 Herato1701 2225001.0 2225000.0 0.02389167248 0.02098283902 0.0240072803 0.02628662968
Herato17 Herato1701 2275001.0 2275000.0 0.0426845016 0.04059850336 0.0427644632 0.04410382
Herato17 Herato1701 2325001.0 2325000.0 0.0470682829298 0.0404132234877 0.046646818769 0.0565035166586
Herato17 Herato1701 2375001.0 2375000.0 0.03080587747 0.0256988478732 0.0293180971478 0.04145184238
Herato17 Herato1701 2425001.0 2425000.0 0.0289693787376 0.0253950572521 0.0288368250306 0.0330522730712
Herato17 Herato1701 2475001.0 2475000.0 0.0572220122671 0.024128728846 0.0519428455629 0.118376711625
Herato17 Herato1701 2525001.0 2525000.0 0.0201114064267 0.0113452931351 0.0201759508597 0.0284812418462
Herato17 Herato1701 2575001.0 2575000.0 0.020897220774 0.0190528758336 0.0207907326498 0.023105031834
Herato17 Herato1701 2625001.0 2625000.0 0.0304522089444 0.0286121545474 0.0304218599568 0.03157732052
Herato17 Herato1701 2675001.0 2675000.0 0.03647273764 0.034659599 0.0365140425 0.0374497617
Herato17 Herato1701 2725001.0 2725000.0 0.03656480976 0.0347448872 0.036603894 0.03754191576
Herato17 Herato1701 2775001.0 2775000.0 0.0425325992164 0.0346756704755 0.0417380051108 0.053441601662
Herato17 Herato1701 2825001.0 2825000.0 0.055218165348 0.046877138108 0.055138317718 0.064290606498
Herato17 Herato1701 2875001.0 2875000.0 0.0372709323328 0.0258395015779 0.0356644232122 0.0582366068874
Herato17 Herato1701 2925001.0 2925000.0 0.112444612675 0.0247246060511 0.115413665106 0.233376025235
Herato17 Herato1701 2975001.0 2975000.0 0.024136265326 0.02140449074 0.02339573081 0.028964107864
Herato17 Herato1701 3025001.0 3025000.0 0.03050274808 0.02806833112 0.03034398602 0.0343463867
Herato17 Herato1701 3075001.0 3075000.0 0.0734043675084 0.0352652050751 0.0702566231439 0.12661924266
Herato17 Herato1701 3125001.0 3125000.0 0.0271830019632 0.0217444954996 0.0269481911991 0.0342411948286
Herato17 Herato1701 3175001.0 3175000.0 0.0343081817246 0.0302806295066 0.0341409372912 0.039734601987
Herato17 Herato1701 3225001.0 3225000.0 0.0436187981736 0.0386015642493 0.04374151363 0.0487475270656
Herato17 Herato1701 3275001.0 3275000.0 0.0343536588898 0.0312455367282 0.0343920604304 0.0382241115828
Herato17 Herato1701 3325001.0 3325000.0 0.03189321098 0.030241324064 0.031886031146 0.03382651464
Herato17 Herato1701 3375001.0 3375000.0 0.0295968379956 0.0202404488387 0.0287780635506 0.0441114983664
Herato17 Herato1701 3425001.0 3425000.0 0.0440187907197 0.0134682531433 0.0417726923588 0.0948340999706
Herato17 Herato1701 3475001.0 3475000.0 0.0436656993578 0.0276930301526 0.0420218219618 0.0720051948188
Herato17 Herato1701 3525001.0 3525000.0 0.024533324546 0.0214147888022 0.0244564577202 0.028209569876
Herato17 Herato1701 3575001.0 3575000.0 0.025479681018 0.0234348590212 0.0254662550485 0.027855351772
Herato17 Herato1701 3625001.0 3625000.0 0.0365065404176 0.022599860209 0.0362278487716 0.058022480642
Herato17 Herato1701 3675001.0 3675000.0 0.0566772465533 0.0398418946257 0.0539798483888 0.0897454557081
Herato17 Herato1701 3725001.0 3725000.0 0.0324973859769 0.0295621773971 0.0326320980861 0.0350256316854
Herato17 Herato1701 3775001.0 3775000.0 0.0251747349924 0.0222446414718 0.0250438242992 0.028837649815
Herato17 Herato1701 3825001.0 3825000.0 0.01916825064 0.0181868346 0.01916925516 0.01999697964
Herato17 Herato1701 3875001.0 3875000.0 0.0280606683488 0.0197488769079 0.02746645372 0.0406161386258
Herato17 Herato1701 3925001.0 3925000.0 0.0268722363247 0.0227015849628 0.0260327818026 0.0325445975996
Herato17 Herato1701 3975001.0 3975000.0 0.022925189732 0.02067155338 0.022772290372 0.025573748868
Herato17 Herato1701 4025001.0 4025000.0 0.0277198014676 0.024308822765 0.0276926934131 0.0314204422756
Herato17 Herato1701 4075001.0 4075000.0 0.0287773691327 0.0171871545725 0.0282654076256 0.0469595876287
Herato17 Herato1701 4125001.0 4125000.0 0.0136166234569 0.0120359206405 0.0135229246193 0.0155864214758
Herato17 Herato1701 4175001.0 4175000.0 0.0227166911561 0.0203480261826 0.0226947070707 0.0251636829528
Herato17 Herato1701 4225001.0 4225000.0 0.023382733052 0.0202868826708 0.0232752046134 0.0271912327256
Herato17 Herato1701 4275001.0 4275000.0 0.0189459203712 0.0148840473418 0.0186172159851 0.0254069146755
Herato17 Herato1701 4325001.0 4325000.0 0.0322323490758 0.0263971142598 0.0307916818223 0.0488586576936
Herato17 Herato1701 4375001.0 4375000.0 0.0219591555736 0.0186021309799 0.0218380369582 0.0260889199928
Herato17 Herato1701 4425001.0 4425000.0 0.0340634266718 0.0282501343348 0.0337982961748 0.0415479992506
Herato17 Herato1701 4475001.0 4475000.0 0.035612521038 0.027416926588 0.03473739928 0.04748980373
Herato17 Herato1701 4525001.0 4525000.0 0.035449849183 0.0259608156688 0.0350723577718 0.052010928784
Herato17 Herato1701 4575001.0 4575000.0 0.031694738228 0.026997092118 0.031652979628 0.037045589644
Herato17 Herato1701 4625001.0 4625000.0 0.0258259906519 0.0241213285583 0.0259087354981 0.0274324214476
Herato17 Herato1701 4675001.0 4675000.0 0.0446508245778 0.0383688748189 0.0445263837302 0.051703539714
Herato17 Herato1701 4725001.0 4725000.0 0.0591655358156 0.0467267976754 0.0582630276224 0.075970435588
Herato17 Herato1701 4775001.0 4775000.0 0.0220688360244 0.0187119187366 0.0221127407764 0.024833377268
Herato17 Herato1701 4825001.0 4825000.0 0.0351941357152 0.0315064583574 0.0350799327964 0.039317134624
Herato17 Herato1701 4875001.0 4875000.0 0.0294848720237 0.0262925526329 0.0294235607509 0.0331692300864
Herato17 Herato1701 4925001.0 4925000.0 0.0410619474509 0.0352168083808 0.0408776465393 0.0474736659272
Herato17 Herato1701 4975001.0 4975000.0 0.040558039226 0.037314979068 0.040526969266 0.043979560952
Herato17 Herato1701 5025001.0 5025000.0 0.045656874518 0.042020934278 0.045898760306 0.049309181106
Herato17 Herato1701 5075001.0 5075000.0 0.0465597417194 0.0297425686831 0.0438459885802 0.0768867253154
Herato17 Herato1701 5125001.0 5125000.0 0.0212905556062 0.0171307807476 0.0211692552868 0.027033102347
Herato17 Herato1701 5175001.0 5175000.0 0.03201655956 0.0264870636492 0.032367254186 0.03834563286
Herato17 Herato1701 5225001.0 5225000.0 0.043889231599 0.0371546193782 0.0430165933662 0.05454353549
Herato17 Herato1701 5275001.0 5275000.0 0.0555046701563 0.0361006386969 0.0457435603218 0.1091997405
Herato17 Herato1701 5325001.0 5325000.0 0.0343794213214 0.0296024729283 0.0340318319974 0.0401870275998
Herato17 Herato1701 5375001.0 5375000.0 0.046797667472 0.044198935114 0.046326136914 0.05379830382
Herato17 Herato1701 5425001.0 5425000.0 0.0464668811328 0.0302505363899 0.0424138253539 0.10035080745
Herato17 Herato1701 5475001.0 5475000.0 0.0461176146524 0.0411602726267 0.0457534786896 0.0519720153076
Herato17 Herato1701 5525001.0 5525000.0 0.0434624172 0.03901093274 0.04287066646 0.05595932494
Herato17 Herato1701 5575001.0 5575000.0 0.057697346758 0.050999683488 0.05797824429 0.061784179836
Herato17 Herato1701 5625001.0 5625000.0 0.03515767519 0.032234887512 0.034942335628 0.038282230842
Herato17 Herato1701 5675001.0 5675000.0 0.07101661386 0.058795261438 0.070004679186 0.087248767966
Herato17 Herato1701 5725001.0 5725000.0 0.038851295226 0.03689215783 0.038565749838 0.04194590092
Herato17 Herato1701 5775001.0 5775000.0 0.0526671874676 0.0444852798731 0.053193376767 0.0623480336628
Herato17 Herato1701 5825001.0 5825000.0 0.0246875178014 0.0200278929068 0.0245798652614 0.0309731432218
Herato17 Herato1701 5875001.0 5875000.0 0.0471489869536 0.028172339887 0.044724166184 0.0814459363054
Herato17 Herato1701 5925001.0 5925000.0 0.0347812475965 0.0322139232282 0.0348049006011 0.0375452300354
Herato17 Herato1701 5975001.0 5975000.0 0.032452813786 0.02982234216 0.032426338554 0.035483232032
Herato17 Herato1701 6025001.0 6025000.0 0.0343682926 0.03223867568 0.03466375484 0.0353930472
Herato17 Herato1701 6075001.0 6075000.0 0.044880780182 0.0385577484095 0.0445119834498 0.05103530586
Herato17 Herato1701 6125001.0 6125000.0 0.025666963476 0.0236356028387 0.025420780228 0.02970784689
Herato17 Herato1701 6175001.0 6175000.0 0.0238457068031 0.0221284745975 0.0239639168359 0.025427736323
Herato17 Herato1701 6225001.0 6225000.0 0.0399723815892 0.0373495225843 0.0398780261732 0.0435007259704
Herato17 Herato1701 6275001.0 6275000.0 0.0283729968768 0.0247904783026 0.0281766250324 0.0325321880568
Herato17 Herato1701 6325001.0 6325000.0 0.0320601866824 0.0294603828538 0.0320567527264 0.034575655958
Herato17 Herato1701 6375001.0 6375000.0 0.031595548616 0.0252943504092 0.0314810896286 0.0393891299672
Herato17 Herato1701 6425001.0 6425000.0 0.048733469208 0.0374279710576 0.0484900905832 0.062893273216
Herato17 Herato1701 6475001.0 6475000.0 0.03284148719 0.0269438319134 0.0326221641218 0.040325538834
Herato17 Herato1701 6525001.0 6525000.0 0.038200630216 0.0244648641803 0.0365894520684 0.060031482674
Herato17 Herato1701 6575001.0 6575000.0 0.0352150755985 0.0165797635382 0.0330435924474 0.0676543521376
Herato17 Herato1701 6625001.0 6625000.0 0.0232747443816 0.0195927105383 0.0231304406639 0.02769687496
Herato17 Herato1701 6675001.0 6675000.0 0.0181606015439 0.0155279117954 0.0181650977837 0.0212714465186
Herato17 Herato1701 6725001.0 6725000.0 0.0200103236592 0.018449757562 0.0199502646134 0.021889257766
Herato17 Herato1701 6775001.0 6775000.0 0.02785849008 0.0261090268 0.02772659016 0.03034004904
Herato17 Herato1701 6825001.0 6825000.0 0.0259330330961 0.0216720475792 0.0255864026537 0.0322713349295
Herato17 Herato1701 6875001.0 6875000.0 0.0282002386904 0.023309195192 0.027231817322 0.0407610232622
Herato17 Herato1701 6925001.0 6925000.0 0.0531628684608 0.0352277105326 0.0527737812958 0.0766587903588
Herato17 Herato1701 6975001.0 6975000.0 0.0680298492632 0.049308543622 0.065288341916 0.102379293759
Herato17 Herato1701 7025001.0 7025000.0 0.0257564020142 0.018605628057 0.0243275789266 0.0432255413964
Herato17 Herato1701 7075001.0 7075000.0 0.0441844135255 0.0223081555435 0.0429710283332 0.0739485572304
Herato17 Herato1701 7125001.0 7125000.0 0.019590141142 0.00903916113641 0.0180863735725 0.0390705514395
Herato17 Herato1701 7175001.0 7175000.0 0.0475390765508 0.0405165679746 0.0472281095424 0.0547543770736
Herato17 Herato1701 7225001.0 7225000.0 0.04570898602 0.04146241916 0.04559024482 0.04933948038
Herato17 Herato1701 7275001.0 7275000.0 0.116403037334 0.0549329075913 0.10648635246 0.229509860069
Herato17 Herato1701 7325001.0 7325000.0 0.016995774902 0.015569005228 0.017030151602 0.018357701542
Herato17 Herato1701 7375001.0 7375000.0 0.02834277858 0.025989775808 0.028340710782 0.030264666698
Herato17 Herato1701 7425001.0 7425000.0 0.0463560038 0.02947767748 0.0481365271 0.06535032776
Herato17 Herato1701 7475001.0 7475000.0 0.027661233094 0.025035090916 0.027392924234 0.030900648142
Herato17 Herato1701 7525001.0 7525000.0 0.03243126322 0.0280485581502 0.0327026123234 0.03822158078
Herato17 Herato1701 7575001.0 7575000.0 0.0359293841434 0.031885242198 0.035251276334 0.041170950662
Herato17 Herato1701 7625001.0 7625000.0 0.0454807773546 0.0288738329362 0.0430841180572 0.0782879436988
Herato17 Herato1701 7675001.0 7675000.0 0.018718504752 0.016887876908 0.018751228332 0.02051030322
Herato17 Herato1701 7725001.0 7725000.0 0.0348068421013 0.0183886895142 0.0313713593245 0.0739666284648
Herato17 Herato1701 7775001.0 7775000.0 0.0523205207113 0.0277714044755 0.0468663403766 0.0941343720898
Herato17 Herato1701 7825001.0 7825000.0 0.0266836286796 0.0194097874029 0.0242727321887 0.043243951422
Herato17 Herato1701 7875001.0 7875000.0 0.0180202618396 0.0128468996313 0.0177568146366 0.0258658948506
Herato17 Herato1701 7925001.0 7925000.0 0.0432664120626 0.0273870132408 0.0395618651806 0.084633589419
Herato17 Herato1701 7975001.0 7975000.0 0.0330332654326 0.0234360087757 0.0317732066398 0.050492413174
Herato17 Herato1701 8025001.0 8025000.0 0.024845902422 0.0201679384938 0.024929676518 0.03054634947
Herato17 Herato1701 8075001.0 8075000.0 0.034238728713 0.0229328822407 0.0331932180342 0.0529041534146
Herato17 Herato1701 8125001.0 8125000.0 0.0260921069652 0.0243678323766 0.026051736451 0.028274756272
Herato17 Herato1701 8175001.0 8175000.0 0.0280295817395 0.0255437444592 0.0278967795734 0.0313123033834
Herato17 Herato1701 8225001.0 8225000.0 0.0164717052409 0.0150563650371 0.0163920845372 0.0182736396694
Herato17 Herato1701 8275001.0 8275000.0 0.0716830806938 0.0531975688832 0.0671487062482 0.114011224516
Herato17 Herato1701 8325001.0 8325000.0 0.0467329169104 0.0423470995024 0.0464081471144 0.0530395493428
Herato17 Herato1701 8375001.0 8375000.0 0.0303235331712 0.0249422229765 0.029652503694 0.0397803482766
Herato17 Herato1701 8425001.0 8425000.0 0.0520784529843 0.0271527267502 0.0484753781661 0.098237348256
Herato17 Herato1701 8475001.0 8475000.0 0.0413606515138 0.0337148399418 0.0405745172138 0.052183489081
Herato17 Herato1701 8525001.0 8525000.0 0.0161870779304 0.0116484520482 0.0153521200205 0.0234183440184
Herato17 Herato1701 8575001.0 8575000.0 0.0318065268604 0.0286125452202 0.0318842844542 0.0347946443252
Herato17 Herato1701 8625001.0 8625000.0 0.0354593009374 0.0330447170159 0.0354033115954 0.0382404137804
Herato17 Herato1701 8675001.0 8675000.0 0.022829457162 0.021385377904 0.02280087306 0.024677658494
Herato17 Herato1701 8725001.0 8725000.0 0.0437895994422 0.0378107596944 0.0436755792436 0.0505698031034
Herato17 Herato1701 8775001.0 8775000.0 0.02821986552 0.0254697611394 0.0281896744092 0.031030023018
Herato17 Herato1701 8825001.0 8825000.0 0.035967465754 0.0313569172736 0.0357958000604 0.041600835324
Herato17 Herato1701 8875001.0 8875000.0 0.041862253606 0.0251252941452 0.0364724125346 0.0837960747118
Herato17 Herato1701 8925001.0 8925000.0 0.0319186956796 0.0179019659944 0.0303851686004 0.0529568357788
Herato17 Herato1701 8975001.0 8975000.0 0.02472411962 0.020166426802 0.02447647748 0.03052178812
Herato17 Herato1701 9025001.0 9025000.0 0.00922609134932 0.00780601781675 0.00927797158272 0.0104086459432
Herato17 Herato1701 9075001.0 9075000.0 0.0159725882903 0.00938491987747 0.0123954169714 0.0317192038936
Herato17 Herato1701 9125001.0 9125000.0 0.030949520748 0.0233047611322 0.027333169824 0.059599915838
Herato17 Herato1701 9175001.0 9175000.0 0.0250257876478 0.023544698053 0.024990497816 0.0264128704642
Herato17 Herato1701 9225001.0 9225000.0 0.0442599933379 0.016104843794 0.0422459436696 0.0971070258466
Herato17 Herato1701 9275001.0 9275000.0 0.0333554667131 0.0253046845981 0.0328232494266 0.0435523442382
Herato17 Herato1701 9325001.0 9325000.0 0.0107453116963 0.00917199737539 0.0106842049087 0.0127877995669
Herato17 Herato1701 9375001.0 9375000.0 0.126530500205 0.0595611486638 0.113241709852 0.251793697049
Herato17 Herato1701 9425001.0 9425000.0 0.0223342122852 0.0205461488224 0.0223683797094 0.0241302735694
Herato17 Herato1701 9475001.0 9475000.0 0.00407832200594 0.00341897541271 0.00409813379525 0.00474381265736
Herato17 Herato1701 9525001.0 9525000.0 0.023214423999 0.0200882600913 0.0229819772502 0.0266688816083
Herato17 Herato1701 9575001.0 9575000.0 0.038720264554 0.0166442063915 0.0342512709631 0.0812139908464
Herato17 Herato1701 9625001.0 9625000.0 0.0445181084916 0.0160031864586 0.0397356602898 0.10410780569
Herato17 Herato1701 9675001.0 9675000.0 0.0109121789722 0.00853861583178 0.0108173475157 0.0135977139533
Herato17 Herato1701 9725001.0 9725000.0 0.0543219932137 0.0155850337963 0.0455456415898 0.12680202243
Herato17 Herato1701 9775001.0 9775000.0 0.102734881001 0.0461016645844 0.0937255033074 0.210844021131
Herato17 Herato1701 9825001.0 9825000.0 0.0564724306739 0.0209881653092 0.0506383180932 0.131102508889
Herato17 Herato1701 9875001.0 9875000.0 0.024608346695 0.0170878966444 0.0245600456857 0.0326536040816
Herato17 Herato1701 9925001.0 9925000.0 0.0208188156201 0.017871337337 0.020609336655 0.0247750220415
Herato17 Herato1701 9975001.0 9975000.0 0.0239638232726 0.0225804293688 0.0239534341502 0.0254075369074
Herato17 Herato1701 10025001.0 10025000.0 0.030336501463 0.0280090410189 0.0303284845408 0.0329340958564
Herato17 Herato1701 10075001.0 10075000.0 0.0399762150596 0.0225202162141 0.03780065587 0.0655694183684
Herato17 Herato1701 10125001.0 10125000.0 0.042607605314 0.037966436848 0.042818938424 0.0475081746
Herato17 Herato1701 10175001.0 10175000.0 0.0403822715248 0.035027056842 0.0401133770226 0.0469486898088
Herato17 Herato1701 10225001.0 10225000.0 0.042178450298 0.039849662888 0.042015628012 0.044761829176
Herato17 Herato1701 10275001.0 10275000.0 0.0510075087874 0.0477861468615 0.0509670737998 0.0541156365378
Herato17 Herato1701 10325001.0 10325000.0 0.050235446534 0.0438696790874 0.0501023071854 0.0582662057346
Herato17 Herato1701 10375001.0 10375000.0 0.02877690074 0.02671005594 0.0287638497 0.03105900988
Herato17 Herato1701 10425001.0 10425000.0 0.034155169922 0.0296340082442 0.0340816291316 0.0397707891084
Herato17 Herato1701 10475001.0 10475000.0 0.035138764728 0.024776175064 0.034599594946 0.045253760346
Herato17 Herato1701 10525001.0 10525000.0 0.0182291701821 0.0145491271085 0.0180806096208 0.0235011336929
Herato17 Herato1701 10575001.0 10575000.0 0.0269252398464 0.0254026305776 0.026929838356 0.028437995924
Herato17 Herato1701 10625001.0 10625000.0 0.027824482552 0.025448884936 0.027875335502 0.030323615694
Herato17 Herato1701 10675001.0 10675000.0 0.0276448897541 0.0223811719677 0.0277682906841 0.033714474025
Herato17 Herato1701 10725001.0 10725000.0 0.0285322334468 0.0260995205084 0.0284232933386 0.0308483126992
Herato17 Herato1701 10775001.0 10775000.0 0.0336147164676 0.0284241347492 0.0332218099108 0.041320220468
Herato17 Herato1701 10825001.0 10825000.0 0.0345299997606 0.0234910827673 0.0323771870686 0.0557576910208
Herato17 Herato1701 10875001.0 10875000.0 0.0381686791803 0.0277272645381 0.0365135651831 0.0591158725065
Herato17 Herato1701 10925001.0 10925000.0 0.046474498868 0.021722038684 0.046137723608 0.060637229792
Herato17 Herato1701 10975001.0 10975000.0 0.0266853299903 0.0243590650778 0.026744328362 0.0287942089982
Herato17 Herato1701 11025001.0 11025000.0 0.0273852705944 0.0236886813984 0.0268950012704 0.03237010117
Herato17 Herato1701 11075001.0 11075000.0 0.037718703329 0.0344122120906 0.0376313969198 0.041250422194
Herato17 Herato1701 11125001.0 11125000.0 0.0347728962972 0.0270257208178 0.0348980204836 0.0459512021894
Herato17 Herato1701 11175001.0 11175000.0 0.0367631435462 0.0164660239887 0.03366270887 0.0769401891278
Herato17 Herato1701 11225001.0 11225000.0 0.0528241895744 0.041308945525 0.0521179879506 0.0691960510624
Herato17 Herato1701 11275001.0 11275000.0 0.0464963756004 0.0350459973383 0.0451208428014 0.0648601885252
Herato17 Herato1701 11325001.0 11325000.0 0.0362679078095 0.021332151939 0.0352469657831 0.0591888323884
Herato17 Herato1701 11375001.0 11375000.0 0.0338518296964 0.022075544162 0.0328439998604 0.0511202997352
Herato17 Herato1701 11425001.0 11425000.0 0.0710717185465 0.0324048118028 0.0636203614459 0.154528088312
Herato17 Herato1701 11459039.5 11475000.0 0.00400429082259 0.00376792767605 0.00400177279969 0.00429122309565
Herato17 Herato1702 11493079.0 25000.0 0.0410531302414 0.0319213335349 0.0398056654604 0.0558046121678
Herato17 Herato1702 11543079.0 75000.0 0.0397010942593 0.0202602177695 0.0392051799684 0.0662450698581
Herato17 Herato1702 11578860.5 125000.0 0.103778078586 0.0352884576142 0.100411674925 0.178050805235
Herato17 Herato1703 11614643.0 25000.0 0.041381295596 0.032259005896 0.040645944314 0.05328255895
Herato17 Herato1703 11664643.0 75000.0 0.0427565408 0.03619233232 0.04262467826 0.04978963864
Herato17 Herato1703 11714643.0 125000.0 0.038048557991 0.033017630172 0.0378067551148 0.0437759725452
Herato17 Herato1703 11764643.0 175000.0 0.020417458058 0.019029424758 0.0204138376 0.02137432388
Herato17 Herato1703 11814643.0 225000.0 0.0308230316644 0.0273108515452 0.030651039245 0.0349825211312
Herato17 Herato1703 11864643.0 275000.0 0.032874299936 0.0285240342603 0.0327817732852 0.037861075932
Herato17 Herato1703 11914643.0 325000.0 0.06386204692 0.045518832964 0.06125426845 0.094827000178
Herato17 Herato1703 11964643.0 375000.0 0.024775659772 0.022581868054 0.024607646916 0.027142279338
Herato17 Herato1703 12014643.0 425000.0 0.03489705823 0.0286799884538 0.03320271759 0.049442178574
Herato17 Herato1703 12064643.0 475000.0 0.032199005012 0.0281199783624 0.032413144054 0.03698202582
Herato17 Herato1703 12114643.0 525000.0 0.0378930697942 0.0315257224188 0.0374300988124 0.0458437523722
Herato17 Herato1703 12164643.0 575000.0 0.0300357235735 0.0278683614119 0.0299439451516 0.032449423764
Herato17 Herato1703 12214643.0 625000.0 0.033608304308 0.030904154368 0.033613448402 0.036266466288
Herato17 Herato1703 12264643.0 675000.0 0.0514482859412 0.0277349977278 0.0507175513504 0.084152337694
Herato17 Herato1703 12314643.0 725000.0 0.0173744109093 0.0146893097293 0.0172530828464 0.0206242355298
Herato17 Herato1703 12364643.0 775000.0 0.0211674398876 0.0125045715145 0.0203027947188 0.0340301210806
Herato17 Herato1703 12414643.0 825000.0 0.0219925227372 0.0181687685846 0.0218385586276 0.0273434863788
Herato17 Herato1703 12464643.0 875000.0 0.03175037046 0.028087758553 0.0318144809972 0.0351846732448
Herato17 Herato1703 12514643.0 925000.0 0.0471123255144 0.0362735326043 0.0403264062856 0.0755342110926
Herato17 Herato1703 12564643.0 975000.0 0.0317195677326 0.0294774732988 0.0316437116116 0.0346313162224
Herato17 Herato1703 12614643.0 1025000.0 0.027260313867 0.0227150309347 0.0269418572163 0.0336595900197
Herato17 Herato1703 12664643.0 1075000.0 0.040463669812 0.0338349666721 0.0400685656318 0.050087567212
Herato17 Herato1703 12714643.0 1125000.0 0.0374249180036 0.0313780530095 0.037015426753 0.0457504759438
Herato17 Herato1703 12764643.0 1175000.0 0.0221425126362 0.0191637842872 0.0220259401388 0.0257805760438
Herato17 Herato1703 12814643.0 1225000.0 0.027524627797 0.0198289754562 0.026699795565 0.0383267535924
Herato17 Herato1703 12864643.0 1275000.0 0.036083153378 0.0287416689532 0.036019218531 0.045639760484
Herato17 Herato1703 12914643.0 1325000.0 0.0867523629132 0.0194300627578 0.0807761100113 0.189982535936
Herato17 Herato1703 12964643.0 1375000.0 0.024848505338 0.0202726263688 0.024182087048 0.0334395095588
Herato17 Herato1703 13014643.0 1425000.0 0.0238919924704 0.022063141186 0.0236910608392 0.026085110754
Herato17 Herato1703 13064643.0 1475000.0 0.04069718434 0.03819748258 0.04026537822 0.04374586574
Herato17 Herato1703 13114643.0 1525000.0 0.0254779376356 0.0151587794465 0.0228250758099 0.0497619421456
Herato17 Herato1703 13164643.0 1575000.0 0.0149420000562 0.0136445409452 0.0149178098078 0.0164028159776
Herato17 Herato1703 13214643.0 1625000.0 0.0484100116142 0.0194468521464 0.0448758453094 0.104254562234
Herato17 Herato1703 13264643.0 1675000.0 0.019640830018 0.0173731013733 0.0195685773488 0.0222627754964
Herato17 Herato1703 13314643.0 1725000.0 0.0260586378708 0.0218816191448 0.0260336028573 0.030529913916
Herato17 Herato1703 13364643.0 1775000.0 0.0273256680172 0.0233187887807 0.0269570045688 0.0325827538452
Herato17 Herato1703 13414643.0 1825000.0 0.0219474352686 0.0150952409778 0.0211534298573 0.0338965051996
Herato17 Herato1703 13464643.0 1875000.0 0.029016239519 0.0243198195742 0.0284881244788 0.03647248868
Herato17 Herato1703 13514643.0 1925000.0 0.0321292500949 0.0284291325489 0.0319798027874 0.0368305643054
Herato17 Herato1703 13564643.0 1975000.0 0.0486115978423 0.0377877867063 0.0477684811109 0.064055345863
Herato17 Herato1703 13614643.0 2025000.0 0.0394936925973 0.0315951599462 0.039234798915 0.0491967734234
Herato17 Herato1703 13664643.0 2075000.0 0.0487168440836 0.0300023897349 0.0472388495657 0.0772258844466
Herato17 Herato1703 13714643.0 2125000.0 0.03057159554 0.0292701043294 0.03054074691 0.03168549126
Herato17 Herato1703 13764643.0 2175000.0 0.0353134997626 0.0316120020456 0.0352112383044 0.0393756126071
Herato17 Herato1703 13814643.0 2225000.0 0.0390251357852 0.0340846934504 0.038981654566 0.0449844617722
Herato17 Herato1703 13864643.0 2275000.0 0.058012029146 0.0491875025407 0.057869510118 0.068990280678
Herato17 Herato1703 13914643.0 2325000.0 0.04185776134 0.0354523059 0.04144577952 0.05185623904
Herato17 Herato1703 13959218.0 2375000.0 0.0529809411821 0.0442771243554 0.0523733692153 0.0651817375788
Herato17 Herato1704 14003794.0 25000.0 0.015871899576 0.014076467294 0.0158001831717 0.0179462589021
Herato17 Herato1704 14053794.0 75000.0 0.0059562156248 0.00536269513693 0.0059555112996 0.0065064478732
Herato17 Herato1704 14103794.0 125000.0 0.0232829867898 0.020055406788 0.0231362947892 0.0274510179298
Herato17 Herato1704 14153794.0 175000.0 0.0157446371658 0.0127904385546 0.0155987386034 0.0200333991424
Herato17 Herato1704 14203794.0 225000.0 0.02893495336 0.02459436517 0.0284747190654 0.034107180133
Herato17 Herato1704 14250428.0 275000.0 0.0419647104292 0.0383796186556 0.0418168305221 0.0467807240291
Herato17 Herato1705 14297063.0 25000.0 0.0264369660332 0.0221833436295 0.026048191886 0.0319843698623
Herato17 Herato1705 14347063.0 75000.0 0.0293768070922 0.0255228184982 0.0290895724949 0.0337400749025
Herato17 Herato1705 14397063.0 125000.0 0.0246241960796 0.0206679166282 0.0242595630912 0.0303400047278
Herato17 Herato1705 14447063.0 175000.0 0.038497975385 0.0276904976102 0.0361581212352 0.0587784755544
Herato17 Herato1705 14497063.0 225000.0 0.0339670598974 0.0231301424678 0.0321492361819 0.05443281093
Herato17 Herato1705 14547063.0 275000.0 0.0375829227481 0.0323731054079 0.0374730150011 0.0429792017756
Herato17 Herato1705 14597063.0 325000.0 0.0339346824538 0.0255164633746 0.0336075366846 0.0426930303816
Herato17 Herato1705 14647063.0 375000.0 0.0288449804595 0.0246495321838 0.0285892453202 0.033600925352
Herato17 Herato1705 14697063.0 425000.0 0.017211850951 0.0120360616479 0.0167751704712 0.0270175497294
Herato17 Herato1705 14747063.0 475000.0 0.0339913320858 0.02413368836 0.0324484056588 0.0526745937384
Herato17 Herato1705 14797063.0 525000.0 0.0293326729234 0.0229546555634 0.0292660404997 0.035249087166
Herato17 Herato1705 14847063.0 575000.0 0.035235132902 0.032325636848 0.03529820834 0.039046902486
Herato17 Herato1705 14897063.0 625000.0 0.0298435209844 0.0248753023049 0.029593128312 0.0369716667996
Herato17 Herato1705 14947063.0 675000.0 0.0157207172442 0.0131309145267 0.0157550393152 0.0181787619369
Herato17 Herato1705 14997063.0 725000.0 0.0257990870648 0.0146131055624 0.0222005288422 0.0466165878948
Herato17 Herato1705 15047063.0 775000.0 0.034024932034 0.028383973998 0.033416461304 0.042973038406
Herato17 Herato1705 15097063.0 825000.0 0.0434048828329 0.0333558057213 0.0414896163373 0.0616001355565
Herato17 Herato1705 15147063.0 875000.0 0.0421625638753 0.0360366173707 0.0420757097566 0.0491619772532
Herato17 Herato1705 15197063.0 925000.0 0.0391543381822 0.0342560111532 0.0389798639418 0.044479488796
Herato17 Herato1705 15247063.0 975000.0 0.031576512038 0.027400740096 0.031333462536 0.03581395747
Herato17 Herato1705 15297063.0 1025000.0 0.0325395905968 0.0247063117997 0.0326218345188 0.0411977056752
Herato17 Herato1705 15347063.0 1075000.0 0.0361428208976 0.0313167821771 0.0362639934366 0.039902107944
Herato17 Herato1705 15397063.0 1125000.0 0.049505739416 0.0421820874082 0.0494539014676 0.0576971905052
Herato17 Herato1705 15447063.0 1175000.0 0.0535552534436 0.031183703931 0.0517114736366 0.0834648503248
Herato17 Herato1705 15497063.0 1225000.0 0.045635385756 0.0175164036749 0.0402222705702 0.110121668412
Herato17 Herato1705 15547063.0 1275000.0 0.072171087471 0.0402211704231 0.0671314387804 0.131273842449
Herato17 Herato1705 15597063.0 1325000.0 0.0733135996874 0.0395479029595 0.0690761661624 0.13071984571
Herato17 Herato1705 15647063.0 1375000.0 0.0612979488655 0.0330751324539 0.0592014006935 0.10266269049
Herato17 Herato1705 15697063.0 1425000.0 0.116748317281 0.0519785016332 0.105677343817 0.236500792594
Herato17 Herato1705 15747063.0 1475000.0 0.0214111334432 0.00870376233632 0.0216808538114 0.0370713559691
Herato17 Herato1705 15797063.0 1525000.0 0.0697360647052 0.0397571258581 0.067329289556 0.1194481738
Herato17 Herato1705 15847063.0 1575000.0 0.0234825181594 0.0127944791958 0.0229332482112 0.0453252048578
Herato17 Herato1705 15897063.0 1625000.0 0.0518147132189 0.0296507667815 0.0492944668171 0.0872820050836
Herato17 Herato1705 15947063.0 1675000.0 0.036023840236 0.0154406974402 0.034100329679 0.072064938192
Herato17 Herato1705 15997063.0 1725000.0 0.00984587919244 0.00700335357866 0.00963663954194 0.0138541148702
Herato17 Herato1705 16047063.0 1775000.0 0.0210442809839 0.0161416074195 0.0204077187465 0.0302919834396
Herato17 Herato1705 16097063.0 1825000.0 0.0165693817165 0.0113582917014 0.0159315527257 0.0260303411136
Herato17 Herato1705 16147063.0 1875000.0 0.0204923687918 0.0115517924568 0.0204182700116 0.0322527944004
Herato17 Herato1705 16197063.0 1925000.0 0.016663762985 0.015086284651 0.0164892941532 0.0192912306268
Herato17 Herato1705 16247063.0 1975000.0 0.0119695386291 0.0106086741771 0.0120067134283 0.0137512154141
Herato17 Herato1705 16297063.0 2025000.0 0.0172846714058 0.0145353353879 0.0174148144262 0.019812301693
Herato17 Herato1705 16347063.0 2075000.0 0.0264551747481 0.0125950113868 0.0253655621092 0.0482518586175
Herato17 Herato1705 16397063.0 2125000.0 0.0391879559943 0.0165433144264 0.0328992410503 0.0851764441493
Herato17 Herato1705 16447063.0 2175000.0 0.0195576014546 0.0100156783608 0.0170262259196 0.0445161352208
Herato17 Herato1705 16497063.0 2225000.0 0.00928874652304 0.00823191462956 0.00924699474148 0.0106899664996
Herato17 Herato1705 16547063.0 2275000.0 0.0664237018327 0.0246291729439 0.0557132630782 0.155159893262
Herato17 Herato1705 16597063.0 2325000.0 0.0119523200332 0.00944683268605 0.0119445270579 0.0155004487394
Herato17 Herato1705 16647063.0 2375000.0 0.01779414988 0.0129654060606 0.0180677261538 0.0247892010158
Herato17 Herato1705 16697063.0 2425000.0 0.101792155516 0.0510280805991 0.0988926530371 0.175528398364
Herato17 Herato1705 16747063.0 2475000.0 0.0455458217228 0.0258467602294 0.0417559568845 0.0869804587876
Herato17 Herato1705 16797063.0 2525000.0 0.0278790586799 0.0183802971726 0.0271343723061 0.0427440908958
Herato17 Herato1705 16847063.0 2575000.0 0.037115921126 0.0153278410016 0.0330642681886 0.0829038629152
Herato17 Herato1705 16897063.0 2625000.0 0.0227071942234 0.0156724765849 0.0218388397622 0.0329815133976
Herato17 Herato1705 16947063.0 2675000.0 0.0281955556203 0.0213668842341 0.0276389168282 0.0373056529911
Herato17 Herato1705 16997063.0 2725000.0 0.0295369286127 0.0180524525748 0.0271809481727 0.0517620876418
Herato17 Herato1705 17029764.5 2775000.0 0.0590721930533 0.0478545884172 0.0595304882172 0.0714189428553
Herato17 Herato1706 17062467.0 25000.0 0.161722410699 0.0675182581873 0.137009835122 0.374236456368
Herato17 Herato1706 17112467.0 75000.0 0.123570162097 0.0499049763889 0.111568455508 0.258636411354
Herato17 Herato1706 17144716.5 125000.0 0.0229351433579 0.0194958551133 0.0229799268765 0.0263602897805
Herato17 Herato1707 17176967.0 25000.0 0.0269609577208 0.0233247497134 0.0267776624046 0.031481919747
Herato17 Herato1707 17226967.0 75000.0 0.0320469393286 0.0181410476004 0.0271480444788 0.065234364236
Herato17 Herato1707 17276967.0 125000.0 0.0330334720554 0.0173931597534 0.031693732609 0.0571183214145
Herato17 Herato1707 17326967.0 175000.0 0.0826331896103 0.0297205592054 0.0698487052722 0.19530249371
Herato17 Herato1707 17376967.0 225000.0 0.033906272698 0.0153823463261 0.0332453785958 0.0553697962296
Herato17 Herato1707 17421122.5 275000.0 0.0300717049495 0.024582554447 0.0294397306742 0.0371543973673
Herato17 Herato1708 17465279.0 25000.0 0.0581152301336 0.0386801191987 0.0563106970733 0.0867352419589
Herato17 Herato1708 17515279.0 75000.0 0.0156988899759 0.0101036695216 0.0156469726842 0.0230151526477
Herato17 Herato1708 17565279.0 125000.0 0.0464861871573 0.0225721492429 0.0430817133679 0.0920225809958
Herato17 Herato1708 17615279.0 175000.0 0.0187632708154 0.013704924985 0.0186366300578 0.0240408701624
Herato17 Herato1708 17665279.0 225000.0 0.0226550343254 0.0190870267376 0.0224966790344 0.0267871656828
Herato17 Herato1708 17715279.0 275000.0 0.0493653595178 0.0281511179926 0.0470299739534 0.0852183845608
Herato17 Herato1708 17765279.0 325000.0 0.0467222111879 0.0249808524744 0.0427058293104 0.0977957537269
Herato17 Herato1708 17815279.0 375000.0 0.23562841383 0.0762103972318 0.184491960023 0.673746632828
Herato17 Herato1708 17865279.0 425000.0 0.0803262330662 0.0204468200977 0.0728709893986 0.179737022183
Herato17 Herato1708 17915279.0 475000.0 0.0751758644772 0.0390659023213 0.067792691413 0.140631752073
Herato17 Herato1708 17965279.0 525000.0 0.0132282125939 0.0112274882049 0.0132320904829 0.0158779163594
Herato17 Herato1708 18015279.0 575000.0 0.011919907935 0.00885178336727 0.0118922744461 0.0156220135879
Herato17 Herato1708 18065279.0 625000.0 0.0241278271565 0.0216307901131 0.0240678394069 0.0272310537976
Herato17 Herato1708 18115279.0 675000.0 0.0192894431201 0.00974753503739 0.0174264712098 0.0386297187099
Herato17 Herato1708 18165279.0 725000.0 0.0160224388708 0.00879581833 0.0127171244502 0.0334669144232
Herato17 Herato1708 18215279.0 775000.0 0.0357151504891 0.0215120880956 0.030509297045 0.0776446968404
Herato17 Herato1708 18265279.0 825000.0 0.0422382249403 0.0259515116656 0.0402899226837 0.0732277440568
Herato17 Herato1708 18315279.0 875000.0 0.0208180812285 0.0161953081133 0.0206375458461 0.0259623360597
Herato17 Herato1708 18365279.0 925000.0 0.0603534587667 0.0383967404904 0.0585310163685 0.0920014972424
Herato17 Herato1708 18415279.0 975000.0 0.0682472221768 0.0286491499567 0.0612192205578 0.148217337143
Herato17 Herato1708 18465279.0 1025000.0 0.0074280030156 0.00568260464594 0.0072681184016 0.0101169736888
Herato17 Herato1708 18515279.0 1075000.0 0.124041083357 0.0403439715517 0.100857444354 0.31881951605
Herato17 Herato1708 18565279.0 1125000.0 0.0110743024733 0.00173409661264 0.00344969011314 0.0525597615537
Herato17 Herato1708 18615279.0 1175000.0 0.0201408311488 0.0154989933222 0.0193165334002 0.0303384640032
Herato17 Herato1708 18665279.0 1225000.0 0.0526606339116 0.0286137187843 0.0495081764106 0.0953645388468
Herato17 Herato1708 18715279.0 1275000.0 0.0218019931092 0.0156741924739 0.0211150370121 0.0332716715674
Herato17 Herato1708 18765279.0 1325000.0 0.211270895322 0.0756633318247 0.197790032158 0.437507892341
Herato17 Herato1708 18815279.0 1375000.0 0.0255653629534 0.0167635394487 0.025039058893 0.0377560434458
Herato17 Herato1708 18865279.0 1425000.0 0.0424531920235 0.0131667083986 0.0417540822546 0.0893970958534
Herato17 Herato1708 18915279.0 1475000.0 0.0266965551376 0.0200397158681 0.026306905504 0.035280591107
Herato17 Herato1708 18965279.0 1525000.0 0.0770147757015 0.0326840477809 0.0715070155984 0.159061619285
Herato17 Herato1708 19015279.0 1575000.0 0.0304337496018 0.0115453825467 0.0242117775044 0.0750235900874
Herato17 Herato1708 19065279.0 1625000.0 0.0143183094564 0.007554702987 0.0132220834208 0.027389731646
Herato17 Herato1708 19115279.0 1675000.0 0.093882312009 0.0336777930151 0.0864066982138 0.201876055909
Herato17 Herato1708 19165279.0 1725000.0 0.023976493242 0.0141336232832 0.02353637613 0.0382840140226
Herato17 Herato1708 19215279.0 1775000.0 0.0038037217639 0.00262303379096 0.00364877354622 0.0058282343796
Herato17 Herato1708 19265279.0 1825000.0 0.0600323583098 0.0104219438371 0.0499983737466 0.175926803553
Herato17 Herato1708 19315279.0 1875000.0 0.0643047820044 0.0114803052257 0.0627230525625 0.12285868893
Herato17 Herato1708 19365279.0 1925000.0 0.0172384423 0.01638360652 0.01735928296 0.01820218386
Herato17 Herato1708 19415279.0 1975000.0 0.008074793319 0.0052551968254 0.0078915782134 0.01247234101
Herato17 Herato1708 19465279.0 2025000.0 0.022808229278 0.0120606812618 0.0223147028258 0.0336502036154
Herato17 Herato1708 19515279.0 2075000.0 0.00955615427764 0.00765247075063 0.00948252045592 0.0120886545198
Herato17 Herato1708 19565279.0 2125000.0 0.0074729248448 0.0054825543206 0.0066378423 0.0161725174166
Herato17 Herato1708 19615279.0 2175000.0 0.034190965228 0.0083074089819 0.0275762110359 0.100507119058
Herato17 Herato1708 19665279.0 2225000.0 0.00488909675268 0.00268982256618 0.0049392600819 0.00701463971568
Herato17 Herato1708 19715279.0 2275000.0 0.0331367821037 0.0134244515033 0.0287830017531 0.0771891954448
Herato17 Herato1708 19765279.0 2325000.0 0.0817186406739 0.0342409218084 0.0740144943668 0.184252867292
Herato17 Herato1708 19815279.0 2375000.0 0.0201395532173 0.0133632413615 0.018928409567 0.032346149085
Herato17 Herato1708 19865279.0 2425000.0 0.0869334442171 0.00837117803435 0.0783696793067 0.202402352165
Herato17 Herato1708 19915279.0 2475000.0 0.0155267359228 0.0086824475255 0.014620118527 0.0285197615758
Herato17 Herato1708 19961555.5 2525000.0 0.023479743987 0.0113115360857 0.0241613969145 0.0462039402087
Herato17 Herato1709 19984369.5 25000.0 0.0769392294175 0.0610587660267 0.075106152945 0.0981131806053
Herato17 Herato1710 19998178.5 25000.0 0.0241251687781 0.021260298547 0.0238565576743 0.0279412576132
Herato17 Herato1711 20023390.5 25000.0 0.0171975472932 0.0148826401368 0.0170135768306 0.0204383798601
Herato17 Herato1712 20061331.0 25000.0 0.0286115334182 0.0238579323208 0.0282267363002 0.034818141448
Herato17 Herato1712 20111331.0 75000.0 0.05793226266 0.026117581398 0.065589464824 0.121735509596
Herato17 Herato1712 20139786.0 125000.0 0.0882147096498 0.0324696957048 0.0551253810709 0.264607891878
Herato17 Herato1713 20168242.0 25000.0 0.0231365529688 0.0186818460513 0.0230374937178 0.0286854624002
Herato17 Herato1713 20218242.0 75000.0 0.0332932672794 0.0254634778277 0.032677810736 0.0444922601213
Herato17 Herato1713 20254834.0 125000.0 0.0372796065908 0.0321149944919 0.0371746784808 0.043234752079
