chrom scaffold Cposition position mean p0025 p0500 p0975
Herato20 Herato2001 25001.0 25000.0 0.04099502006 0.0311062598 0.03948756288 0.05843567088
Herato20 Herato2001 75001.0 75000.0 0.02708704446 0.017912047846 0.02620724234 0.04622064392
Herato20 Herato2001 125001.0 125000.0 0.02558750708 0.0233637181 0.02534422786 0.02746444698
Herato20 Herato2001 175001.0 175000.0 0.069888995892 0.061700454809 0.07009994098 0.07850992929
Herato20 Herato2001 225001.0 225000.0 0.0497966913336 0.0442013473782 0.0498551350944 0.0552740527176
Herato20 Herato2001 275001.0 275000.0 0.063409561044 0.05747632709 0.063229474362 0.070282457006
Herato20 Herato2001 325001.0 325000.0 0.054096804438 0.049500445696 0.054171865922 0.058143213034
Herato20 Herato2001 375001.0 375000.0 0.062181508084 0.055664668116 0.061969079984 0.0703031813
Herato20 Herato2001 425001.0 425000.0 0.07317433305 0.069051759668 0.07316550843 0.077046095498
Herato20 Herato2001 475001.0 475000.0 0.0624519220522 0.0531018553709 0.061851757892 0.0750398530828
Herato20 Herato2001 525001.0 525000.0 0.05871974212 0.05467936892 0.058474824416 0.0632331004
Herato20 Herato2001 575001.0 575000.0 0.0360210512852 0.0282296453579 0.036106091817 0.046968896986
Herato20 Herato2001 625001.0 625000.0 0.070894503356 0.064735168432 0.070298989414 0.077747297284
Herato20 Herato2001 675001.0 675000.0 0.080492216392 0.071782253962 0.080511279232 0.08944987708
Herato20 Herato2001 725001.0 725000.0 0.0740707317054 0.0672976423302 0.0740066421694 0.082308670522
Herato20 Herato2001 775001.0 775000.0 0.09038936804 0.08455005396 0.09038832456 0.09527598488
Herato20 Herato2001 825001.0 825000.0 0.077981007972 0.07468040924 0.077930927376 0.081594990032
Herato20 Herato2001 875001.0 875000.0 0.0729942042 0.0699047294 0.0730376436 0.075639479
Herato20 Herato2001 925001.0 925000.0 0.06604619066 0.06252387604 0.06590330426 0.06986436354
Herato20 Herato2001 975001.0 975000.0 0.07790062062 0.07460435234 0.0778703314 0.08069180488
Herato20 Herato2001 1025001.0 1025000.0 0.081429718846 0.07625095164 0.08112884971 0.08666020889
Herato20 Herato2001 1075001.0 1075000.0 0.059906496562 0.054131697004 0.060042125244 0.065635525602
Herato20 Herato2001 1125001.0 1125000.0 0.069540579644 0.065357206148 0.069480737844 0.07406469958
Herato20 Herato2001 1175001.0 1175000.0 0.05974357604 0.05682105358 0.05944597448 0.06365868552
Herato20 Herato2001 1225001.0 1225000.0 0.069846661842 0.0648718752737 0.069647614022 0.075632872004
Herato20 Herato2001 1275001.0 1275000.0 0.104818256446 0.0937204801962 0.103935054316 0.117853903812
Herato20 Herato2001 1325001.0 1325000.0 0.0807776277967 0.0752021289679 0.0806395060142 0.0868893802572
Herato20 Herato2001 1375001.0 1375000.0 0.07399775544 0.06951689024 0.07365146096 0.07829197824
Herato20 Herato2001 1425001.0 1425000.0 0.05879067589 0.05502916292 0.058757085768 0.063111348884
Herato20 Herato2001 1475001.0 1475000.0 0.09270839318 0.08531989652 0.09510311164 0.09831824198
Herato20 Herato2001 1525001.0 1525000.0 0.09231854446 0.08741886678 0.0935471448 0.096435439
Herato20 Herato2001 1575001.0 1575000.0 0.05396933382 0.04450428586 0.0534996487 0.06729958302
Herato20 Herato2001 1625001.0 1625000.0 0.068258534732 0.0616194331532 0.068125469098 0.07491168248
Herato20 Herato2001 1675001.0 1675000.0 0.0417816952012 0.0334292143072 0.04122323942 0.054526552573
Herato20 Herato2001 1725001.0 1725000.0 0.0712182196016 0.0615012843968 0.0701794138972 0.083337913418
Herato20 Herato2001 1775001.0 1775000.0 0.09831547072 0.0929770104 0.098465685 0.10303067642
Herato20 Herato2001 1825001.0 1825000.0 0.082428396111 0.0777739450235 0.082363666807 0.08727824841
Herato20 Herato2001 1875001.0 1875000.0 0.06888622536 0.06405817702 0.06897871966 0.07314979166
Herato20 Herato2001 1925001.0 1925000.0 0.052205108036 0.0491479614656 0.0523965720354 0.05426899971
Herato20 Herato2001 1975001.0 1975000.0 0.0594816479794 0.054340160111 0.059709020989 0.067722718916
Herato20 Herato2001 2025001.0 2025000.0 0.0728837674872 0.0664033318996 0.0727404104962 0.080315595708
Herato20 Herato2001 2075001.0 2075000.0 0.046663595038 0.0336325315624 0.04549539864 0.066081376582
Herato20 Herato2001 2125001.0 2125000.0 0.038270767374 0.034775657634 0.038177712114 0.042068654478
Herato20 Herato2001 2175001.0 2175000.0 0.035728788876 0.028778503298 0.03571214778 0.043045313648
Herato20 Herato2001 2225001.0 2225000.0 0.061529515202 0.05608976769 0.061333768058 0.068014485098
Herato20 Herato2001 2275001.0 2275000.0 0.0987560462 0.0935355238 0.098560459 0.1051910686
Herato20 Herato2001 2325001.0 2325000.0 0.1026752156 0.09970440648 0.1028255408 0.1064866488
Herato20 Herato2001 2375001.0 2375000.0 0.081328061494 0.067810962784 0.08167234574 0.087352137368
Herato20 Herato2001 2425001.0 2425000.0 0.08339723232 0.07814174994 0.08289012516 0.09051658484
Herato20 Herato2001 2475001.0 2475000.0 0.071072330162 0.0677482752519 0.0707851916368 0.0753023992728
Herato20 Herato2001 2525001.0 2525000.0 0.0650669716 0.0632845677 0.06479872526 0.0671696835
Herato20 Herato2001 2575001.0 2575000.0 0.0649044670782 0.0578616982823 0.0644072410023 0.073341056638
Herato20 Herato2001 2625001.0 2625000.0 0.0499930248564 0.0441060444673 0.049761591101 0.0575466802356
Herato20 Herato2001 2675001.0 2675000.0 0.040420371914 0.037436751952 0.04047223623 0.043693590508
Herato20 Herato2001 2725001.0 2725000.0 0.0647673326144 0.0551320615526 0.0643077401579 0.0765689458046
Herato20 Herato2001 2775001.0 2775000.0 0.0731681255357 0.0597909275613 0.071806004294 0.103750352062
Herato20 Herato2001 2825001.0 2825000.0 0.063505953094 0.050385207659 0.062228647588 0.080781684034
Herato20 Herato2001 2875001.0 2875000.0 0.073950870558 0.061049853426 0.073330911788 0.089742202096
Herato20 Herato2001 2925001.0 2925000.0 0.082039167566 0.0702454366065 0.0818496618452 0.09571860252
Herato20 Herato2001 2975001.0 2975000.0 0.116975283533 0.0787813389848 0.110757895782 0.18149169693
Herato20 Herato2001 3025001.0 3025000.0 0.078704488308 0.074556398988 0.078501167938 0.083614021222
Herato20 Herato2001 3075001.0 3075000.0 0.09606747796 0.087755243476 0.0960522142 0.10492307842
Herato20 Herato2001 3125001.0 3125000.0 0.055339171564 0.051403784096 0.0546563333 0.059785032708
Herato20 Herato2001 3175001.0 3175000.0 0.073635032804 0.067105606234 0.073500955354 0.080499746928
Herato20 Herato2001 3225001.0 3225000.0 0.093874032484 0.08618146153 0.093443795536 0.103255194948
Herato20 Herato2001 3275001.0 3275000.0 0.0590655518304 0.0534591291047 0.0590031476346 0.0645048332046
Herato20 Herato2001 3325001.0 3325000.0 0.0687523726 0.0624642847 0.06833539314 0.07639452788
Herato20 Herato2001 3375001.0 3375000.0 0.0562458403838 0.0512071072642 0.0557607216762 0.06157751423
Herato20 Herato2001 3425001.0 3425000.0 0.07189010382 0.06504402444 0.07212508202 0.0789391461
Herato20 Herato2001 3475001.0 3475000.0 0.06405520436 0.05690150934 0.06370782094 0.07302921998
Herato20 Herato2001 3525001.0 3525000.0 0.06864627616 0.06493327476 0.06878169016 0.07163346488
Herato20 Herato2001 3575001.0 3575000.0 0.051275355114 0.0481789752024 0.0512300363066 0.054259282818
Herato20 Herato2001 3625001.0 3625000.0 0.095191723264 0.08477993352 0.094914668264 0.107005699542
Herato20 Herato2001 3675001.0 3675000.0 0.0654230612644 0.0577257947574 0.0649339381428 0.0746472016972
Herato20 Herato2001 3725001.0 3725000.0 0.036463544092 0.0291303541544 0.0351309180894 0.050604588284
Herato20 Herato2001 3775001.0 3775000.0 0.030910340858 0.029294394262 0.0308221379 0.03310765294
Herato20 Herato2001 3825001.0 3825000.0 0.0621802508172 0.0557034471389 0.0612858647854 0.0746231565728
Herato20 Herato2001 3875001.0 3875000.0 0.0372983686 0.03522571676 0.03733792546 0.03958271184
Herato20 Herato2001 3925001.0 3925000.0 0.03012671118 0.0274846623 0.02988757716 0.03359036722
Herato20 Herato2001 3975001.0 3975000.0 0.0941714163 0.075468297332 0.09489319894 0.11231975494
Herato20 Herato2001 4025001.0 4025000.0 0.07384410702 0.06112062954 0.07287839046 0.09501383558
Herato20 Herato2001 4075001.0 4075000.0 0.051987248484 0.049478461432 0.052452773468 0.053529282072
Herato20 Herato2001 4125001.0 4125000.0 0.0750593781712 0.0692048998859 0.0749089172482 0.081283437726
Herato20 Herato2001 4175001.0 4175000.0 0.0831267641984 0.0745139415521 0.082692038475 0.0930744795316
Herato20 Herato2001 4225001.0 4225000.0 0.109192152 0.1009383407 0.106647492 0.12177883
Herato20 Herato2001 4275001.0 4275000.0 0.079944737964 0.0586060732102 0.075570028482 0.108538187832
Herato20 Herato2001 4325001.0 4325000.0 0.057635715682 0.04578165824 0.057603040976 0.069011961612
Herato20 Herato2001 4375001.0 4375000.0 0.05147879808 0.048735713592 0.051419503812 0.055500262126
Herato20 Herato2001 4425001.0 4425000.0 0.07042692577 0.05940988475 0.07259039069 0.082244794594
Herato20 Herato2001 4475001.0 4475000.0 0.051387564534 0.039850347841 0.051350540956 0.064981381468
Herato20 Herato2001 4525001.0 4525000.0 0.036678049512 0.032319490909 0.03653507218 0.041549441466
Herato20 Herato2001 4575001.0 4575000.0 0.071425179188 0.062620379352 0.070983776096 0.083320890916
Herato20 Herato2001 4625001.0 4625000.0 0.045846480754 0.039212737017 0.045559171312 0.054243649062
Herato20 Herato2001 4675001.0 4675000.0 0.064204833206 0.059255674604 0.064148746756 0.069882803954
Herato20 Herato2001 4725001.0 4725000.0 0.0917478701 0.08589252192 0.09181002696 0.09843280236
Herato20 Herato2001 4775001.0 4775000.0 0.068865418356 0.061366233058 0.06757312483 0.077476594494
Herato20 Herato2001 4825001.0 4825000.0 0.05300649784 0.04724127866 0.05279344586 0.05985731392
Herato20 Herato2001 4875001.0 4875000.0 0.049606360216 0.045204386758 0.049308909832 0.054792029532
Herato20 Herato2001 4925001.0 4925000.0 0.08883039176 0.07660379728 0.0887329628 0.100319891
Herato20 Herato2001 4975001.0 4975000.0 0.0920069433118 0.0762397116558 0.091748103831 0.106775323898
Herato20 Herato2001 5025001.0 5025000.0 0.067956668402 0.062310481648 0.0677756482 0.074243782236
Herato20 Herato2001 5075001.0 5075000.0 0.0790763095 0.07528872402 0.07914075552 0.08268623862
Herato20 Herato2001 5125001.0 5125000.0 0.10596346744 0.10076316878 0.10568971944 0.11160701046
Herato20 Herato2001 5175001.0 5175000.0 0.09166953715 0.0896040716006 0.0912968980506 0.0958647187744
Herato20 Herato2001 5225001.0 5225000.0 0.084144980094 0.0742970239613 0.083433443357 0.097456722806
Herato20 Herato2001 5275001.0 5275000.0 0.090694803564 0.078409129198 0.089927786502 0.10534573591
Herato20 Herato2001 5325001.0 5325000.0 0.078082334562 0.071108767146 0.078370324178 0.084975777306
Herato20 Herato2001 5375001.0 5375000.0 0.086518254144 0.081222388292 0.086287113102 0.093024930032
Herato20 Herato2001 5425001.0 5425000.0 0.06660319071 0.060098281596 0.06582300294 0.075424688284
Herato20 Herato2001 5475001.0 5475000.0 0.056589701368 0.04548530411 0.053729189728 0.0786125452
Herato20 Herato2001 5525001.0 5525000.0 0.05692507432 0.049371430244 0.0573130111 0.06399461068
Herato20 Herato2001 5575001.0 5575000.0 0.0473233692002 0.0404683117484 0.0474748657192 0.0527247400106
Herato20 Herato2001 5625001.0 5625000.0 0.0827629681306 0.0712230223964 0.0822139917642 0.0976634031222
Herato20 Herato2001 5675001.0 5675000.0 0.070111588288 0.05262289367 0.0696937945 0.086661481242
Herato20 Herato2001 5725001.0 5725000.0 0.069030190204 0.05938672842 0.068965196784 0.080841528268
Herato20 Herato2001 5775001.0 5775000.0 0.08404612548 0.077698228536 0.083633849164 0.09260513721
Herato20 Herato2001 5825001.0 5825000.0 0.053936869042 0.036514808512 0.053263668052 0.07683289688
Herato20 Herato2001 5875001.0 5875000.0 0.0590918082 0.05142296362 0.0590348364 0.06489896674
Herato20 Herato2001 5925001.0 5925000.0 0.07806207466 0.066469385778 0.076983978268 0.09353004435
Herato20 Herato2001 5975001.0 5975000.0 0.032478875724 0.029456500588 0.032419079936 0.03563818709
Herato20 Herato2001 6025001.0 6025000.0 0.037933857776 0.02679204287 0.03714981821 0.055033138274
Herato20 Herato2001 6075001.0 6075000.0 0.05652784436 0.049854508854 0.05640368221 0.064117618376
Herato20 Herato2001 6125001.0 6125000.0 0.05177045938 0.04729902156 0.05175061102 0.05607424688
Herato20 Herato2001 6175001.0 6175000.0 0.057089796358 0.042182768172 0.05615992754 0.077509063784
Herato20 Herato2001 6225001.0 6225000.0 0.0519171224381 0.031888521486 0.046572416148 0.0978904058546
Herato20 Herato2001 6275001.0 6275000.0 0.0590815404816 0.0546718225517 0.0590370593998 0.06367324048
Herato20 Herato2001 6325001.0 6325000.0 0.0499430261079 0.0456051234361 0.0497028865692 0.0587561800096
Herato20 Herato2001 6375001.0 6375000.0 0.0768116394556 0.0672880232134 0.0768542698692 0.086790424984
Herato20 Herato2001 6425001.0 6425000.0 0.052380029817 0.0458735846586 0.0521369755972 0.0613364238618
Herato20 Herato2001 6475001.0 6475000.0 0.069897408824 0.065416568636 0.070199593838 0.07319176843
Herato20 Herato2001 6525001.0 6525000.0 0.09555720882 0.087108676846 0.09541050164 0.10353173866
Herato20 Herato2001 6575001.0 6575000.0 0.063870372776 0.050157648096 0.060801683132 0.086334638124
Herato20 Herato2001 6625001.0 6625000.0 0.038940156748 0.035917548288 0.0388919698918 0.042406486596
Herato20 Herato2001 6675001.0 6675000.0 0.042161765792 0.0297918815934 0.042427279186 0.058438829782
Herato20 Herato2001 6725001.0 6725000.0 0.05666208615 0.050715937898 0.056202119704 0.064086198546
Herato20 Herato2001 6775001.0 6775000.0 0.0637876940318 0.056305883508 0.0637311072446 0.072419350682
Herato20 Herato2001 6825001.0 6825000.0 0.060665812138 0.049502278552 0.06020881771 0.073560035638
Herato20 Herato2001 6875001.0 6875000.0 0.057373423394 0.043961798821 0.05607127162 0.077580607842
Herato20 Herato2001 6925001.0 6925000.0 0.029150176204 0.022734506608 0.02913029142 0.035532155348
Herato20 Herato2001 6975001.0 6975000.0 0.032936347118 0.03032557208 0.03293655272 0.035987730694
Herato20 Herato2001 7025001.0 7025000.0 0.041711117846 0.03847718248 0.041638701692 0.045675458904
Herato20 Herato2001 7075001.0 7075000.0 0.00537281679708 0.00474485933204 0.00536526219498 0.00599313485098
Herato20 Herato2001 7125001.0 7125000.0 0.0054906548906 0.00369875603421 0.00488273461864 0.0102705062708
Herato20 Herato2001 7175001.0 7175000.0 0.028217448384 0.022768181695 0.028182546948 0.03513828981
Herato20 Herato2001 7225001.0 7225000.0 0.03788664958 0.03305581334 0.0378726763 0.04289447302
Herato20 Herato2001 7275001.0 7275000.0 0.0258573972024 0.0234681154233 0.025949893063 0.0284336054666
Herato20 Herato2001 7325001.0 7325000.0 0.0329596046543 0.013051136903 0.0316986672926 0.0569992648018
Herato20 Herato2001 7375001.0 7375000.0 0.0360740682854 0.0318181827549 0.036013193105 0.040882326138
Herato20 Herato2001 7425001.0 7425000.0 0.048101893939 0.0451882044305 0.0482325316096 0.0506560053398
Herato20 Herato2001 7475001.0 7475000.0 0.0277434896005 0.0260093379056 0.0277137736193 0.029397803086
Herato20 Herato2001 7525001.0 7525000.0 0.0349490026106 0.0329524386615 0.0349269813546 0.0369962074016
Herato20 Herato2001 7575001.0 7575000.0 0.031898683066 0.0287548369676 0.031909740484 0.035602472148
Herato20 Herato2001 7625001.0 7625000.0 0.047437773497 0.0437413220573 0.0475414726264 0.0514658350022
Herato20 Herato2001 7675001.0 7675000.0 0.01843586969 0.016309659694 0.018394755074 0.020811603046
Herato20 Herato2001 7725001.0 7725000.0 0.06001810646 0.053852108722 0.060005920514 0.06691164726
Herato20 Herato2001 7775001.0 7775000.0 0.06607953754 0.06129160176 0.0658117697 0.07065008314
Herato20 Herato2001 7825001.0 7825000.0 0.03562446085 0.03048287793 0.036025264398 0.041418871418
Herato20 Herato2001 7875001.0 7875000.0 0.05825038012 0.051415704498 0.057900212996 0.066946660356
Herato20 Herato2001 7925001.0 7925000.0 0.0349974825906 0.0333646630812 0.0349679220654 0.0364755932192
Herato20 Herato2001 7975001.0 7975000.0 0.0409676521539 0.0336377105873 0.0404342429989 0.0500695638666
Herato20 Herato2001 8025001.0 8025000.0 0.059437329492 0.0551095067636 0.059287608948 0.06426472714
Herato20 Herato2001 8075001.0 8075000.0 0.053048104626 0.04813783188 0.053065636746 0.057734863698
Herato20 Herato2001 8125001.0 8125000.0 0.063329762196 0.057881573996 0.063307229312 0.068601062282
Herato20 Herato2001 8175001.0 8175000.0 0.03850339 0.03530677176 0.0383564099 0.04306936604
Herato20 Herato2001 8225001.0 8225000.0 0.035453551578 0.029398243452 0.034937175698 0.042804859142
Herato20 Herato2001 8275001.0 8275000.0 0.056146587474 0.04607076919 0.056342480956 0.070278595704
Herato20 Herato2001 8325001.0 8325000.0 0.055096862718 0.043061105224 0.053706153886 0.07410380729
Herato20 Herato2001 8375001.0 8375000.0 0.061806901138 0.0555169525078 0.061852670678 0.070142248832
Herato20 Herato2001 8425001.0 8425000.0 0.0569610111 0.05359610726 0.05716727402 0.0594826369
Herato20 Herato2001 8475001.0 8475000.0 0.0813258097236 0.0748322227001 0.0814238574244 0.0882969317062
Herato20 Herato2001 8525001.0 8525000.0 0.086891112858 0.077684556394 0.086404840442 0.097288031434
Herato20 Herato2001 8575001.0 8575000.0 0.087522666632 0.078606649104 0.086769658464 0.09602006114
Herato20 Herato2001 8625001.0 8625000.0 0.0769414805 0.07405158998 0.07674456816 0.07967850762
Herato20 Herato2001 8675001.0 8675000.0 0.0662137145754 0.0586451573857 0.0662163641742 0.074088713392
Herato20 Herato2001 8725001.0 8725000.0 0.046323715022 0.043497813632 0.046497013926 0.048603256968
Herato20 Herato2001 8775001.0 8775000.0 0.083495531572 0.0752958282305 0.0831956028436 0.0918143004954
Herato20 Herato2001 8825001.0 8825000.0 0.05944154406 0.05525526456 0.05928933692 0.06401043272
Herato20 Herato2001 8875001.0 8875000.0 0.043210508119 0.0285388271448 0.0438325690766 0.050533856304
Herato20 Herato2001 8925001.0 8925000.0 0.06184418962 0.057969428096 0.0617154489 0.06597887256
Herato20 Herato2001 8975001.0 8975000.0 0.0356085046662 0.0318470094635 0.0356806039665 0.039418035341
Herato20 Herato2001 9025001.0 9025000.0 0.033841590696 0.0300331724294 0.033838311134 0.037734304164
Herato20 Herato2001 9075001.0 9075000.0 0.08349064106 0.076442426258 0.08330627184 0.0900295341
Herato20 Herato2001 9125001.0 9125000.0 0.068416721834 0.065324429282 0.068060908672 0.07304093302
Herato20 Herato2001 9175001.0 9175000.0 0.103394229728 0.0830370146792 0.101102569134 0.137062257167
Herato20 Herato2001 9225001.0 9225000.0 0.0686002114 0.06792613168 0.06838922428 0.07143401324
Herato20 Herato2001 9275001.0 9275000.0 0.0785236774 0.07503038826 0.07801988218 0.0847168023
Herato20 Herato2001 9325001.0 9325000.0 0.08511047482 0.07905113042 0.08445694698 0.09410463032
Herato20 Herato2001 9375001.0 9375000.0 0.0860519348 0.0809805442 0.08561840712 0.09235910486
Herato20 Herato2001 9425001.0 9425000.0 0.10269350356 0.08450816714 0.10490536844 0.11965900524
Herato20 Herato2001 9475001.0 9475000.0 0.0827854782 0.07831800984 0.08325928536 0.08563636884
Herato20 Herato2001 9525001.0 9525000.0 0.0767431858 0.07231173456 0.0770927588 0.07978003692
Herato20 Herato2001 9575001.0 9575000.0 0.0598389227764 0.0509095363322 0.0576294281494 0.072148934492
Herato20 Herato2001 9625001.0 9625000.0 0.0832203824058 0.0561212444898 0.081062486543 0.127328421446
Herato20 Herato2001 9675001.0 9675000.0 0.071087697178 0.066838355338 0.071038171856 0.077088058426
Herato20 Herato2001 9725001.0 9725000.0 0.052884145406 0.046066041503 0.053232608926 0.059233388442
Herato20 Herato2001 9775001.0 9775000.0 0.08392653652 0.07678671702 0.08388026848 0.09144818934
Herato20 Herato2001 9825001.0 9825000.0 0.076147963044 0.0626821470856 0.0751424407916 0.090412295981
Herato20 Herato2001 9875001.0 9875000.0 0.0459326285541 0.0401130960126 0.0456942865291 0.0521623040136
Herato20 Herato2001 9925001.0 9925000.0 0.0505865943498 0.0438249997106 0.0504230957856 0.0586615812432
Herato20 Herato2001 9975001.0 9975000.0 0.054288972474 0.039709671442 0.053769550662 0.075822101098
Herato20 Herato2001 10025001.0 10025000.0 0.082192143888 0.07155407067 0.082017998294 0.093313836962
Herato20 Herato2001 10075001.0 10075000.0 0.07309453848 0.07061594376 0.07280947008 0.07620628512
Herato20 Herato2001 10125001.0 10125000.0 0.06306400362 0.0605017242 0.06341970618 0.0652488378
Herato20 Herato2001 10175001.0 10175000.0 0.0483818364072 0.0425483181199 0.0484357873662 0.0556002545502
Herato20 Herato2001 10225001.0 10225000.0 0.066258351218 0.0636206227362 0.066214905812 0.070286932842
Herato20 Herato2001 10275001.0 10275000.0 0.09890271424 0.09289035454 0.09891047652 0.10701785632
Herato20 Herato2001 10325001.0 10325000.0 0.115079126282 0.107317343971 0.114581855035 0.126395600495
Herato20 Herato2001 10375001.0 10375000.0 0.0782236571 0.07468413788 0.07807036062 0.0823166667
Herato20 Herato2001 10425001.0 10425000.0 0.0480316464992 0.0460074074033 0.0479304735918 0.0504933317158
Herato20 Herato2001 10475001.0 10475000.0 0.09278028438 0.08107999084 0.09254414734 0.1079308724
Herato20 Herato2001 10525001.0 10525000.0 0.058885965276 0.054988936222 0.058504019736 0.062521804916
Herato20 Herato2001 10575001.0 10575000.0 0.063299335662 0.0564135413288 0.0632300118544 0.071360217922
Herato20 Herato2001 10625001.0 10625000.0 0.0416422341359 0.0355982981002 0.0418720845048 0.0471974537268
Herato20 Herato2001 10675001.0 10675000.0 0.06569901696 0.06298714944 0.06535190592 0.06891904704
Herato20 Herato2001 10725001.0 10725000.0 0.08549389799 0.076290031892 0.084511304278 0.09821452452
Herato20 Herato2001 10775001.0 10775000.0 0.082613367816 0.07730861429 0.082298708914 0.08853743314
Herato20 Herato2001 10825001.0 10825000.0 0.073096694194 0.065151231912 0.073488574806 0.08067599505
Herato20 Herato2001 10875001.0 10875000.0 0.0688256927544 0.0623646624594 0.0686680930455 0.0761813302856
Herato20 Herato2001 10925001.0 10925000.0 0.06759252142 0.06146699442 0.06735309398 0.07609701272
Herato20 Herato2001 10975001.0 10975000.0 0.059443156948 0.053084369446 0.059360648236 0.06682111423
Herato20 Herato2001 11025001.0 11025000.0 0.06403366164 0.06148381648 0.06394617636 0.06660099412
Herato20 Herato2001 11075001.0 11075000.0 0.06348713255 0.059781157068 0.063266628826 0.068049148842
Herato20 Herato2001 11125001.0 11125000.0 0.083630647974 0.072717298182 0.084162958214 0.09378697618
Herato20 Herato2001 11175001.0 11175000.0 0.065047778548 0.058611661088 0.065120006956 0.07213773796
Herato20 Herato2001 11225001.0 11225000.0 0.074511796542 0.058584700564 0.071949858384 0.095996158474
Herato20 Herato2001 11275001.0 11275000.0 0.053336749336 0.043002023674 0.052395112466 0.066607468672
Herato20 Herato2001 11325001.0 11325000.0 0.024515319536 0.019729909446 0.024059128544 0.031788621236
Herato20 Herato2001 11375001.0 11375000.0 0.0302729332284 0.0269971629705 0.0302788025299 0.0334755481946
Herato20 Herato2001 11425001.0 11425000.0 0.053947797253 0.0491438948042 0.0540132670508 0.0574501827088
Herato20 Herato2001 11475001.0 11475000.0 0.0745071111 0.06257828466 0.07385661902 0.09148421396
Herato20 Herato2001 11525001.0 11525000.0 0.06314022882 0.0588687585 0.06299497144 0.06776069188
Herato20 Herato2001 11575001.0 11575000.0 0.0534712101728 0.0473318312095 0.0533311501314 0.061140923864
Herato20 Herato2001 11625001.0 11625000.0 0.08666465484 0.073961391094 0.08499244236 0.10305736456
Herato20 Herato2001 11675001.0 11675000.0 0.07411046768 0.060383935042 0.073718101846 0.088065781726
Herato20 Herato2001 11725001.0 11725000.0 0.0237994962296 0.0202521240124 0.0238761008467 0.0267920811224
Herato20 Herato2001 11775001.0 11775000.0 0.0280730075422 0.0222095945573 0.0274444348305 0.037236446325
Herato20 Herato2001 11825001.0 11825000.0 0.0402209959186 0.0360116791731 0.0402048879278 0.0443864089448
Herato20 Herato2001 11875001.0 11875000.0 0.0507210392909 0.0366302825349 0.0492308547792 0.0735578354956
Herato20 Herato2001 11925001.0 11925000.0 0.054913022142 0.0515911266409 0.0546891567643 0.0589076521892
Herato20 Herato2001 11975001.0 11975000.0 0.0339094548756 0.029946915635 0.03399153232 0.0378693532376
Herato20 Herato2001 12025001.0 12025000.0 0.0768275052124 0.062157570073 0.0739693173784 0.10922663783
Herato20 Herato2001 12075001.0 12075000.0 0.0561097581858 0.0519916021958 0.0558345845622 0.0608836194646
Herato20 Herato2001 12125001.0 12125000.0 0.06187621492 0.056374408512 0.061763631524 0.067354951736
Herato20 Herato2001 12175001.0 12175000.0 0.0876129021006 0.0800881944657 0.0872362959408 0.098457506262
Herato20 Herato2001 12225001.0 12225000.0 0.08546080525 0.08016780416 0.085057602384 0.092007355516
Herato20 Herato2001 12275001.0 12275000.0 0.07364597646 0.06820864596 0.07296193044 0.08149671578
Herato20 Herato2001 12325001.0 12325000.0 0.06626498904 0.06315914974 0.06617303662 0.06967777812
Herato20 Herato2001 12375001.0 12375000.0 0.0836591718 0.08003023724 0.08345826598 0.08715993302
Herato20 Herato2001 12425001.0 12425000.0 0.105847452242 0.087809757817 0.106006488854 0.1268133738
Herato20 Herato2001 12475001.0 12475000.0 0.05123885016 0.04566788588 0.05302674534 0.05798776012
Herato20 Herato2001 12525001.0 12525000.0 0.0662225635506 0.0588001378592 0.0660699712384 0.073693345998
Herato20 Herato2001 12575001.0 12575000.0 0.077972822418 0.072216372236 0.077855983574 0.0841153121
Herato20 Herato2001 12625001.0 12625000.0 0.05046808016 0.0439592193 0.0504927339 0.058756973
Herato20 Herato2001 12675001.0 12675000.0 0.078670495194 0.0634644428615 0.0770125083496 0.103547706347
Herato20 Herato2001 12725001.0 12725000.0 0.066934736982 0.0596645164 0.065346550384 0.078605651772
Herato20 Herato2001 12775001.0 12775000.0 0.0229666188774 0.0126271076934 0.0175169773554 0.0542045483788
Herato20 Herato2001 12825001.0 12825000.0 0.055666952332 0.0231129569604 0.0536185782602 0.10207607451
Herato20 Herato2001 12875001.0 12875000.0 0.023485625434 0.0194236785372 0.023212833103 0.0288901547702
Herato20 Herato2001 12925001.0 12925000.0 0.0506540759798 0.0385894339468 0.0491892596924 0.0770610534024
Herato20 Herato2001 12975001.0 12975000.0 0.0212948204372 0.0175163123344 0.0211906428249 0.0265174292688
Herato20 Herato2001 13025001.0 13025000.0 0.062138455276 0.043009238182 0.057951899428 0.09609175139
Herato20 Herato2001 13075001.0 13075000.0 0.036006109954 0.033424468978 0.035757290982 0.03920094474
Herato20 Herato2001 13125001.0 13125000.0 0.0582158325864 0.0520600337955 0.0579903071848 0.0654886890578
Herato20 Herato2001 13175001.0 13175000.0 0.07949153184 0.0729005162 0.0792580686 0.08653947252
Herato20 Herato2001 13225001.0 13225000.0 0.060148627482 0.058403337306 0.05997561718 0.062841263266
Herato20 Herato2001 13275001.0 13275000.0 0.0796679752488 0.0738770200107 0.0794715901784 0.0855936234412
Herato20 Herato2001 13325001.0 13325000.0 0.072068706414 0.06010951043 0.072372491504 0.085714936766
Herato20 Herato2001 13375001.0 13375000.0 0.07740722312 0.07268145738 0.077020442618 0.084882056208
Herato20 Herato2001 13425001.0 13425000.0 0.09148435402 0.08506592522 0.09203185986 0.0946499744
Herato20 Herato2001 13475001.0 13475000.0 0.08118911446 0.07482938808 0.08131835356 0.08621289422
Herato20 Herato2001 13525001.0 13525000.0 0.06330223898 0.05921796266 0.06368901436 0.06542175928
Herato20 Herato2001 13575001.0 13575000.0 0.083630322992 0.0751158836716 0.083490963432 0.092386733528
Herato20 Herato2001 13625001.0 13625000.0 0.042946248266 0.0396229921458 0.042830166904 0.046643402474
Herato20 Herato2001 13675001.0 13675000.0 0.046459282522 0.0350498816002 0.044515926362 0.065707167812
Herato20 Herato2001 13725001.0 13725000.0 0.0334615162114 0.0231943405762 0.031877881191 0.0523957570814
Herato20 Herato2001 13775001.0 13775000.0 0.0486037550984 0.041929403922 0.047733655148 0.058409049228
Herato20 Herato2001 13825001.0 13825000.0 0.049417151434 0.038555952614 0.04887169043 0.063693685386
Herato20 Herato2001 13875001.0 13875000.0 0.0394206430108 0.0371227700702 0.0394193697924 0.042145603508
Herato20 Herato2001 13925001.0 13925000.0 0.03776566054 0.03182526632 0.03711853382 0.04668882328
Herato20 Herato2001 13975001.0 13975000.0 0.0692370258432 0.0650462569264 0.0695487874104 0.07292228644
Herato20 Herato2001 14025001.0 14025000.0 0.0336326014534 0.0301868129638 0.0333915382766 0.0387571439092
Herato20 Herato2001 14075001.0 14075000.0 0.016402593928 0.014848094358 0.016487841474 0.018078453426
Herato20 Herato2001 14125001.0 14125000.0 0.0168714254613 0.0131413261017 0.0164351804341 0.0248234864523
Herato20 Herato2001 14175001.0 14175000.0 0.028916206344 0.0250240392396 0.028640702506 0.034268700438
Herato20 Herato2001 14225001.0 14225000.0 0.0324966278494 0.0301777002596 0.0324224844958 0.0351555954346
Herato20 Herato2001 14275001.0 14275000.0 0.063330704894 0.0584868596166 0.062664193738 0.07107698749
Herato20 Herato2001 14325001.0 14325000.0 0.0448847154456 0.0393755690903 0.04476474954 0.0519201211496
Herato20 Herato2001 14375001.0 14375000.0 0.0187854563243 0.0165999366749 0.0186146896002 0.0209601087436
Herato20 Herato2001 14425001.0 14425000.0 0.043665888824 0.0351004367764 0.0432760083638 0.0551706384684
Herato20 Herato2001 14475001.0 14475000.0 0.0411961746332 0.0379018598622 0.0408441769272 0.04554626422
Herato20 Herato2001 14525001.0 14525000.0 0.03126358744 0.026816518145 0.0311492136372 0.036764527513
Herato20 Herato2001 14575001.0 14575000.0 0.039571856882 0.030983019166 0.03906748068 0.051643887516
Herato20 Herato2001 14625001.0 14625000.0 0.0184299222081 0.0132422488063 0.0183430901795 0.0250768824742
Herato20 Herato2001 14675001.0 14675000.0 0.0245555313697 0.0214786233873 0.0244560071614 0.0282342399722
Herato20 Herato2001 14725001.0 14725000.0 0.0104119096618 0.00914672058962 0.0103542044652 0.011963343285
Herato20 Herato2001 14775001.0 14775000.0 0.024992777152 0.022698918795 0.024933573752 0.027675343958
Herato20 Herato2001 14825001.0 14825000.0 0.03101863618 0.02907183539 0.031025939094 0.032843074724
Herato20 Herato2001 14875001.0 14875000.0 0.0173322093448 0.0157776172422 0.0172693632938 0.0190485909334
Herato20 Herato2001 14925001.0 14925000.0 0.01677849042 0.013118050608 0.016605226006 0.02120921732
Herato20 Herato2001 14975001.0 14975000.0 0.0242396321104 0.017087619261 0.023380136377 0.0380620381688
Herato20 Herato2001 15025001.0 15025000.0 0.031256795316 0.027859022769 0.031229284 0.035322883664
Herato20 Herato2001 15075001.0 15075000.0 0.0377634691706 0.0347315886152 0.0375325007212 0.0414893258398
Herato20 Herato2001 15125001.0 15125000.0 0.021592411182 0.0198390222001 0.0215066834848 0.0236219796942
Herato20 Herato2001 15175001.0 15175000.0 0.025102535744 0.0217951483628 0.024960092148 0.028976660786
Herato20 Herato2001 15225001.0 15225000.0 0.028705218172 0.0252954914934 0.0286300405213 0.0327960219036
Herato20 Herato2001 15275001.0 15275000.0 0.0225491178748 0.0192500113825 0.0224170760072 0.0268002198386
Herato20 Herato2001 15325001.0 15325000.0 0.0207002843584 0.0189236111477 0.0206950205056 0.022748239488
Herato20 Herato2001 15375001.0 15375000.0 0.02874856578 0.025484714614 0.028555369536 0.033018960506
Herato20 Herato2001 15425001.0 15425000.0 0.029479898752 0.0280262207818 0.0295011881148 0.03116921706
Herato20 Herato2001 15475001.0 15475000.0 0.02705623874 0.02597149596 0.0268409788 0.02925633024
Herato20 Herato2001 15525001.0 15525000.0 0.030220431746 0.027327251008 0.03013216664 0.03366606204
Herato20 Herato2001 15575001.0 15575000.0 0.0203558523244 0.0162266800471 0.0199616947962 0.0266616228844
Herato20 Herato2001 15625001.0 15625000.0 0.0304387559684 0.0277961213008 0.0304173785724 0.033241495188
Herato20 Herato2001 15675001.0 15675000.0 0.0180954246286 0.0167833905388 0.0180164163498 0.0203255192948
Herato20 Herato2001 15725001.0 15725000.0 0.03142163533 0.023744754314 0.03004292746 0.04492142279
Herato20 Herato2001 15775001.0 15775000.0 0.0197700064652 0.0145683158044 0.0193784076977 0.0279688965398
Herato20 Herato2001 15825001.0 15825000.0 0.0221615874026 0.0177759867301 0.0220138961288 0.028952615822
Herato20 Herato2001 15875001.0 15875000.0 0.0277748262136 0.0206211008276 0.0270281283472 0.039123026716
Herato20 Herato2001 15925001.0 15925000.0 0.0181600950328 0.0156721594691 0.0180598165008 0.021626012873
Herato20 Herato2001 15975001.0 15975000.0 0.03911459353 0.0289795172025 0.0372198497128 0.0605494136956
Herato20 Herato2001 16025001.0 16025000.0 0.0206109547364 0.0141478225386 0.0202773876692 0.0307423497884
Herato20 Herato2001 16075001.0 16075000.0 0.0337156038408 0.0283225514222 0.033337699546 0.041183152125
Herato20 Herato2001 16125001.0 16125000.0 0.0364237711262 0.0297902187235 0.0362574804886 0.045853370448
Herato20 Herato2001 16175001.0 16175000.0 0.047298235776 0.042886035722 0.04716421074 0.051722775938
Herato20 Herato2001 16225001.0 16225000.0 0.0218079578408 0.0197347607843 0.0217227067176 0.0249580997352
Herato20 Herato2001 16275001.0 16275000.0 0.0391742112179 0.0336469129162 0.0388649101485 0.0479431704748
Herato20 Herato2001 16325001.0 16325000.0 0.0344462172632 0.0316506688275 0.0344703727208 0.0370195975482
Herato20 Herato2001 16375001.0 16375000.0 0.072239972764 0.067171941632 0.072684078046 0.07629627042
Herato20 Herato2001 16425001.0 16425000.0 0.07555455008 0.043350193467 0.0720040488885 0.1299683322
Herato20 Herato2001 16475001.0 16475000.0 0.073194126451 0.0654421103419 0.0727134156187 0.08234232924
Herato20 Herato2001 16525001.0 16525000.0 0.07243327785 0.061388159576 0.072418140364 0.084753421694
Herato20 Herato2001 16575001.0 16575000.0 0.0873093842258 0.0802738985975 0.087350650825 0.095516503072
Herato20 Herato2001 16625001.0 16625000.0 0.057242072434 0.051861607206 0.055824727328 0.06748622325
Herato20 Herato2001 16675001.0 16675000.0 0.0698024493 0.06851245532 0.0697299555 0.07117388856
Herato20 Herato2001 16725001.0 16725000.0 0.09263650574 0.08763954374 0.0924302701 0.0983597559
Herato20 Herato2001 16775001.0 16775000.0 0.0843750666068 0.0777924529604 0.0838908247437 0.0929744517818
Herato20 Herato2001 16825001.0 16825000.0 0.059070761344 0.054348261996 0.059067009626 0.06350131601
Herato20 Herato2001 16875001.0 16875000.0 0.059582787048 0.05420252396 0.059525354992 0.065387561992
Herato20 Herato2001 16925001.0 16925000.0 0.051955610366 0.040461756778 0.05193758457 0.06403758048
Herato20 Herato2001 16975001.0 16975000.0 0.063749643906 0.0567778176513 0.063459833028 0.072486119466
Herato20 Herato2001 17025001.0 17025000.0 0.057303999 0.05318797076 0.0570849146 0.06230040996
Herato20 Herato2001 17075001.0 17075000.0 0.051870756946 0.0440906003958 0.051306673688 0.062940671452
Herato20 Herato2001 17125001.0 17125000.0 0.0400632852 0.0372795446 0.03992733254 0.04306694538
Herato20 Herato2001 17175001.0 17175000.0 0.049524625118 0.0460568468587 0.049411325552 0.053674103554
Herato20 Herato2001 17225001.0 17225000.0 0.0775890320729 0.0694212737254 0.0775325269896 0.0863406539514
Herato20 Herato2001 17275001.0 17275000.0 0.0631952043352 0.0550120560107 0.0631170162848 0.072465405342
Herato20 Herato2001 17325001.0 17325000.0 0.064724595792 0.051580407798 0.064244970942 0.076999643
Herato20 Herato2001 17375001.0 17375000.0 0.069340110589 0.0562143760615 0.0674981487572 0.089602063596
Herato20 Herato2001 17425001.0 17425000.0 0.057434544388 0.048415329139 0.056467122052 0.072600979234
Herato20 Herato2001 17475001.0 17475000.0 0.0517992834175 0.0474352101147 0.0513852785737 0.0576201137586
Herato20 Herato2001 17525001.0 17525000.0 0.068819237564 0.063246093443 0.0684046378649 0.0750454996566
Herato20 Herato2001 17575001.0 17575000.0 0.08962738106 0.07958548242 0.08978548314 0.10080186166
Herato20 Herato2001 17625001.0 17625000.0 0.067456054598 0.061226735554 0.067303875576 0.07533394079
Herato20 Herato2001 17675001.0 17675000.0 0.07785688846 0.068087603 0.07753026654 0.08806017424
Herato20 Herato2001 17725001.0 17725000.0 0.108431170838 0.0995459504586 0.107767615033 0.1197932238
Herato20 Herato2001 17775001.0 17775000.0 0.06703782022 0.05113021316 0.06532579982 0.09155618418
Herato20 Herato2001 17825001.0 17825000.0 0.055003753666 0.0504964331883 0.054837086748 0.059196626764
Herato20 Herato2001 17875001.0 17875000.0 0.0652317930805 0.0562728255663 0.0649841727423 0.0761939049966
Herato20 Herato2001 17925001.0 17925000.0 0.072094394826 0.0544749777741 0.0709147314136 0.0953538547954
Herato20 Herato2001 17975001.0 17975000.0 0.0467101657147 0.0389897785878 0.046469452263 0.0572380162629
Herato20 Herato2001 18025001.0 18025000.0 0.0484117219856 0.0440709469984 0.048522848253 0.05293853543
Herato20 Herato2001 18075001.0 18075000.0 0.056906396204 0.049023461573 0.056768877446 0.06593673264
Herato20 Herato2001 18125001.0 18125000.0 0.09118282616 0.082224502172 0.09073142318 0.1027071895
Herato20 Herato2001 18175001.0 18175000.0 0.076163202 0.072728380956 0.07580669506 0.08033175806
Herato20 Herato2001 18225001.0 18225000.0 0.0619132888678 0.058389342664 0.0618596213902 0.065129417658
Herato20 Herato2001 18275001.0 18275000.0 0.040699040043 0.0370842525836 0.0407661473288 0.0444396777204
Herato20 Herato2001 18325001.0 18325000.0 0.047363908856 0.042928233226 0.047358064044 0.052399665098
Herato20 Herato2001 18375001.0 18375000.0 0.05540031616 0.04692826058 0.0552704788 0.06357872426
Herato20 Herato2001 18425001.0 18425000.0 0.032790330306 0.030496689982 0.03279509282 0.035638387342
Herato20 Herato2001 18475001.0 18475000.0 0.054400335391 0.041045849634 0.0545505984884 0.0677759185652
Herato20 Herato2001 18525001.0 18525000.0 0.050981312964 0.046877269172 0.050847018358 0.055177354888
Herato20 Herato2001 18575001.0 18575000.0 0.0421972669 0.03395957435 0.042112532152 0.05137614879
Herato20 Herato2001 18625001.0 18625000.0 0.0617358446848 0.0541066163926 0.061843067578 0.068137134312
Herato20 Herato2001 18675001.0 18675000.0 0.0700123422 0.06740172578 0.069877496602 0.073286783382
Herato20 Herato2001 18725001.0 18725000.0 0.06632204288 0.05089602765 0.06535480618 0.091641209204
Herato20 Herato2001 18775001.0 18775000.0 0.055642302782 0.04883877295 0.054998937156 0.066232694
Herato20 Herato2001 18825001.0 18825000.0 0.0616692996318 0.0577409721738 0.0616466082816 0.065928145594
Herato20 Herato2001 18875001.0 18875000.0 0.032136804528 0.023436667958 0.030809535498 0.04948110566
Herato20 Herato2001 18925001.0 18925000.0 0.03025279788 0.0213695564798 0.028664641454 0.046181372212
Herato20 Herato2001 18975001.0 18975000.0 0.0168261390398 0.0131415243239 0.0165383994084 0.02229751633
Herato20 Herato2001 19025001.0 19025000.0 0.0435271383396 0.0350380473124 0.0427937109166 0.0544765779448
Herato20 Herato2001 19075001.0 19075000.0 0.0283497179156 0.0180129026939 0.0278102569062 0.041064531774
Herato20 Herato2001 19125001.0 19125000.0 0.03935061897 0.0310088135096 0.0387088404092 0.0503554302512
Herato20 Herato2001 19175001.0 19175000.0 0.0445596204796 0.035708770632 0.0433400093642 0.058683773974
Herato20 Herato2001 19225001.0 19225000.0 0.0331751272652 0.0259133617669 0.0312410654578 0.054101027544
Herato20 Herato2001 19275001.0 19275000.0 0.03694157728 0.0338255091 0.03678625628 0.04050765648
