chrom scaffold Cposition position mean p0025 p0500 p0975
Herato20 Herato2001 25001.0 25000.0 0.0178298531128 0.0122643139863 0.0162983593363 0.031705499061
Herato20 Herato2001 75001.0 75000.0 0.060684898455 0.0249422661662 0.0561605730166 0.127923893647
Herato20 Herato2001 125001.0 125000.0 0.11221311232 0.046612055252 0.105981584078 0.19190866942
Herato20 Herato2001 175001.0 175000.0 0.075458437052 0.047296682838 0.07570083167 0.098289757786
Herato20 Herato2001 225001.0 225000.0 0.0744358518702 0.0596400637706 0.072988089678 0.094498636425
Herato20 Herato2001 275001.0 275000.0 0.0570376446 0.051124352474 0.05655023772 0.06494641314
Herato20 Herato2001 325001.0 325000.0 0.0674336702866 0.0626045942432 0.0669687802554 0.0729424524166
Herato20 Herato2001 375001.0 375000.0 0.08588569564 0.08112897718 0.08640659016 0.08919634216
Herato20 Herato2001 425001.0 425000.0 0.0981654792724 0.090005234243 0.0981459139308 0.106837067556
Herato20 Herato2001 475001.0 475000.0 0.053616636216 0.0493595034795 0.0529279736304 0.0595317390562
Herato20 Herato2001 525001.0 525000.0 0.070524576266 0.060684911406 0.069938135464 0.083374124934
Herato20 Herato2001 575001.0 575000.0 0.0393138807186 0.0369933679496 0.0390347016408 0.042039226547
Herato20 Herato2001 625001.0 625000.0 0.06158076836 0.06001279972 0.06140677184 0.06449571006
Herato20 Herato2001 675001.0 675000.0 0.0671080597 0.063419011871 0.0668691024868 0.071881313748
Herato20 Herato2001 725001.0 725000.0 0.0938499068 0.0884952391 0.09376451866 0.1003362702
Herato20 Herato2001 775001.0 775000.0 0.1124855328 0.1070032728 0.112099164 0.1189284936
Herato20 Herato2001 825001.0 825000.0 0.09967258108 0.092563674348 0.10006606492 0.10700453178
Herato20 Herato2001 875001.0 875000.0 0.069933224288 0.062685080182 0.069556296036 0.0777942108
Herato20 Herato2001 925001.0 925000.0 0.062663786854 0.0586263444742 0.0624558674838 0.0665751744
Herato20 Herato2001 975001.0 975000.0 0.0648186729178 0.0608838960226 0.0647653319552 0.067734095948
Herato20 Herato2001 1025001.0 1025000.0 0.087740164728 0.0802663417732 0.0877337555802 0.095549611184
Herato20 Herato2001 1075001.0 1075000.0 0.07177763202 0.06777122136 0.07168747376 0.0763936342
Herato20 Herato2001 1125001.0 1125000.0 0.07238015666 0.0703400878 0.07220605858 0.07580425848
Herato20 Herato2001 1175001.0 1175000.0 0.067999095864 0.066090731538 0.067603269144 0.07186112935
Herato20 Herato2001 1225001.0 1225000.0 0.07558442912 0.07354673088 0.07544617768 0.07962920584
Herato20 Herato2001 1275001.0 1275000.0 0.08395244072 0.08065841352 0.08378702288 0.08847788472
Herato20 Herato2001 1325001.0 1325000.0 0.08428580012 0.08022138252 0.08378182752 0.0891531326
Herato20 Herato2001 1375001.0 1375000.0 0.080184451792 0.074614130046 0.08015985265 0.086696585722
Herato20 Herato2001 1425001.0 1425000.0 0.0818863523808 0.0753910513734 0.0819452277892 0.0891542538964
Herato20 Herato2001 1475001.0 1475000.0 0.1127501458 0.1074114842 0.1115015946 0.1201369354
Herato20 Herato2001 1525001.0 1525000.0 0.1292277416 0.12120735214 0.128389955 0.136645454
Herato20 Herato2001 1575001.0 1575000.0 0.0695849117886 0.038828674177 0.0622234126006 0.12427521047
Herato20 Herato2001 1625001.0 1625000.0 0.09432627336 0.08263736184 0.09511611068 0.10633396524
Herato20 Herato2001 1675001.0 1675000.0 0.05125441649 0.045034653362 0.051450735834 0.058067713538
Herato20 Herato2001 1725001.0 1725000.0 0.0956272950258 0.0898671802103 0.0951857065716 0.10439066484
Herato20 Herato2001 1775001.0 1775000.0 0.11642972744 0.1097547094 0.11604098274 0.12706550078
Herato20 Herato2001 1825001.0 1825000.0 0.044522134 0.04022319858 0.0443695335 0.050065711
Herato20 Herato2001 1875001.0 1875000.0 0.04660058013 0.042038417674 0.046569791278 0.051202985966
Herato20 Herato2001 1925001.0 1925000.0 0.06244226198 0.055852871766 0.06190235929 0.0698774882
Herato20 Herato2001 1975001.0 1975000.0 0.05799256699 0.0519970289332 0.057784552174 0.064804577728
Herato20 Herato2001 2025001.0 2025000.0 0.076378815092 0.068127547962 0.075750160808 0.085881788914
Herato20 Herato2001 2075001.0 2075000.0 0.02742397658 0.0216482705632 0.02828362749 0.033116881982
Herato20 Herato2001 2125001.0 2125000.0 0.0245942309756 0.0222558437195 0.0246068391732 0.0271688064992
Herato20 Herato2001 2175001.0 2175000.0 0.03542884584 0.03196708532 0.035240379806 0.039655769346
Herato20 Herato2001 2225001.0 2225000.0 0.05860707722 0.05740826976 0.05842847524 0.06094619614
Herato20 Herato2001 2275001.0 2275000.0 0.07356366856 0.0692485765 0.07323295274 0.07795126986
Herato20 Herato2001 2325001.0 2325000.0 0.07342167938 0.067956772786 0.073680516364 0.079169277046
Herato20 Herato2001 2375001.0 2375000.0 0.086661849194 0.0742627881251 0.086480033754 0.1041562896
Herato20 Herato2001 2425001.0 2425000.0 0.077439259668 0.069986081668 0.077069435112 0.087408891948
Herato20 Herato2001 2475001.0 2475000.0 0.0719310231382 0.0658111113262 0.0715337858574 0.0788791380186
Herato20 Herato2001 2525001.0 2525000.0 0.06970087036 0.06613467304 0.06912267694 0.07529783692
Herato20 Herato2001 2575001.0 2575000.0 0.06466937462 0.0615315562 0.06453318404 0.06803962234
Herato20 Herato2001 2625001.0 2625000.0 0.060640363212 0.0553138268016 0.0608669969532 0.065245640714
Herato20 Herato2001 2675001.0 2675000.0 0.073362241894 0.0643520096814 0.073226922913 0.083855900992
Herato20 Herato2001 2725001.0 2725000.0 0.066785683212 0.058755676562 0.067021710536 0.077011007264
Herato20 Herato2001 2775001.0 2775000.0 0.0742978605264 0.0663017502708 0.0741362840112 0.0843294163928
Herato20 Herato2001 2825001.0 2825000.0 0.057433288414 0.049509156042 0.055382295926 0.068053768438
Herato20 Herato2001 2875001.0 2875000.0 0.0701700046296 0.059546111211 0.07013281137 0.0800257522214
Herato20 Herato2001 2925001.0 2925000.0 0.061395445978 0.0507964376768 0.060783094856 0.075278097192
Herato20 Herato2001 2975001.0 2975000.0 0.0453398078978 0.0373943179098 0.0452525800228 0.0548793232046
Herato20 Herato2001 3025001.0 3025000.0 0.034436786538 0.028131442576 0.03408347453 0.042760625994
Herato20 Herato2001 3075001.0 3075000.0 0.0324038913394 0.0254238757085 0.031841242732 0.0432421967496
Herato20 Herato2001 3125001.0 3125000.0 0.0156553462516 0.014255253484 0.0155082415642 0.0185643870788
Herato20 Herato2001 3175001.0 3175000.0 0.02361684348 0.021072623472 0.023686090628 0.026069905036
Herato20 Herato2001 3225001.0 3225000.0 0.0265812073696 0.0245558547267 0.0267656489088 0.028273478882
Herato20 Herato2001 3275001.0 3275000.0 0.0290627508656 0.0246485615603 0.0286301255744 0.0362085717616
Herato20 Herato2001 3325001.0 3325000.0 0.030157672174 0.025547480116 0.03009081327 0.03600512339
Herato20 Herato2001 3375001.0 3375000.0 0.0286799436094 0.0236825374309 0.0286522499574 0.0343868156712
Herato20 Herato2001 3425001.0 3425000.0 0.0408566994509 0.0349221668207 0.0405909237606 0.048442807295
Herato20 Herato2001 3475001.0 3475000.0 0.05508752236 0.05202570882 0.0553608682 0.05779143098
Herato20 Herato2001 3525001.0 3525000.0 0.06680820758 0.06053007792 0.06632186186 0.07419401144
Herato20 Herato2001 3575001.0 3575000.0 0.0581664068126 0.0509292709227 0.0577588231094 0.070887962918
Herato20 Herato2001 3625001.0 3625000.0 0.062886999864 0.059443264666 0.06255861438 0.067658160452
Herato20 Herato2001 3675001.0 3675000.0 0.056681272339 0.054718752524 0.0562487031848 0.05992172957
Herato20 Herato2001 3725001.0 3725000.0 0.024507231008 0.02199156827 0.0241615626 0.028484868298
Herato20 Herato2001 3775001.0 3775000.0 0.043188638022 0.038111340364 0.042905658454 0.049581567972
Herato20 Herato2001 3825001.0 3825000.0 0.0670898868491 0.0612998751482 0.0673453691392 0.0724872318554
Herato20 Herato2001 3875001.0 3875000.0 0.08335025732 0.07496347104 0.08296084226 0.09433526158
Herato20 Herato2001 3925001.0 3925000.0 0.08023479205 0.074606143726 0.080318640832 0.086125217722
Herato20 Herato2001 3975001.0 3975000.0 0.04283239419 0.039458128252 0.042775387614 0.046639254032
Herato20 Herato2001 4025001.0 4025000.0 0.0757157739456 0.0638601520987 0.0753896245262 0.090113562007
Herato20 Herato2001 4075001.0 4075000.0 0.077941979457 0.074280759509 0.0780291082776 0.083113588044
Herato20 Herato2001 4125001.0 4125000.0 0.049500392857 0.0392624756336 0.048950629728 0.063307753906
Herato20 Herato2001 4175001.0 4175000.0 0.0347321613254 0.0283536817055 0.0346874218066 0.0427669684264
Herato20 Herato2001 4225001.0 4225000.0 0.03120086353 0.029673657668 0.030885664388 0.033938469878
Herato20 Herato2001 4275001.0 4275000.0 0.07849049344 0.07444560178 0.0781398175 0.08404976434
Herato20 Herato2001 4325001.0 4325000.0 0.0590304018514 0.0537462016061 0.0591512975777 0.064841440458
Herato20 Herato2001 4375001.0 4375000.0 0.05066722802 0.04361348816 0.05136784786 0.05678021924
Herato20 Herato2001 4425001.0 4425000.0 0.0830911012618 0.0683633739193 0.079887779613 0.106619552868
Herato20 Herato2001 4475001.0 4475000.0 0.047285875436 0.0426465018 0.047220130938 0.053619861102
Herato20 Herato2001 4525001.0 4525000.0 0.063626218176 0.057618171666 0.061979554868 0.07714051598
Herato20 Herato2001 4575001.0 4575000.0 0.08997580014 0.0768950437793 0.089560227035 0.10395757072
Herato20 Herato2001 4625001.0 4625000.0 0.076046718544 0.07029062837 0.076348462874 0.0865666987
Herato20 Herato2001 4675001.0 4675000.0 0.07130572988 0.0593500335 0.0711414648 0.0835690048
Herato20 Herato2001 4725001.0 4725000.0 0.0791746972068 0.0734761889926 0.0794674720456 0.0864563026846
Herato20 Herato2001 4775001.0 4775000.0 0.0847320296464 0.0688437130916 0.084380276074 0.102097643363
Herato20 Herato2001 4825001.0 4825000.0 0.051525270984 0.041811758798 0.05086878835 0.064175080444
Herato20 Herato2001 4875001.0 4875000.0 0.073010541866 0.063921734468 0.072115804188 0.09122514694
Herato20 Herato2001 4925001.0 4925000.0 0.08915156575 0.082040039032 0.088536524624 0.095606044214
Herato20 Herato2001 4975001.0 4975000.0 0.084486878 0.07973861396 0.08443324592 0.08840992896
Herato20 Herato2001 5025001.0 5025000.0 0.0772565556 0.07041009398 0.07751742896 0.08360306174
Herato20 Herato2001 5075001.0 5075000.0 0.08023017376 0.07648297632 0.07996051936 0.08441481056
Herato20 Herato2001 5125001.0 5125000.0 0.08263785238 0.078223575474 0.08267069266 0.08647329686
Herato20 Herato2001 5175001.0 5175000.0 0.07473827332 0.066329394134 0.07459581924 0.08352136654
Herato20 Herato2001 5225001.0 5225000.0 0.0927737619416 0.0870609520594 0.0926449161518 0.100528216844
Herato20 Herato2001 5275001.0 5275000.0 0.035146523598 0.0306588750498 0.03451770139 0.04142999149
Herato20 Herato2001 5325001.0 5325000.0 0.0280515535228 0.0244289979455 0.0277048733672 0.0334980923048
Herato20 Herato2001 5375001.0 5375000.0 0.022025776488 0.0178554961552 0.0218681938728 0.02756997948
Herato20 Herato2001 5425001.0 5425000.0 0.03079754452 0.028327971504 0.030493327454 0.033762007064
Herato20 Herato2001 5475001.0 5475000.0 0.02655962774 0.024542396306 0.026362697734 0.028892140288
Herato20 Herato2001 5525001.0 5525000.0 0.021042628058 0.018635421246 0.02096740789 0.024316601182
Herato20 Herato2001 5575001.0 5575000.0 0.0187093047751 0.0168326752402 0.0187131110563 0.021410565032
Herato20 Herato2001 5625001.0 5625000.0 0.019789056016 0.018049543816 0.019750103042 0.021907330272
Herato20 Herato2001 5675001.0 5675000.0 0.0226675168278 0.0193014964803 0.0224397195237 0.0281032573114
Herato20 Herato2001 5725001.0 5725000.0 0.07021085712 0.06131425674 0.06949112092 0.08067868966
Herato20 Herato2001 5775001.0 5775000.0 0.0806194399216 0.0736697583758 0.0803115332268 0.089307783352
Herato20 Herato2001 5825001.0 5825000.0 0.0610699554792 0.0530673467151 0.0604895508368 0.0711932449836
Herato20 Herato2001 5875001.0 5875000.0 0.056528589468 0.051651914802 0.056148457706 0.06122676951
Herato20 Herato2001 5925001.0 5925000.0 0.0269732978016 0.0240253751116 0.0271026446512 0.0298962689456
Herato20 Herato2001 5975001.0 5975000.0 0.046258865568 0.034907570002 0.045473345294 0.062186087868
Herato20 Herato2001 6025001.0 6025000.0 0.033637364736 0.026432038444 0.032613649036 0.0471730536
Herato20 Herato2001 6075001.0 6075000.0 0.0335434206225 0.0322127649207 0.0335003936609 0.0356819954083
Herato20 Herato2001 6125001.0 6125000.0 0.049093181772 0.0379564234415 0.047903086279 0.0678281348948
Herato20 Herato2001 6175001.0 6175000.0 0.042139044504 0.035413038135 0.042209793328 0.050788156488
Herato20 Herato2001 6225001.0 6225000.0 0.0598481205495 0.0399740027708 0.057719209343 0.0902690096384
Herato20 Herato2001 6275001.0 6275000.0 0.0529568948632 0.0499526372215 0.052880582039 0.055525461319
Herato20 Herato2001 6325001.0 6325000.0 0.04455814049 0.0395555124365 0.0442078904026 0.050554675412
Herato20 Herato2001 6375001.0 6375000.0 0.0708841661188 0.0666595873018 0.0704328582086 0.076183094354
Herato20 Herato2001 6425001.0 6425000.0 0.032739452804 0.0290817875378 0.032518914348 0.037681757581
Herato20 Herato2001 6475001.0 6475000.0 0.06853669424 0.0637177837 0.06805504758 0.0739683028
Herato20 Herato2001 6525001.0 6525000.0 0.0937798643 0.08707097864 0.09331495158 0.10082036596
Herato20 Herato2001 6575001.0 6575000.0 0.0489762202606 0.04113160949 0.048959557321 0.0583553754556
Herato20 Herato2001 6625001.0 6625000.0 0.052443850294 0.028885466928 0.048187564476 0.094339008774
Herato20 Herato2001 6675001.0 6675000.0 0.0332747050904 0.0224694094769 0.0310839312182 0.0583700306522
Herato20 Herato2001 6725001.0 6725000.0 0.071722475438 0.0628470892824 0.0712186828418 0.082288721668
Herato20 Herato2001 6775001.0 6775000.0 0.119226643024 0.100950263218 0.119151639366 0.140923399732
Herato20 Herato2001 6825001.0 6825000.0 0.0275255124728 0.0230903166322 0.0274088455794 0.0328538416122
Herato20 Herato2001 6875001.0 6875000.0 0.0321108303748 0.0293745053468 0.0318135599046 0.0351146492748
Herato20 Herato2001 6925001.0 6925000.0 0.0228537528012 0.0212021691049 0.0227033709808 0.0249267978338
Herato20 Herato2001 6975001.0 6975000.0 0.0730601613404 0.0421897319476 0.0682654458372 0.137129206778
Herato20 Herato2001 7025001.0 7025000.0 0.042746100096 0.037947159066 0.042484105482 0.048307473682
Herato20 Herato2001 7075001.0 7075000.0 0.0278357259863 0.00845164723556 0.0238054922656 0.0766244080063
Herato20 Herato2001 7125001.0 7125000.0 0.00279484851964 0.00245865383205 0.0027912409051 0.00318095119932
Herato20 Herato2001 7175001.0 7175000.0 0.0114775743358 0.0097574425172 0.011419728271 0.01344934613
Herato20 Herato2001 7225001.0 7225000.0 0.038164657742 0.0303881522876 0.037816674552 0.04831959379
Herato20 Herato2001 7275001.0 7275000.0 0.0207033229254 0.0187529731186 0.0206680941616 0.023110873537
Herato20 Herato2001 7325001.0 7325000.0 0.00753313085752 0.00639061061928 0.00752936796544 0.00867870238794
Herato20 Herato2001 7375001.0 7375000.0 0.024557050078 0.022949375394 0.024536712928 0.026496527724
Herato20 Herato2001 7425001.0 7425000.0 0.0404081543884 0.0315343494896 0.0396686411472 0.056034327442
Herato20 Herato2001 7475001.0 7475000.0 0.021890646367 0.0156398382612 0.021084120182 0.0329399400868
Herato20 Herato2001 7525001.0 7525000.0 0.0298111054502 0.0207993274522 0.0301024853353 0.040495510739
Herato20 Herato2001 7575001.0 7575000.0 0.0666854743578 0.0463001753232 0.0668279193318 0.100612747307
Herato20 Herato2001 7625001.0 7625000.0 0.040243606794 0.0176458356499 0.033392083583 0.0999037425056
Herato20 Herato2001 7675001.0 7675000.0 0.015634079329 0.0104901128259 0.0153399928472 0.0254932301824
Herato20 Herato2001 7725001.0 7725000.0 0.06706889054 0.05804870904 0.06668216232 0.0775846025
Herato20 Herato2001 7775001.0 7775000.0 0.0289293763958 0.0250215994836 0.0287798541218 0.0331315666008
Herato20 Herato2001 7825001.0 7825000.0 0.0213791721064 0.0193502317324 0.0212694074052 0.0240754591084
Herato20 Herato2001 7875001.0 7875000.0 0.025303973688 0.020792629456 0.02517800362 0.030655171478
Herato20 Herato2001 7925001.0 7925000.0 0.0437748046 0.031779460444 0.042315056972 0.063464774522
Herato20 Herato2001 7975001.0 7975000.0 0.028003475553 0.0236810915951 0.0260365827617 0.042217933129
Herato20 Herato2001 8025001.0 8025000.0 0.052935910548 0.0488806810694 0.052990481544 0.056951185964
Herato20 Herato2001 8075001.0 8075000.0 0.0413584540901 0.0359497577984 0.0405389164416 0.0538174282184
Herato20 Herato2001 8125001.0 8125000.0 0.07341812562 0.0651527696 0.07460843342 0.0813901227
Herato20 Herato2001 8175001.0 8175000.0 0.04829187744 0.04508871904 0.04845298304 0.05093211392
Herato20 Herato2001 8225001.0 8225000.0 0.03663460692 0.03423421606 0.03681262224 0.03872795664
Herato20 Herato2001 8275001.0 8275000.0 0.033660545896 0.031397262056 0.033603215964 0.037201592946
Herato20 Herato2001 8325001.0 8325000.0 0.051193801719 0.0465142280764 0.0511633412898 0.05610696095
Herato20 Herato2001 8375001.0 8375000.0 0.05342104873 0.0485588263006 0.053308773092 0.058881877674
Herato20 Herato2001 8425001.0 8425000.0 0.064013328646 0.055169898152 0.066588247414 0.072873041388
Herato20 Herato2001 8475001.0 8475000.0 0.07241536802 0.06463160744 0.07263547164 0.08454444364
Herato20 Herato2001 8525001.0 8525000.0 0.059675894272 0.051811250808 0.059214161564 0.069797548538
Herato20 Herato2001 8575001.0 8575000.0 0.052702405166 0.0466233585196 0.0525660968156 0.0590797594
Herato20 Herato2001 8625001.0 8625000.0 0.039922076982 0.03514980969 0.039593411966 0.045669081856
Herato20 Herato2001 8675001.0 8675000.0 0.04403452469 0.039546920682 0.044126577956 0.048178429604
Herato20 Herato2001 8725001.0 8725000.0 0.043768506638 0.0392693524956 0.04374282441 0.050047508648
Herato20 Herato2001 8775001.0 8775000.0 0.034622569256 0.03079568693 0.034648166334 0.038701065648
Herato20 Herato2001 8825001.0 8825000.0 0.0445582300192 0.0306055822027 0.0447635126838 0.060049324902
Herato20 Herato2001 8875001.0 8875000.0 0.0398515292 0.03642042339 0.0399623994 0.0431688864
Herato20 Herato2001 8925001.0 8925000.0 0.07096779496 0.063823942886 0.07081950216 0.07781957868
Herato20 Herato2001 8975001.0 8975000.0 0.058760855498 0.054550244615 0.0587357431846 0.0635587719188
Herato20 Herato2001 9025001.0 9025000.0 0.04957909871 0.04562914279 0.04947609889 0.053948440862
Herato20 Herato2001 9075001.0 9075000.0 0.06512810082 0.06244317946 0.06495181262 0.06835387544
Herato20 Herato2001 9125001.0 9125000.0 0.07673215686 0.07430516708 0.07658492948 0.0801076192
Herato20 Herato2001 9175001.0 9175000.0 0.08848621792 0.08499472026 0.08827651256 0.0931116689
Herato20 Herato2001 9225001.0 9225000.0 0.112884956907 0.0777250131612 0.111465875063 0.144431707686
Herato20 Herato2001 9275001.0 9275000.0 0.06891896358 0.055051943684 0.068404192134 0.08537108878
Herato20 Herato2001 9325001.0 9325000.0 0.063433896458 0.052524495877 0.063320013608 0.073633483956
Herato20 Herato2001 9375001.0 9375000.0 0.08261642014 0.07313937648 0.083162904 0.09271813318
Herato20 Herato2001 9425001.0 9425000.0 0.08182121492 0.07589652906 0.08076063464 0.0903815248
Herato20 Herato2001 9475001.0 9475000.0 0.08302465724 0.08001892052 0.08177680276 0.08815718956
Herato20 Herato2001 9525001.0 9525000.0 0.062457586502 0.059881988156 0.061984887408 0.066128541352
Herato20 Herato2001 9575001.0 9575000.0 0.054425810102 0.051177162476 0.054368871958 0.05815246707
Herato20 Herato2001 9625001.0 9625000.0 0.045563670478 0.041409090841 0.045604562958 0.0500852343
Herato20 Herato2001 9675001.0 9675000.0 0.05061012336 0.04948833608 0.05046106696 0.0528296064
Herato20 Herato2001 9725001.0 9725000.0 0.0458461453258 0.0431701167366 0.0455686921356 0.04916788163
Herato20 Herato2001 9775001.0 9775000.0 0.053519441644 0.0394531439201 0.051186461692 0.082780595544
Herato20 Herato2001 9825001.0 9825000.0 0.0450000131946 0.0417773851868 0.0448790698974 0.048712015868
Herato20 Herato2001 9875001.0 9875000.0 0.0465689566 0.043122037 0.04642424648 0.05047173626
Herato20 Herato2001 9925001.0 9925000.0 0.041529146732 0.032515751504 0.036835057728 0.05755939316
Herato20 Herato2001 9975001.0 9975000.0 0.05847099468 0.052495626536 0.05794922574 0.0658887996
Herato20 Herato2001 10025001.0 10025000.0 0.0689333987 0.06259832534 0.06876206832 0.0750376082
Herato20 Herato2001 10075001.0 10075000.0 0.06830008934 0.06675402688 0.06783071928 0.07168142026
Herato20 Herato2001 10125001.0 10125000.0 0.039671892932 0.035445145786 0.039612487606 0.044637892228
Herato20 Herato2001 10175001.0 10175000.0 0.06534631712 0.058559718345 0.06510575088 0.0714756557
Herato20 Herato2001 10225001.0 10225000.0 0.06185268818 0.05832255026 0.0614351693 0.06957517838
Herato20 Herato2001 10275001.0 10275000.0 0.08255211016 0.07958366304 0.0819927248 0.08707452264
Herato20 Herato2001 10325001.0 10325000.0 0.08147671236 0.07774702552 0.08110465 0.08663608094
Herato20 Herato2001 10375001.0 10375000.0 0.11391414902 0.10629498008 0.11347698286 0.12475108262
Herato20 Herato2001 10425001.0 10425000.0 0.0287695862706 0.0271121629548 0.0285867555986 0.030701138528
Herato20 Herato2001 10475001.0 10475000.0 0.0583820068 0.05518859762 0.05896804466 0.06093513342
Herato20 Herato2001 10525001.0 10525000.0 0.09305263232 0.08702680792 0.09360238248 0.09593181132
Herato20 Herato2001 10575001.0 10575000.0 0.0569204490358 0.0504536902032 0.0568282641476 0.0625378013686
Herato20 Herato2001 10625001.0 10625000.0 0.0497282405852 0.0356629659032 0.048739460986 0.068843895502
Herato20 Herato2001 10675001.0 10675000.0 0.0586214812526 0.0535928214736 0.0583462518458 0.0651376088574
Herato20 Herato2001 10725001.0 10725000.0 0.05936609132 0.05569443528 0.05923119906 0.06303463404
Herato20 Herato2001 10775001.0 10775000.0 0.06509501148 0.06125459174 0.06508347146 0.06787686826
Herato20 Herato2001 10825001.0 10825000.0 0.06855351446 0.06419496168 0.06859444098 0.07186053312
Herato20 Herato2001 10875001.0 10875000.0 0.072599387206 0.062104525844 0.07242140253 0.083656821158
Herato20 Herato2001 10925001.0 10925000.0 0.065914188148 0.060930750882 0.065847692486 0.070946600234
Herato20 Herato2001 10975001.0 10975000.0 0.063719764812 0.05499812357 0.063117443198 0.074502408064
Herato20 Herato2001 11025001.0 11025000.0 0.0651420473144 0.057194573694 0.0648900858574 0.074588114928
Herato20 Herato2001 11075001.0 11075000.0 0.062713018902 0.0590402561001 0.062251157468 0.066526014764
Herato20 Herato2001 11125001.0 11125000.0 0.06881294186 0.06491919362 0.06866230956 0.07237976634
Herato20 Herato2001 11175001.0 11175000.0 0.07081069236 0.06446548253 0.07090643708 0.07893693562
Herato20 Herato2001 11225001.0 11225000.0 0.073064362256 0.0674097097596 0.0725395682062 0.080289040426
Herato20 Herato2001 11275001.0 11275000.0 0.0646371560984 0.0580891784148 0.0639077855096 0.074290862544
Herato20 Herato2001 11325001.0 11325000.0 0.0227404966934 0.0173301431494 0.0227910299614 0.0290908341448
Herato20 Herato2001 11375001.0 11375000.0 0.063626903178 0.036463393816 0.05833051495 0.105749989836
Herato20 Herato2001 11425001.0 11425000.0 0.066431399462 0.062832288076 0.066913726626 0.068991347608
Herato20 Herato2001 11475001.0 11475000.0 0.06492239952 0.06192341242 0.06493347736 0.0687133358
Herato20 Herato2001 11525001.0 11525000.0 0.112632251918 0.102944100906 0.112233610886 0.124282285276
Herato20 Herato2001 11575001.0 11575000.0 0.065378209166 0.05743401278 0.065172738078 0.075667725812
Herato20 Herato2001 11625001.0 11625000.0 0.067128687272 0.063026758106 0.067356886482 0.071789081432
Herato20 Herato2001 11675001.0 11675000.0 0.05926494326 0.04754641422 0.05953684484 0.06734516942
Herato20 Herato2001 11725001.0 11725000.0 0.054655838862 0.0469990645234 0.054512840238 0.0640447921
Herato20 Herato2001 11775001.0 11775000.0 0.061980348458 0.053720917164 0.06221533855 0.071318029264
Herato20 Herato2001 11825001.0 11825000.0 0.04550683303 0.034251728376 0.04494166043 0.061086369846
Herato20 Herato2001 11875001.0 11875000.0 0.043572089404 0.0397893167985 0.0434591022684 0.048243125872
Herato20 Herato2001 11925001.0 11925000.0 0.06580022934 0.0580321237 0.06518332528 0.07660129478
Herato20 Herato2001 11975001.0 11975000.0 0.0654068854034 0.0575840830351 0.065019284567 0.0744471325982
Herato20 Herato2001 12025001.0 12025000.0 0.053693251346 0.050266215936 0.053546801222 0.057379647102
Herato20 Herato2001 12075001.0 12075000.0 0.0521713969462 0.0486557078251 0.0516987298994 0.055894774785
Herato20 Herato2001 12125001.0 12125000.0 0.070581983822 0.066235992542 0.070333711048 0.076748628926
Herato20 Herato2001 12175001.0 12175000.0 0.073233869392 0.06821164112 0.07322564895 0.078307326304
Herato20 Herato2001 12225001.0 12225000.0 0.086088815898 0.0809343344006 0.08616851822 0.09187209549
Herato20 Herato2001 12275001.0 12275000.0 0.06287020907 0.058331773216 0.062544352552 0.06823068831
Herato20 Herato2001 12325001.0 12325000.0 0.053475495446 0.04877489987 0.0532646112 0.05943989784
Herato20 Herato2001 12375001.0 12375000.0 0.06437726026 0.05647665048 0.0643664245 0.07354308034
Herato20 Herato2001 12425001.0 12425000.0 0.06869781426 0.06148323012 0.06917623856 0.07525602322
Herato20 Herato2001 12475001.0 12475000.0 0.0681278188264 0.0615972539674 0.0675643748464 0.0761261940072
Herato20 Herato2001 12525001.0 12525000.0 0.08397856128 0.08058610416 0.08384858208 0.08821688304
Herato20 Herato2001 12575001.0 12575000.0 0.041281742494 0.033514863938 0.040737022172 0.05186129385
Herato20 Herato2001 12625001.0 12625000.0 0.041271600974 0.03701839243 0.041546045912 0.0461544008
Herato20 Herato2001 12675001.0 12675000.0 0.0771643464 0.069157821788 0.07720045984 0.08658748852
Herato20 Herato2001 12725001.0 12725000.0 0.070700742712 0.0642621873648 0.0707517568904 0.0777180216704
Herato20 Herato2001 12775001.0 12775000.0 0.029720064688 0.027403490046 0.029502079212 0.032917600342
Herato20 Herato2001 12825001.0 12825000.0 0.07871478047 0.0533717757682 0.0743329728328 0.125761119186
Herato20 Herato2001 12875001.0 12875000.0 0.0272456448064 0.0235642510514 0.0271524027392 0.0312603097982
Herato20 Herato2001 12925001.0 12925000.0 0.0478393130596 0.040989062779 0.0460966766726 0.062689749556
Herato20 Herato2001 12975001.0 12975000.0 0.0288697346971 0.0195696029512 0.027166701178 0.051627362814
Herato20 Herato2001 13025001.0 13025000.0 0.03323318787 0.028463735566 0.033154800748 0.03863925271
Herato20 Herato2001 13075001.0 13075000.0 0.0338273151568 0.0316981378294 0.033714733463 0.0361571064386
Herato20 Herato2001 13125001.0 13125000.0 0.0671498564742 0.0628760941158 0.0669815312398 0.0710374631966
Herato20 Herato2001 13175001.0 13175000.0 0.07723944338 0.0697509037 0.07714166276 0.08536148468
Herato20 Herato2001 13225001.0 13225000.0 0.06776814376 0.063017430786 0.067657148938 0.073373937502
Herato20 Herato2001 13275001.0 13275000.0 0.05634274766 0.05266219764 0.056233998 0.0593976613
Herato20 Herato2001 13325001.0 13325000.0 0.05798371504 0.05380681294 0.0579685698 0.0620658764
Herato20 Herato2001 13375001.0 13375000.0 0.09934025678 0.09829322392 0.09894491704 0.1022700858
Herato20 Herato2001 13425001.0 13425000.0 0.059298157666 0.0561000111478 0.0589569759 0.063086360776
Herato20 Herato2001 13475001.0 13475000.0 0.070171488898 0.0630139384282 0.0697105803 0.07830541734
Herato20 Herato2001 13525001.0 13525000.0 0.075923675404 0.070196919378 0.076368978198 0.080580099912
Herato20 Herato2001 13575001.0 13575000.0 0.06927352396 0.06155988384 0.06901547226 0.07884175112
Herato20 Herato2001 13625001.0 13625000.0 0.044473865016 0.037555631434 0.044830266106 0.050504015376
Herato20 Herato2001 13675001.0 13675000.0 0.049368222532 0.043892571532 0.049078219554 0.056141738384
Herato20 Herato2001 13725001.0 13725000.0 0.0286431756042 0.0144207647541 0.0286094664105 0.0527362703126
Herato20 Herato2001 13775001.0 13775000.0 0.077929661318 0.0580553586916 0.0766741911842 0.103723465942
Herato20 Herato2001 13825001.0 13825000.0 0.084198149411 0.0653479496094 0.0814272100636 0.114415417177
Herato20 Herato2001 13875001.0 13875000.0 0.0340153647626 0.0286703608206 0.0338499902532 0.0408956254684
Herato20 Herato2001 13925001.0 13925000.0 0.0460578616218 0.0369434493622 0.0456579932033 0.0570879666632
Herato20 Herato2001 13975001.0 13975000.0 0.06844543426 0.06432890694 0.06862014074 0.07189850074
Herato20 Herato2001 14025001.0 14025000.0 0.064579899978 0.052632668276 0.063173582998 0.082258956646
Herato20 Herato2001 14075001.0 14075000.0 0.0403544818834 0.0343802096686 0.0397306759814 0.0533057576
Herato20 Herato2001 14125001.0 14125000.0 0.0273174834728 0.0254714689223 0.0273409249498 0.0292015479226
Herato20 Herato2001 14175001.0 14175000.0 0.05243917418 0.04986269088 0.05273211274 0.05524950026
Herato20 Herato2001 14225001.0 14225000.0 0.050556464688 0.041644437182 0.049381665576 0.064027578856
Herato20 Herato2001 14275001.0 14275000.0 0.079149701623 0.0714547925578 0.0794458541758 0.08586047788
Herato20 Herato2001 14325001.0 14325000.0 0.0717900618844 0.0554355006729 0.0705724263844 0.096965455546
Herato20 Herato2001 14375001.0 14375000.0 0.051172935684 0.047122102228 0.051202973626 0.055682266228
Herato20 Herato2001 14425001.0 14425000.0 0.069689528721 0.0586663049985 0.0698190728912 0.0830552644914
Herato20 Herato2001 14475001.0 14475000.0 0.0783103773 0.06885023196 0.0772618837 0.0918906323
Herato20 Herato2001 14525001.0 14525000.0 0.09832698125 0.0945405886853 0.0980559785664 0.10259622684
Herato20 Herato2001 14575001.0 14575000.0 0.075289706416 0.0680269067816 0.074978570194 0.083440865236
Herato20 Herato2001 14625001.0 14625000.0 0.04528182026 0.042135819 0.04512788118 0.04928476712
Herato20 Herato2001 14675001.0 14675000.0 0.0477842236728 0.0411883566068 0.047582189851 0.0558925481014
Herato20 Herato2001 14725001.0 14725000.0 0.043735597296 0.038706563784 0.043739766364 0.05134391789
Herato20 Herato2001 14775001.0 14775000.0 0.0567066262816 0.0498601789776 0.0563382096306 0.064418967198
Herato20 Herato2001 14825001.0 14825000.0 0.063690284932 0.051079714234 0.062819272004 0.080709572376
Herato20 Herato2001 14875001.0 14875000.0 0.036006845694 0.0320829229156 0.035919078492 0.0405275399
Herato20 Herato2001 14925001.0 14925000.0 0.044762037012 0.04260790389 0.044850336044 0.0472910138
Herato20 Herato2001 14975001.0 14975000.0 0.060392196594 0.0462939760922 0.058682809868 0.0822493582616
Herato20 Herato2001 15025001.0 15025000.0 0.0463584054846 0.0366389115194 0.045937001546 0.057826107904
Herato20 Herato2001 15075001.0 15075000.0 0.04822657712 0.0370452101814 0.048080552178 0.057010164282
Herato20 Herato2001 15125001.0 15125000.0 0.042189411624 0.028233446676 0.042495226404 0.047014107302
Herato20 Herato2001 15175001.0 15175000.0 0.04880153774 0.042531902136 0.04883131356 0.05608156116
Herato20 Herato2001 15225001.0 15225000.0 0.024406323644 0.02271004177 0.024331225682 0.02656520686
Herato20 Herato2001 15275001.0 15275000.0 0.056096741622 0.05072764864 0.05601071203 0.061932253254
Herato20 Herato2001 15325001.0 15325000.0 0.05973125538 0.054395029626 0.05923630577 0.06615012968
Herato20 Herato2001 15375001.0 15375000.0 0.07905188322 0.073653799898 0.079164348324 0.084401631092
Herato20 Herato2001 15425001.0 15425000.0 0.06618992554 0.0610972863142 0.066021594532 0.071805407972
Herato20 Herato2001 15475001.0 15475000.0 0.05571942522 0.045588665626 0.055406908512 0.06827967336
Herato20 Herato2001 15525001.0 15525000.0 0.05862042512 0.05631271822 0.05847402166 0.06192074036
Herato20 Herato2001 15575001.0 15575000.0 0.0457494997394 0.0378075959922 0.045556267723 0.05527156404
Herato20 Herato2001 15625001.0 15625000.0 0.069086674206 0.060388770996 0.068419686416 0.081412437204
Herato20 Herato2001 15675001.0 15675000.0 0.063482998154 0.061284589892 0.063076078268 0.06690343223
Herato20 Herato2001 15725001.0 15725000.0 0.049558424088 0.044940786956 0.049451397666 0.05497010034
Herato20 Herato2001 15775001.0 15775000.0 0.0351407897034 0.0287549814257 0.0349387423888 0.0436229562272
Herato20 Herato2001 15825001.0 15825000.0 0.073965758268 0.059142147298 0.072751727056 0.09294068255
Herato20 Herato2001 15875001.0 15875000.0 0.0327974398148 0.0283494219071 0.032737204233 0.0384473404318
Herato20 Herato2001 15925001.0 15925000.0 0.035616675168 0.028173702706 0.035242630232 0.045571190534
Herato20 Herato2001 15975001.0 15975000.0 0.022296768384 0.02006207008 0.02214121671 0.025552301064
Herato20 Herato2001 16025001.0 16025000.0 0.025923990366 0.0241479078604 0.0257028305298 0.0280228819916
Herato20 Herato2001 16075001.0 16075000.0 0.040754666198 0.038244384644 0.040461334348 0.044098737274
Herato20 Herato2001 16125001.0 16125000.0 0.0270234324908 0.0216271115053 0.0258145399222 0.0364359474488
Herato20 Herato2001 16175001.0 16175000.0 0.01952694516 0.018278675248 0.019518686176 0.0206253356
Herato20 Herato2001 16225001.0 16225000.0 0.0150094004613 0.0134878051466 0.0150109921113 0.0166105596818
Herato20 Herato2001 16275001.0 16275000.0 0.032568547747 0.0221531367143 0.0320432106812 0.0453476481874
Herato20 Herato2001 16325001.0 16325000.0 0.035067520782 0.029944062412 0.034980689486 0.041758588436
Herato20 Herato2001 16375001.0 16375000.0 0.058770149996 0.053623984812 0.058919769586 0.063466473918
Herato20 Herato2001 16425001.0 16425000.0 0.048267261736 0.043582271004 0.048083055944 0.054257720348
Herato20 Herato2001 16475001.0 16475000.0 0.07427623044 0.07039285532 0.0746694646 0.07771216362
Herato20 Herato2001 16525001.0 16525000.0 0.052542717981 0.0481352884242 0.05203255462 0.06089096269
Herato20 Herato2001 16575001.0 16575000.0 0.10215200434 0.09135641222 0.10110472582 0.11506068852
Herato20 Herato2001 16625001.0 16625000.0 0.082050105714 0.076381860838 0.081841280138 0.089300565154
Herato20 Herato2001 16675001.0 16675000.0 0.07216590944 0.06806801932 0.07197928298 0.07696369004
Herato20 Herato2001 16725001.0 16725000.0 0.09004997222 0.0858050818 0.0900410261 0.09360075724
Herato20 Herato2001 16775001.0 16775000.0 0.07479642468 0.06995854378 0.07486712214 0.07943236738
Herato20 Herato2001 16825001.0 16825000.0 0.06004086266 0.0573759146 0.06010219732 0.0630302042
Herato20 Herato2001 16875001.0 16875000.0 0.078323901236 0.0739282626954 0.07821100863 0.083438937406
Herato20 Herato2001 16925001.0 16925000.0 0.08333431624 0.07889123558 0.0835285197 0.0866617156
Herato20 Herato2001 16975001.0 16975000.0 0.06297970926 0.05949495896 0.06282669064 0.0676316182
Herato20 Herato2001 17025001.0 17025000.0 0.03211224945 0.028573198898 0.03200975212 0.036709508174
Herato20 Herato2001 17075001.0 17075000.0 0.061531282352 0.05648137841 0.061313648858 0.068442809728
Herato20 Herato2001 17125001.0 17125000.0 0.07481811552 0.07205263178 0.07491767232 0.07693724282
Herato20 Herato2001 17175001.0 17175000.0 0.07228256362 0.06789394554 0.0720409844 0.07754604078
Herato20 Herato2001 17225001.0 17225000.0 0.05966272488 0.05718320188 0.059500732976 0.062214407512
Herato20 Herato2001 17275001.0 17275000.0 0.048576335392 0.045512323256 0.048531683064 0.05158202556
Herato20 Herato2001 17325001.0 17325000.0 0.054864200256 0.050886744678 0.054860217652 0.057965346412
Herato20 Herato2001 17375001.0 17375000.0 0.0519057169566 0.0436639452663 0.0517237833418 0.061959485124
Herato20 Herato2001 17425001.0 17425000.0 0.085753018506 0.0572390420995 0.0822285386714 0.14632475066
Herato20 Herato2001 17475001.0 17475000.0 0.0661957758 0.0621246274878 0.06607175469 0.06972511828
Herato20 Herato2001 17525001.0 17525000.0 0.053077228699 0.0386834660819 0.0529890621991 0.0682274278874
Herato20 Herato2001 17575001.0 17575000.0 0.0719764298576 0.0656583842684 0.070906119767 0.0800446393692
Herato20 Herato2001 17625001.0 17625000.0 0.08948366498 0.08284356348 0.08899957876 0.0958910713
Herato20 Herato2001 17675001.0 17675000.0 0.07139934828 0.06776472876 0.07184170896 0.07426087748
Herato20 Herato2001 17725001.0 17725000.0 0.095543512024 0.089654966838 0.09539600099 0.10174964953
Herato20 Herato2001 17775001.0 17775000.0 0.06956711258 0.06741720828 0.06941600892 0.07393446702
Herato20 Herato2001 17825001.0 17825000.0 0.06448384928 0.06208690994 0.06433709336 0.06879761554
Herato20 Herato2001 17875001.0 17875000.0 0.04556897812 0.0419314318 0.04546860756 0.04951162354
Herato20 Herato2001 17925001.0 17925000.0 0.057534896816 0.0543934299308 0.057100117636 0.062517996952
Herato20 Herato2001 17975001.0 17975000.0 0.0545181984 0.0443049552 0.053971408 0.06747108862
Herato20 Herato2001 18025001.0 18025000.0 0.065205722342 0.057719760064 0.06536221859 0.073071457832
Herato20 Herato2001 18075001.0 18075000.0 0.0358711956696 0.0289822302691 0.0369157484044 0.0427112730968
Herato20 Herato2001 18125001.0 18125000.0 0.0563639644569 0.052021888026 0.0565633847246 0.060061931039
Herato20 Herato2001 18175001.0 18175000.0 0.066538399486 0.0611513884724 0.066281351564 0.072328110914
Herato20 Herato2001 18225001.0 18225000.0 0.0652874476442 0.0640794977638 0.065007900844 0.06889670318
Herato20 Herato2001 18275001.0 18275000.0 0.0403217898362 0.034484748352 0.0401043099218 0.0473838852324
Herato20 Herato2001 18325001.0 18325000.0 0.073244084128 0.0643593692074 0.072431855368 0.083968110698
Herato20 Herato2001 18375001.0 18375000.0 0.06508582702 0.05682870502 0.06506408568 0.071654546
Herato20 Herato2001 18425001.0 18425000.0 0.0408797122076 0.037011101517 0.0409478474076 0.045164806092
Herato20 Herato2001 18475001.0 18475000.0 0.0339053187702 0.0261315070168 0.0331980961818 0.045063640852
Herato20 Herato2001 18525001.0 18525000.0 0.029468867206 0.026818011164 0.02937315814 0.032515409396
Herato20 Herato2001 18575001.0 18575000.0 0.019659443728 0.018421999538 0.019592825372 0.0212047058
Herato20 Herato2001 18625001.0 18625000.0 0.022460502264 0.01888632069 0.021937765524 0.027472235634
Herato20 Herato2001 18675001.0 18675000.0 0.024071811876 0.022073663216 0.023886895288 0.026775488504
Herato20 Herato2001 18725001.0 18725000.0 0.024563555118 0.022834682998 0.024549948138 0.02701080071
Herato20 Herato2001 18775001.0 18775000.0 0.0522310455696 0.0453914736644 0.052042855672 0.060165485796
Herato20 Herato2001 18825001.0 18825000.0 0.05881393638 0.05466285588 0.05861257852 0.0637829356
Herato20 Herato2001 18875001.0 18875000.0 0.0397920504388 0.0308893539827 0.0390807560692 0.053276538472
Herato20 Herato2001 18925001.0 18925000.0 0.0173631545478 0.0161845799796 0.0172260127488 0.018769471363
Herato20 Herato2001 18975001.0 18975000.0 0.011264719612 0.010732574422 0.011241623716 0.012058730404
Herato20 Herato2001 19025001.0 19025000.0 0.0272191410871 0.0176745305625 0.0261870056586 0.0444037372584
Herato20 Herato2001 19075001.0 19075000.0 0.0307879146076 0.0254107851971 0.030425853052 0.0375376826088
Herato20 Herato2001 19125001.0 19125000.0 0.030479015976 0.023329827134 0.02980394175 0.041288947862
Herato20 Herato2001 19175001.0 19175000.0 0.0508246709116 0.0406333129352 0.050382704884 0.0649447770216
Herato20 Herato2001 19225001.0 19225000.0 0.0343153616854 0.0274744224006 0.033809837043 0.0443247959512
Herato20 Herato2001 19275001.0 19275000.0 0.040967239904 0.037519385248 0.041278163708 0.043939217928
