chrom scaffold Cposition position mean p0025 p0500 p0975
Herato05 Herato0501 25001.0 25000.0 0.0562525713052 0.0465224780472 0.0553605096584 0.073378865198
Herato05 Herato0501 75001.0 75000.0 0.062299892669 0.0572223843178 0.0625730748398 0.066594540422
Herato05 Herato0501 125001.0 125000.0 0.0377597508616 0.0332729227314 0.0374472084322 0.0440727759238
Herato05 Herato0501 175001.0 175000.0 0.076024072088 0.067968206432 0.075833928046 0.0849253056
Herato05 Herato0501 225001.0 225000.0 0.07464710906 0.069871315912 0.07382297268 0.08327899012
Herato05 Herato0501 275001.0 275000.0 0.092257693888 0.0807464856016 0.092110152348 0.10361876618
Herato05 Herato0501 325001.0 325000.0 0.0636944414 0.0599087618 0.0638097025 0.06680814576
Herato05 Herato0501 375001.0 375000.0 0.102613875136 0.085407156374 0.100975085414 0.12439568114
Herato05 Herato0501 425001.0 425000.0 0.105820301265 0.0886709120852 0.104612599724 0.131123281697
Herato05 Herato0501 475001.0 475000.0 0.0766720724 0.07182938908 0.0770036881 0.08179637266
Herato05 Herato0501 525001.0 525000.0 0.0975695059568 0.092327376112 0.0973260982547 0.104207060802
Herato05 Herato0501 575001.0 575000.0 0.064204987196 0.060050383498 0.06384193958 0.070577922196
Herato05 Herato0501 625001.0 625000.0 0.105782240334 0.0882644591318 0.105696709852 0.128427945334
Herato05 Herato0501 675001.0 675000.0 0.0743925413 0.06887722374 0.07435831938 0.0798054002
Herato05 Herato0501 725001.0 725000.0 0.048462418786 0.04450564567 0.04824962032 0.052870185174
Herato05 Herato0501 775001.0 775000.0 0.080535892322 0.0732432394704 0.0802699112436 0.086760471802
Herato05 Herato0501 825001.0 825000.0 0.0979850736 0.09531233208 0.097351978 0.1025054018
Herato05 Herato0501 875001.0 875000.0 0.069066630156 0.0623213326397 0.068831078746 0.076401702018
Herato05 Herato0501 925001.0 925000.0 0.099426402778 0.092287770674 0.099355123906 0.10744654196
Herato05 Herato0501 975001.0 975000.0 0.105847103332 0.100203712501 0.106073478234 0.111573699468
Herato05 Herato0501 1025001.0 1025000.0 0.071423027412 0.066855684512 0.071740611392 0.07501459173
Herato05 Herato0501 1075001.0 1075000.0 0.06605489548 0.05720921194 0.06631108346 0.07550857678
Herato05 Herato0501 1125001.0 1125000.0 0.0499414189935 0.0441350670927 0.0495156346471 0.0577798091142
Herato05 Herato0501 1175001.0 1175000.0 0.0254043621492 0.0225159858976 0.0253255522342 0.02901223793
Herato05 Herato0501 1225001.0 1225000.0 0.083774279169 0.076026853629 0.0830774636726 0.0920835988672
Herato05 Herato0501 1257436.5 1275000.0 0.0952819796248 0.0899077530092 0.0952556400377 0.1001673605
Herato05 Herato0502 1289873.0 25000.0 0.083024566836 0.0730128488976 0.0836632117452 0.0949714193608
Herato05 Herato0502 1339873.0 75000.0 0.096848170256 0.0809947729349 0.0961825451346 0.120434962112
Herato05 Herato0502 1389873.0 125000.0 0.0660006288148 0.0624399115382 0.0658059230616 0.0695392162
Herato05 Herato0502 1439873.0 175000.0 0.09763588608 0.09474023376 0.09734329874 0.10131533544
Herato05 Herato0502 1481817.5 225000.0 0.0808149465384 0.0748436826947 0.0806045459103 0.0888334292354
Herato05 Herato0503 1523763.0 25000.0 0.0907067628 0.083898595012 0.090451533908 0.097883586908
Herato05 Herato0503 1573763.0 75000.0 0.07864565702 0.07339679188 0.07897087236 0.08369394676
Herato05 Herato0503 1623763.0 125000.0 0.09092111442 0.0814049993576 0.091061072888 0.099723166338
Herato05 Herato0503 1673763.0 175000.0 0.084342904856 0.0816336003062 0.084331139081 0.0863244349072
Herato05 Herato0503 1723763.0 225000.0 0.0400986300088 0.0367447425038 0.0399291953118 0.0446235494912
Herato05 Herato0503 1773763.0 275000.0 0.0308479673926 0.0271463921603 0.0307108419559 0.0350191825706
Herato05 Herato0503 1823763.0 325000.0 0.09950294874 0.09252767594 0.09942266524 0.10749449724
Herato05 Herato0503 1873763.0 375000.0 0.095670298364 0.088458096322 0.095364867772 0.102591290086
Herato05 Herato0503 1923763.0 425000.0 0.0780925320261 0.070791492569 0.0773490112092 0.0867476079592
Herato05 Herato0503 1973763.0 475000.0 0.0577562351767 0.046380134813 0.0577853212617 0.0696012333333
Herato05 Herato0503 2023763.0 525000.0 0.0828908906342 0.0734795076267 0.0825537520246 0.0942556929308
Herato05 Herato0503 2073763.0 575000.0 0.052334283754 0.044166955916 0.051982009484 0.064064471096
Herato05 Herato0503 2123763.0 625000.0 0.106039222375 0.0904360277357 0.105070143884 0.125901455536
Herato05 Herato0503 2173763.0 675000.0 0.08071335422 0.07639944772 0.08060053058 0.0855475812
Herato05 Herato0503 2223763.0 725000.0 0.091136207712 0.088242106338 0.09059870165 0.095754143324
Herato05 Herato0503 2273763.0 775000.0 0.0928718772 0.08721114624 0.0921335961 0.09866825948
Herato05 Herato0503 2323763.0 825000.0 0.0874139050182 0.076808960364 0.0869447866966 0.100896825401
Herato05 Herato0503 2373763.0 875000.0 0.0904668422376 0.0864938702916 0.0903879846186 0.0957644574508
Herato05 Herato0503 2423763.0 925000.0 0.07869418606 0.072388146356 0.077955575072 0.088298040794
Herato05 Herato0503 2473763.0 975000.0 0.075744659902 0.07013977466 0.075425684276 0.081335973482
Herato05 Herato0503 2523763.0 1025000.0 0.08893130696 0.056480913342 0.08636814726 0.1429794497
Herato05 Herato0503 2573763.0 1075000.0 0.058044055426 0.053489191714 0.05760588942 0.063494921364
Herato05 Herato0503 2623763.0 1125000.0 0.050543442584 0.044035335856 0.05006766285 0.058559513818
Herato05 Herato0503 2673763.0 1175000.0 0.0763138777016 0.067802074021 0.0759865268869 0.0841490326384
Herato05 Herato0503 2723763.0 1225000.0 0.08137695392 0.0771832977 0.08130025196 0.08663771034
Herato05 Herato0503 2773763.0 1275000.0 0.089966661788 0.0843460215982 0.088995397474 0.099638988678
Herato05 Herato0503 2823763.0 1325000.0 0.0672000848338 0.0608789931082 0.0670147562702 0.07353699205
Herato05 Herato0503 2873763.0 1375000.0 0.0289401798263 0.0235026495709 0.0287475320788 0.0355668929468
Herato05 Herato0503 2923763.0 1425000.0 0.0445661157894 0.0367854934539 0.0438284005566 0.0554067157852
Herato05 Herato0503 2973763.0 1475000.0 0.07564236005 0.0701404192736 0.075472172932 0.08191827626
Herato05 Herato0503 3023763.0 1525000.0 0.054393911958 0.048533579718 0.054219872958 0.061589358774
Herato05 Herato0503 3073763.0 1575000.0 0.080064937612 0.0736145880762 0.07994288296 0.086807986128
Herato05 Herato0503 3123763.0 1625000.0 0.0814354717638 0.0535825922106 0.0792893591673 0.122729776298
Herato05 Herato0503 3173763.0 1675000.0 0.0388563910078 0.0327141887323 0.0386764907072 0.0459482750972
Herato05 Herato0503 3223763.0 1725000.0 0.047576191036 0.042522755498 0.04738370771 0.05341894126
Herato05 Herato0503 3273763.0 1775000.0 0.0767030617 0.0669508944 0.07701842606 0.0850628796
Herato05 Herato0503 3323763.0 1825000.0 0.0593814655588 0.0495547093832 0.0576572398712 0.077790368792
Herato05 Herato0503 3373763.0 1875000.0 0.0847276210228 0.0732599639436 0.0823196582916 0.099737406088
Herato05 Herato0503 3423763.0 1925000.0 0.0807080747787 0.072830785303 0.0803333646643 0.0907232579858
Herato05 Herato0503 3473763.0 1975000.0 0.075768494882 0.070705724074 0.075711633578 0.081447023398
Herato05 Herato0503 3523763.0 2025000.0 0.09416559878 0.083806709758 0.093951055934 0.105673777556
Herato05 Herato0503 3573763.0 2075000.0 0.0408702033128 0.0375608732628 0.0408694744949 0.0446874921423
Herato05 Herato0503 3623763.0 2125000.0 0.094049975336 0.078618695954 0.092418853872 0.120748547056
Herato05 Herato0503 3673763.0 2175000.0 0.083304514918 0.073257711804 0.081402454312 0.09844200706
Herato05 Herato0503 3723763.0 2225000.0 0.09463118967 0.0884320085538 0.09464730349 0.100628851482
Herato05 Herato0503 3773763.0 2275000.0 0.0624890654714 0.0575494336688 0.0617635621006 0.071093932056
Herato05 Herato0503 3823763.0 2325000.0 0.082702186028 0.0659678491397 0.081776664476 0.10765809412
Herato05 Herato0503 3873763.0 2375000.0 0.064321748634 0.057858113774 0.06430846678 0.071816709674
Herato05 Herato0503 3923763.0 2425000.0 0.047010248292 0.042149320662 0.046948913962 0.05269734308
Herato05 Herato0503 3973763.0 2475000.0 0.0567995757 0.05149804862 0.05671111818 0.06268129606
Herato05 Herato0503 4023763.0 2525000.0 0.055303232214 0.049727627264 0.054820748878 0.06287491535
Herato05 Herato0503 4073763.0 2575000.0 0.027430511792 0.0238725766626 0.027291040044 0.032195374176
Herato05 Herato0503 4123763.0 2625000.0 0.0253815776195 0.0222014278733 0.0255082575377 0.0285156818888
Herato05 Herato0503 4173763.0 2675000.0 0.0324568294862 0.0275326630578 0.0323398439928 0.0379749324998
Herato05 Herato0503 4223763.0 2725000.0 0.038264357524 0.0286929649929 0.0381181553082 0.05131568742
Herato05 Herato0503 4273763.0 2775000.0 0.0288895513074 0.0266555667916 0.0286953822723 0.0319591619256
Herato05 Herato0503 4323763.0 2825000.0 0.056129576212 0.045487752358 0.055645395228 0.072743770722
Herato05 Herato0503 4373763.0 2875000.0 0.0582859310748 0.0520750229929 0.0580047317054 0.0648968547986
Herato05 Herato0503 4423763.0 2925000.0 0.0613123797017 0.0577199948467 0.0610953927735 0.0652339550768
Herato05 Herato0503 4473763.0 2975000.0 0.08531900654 0.08029115184 0.08540335052 0.08980748286
Herato05 Herato0503 4523763.0 3025000.0 0.08363201822 0.0699906927 0.0835012563 0.10175499766
Herato05 Herato0503 4573763.0 3075000.0 0.093261037141 0.08311171979 0.0933971229626 0.102987137333
Herato05 Herato0503 4623763.0 3125000.0 0.0626007901708 0.0562782126729 0.062486745073 0.070149542786
Herato05 Herato0503 4673763.0 3175000.0 0.0624958950516 0.0591969919758 0.0624239230492 0.067176297035
Herato05 Herato0503 4723763.0 3225000.0 0.065955225086 0.0595700750612 0.0656304701206 0.073544774276
Herato05 Herato0503 4773763.0 3275000.0 0.17921852414 0.111021704935 0.173219112252 0.281895123242
Herato05 Herato0503 4823763.0 3325000.0 0.09439889872 0.08753067664 0.09441973082 0.10217474818
Herato05 Herato0503 4873763.0 3375000.0 0.074014263914 0.065055422232 0.074468388172 0.08074332864
Herato05 Herato0503 4923763.0 3425000.0 0.078278454792 0.07113549916 0.078642425864 0.083727006174
Herato05 Herato0503 4973763.0 3475000.0 0.0963977020701 0.0865272960598 0.0965822565223 0.104836900504
Herato05 Herato0503 5023763.0 3525000.0 0.092038470702 0.0849851243476 0.09189854021 0.100592062018
Herato05 Herato0503 5073763.0 3575000.0 0.13889235358 0.1255626633 0.13817473834 0.15381646538
Herato05 Herato0503 5123763.0 3625000.0 0.062836885488 0.058615146344 0.06264453623 0.06807565686
Herato05 Herato0503 5173763.0 3675000.0 0.083915176658 0.068240350148 0.082598201174 0.10676165252
Herato05 Herato0503 5223763.0 3725000.0 0.110667277542 0.0952515049886 0.110211801448 0.134150011116
Herato05 Herato0503 5273763.0 3775000.0 0.071368249784 0.063160068518 0.071917558166 0.079558998952
Herato05 Herato0503 5323763.0 3825000.0 0.09750193924 0.08720944124 0.0983818043 0.10758629436
Herato05 Herato0503 5373763.0 3875000.0 0.10082004311 0.094421143114 0.100578143966 0.10765911674
Herato05 Herato0503 5423763.0 3925000.0 0.0846191354508 0.0751808017152 0.0844830968034 0.0922574367696
Herato05 Herato0503 5473763.0 3975000.0 0.07295202192 0.06903972304 0.07281478382 0.07778038722
Herato05 Herato0503 5523763.0 4025000.0 0.065927085122 0.061591760978 0.065495467188 0.071171404614
Herato05 Herato0503 5573763.0 4075000.0 0.071319457658 0.067210945296 0.070929060826 0.076520002064
Herato05 Herato0503 5623763.0 4125000.0 0.08966193338 0.08436184174 0.0891554349 0.0967486142
Herato05 Herato0503 5673763.0 4175000.0 0.087482231436 0.078841987164 0.087311488376 0.097810666102
Herato05 Herato0503 5723763.0 4225000.0 0.0677561485012 0.0625276141894 0.0676819795078 0.073636928668
Herato05 Herato0503 5773763.0 4275000.0 0.0807443313828 0.0767070538554 0.0807656021832 0.0856393130596
Herato05 Herato0503 5823763.0 4325000.0 0.0939845533 0.060038203318 0.09222177377 0.14387689656
Herato05 Herato0503 5873763.0 4375000.0 0.08403299804 0.0764645247 0.08382782126 0.0933760641
Herato05 Herato0503 5923763.0 4425000.0 0.099372524504 0.095226760482 0.099119849126 0.105470663896
Herato05 Herato0503 5973763.0 4475000.0 0.0827425978 0.08041557348 0.08238433168 0.08745543142
Herato05 Herato0503 6023763.0 4525000.0 0.112606258272 0.103042404228 0.112245323264 0.123863342252
Herato05 Herato0503 6073763.0 4575000.0 0.07017076914 0.06633200052 0.07009882424 0.0742639628
Herato05 Herato0503 6123763.0 4625000.0 0.097803358014 0.0774031273522 0.096489333394 0.121443848772
Herato05 Herato0503 6173763.0 4675000.0 0.0652064086448 0.0544918049678 0.0629419316352 0.0781699885927
Herato05 Herato0503 6223763.0 4725000.0 0.066957750726 0.0579711343294 0.0660354073208 0.078649394388
Herato05 Herato0503 6273763.0 4775000.0 0.0531567213616 0.0457446678854 0.0529738354623 0.0614177557202
Herato05 Herato0503 6323763.0 4825000.0 0.0534401645412 0.0448472386532 0.052706757137 0.06741828869
Herato05 Herato0503 6373763.0 4875000.0 0.0599262206134 0.0541168684492 0.0609854101288 0.064437254382
Herato05 Herato0503 6423763.0 4925000.0 0.06903389702 0.05803961156 0.07020318128 0.08083332476
Herato05 Herato0503 6473763.0 4975000.0 0.0592207930178 0.0450969502727 0.0578354782288 0.0726486535564
Herato05 Herato0503 6523763.0 5025000.0 0.086561285122 0.06151947862 0.083716702066 0.129746660184
Herato05 Herato0503 6573763.0 5075000.0 0.0583932631282 0.0462288549579 0.0585038666176 0.0695341961148
Herato05 Herato0503 6623763.0 5125000.0 0.073247876302 0.0642099058674 0.072755833194 0.083131129242
Herato05 Herato0503 6673763.0 5175000.0 0.057496752746 0.041334871768 0.051429074564 0.1011423108
Herato05 Herato0503 6723763.0 5225000.0 0.08317195376 0.0709044626 0.08265055678 0.09965594196
Herato05 Herato0503 6773763.0 5275000.0 0.1367132508 0.1290838248 0.1369961964 0.1435544712
Herato05 Herato0503 6823763.0 5325000.0 0.07379328132 0.06916813752 0.07346649636 0.07938956634
Herato05 Herato0503 6873763.0 5375000.0 0.072844124712 0.0633287168042 0.072306171592 0.085981525222
Herato05 Herato0503 6923763.0 5425000.0 0.064768448972 0.049639446002 0.064459409696 0.084339807424
Herato05 Herato0503 6973763.0 5475000.0 0.077397463514 0.068268628534 0.0769243482596 0.089880899776
Herato05 Herato0503 7023763.0 5525000.0 0.11375471478 0.108863891 0.11405059826 0.11855096796
Herato05 Herato0503 7073763.0 5575000.0 0.09696579132 0.09419846532 0.0968635413 0.1003682406
Herato05 Herato0503 7123763.0 5625000.0 0.07955838482 0.07689934572 0.079402197 0.0830294712
Herato05 Herato0503 7173763.0 5675000.0 0.0758871719295 0.0636212140659 0.0747989152777 0.0935940487883
Herato05 Herato0503 7223763.0 5725000.0 0.0436200061157 0.0365866659393 0.0432038111169 0.052924712715
Herato05 Herato0503 7273763.0 5775000.0 0.051298403708 0.0464473573825 0.0512078026945 0.0567606093624
Herato05 Herato0503 7323763.0 5825000.0 0.033402882832 0.031341411994 0.033182667978 0.035966241882
Herato05 Herato0503 7373763.0 5875000.0 0.0328988975352 0.0285781311149 0.0325142215878 0.039018046113
Herato05 Herato0503 7423763.0 5925000.0 0.0659924404375 0.0511003298435 0.0646775788217 0.0865778017732
Herato05 Herato0503 7473763.0 5975000.0 0.07343807556 0.06826702178 0.07380651274 0.07740131184
Herato05 Herato0503 7523763.0 6025000.0 0.10705271178 0.09410837686 0.10758252678 0.11955845824
Herato05 Herato0503 7573763.0 6075000.0 0.0959082500721 0.0790647721678 0.0949088384754 0.118917052362
Herato05 Herato0503 7623763.0 6125000.0 0.0243348309433 0.0212299791648 0.0243718979347 0.0280339659855
Herato05 Herato0503 7673763.0 6175000.0 0.0421049013172 0.0382655169254 0.0419568006224 0.0473365047602
Herato05 Herato0503 7723763.0 6225000.0 0.08750933042 0.0748192 0.0872887174 0.1026126249
Herato05 Herato0503 7773763.0 6275000.0 0.0764958941405 0.0706449174383 0.0768556720045 0.082235254403
Herato05 Herato0503 7823763.0 6325000.0 0.09671009228 0.09008800712 0.0969302941 0.10522478238
Herato05 Herato0503 7873763.0 6375000.0 0.1272440928 0.1205838304 0.1276033088 0.133509568
Herato05 Herato0503 7923763.0 6425000.0 0.0944733388626 0.0865001428408 0.094840722369 0.104028406508
Herato05 Herato0503 7973763.0 6475000.0 0.0733222865708 0.0598670515498 0.0741647470592 0.087568160524
Herato05 Herato0503 8023763.0 6525000.0 0.0980450161536 0.087872145359 0.0992712739346 0.105405212072
Herato05 Herato0503 8073763.0 6575000.0 0.11485121748 0.10532374938 0.11413875642 0.12609724948
Herato05 Herato0503 8123763.0 6625000.0 0.057464968956 0.051420316514 0.057169286584 0.063683470718
Herato05 Herato0503 8173763.0 6675000.0 0.076967957478 0.069301828614 0.076975692126 0.083048092838
Herato05 Herato0503 8223763.0 6725000.0 0.044228932348 0.040005153232 0.044321649914 0.047293735756
Herato05 Herato0503 8273763.0 6775000.0 0.04741985188 0.04390240984 0.047469984746 0.05101200742
Herato05 Herato0503 8323763.0 6825000.0 0.071158753852 0.0663848861933 0.071101732593 0.075855291234
Herato05 Herato0503 8373763.0 6875000.0 0.094605290944 0.08473953613 0.094189981276 0.10531055306
Herato05 Herato0503 8423763.0 6925000.0 0.0593411974106 0.0560271255522 0.0593512735778 0.0632020483648
Herato05 Herato0503 8473763.0 6975000.0 0.0583086218 0.05601246708 0.05854827768 0.06112752424
Herato05 Herato0503 8523763.0 7025000.0 0.07946177206 0.07076144126 0.07810029694 0.09974074372
Herato05 Herato0503 8573763.0 7075000.0 0.073631096722 0.065994165266 0.073286705712 0.084358460492
Herato05 Herato0503 8623763.0 7125000.0 0.09574317662 0.08781938216 0.0952669667 0.10499411228
Herato05 Herato0503 8673763.0 7175000.0 0.0844469412864 0.0752974665953 0.0844636872904 0.0931042480148
Herato05 Herato0503 8723763.0 7225000.0 0.085546421582 0.0829884996914 0.085122395762 0.089580643976
Herato05 Herato0503 8773763.0 7275000.0 0.08042417074 0.0769768076 0.07956284368 0.08617802302
Herato05 Herato0503 8823763.0 7325000.0 0.049072212534 0.042168506502 0.047520905188 0.05959489902
Herato05 Herato0503 8873763.0 7375000.0 0.096033688854 0.0870612451929 0.0957020647498 0.104431412863
Herato05 Herato0503 8923763.0 7425000.0 0.0433047287936 0.0410389093246 0.0430950646838 0.0460173157032
Herato05 Herato0503 8973763.0 7475000.0 0.0879077032994 0.0646186801551 0.084645344655 0.131570613106
Herato05 Herato0503 9023763.0 7525000.0 0.0496370368793 0.0382753880104 0.0484867116816 0.0667204034644
Herato05 Herato0503 9073763.0 7575000.0 0.0203102569374 0.0122017180376 0.0195279177476 0.034044448103
Herato05 Herato0503 9123763.0 7625000.0 0.0278586540271 0.0234336261167 0.0268671023075 0.0359936609704
Herato05 Herato0503 9173763.0 7675000.0 0.054388533225 0.0490524337742 0.0542056534739 0.0598518370116
Herato05 Herato0503 9223763.0 7725000.0 0.08991123472 0.07799241636 0.09007778518 0.09881760712
Herato05 Herato0503 9273763.0 7775000.0 0.0687963242 0.06334200393 0.06871701026 0.07466007946
Herato05 Herato0503 9323763.0 7825000.0 0.09173301002 0.07588052112 0.09160281478 0.11074875548
Herato05 Herato0503 9373763.0 7875000.0 0.069491776074 0.061882454806 0.069342496542 0.074482111924
Herato05 Herato0503 9423763.0 7925000.0 0.08179057092 0.06882443434 0.08039527792 0.10458467502
Herato05 Herato0503 9473763.0 7975000.0 0.0810559149156 0.0751539250028 0.0809745011057 0.087630365772
Herato05 Herato0503 9523763.0 8025000.0 0.09579118915 0.086065419714 0.095772677922 0.106004702664
Herato05 Herato0503 9573763.0 8075000.0 0.07483658752 0.067910252 0.07483453996 0.08368123656
Herato05 Herato0503 9623763.0 8125000.0 0.0434693237324 0.0409465526186 0.0431701949611 0.0461519115288
Herato05 Herato0503 9673763.0 8175000.0 0.043457484894 0.032610202412 0.042345288694 0.059676093022
Herato05 Herato0503 9723763.0 8225000.0 0.0422895900025 0.0310559901869 0.0410003645157 0.0616013044892
Herato05 Herato0503 9773763.0 8275000.0 0.039564426436 0.035342819344 0.039804824118 0.04420273589
Herato05 Herato0503 9823763.0 8325000.0 0.028898733018 0.025237408666 0.02886048295 0.033247737614
Herato05 Herato0503 9873763.0 8375000.0 0.052928532902 0.048408363312 0.052428833016 0.05932639843
Herato05 Herato0503 9923763.0 8425000.0 0.09125497546 0.08517754118 0.0911837001 0.09780157094
Herato05 Herato0503 9973763.0 8475000.0 0.06567010746 0.06360101082 0.06551487612 0.06807451218
Herato05 Herato0503 10023763.0 8525000.0 0.10039501874 0.0915281630248 0.100097157255 0.109442521313
Herato05 Herato0503 10073763.0 8575000.0 0.06758459962 0.064979126168 0.067441357078 0.071807754276
Herato05 Herato0503 10123763.0 8625000.0 0.08516047094 0.08177072972 0.08468369084 0.09069890094
Herato05 Herato0503 10173763.0 8675000.0 0.09068224198 0.08472444164 0.09037969494 0.0975609842
Herato05 Herato0503 10223763.0 8725000.0 0.08276737752 0.076835120546 0.08292699778 0.08890804584
Herato05 Herato0503 10273763.0 8775000.0 0.07790725895 0.072678280405 0.078064537218 0.08344564598
Herato05 Herato0503 10323763.0 8825000.0 0.0566372638868 0.052466059405 0.0567172767322 0.0605674316532
Herato05 Herato0503 10373763.0 8875000.0 0.0731239005573 0.068307842351 0.0733480123889 0.0772163900255
Herato05 Herato0503 10423763.0 8925000.0 0.0426225659192 0.0381606945149 0.0423894554951 0.0490018184257
Herato05 Herato0503 10467462.5 8975000.0 0.051209341699 0.0457147903936 0.0512647006818 0.0579682729244
Herato05 Herato0504 10505353.0 25000.0 0.0525944916649 0.0444729970662 0.0522466056045 0.060005285469
Herato05 Herato0505 10549544.0 25000.0 0.0498043311704 0.0380940312938 0.0491710915426 0.0636559657201
Herato05 Herato0505 10577784.5 75000.0 0.0696334698349 0.0640304067274 0.068139933035 0.0774599706835
Herato05 Herato0506 10598506.5 25000.0 0.0719360197197 0.0587412588421 0.0701841529078 0.0931396828952
Herato05 Herato0507 10640988.0 25000.0 0.0496469659 0.04726717338 0.04947817186 0.0540933661
Herato05 Herato0507 10690988.0 75000.0 0.05042479852 0.04523752162 0.04987039886 0.0575471759
Herato05 Herato0507 10740988.0 125000.0 0.07856596442 0.07080959286 0.07842594638 0.08665921048
Herato05 Herato0507 10790988.0 175000.0 0.0161560887008 0.0151205385645 0.016272504575 0.0173746514672
Herato05 Herato0507 10831239.0 225000.0 0.0641380467083 0.0541868542115 0.0625944526406 0.0815118881655
Herato05 Herato0508 10871491.0 25000.0 0.048804809476 0.043503278686 0.047734500858 0.055862648856
Herato05 Herato0508 10921491.0 75000.0 0.0646705222095 0.0584341010572 0.0644884208612 0.074673166983
Herato05 Herato0508 10971491.0 125000.0 0.08609223882 0.08171556722 0.08534617314 0.09234905526
Herato05 Herato0508 11021491.0 175000.0 0.07563343042 0.07195896444 0.0752367383 0.08016967044
Herato05 Herato0508 11071491.0 225000.0 0.076710265538 0.0687944379951 0.07656063525 0.085476391906
Herato05 Herato0508 11121491.0 275000.0 0.0559674675158 0.0513981332282 0.0558752734318 0.0611721460962
Herato05 Herato0508 11171491.0 325000.0 0.04380878106 0.0381786154 0.04325926664 0.05256435894
Herato05 Herato0508 11221491.0 375000.0 0.064760094888 0.057950804225 0.0647262321614 0.071848975736
Herato05 Herato0508 11271491.0 425000.0 0.07902709398 0.072429313442 0.07913767957 0.08633180044
Herato05 Herato0508 11321491.0 475000.0 0.118029791262 0.0987529551374 0.117432779191 0.139968265583
Herato05 Herato0508 11371491.0 525000.0 0.0760817773395 0.0663994896019 0.0756611597151 0.0861915187
Herato05 Herato0508 11421491.0 575000.0 0.0756975883872 0.0609873944324 0.0743555437775 0.093687008614
Herato05 Herato0508 11471491.0 625000.0 0.06609566684 0.06120393674 0.06609918864 0.07120161674
Herato05 Herato0508 11521491.0 675000.0 0.0774702697503 0.0705752105533 0.077752375755 0.0850591367179
Herato05 Herato0508 11571491.0 725000.0 0.0662163182736 0.0505879843957 0.0646564628741 0.0884920179253
Herato05 Herato0508 11621491.0 775000.0 0.071104076028 0.065871457276 0.070751626644 0.07797911936
Herato05 Herato0508 11671491.0 825000.0 0.06076508916 0.056430098304 0.06032439682 0.06593831872
Herato05 Herato0508 11721491.0 875000.0 0.04294873534 0.03917872916 0.04291698614 0.04678483932
Herato05 Herato0508 11771491.0 925000.0 0.067277208734 0.062121118067 0.0672485430618 0.07198514082
Herato05 Herato0508 11821491.0 975000.0 0.075400154134 0.060749560294 0.073922605936 0.100742202406
Herato05 Herato0508 11871491.0 1025000.0 0.046232668932 0.038506168122 0.046168360944 0.054697879598
Herato05 Herato0508 11921491.0 1075000.0 0.0568207434766 0.0431604734222 0.05596531484 0.0756386896598
Herato05 Herato0508 11971491.0 1125000.0 0.041917297586 0.0365293653 0.041895858348 0.05013025814
Herato05 Herato0508 12021491.0 1175000.0 0.0355158974258 0.0291830802301 0.0348730965639 0.0441219591352
Herato05 Herato0508 12071491.0 1225000.0 0.07100208472 0.0648655285777 0.07092672101 0.0773177763804
Herato05 Herato0508 12121491.0 1275000.0 0.051787975494 0.048637417304 0.05182904826 0.055595804952
Herato05 Herato0508 12171491.0 1325000.0 0.07320586608 0.06694027542 0.0732547877 0.07935923184
Herato05 Herato0508 12221491.0 1375000.0 0.069437757648 0.0647889700358 0.0690747069822 0.0745194499066
Herato05 Herato0508 12271491.0 1425000.0 0.070299810936 0.063302402542 0.069947372516 0.079414362618
Herato05 Herato0508 12321491.0 1475000.0 0.0676612555288 0.0559658472648 0.0670899144652 0.0833938085012
Herato05 Herato0508 12371491.0 1525000.0 0.0505194889602 0.0376100115375 0.0488390636106 0.072006806502
Herato05 Herato0508 12421491.0 1575000.0 0.056469107467 0.0410419982184 0.0548369764167 0.08224114759
Herato05 Herato0508 12471491.0 1625000.0 0.05471490352 0.05188000602 0.0546398812 0.05812578988
Herato05 Herato0508 12521491.0 1675000.0 0.0634079593 0.05915490498 0.0635919073 0.0678602209
Herato05 Herato0508 12571491.0 1725000.0 0.0801696753378 0.0664599478284 0.080395178594 0.091223294778
Herato05 Herato0508 12621491.0 1775000.0 0.09501461701 0.0878511457759 0.095272644571 0.10380859287
Herato05 Herato0508 12671491.0 1825000.0 0.07900684652 0.07420192106 0.07905725012 0.0852870999
Herato05 Herato0508 12721491.0 1875000.0 0.09099587682 0.072868726178 0.08936054372 0.1202298064
Herato05 Herato0508 12771491.0 1925000.0 0.02977018026 0.0259344664426 0.029704225697 0.035063351984
Herato05 Herato0508 12821491.0 1975000.0 0.079590793284 0.068970390058 0.079430479114 0.092081720028
Herato05 Herato0508 12871491.0 2025000.0 0.08944359996 0.078405613968 0.08887150378 0.1018904622
Herato05 Herato0508 12921491.0 2075000.0 0.08673958465 0.063734857282 0.083752317356 0.125869005114
Herato05 Herato0508 12971491.0 2125000.0 0.04267997324 0.03924220046 0.04289325778 0.04571372464
Herato05 Herato0508 13021491.0 2175000.0 0.0532240170188 0.0501926406244 0.0530752497312 0.055650508512
Herato05 Herato0508 13071491.0 2225000.0 0.075948648558 0.0659194187148 0.0752297525046 0.08958930077
Herato05 Herato0508 13121491.0 2275000.0 0.0680010608284 0.0574371430678 0.0684259172008 0.078451625252
Herato05 Herato0508 13171491.0 2325000.0 0.067565084777 0.0651702505704 0.0675826066894 0.070922312106
Herato05 Herato0508 13221491.0 2375000.0 0.064575130572 0.059856046524 0.064508696094 0.07024205904
Herato05 Herato0508 13271491.0 2425000.0 0.069070252881 0.0626521443782 0.0686731440566 0.076533492329
Herato05 Herato0508 13321491.0 2475000.0 0.0664175280904 0.0552654439878 0.0655667078372 0.0814367049066
Herato05 Herato0508 13371491.0 2525000.0 0.0782855798136 0.0701448237667 0.078962157965 0.0830120400848
Herato05 Herato0508 13421491.0 2575000.0 0.100071958024 0.0931027220346 0.100422183472 0.106200362055
Herato05 Herato0508 13471491.0 2625000.0 0.05829186446 0.055027729162 0.05818001378 0.062478119516
Herato05 Herato0508 13506525.0 2675000.0 0.291206017779 0.0849623453363 0.24645794586 0.72303418078
Herato05 Herato0509 13541560.0 25000.0 0.0952317515063 0.0550385721272 0.0893058736123 0.16427157653
Herato05 Herato0509 13591560.0 75000.0 0.0404577556874 0.0292773305653 0.039590840783 0.0577872785832
Herato05 Herato0509 13641560.0 125000.0 0.076444561478 0.069477848488 0.076857898418 0.083953643154
Herato05 Herato0509 13691560.0 175000.0 0.0803351462 0.0766565535 0.0807180562 0.0845353703
Herato05 Herato0509 13741560.0 225000.0 0.0644658210427 0.0564379735208 0.0646943222711 0.0714538019124
Herato05 Herato0509 13791560.0 275000.0 0.061907633668 0.0570589553018 0.06206598356 0.067241254536
Herato05 Herato0509 13818972.0 325000.0 0.105277283375 0.092158259743 0.109053378939 0.113783012023
