chrom scaffold Cposition position mean p0025 p0500 p0975
Herato13 Herato1301 25001.0 25000.0 0.00707428510392 0.00548596364914 0.00701224992154 0.00921462809684
Herato13 Herato1301 75001.0 75000.0 0.0134761507133 0.0108912706776 0.0133080765438 0.016708153234
Herato13 Herato1301 125001.0 125000.0 0.0213405130348 0.0131881117344 0.0204724238985 0.0339671312358
Herato13 Herato1301 175001.0 175000.0 0.0067378351919 0.00530893381322 0.00664983161284 0.0093180144408
Herato13 Herato1301 225001.0 225000.0 0.0207268184762 0.0169139416266 0.0209071824938 0.0241214114526
Herato13 Herato1301 275001.0 275000.0 0.00792336874928 0.00593468457814 0.0075942914314 0.0116621833691
Herato13 Herato1301 325001.0 325000.0 0.00957230116526 0.0077517632688 0.0092799186153 0.0136990247916
Herato13 Herato1301 375001.0 375000.0 0.00509208377652 0.00409536648667 0.00481805561836 0.00721768021442
Herato13 Herato1301 425001.0 425000.0 0.00715807680994 0.00505988516109 0.00703150297728 0.0107114740076
Herato13 Herato1301 475001.0 475000.0 0.021999386356 0.0115083634558 0.0208143951038 0.0401952380955
Herato13 Herato1301 525001.0 525000.0 0.027086015798 0.0144337172604 0.025878117526 0.0527768043894
Herato13 Herato1301 575001.0 575000.0 0.0143862867922 0.0111226133 0.0142027239888 0.0185523446728
Herato13 Herato1301 625001.0 625000.0 0.00925676347114 0.00739856221186 0.00913487110436 0.0118779058793
Herato13 Herato1301 675001.0 675000.0 0.006582024643 0.00426106574784 0.00633303231556 0.00998854066372
Herato13 Herato1301 725001.0 725000.0 0.00886111141218 0.00502116939324 0.00797129322348 0.014315494858
Herato13 Herato1301 775001.0 775000.0 0.0420338542342 0.0321437228935 0.0415988277887 0.0538519016085
Herato13 Herato1301 825001.0 825000.0 0.0142938788118 0.0112997595021 0.0142291001086 0.0180728458238
Herato13 Herato1301 875001.0 875000.0 0.0245551616421 0.0103786084632 0.0223548104865 0.0506737278394
Herato13 Herato1301 925001.0 925000.0 0.00521193799495 0.00412301798046 0.00514257804683 0.00652006167474
Herato13 Herato1301 975001.0 975000.0 0.0284075625391 0.0145958986029 0.0254455193998 0.0628227708862
Herato13 Herato1301 1025001.0 1025000.0 0.00322353527236 0.00284716368696 0.00320972455482 0.00367794724474
Herato13 Herato1301 1075001.0 1075000.0 0.028086366474 0.00701379763403 0.0278782534748 0.0623296274363
Herato13 Herato1301 1125001.0 1125000.0 0.00627156463204 0.00413804292553 0.0060050202168 0.0101634930293
Herato13 Herato1301 1175001.0 1175000.0 0.0401883553846 0.0148583731789 0.040492281908 0.0756281920386
Herato13 Herato1301 1225001.0 1225000.0 0.020884443934 0.0182868445006 0.0209187315306 0.0237043449
Herato13 Herato1301 1275001.0 1275000.0 0.00735855358338 0.00598668815044 0.00729638756226 0.0090726665358
Herato13 Herato1301 1325001.0 1325000.0 0.0119016156826 0.00910029790553 0.0119048530188 0.0153146063584
Herato13 Herato1301 1375001.0 1375000.0 0.00553037318794 0.00460116731284 0.00550345994536 0.0065357189244
Herato13 Herato1301 1425001.0 1425000.0 0.0286747722098 0.0199149121954 0.0276965051905 0.0443481945048
Herato13 Herato1301 1475001.0 1475000.0 0.0365006971693 0.0306536468682 0.0365279933279 0.0424183115276
Herato13 Herato1301 1525001.0 1525000.0 0.0320902071892 0.0274604742002 0.0314767252002 0.037849863308
Herato13 Herato1301 1575001.0 1575000.0 0.119905859146 0.0671223838629 0.113612017709 0.198030719325
Herato13 Herato1301 1625001.0 1625000.0 0.01811596612 0.016021826328 0.018002813706 0.020787191448
Herato13 Herato1301 1675001.0 1675000.0 0.029795238454 0.026476482528 0.029677823198 0.03416391051
Herato13 Herato1301 1725001.0 1725000.0 0.0263618721308 0.023164885496 0.0262991269021 0.0299992279872
Herato13 Herato1301 1775001.0 1775000.0 0.0506353138201 0.041836649468 0.0499096918843 0.0627008592519
Herato13 Herato1301 1825001.0 1825000.0 7.747248576e-05 4.6808352742e-05 7.723926014e-05 0.0001196896028
Herato13 Herato1301 1875001.0 1875000.0 0.00429033239386 0.00232913356266 0.00386411641002 0.00790708349874
Herato13 Herato1301 1925001.0 1925000.0 0.0072577343243 0.00657182117645 0.00720996915374 0.00812663245564
Herato13 Herato1301 1975001.0 1975000.0 0.0018067556526 0.00141605642757 0.00177584862828 0.00232897841272
Herato13 Herato1301 2025001.0 2025000.0 0.0110764835415 0.00768531679901 0.011154637836 0.016436462215
Herato13 Herato1301 2075001.0 2075000.0 0.00649979173504 0.00542604331774 0.00641716684072 0.00791962539256
Herato13 Herato1301 2125001.0 2125000.0 0.0120263048346 0.0105055714389 0.011992966042 0.013953933359
Herato13 Herato1301 2175001.0 2175000.0 0.0447867889548 0.0135775174992 0.0432689696439 0.0920100260367
Herato13 Herato1301 2225001.0 2225000.0 0.0113277547716 0.00982091791237 0.0112582311517 0.0132051851116
Herato13 Herato1301 2275001.0 2275000.0 0.00385670869184 0.00329830930533 0.0038098791997 0.00455092761612
Herato13 Herato1301 2325001.0 2325000.0 0.00770140163036 0.00651425934506 0.00767170551815 0.00899792161332
Herato13 Herato1301 2375001.0 2375000.0 0.0114215560718 0.00972710437107 0.0113329983669 0.0134959486124
Herato13 Herato1301 2425001.0 2425000.0 0.0311036921521 0.0246982060415 0.0306548233345 0.039603140814
Herato13 Herato1301 2475001.0 2475000.0 0.0354889684474 0.0240044765163 0.0339340623588 0.055225341074
Herato13 Herato1301 2525001.0 2525000.0 0.0138787694016 0.011752460649 0.014000541146 0.0164147945736
Herato13 Herato1301 2575001.0 2575000.0 0.0749014722138 0.0377452571764 0.0718883720713 0.132333154742
Herato13 Herato1301 2625001.0 2625000.0 0.03632702754 0.0338449215167 0.0366968388586 0.038553299218
Herato13 Herato1301 2675001.0 2675000.0 0.0470596475376 0.0350389290497 0.0467721471822 0.060633764966
Herato13 Herato1301 2725001.0 2725000.0 0.035555842792 0.027622731626 0.034893512852 0.048073279496
Herato13 Herato1301 2775001.0 2775000.0 0.0276912124432 0.0210739512722 0.027455565383 0.0373001921026
Herato13 Herato1301 2825001.0 2825000.0 0.0314641255164 0.0116892639585 0.0295816028744 0.0615566403448
Herato13 Herato1301 2875001.0 2875000.0 0.0852333700532 0.0404177790869 0.0786708320266 0.171056299722
Herato13 Herato1301 2925001.0 2925000.0 0.0555643120249 0.0332460822977 0.0531958143871 0.093996853223
Herato13 Herato1301 2975001.0 2975000.0 0.0686961903112 0.03804967379 0.0658045680233 0.119356248955
Herato13 Herato1301 3025001.0 3025000.0 0.0642307405948 0.0418933085623 0.0615348783189 0.100237225318
Herato13 Herato1301 3075001.0 3075000.0 0.0349283240311 0.0165050889464 0.0313793375535 0.0743886291199
Herato13 Herato1301 3125001.0 3125000.0 0.0734159625534 0.0367795833528 0.0698090835598 0.12992246621
Herato13 Herato1301 3175001.0 3175000.0 0.0360217919486 0.029245797488 0.0356896120742 0.0450263674064
Herato13 Herato1301 3225001.0 3225000.0 0.0267772918 0.02582645324 0.02650162852 0.0279558522
Herato13 Herato1301 3275001.0 3275000.0 0.059967987986 0.0403016216159 0.0588231457608 0.0814430099436
Herato13 Herato1301 3325001.0 3325000.0 0.0561948998455 0.0373078867074 0.0520862019719 0.0882859922137
Herato13 Herato1301 3375001.0 3375000.0 0.0377265080226 0.0211670588038 0.0359976925355 0.0631162018631
Herato13 Herato1301 3425001.0 3425000.0 0.0593186903024 0.0307656224326 0.0419403421096 0.122898601604
Herato13 Herato1301 3475001.0 3475000.0 0.0385923858682 0.0349958593926 0.0386304638793 0.0423207945726
Herato13 Herato1301 3525001.0 3525000.0 0.050168104318 0.0287631829057 0.0451675568594 0.0922245544441
Herato13 Herato1301 3575001.0 3575000.0 0.0252002704445 0.0172196432052 0.0238327828038 0.041037929986
Herato13 Herato1301 3625001.0 3625000.0 0.0358723617501 0.0206001487321 0.0318732848008 0.079258033672
Herato13 Herato1301 3675001.0 3675000.0 0.0099644949194 0.008171009645 0.0099676257664 0.0121260204932
Herato13 Herato1301 3725001.0 3725000.0 0.0149432856357 0.0135842059251 0.0149297801805 0.0164338972479
Herato13 Herato1301 3775001.0 3775000.0 0.0139088184485 0.0102382570463 0.0128245463319 0.0228406632996
Herato13 Herato1301 3825001.0 3825000.0 0.0708754088516 0.022911700914 0.0613443255392 0.173586884225
Herato13 Herato1301 3875001.0 3875000.0 0.0146103568176 0.0127071845764 0.0146666265904 0.0163042145032
Herato13 Herato1301 3925001.0 3925000.0 0.0450641436066 0.038598362429 0.0447613191872 0.0524015039072
Herato13 Herato1301 3975001.0 3975000.0 0.0778514898414 0.0371786412116 0.0797632495414 0.128497803848
Herato13 Herato1301 4025001.0 4025000.0 0.0484348831938 0.0421165985047 0.0483688477208 0.055705301176
Herato13 Herato1301 4075001.0 4075000.0 0.0560735379942 0.0398987694901 0.0539860455935 0.0848226339354
Herato13 Herato1301 4125001.0 4125000.0 0.03508745066 0.03308159693 0.03514310058 0.03697044626
Herato13 Herato1301 4175001.0 4175000.0 0.0498142810912 0.0455928567519 0.0498430126714 0.0544577311642
Herato13 Herato1301 4225001.0 4225000.0 0.06001154792 0.05708400912 0.06023835724 0.06237456132
Herato13 Herato1301 4275001.0 4275000.0 0.05370609168 0.04667781874 0.052348045838 0.071234502478
Herato13 Herato1301 4325001.0 4325000.0 0.0132586963153 0.0100644829491 0.0132617260856 0.0174389974275
Herato13 Herato1301 4375001.0 4375000.0 0.0413744946347 0.0349108403931 0.0414480583177 0.048555471734
Herato13 Herato1301 4425001.0 4425000.0 0.0593451262928 0.0480568418614 0.0589123254178 0.0736282446258
Herato13 Herato1301 4475001.0 4475000.0 0.049615467188 0.038386472574 0.048460355954 0.067385836418
Herato13 Herato1301 4525001.0 4525000.0 0.0585908431816 0.0422906464184 0.0555699267556 0.086506011858
Herato13 Herato1301 4575001.0 4575000.0 0.0488858343136 0.0436802479511 0.0485636525993 0.055600056603
Herato13 Herato1301 4625001.0 4625000.0 0.035443937596 0.0299214532901 0.0355391309946 0.0414076539024
Herato13 Herato1301 4675001.0 4675000.0 0.01525417696 0.01428861456 0.01520803504 0.01604371648
Herato13 Herato1301 4725001.0 4725000.0 0.025107458224 0.0155825983274 0.0256991316154 0.0382929385762
Herato13 Herato1301 4775001.0 4775000.0 0.012437305076 0.00889568257269 0.0126372899085 0.0167331679708
Herato13 Herato1301 4825001.0 4825000.0 0.0129398011447 0.0107152622758 0.0128427934216 0.0156727590406
Herato13 Herato1301 4875001.0 4875000.0 0.0446723762823 0.0198122744208 0.0419125514817 0.0873195355442
Herato13 Herato1301 4925001.0 4925000.0 0.052613958283 0.033202486735 0.0490128909638 0.089354565922
Herato13 Herato1301 4975001.0 4975000.0 0.045855251023 0.0365819985072 0.0454227712849 0.058517776044
Herato13 Herato1301 5025001.0 5025000.0 0.0338013895168 0.0196165807595 0.0255023446942 0.0880453381426
Herato13 Herato1301 5075001.0 5075000.0 0.0246964985139 0.0132985892066 0.0237133070957 0.0417308607759
Herato13 Herato1301 5125001.0 5125000.0 0.0856748875362 0.0512825284076 0.0807747560791 0.151677003758
Herato13 Herato1301 5175001.0 5175000.0 0.0461344683888 0.0388123820749 0.0458230285512 0.0550375328152
Herato13 Herato1301 5225001.0 5225000.0 0.0296990004824 0.0233528393126 0.029107169858 0.040392956756
Herato13 Herato1301 5275001.0 5275000.0 0.0671815833289 0.0379122319842 0.0651245952278 0.113487352512
Herato13 Herato1301 5325001.0 5325000.0 0.0353857738252 0.0312956716008 0.0357018610458 0.03940324718
Herato13 Herato1301 5375001.0 5375000.0 0.03820533256 0.03619778476 0.03812543016 0.03982835006
Herato13 Herato1301 5425001.0 5425000.0 0.037447611732 0.032021498139 0.0370899681294 0.0431787746552
Herato13 Herato1301 5475001.0 5475000.0 0.0362044532248 0.0317479904762 0.0360814882962 0.0413863822852
Herato13 Herato1301 5525001.0 5525000.0 0.0440936493892 0.0363735554235 0.0432515172063 0.05805498566
Herato13 Herato1301 5575001.0 5575000.0 0.027583551696 0.023909617664 0.027473238344 0.03158913592
Herato13 Herato1301 5625001.0 5625000.0 0.0416169550942 0.0277816620513 0.0388910514948 0.0622227686908
Herato13 Herato1301 5675001.0 5675000.0 0.0361604814944 0.0201636139824 0.035560458484 0.0556725364088
Herato13 Herato1301 5725001.0 5725000.0 0.0435408804084 0.0321691187338 0.04210523872 0.061002821792
Herato13 Herato1301 5775001.0 5775000.0 0.0645722182888 0.0495775963349 0.0626918149498 0.0911238603274
Herato13 Herato1301 5825001.0 5825000.0 0.0398508785773 0.0313601420059 0.0387327346621 0.0542156899644
Herato13 Herato1301 5875001.0 5875000.0 0.045101064206 0.036178208342 0.044112637948 0.058422702076
Herato13 Herato1301 5925001.0 5925000.0 0.0243033246965 0.0189579422519 0.0240043539941 0.0311458578047
Herato13 Herato1301 5975001.0 5975000.0 0.0174136354645 0.015304395663 0.0174191648254 0.019321481945
Herato13 Herato1301 6025001.0 6025000.0 0.0519221975724 0.0244245190569 0.0499872712926 0.102445210664
Herato13 Herato1301 6075001.0 6075000.0 0.0617184475432 0.0399756582164 0.0600174316778 0.0962365602736
Herato13 Herato1301 6125001.0 6125000.0 0.0519213972033 0.0435419652754 0.0515382765837 0.0619537333669
Herato13 Herato1301 6175001.0 6175000.0 0.036407751252 0.030529414704 0.036153674376 0.044431489112
Herato13 Herato1301 6225001.0 6225000.0 0.0371808932224 0.0327026496481 0.0371016220916 0.042186980392
Herato13 Herato1301 6275001.0 6275000.0 0.0325033055398 0.02732594069 0.0320829565698 0.0396949727436
Herato13 Herato1301 6325001.0 6325000.0 0.05450848213 0.038140746218 0.053645758618 0.075796841236
Herato13 Herato1301 6375001.0 6375000.0 0.0509074508938 0.0299731839269 0.0471210072288 0.0905058157893
Herato13 Herato1301 6425001.0 6425000.0 0.028095476322 0.020504362548 0.02702395682 0.04249943653
Herato13 Herato1301 6475001.0 6475000.0 0.0755964815629 0.024909135241 0.0659213854691 0.172195054775
Herato13 Herato1301 6525001.0 6525000.0 0.027863651216 0.0162683156847 0.0261891145906 0.050267615438
Herato13 Herato1301 6575001.0 6575000.0 0.035760704114 0.0258400518876 0.0347843236916 0.0527299009704
Herato13 Herato1301 6625001.0 6625000.0 0.0194693084292 0.0139645201023 0.0192002785881 0.0267174591744
Herato13 Herato1301 6675001.0 6675000.0 0.016779234216 0.0139241574512 0.0167079895944 0.0199900718106
Herato13 Herato1301 6725001.0 6725000.0 0.036817784738 0.022243647662 0.0349352095195 0.0605620238923
Herato13 Herato1301 6775001.0 6775000.0 0.111814677456 0.0527930883196 0.09465622522 0.238819210706
Herato13 Herato1301 6825001.0 6825000.0 0.0550219839874 0.0455243128736 0.0546048632814 0.0667525597272
Herato13 Herato1301 6875001.0 6875000.0 0.0363336283396 0.0263815344231 0.0358404217805 0.0493433332972
Herato13 Herato1301 6925001.0 6925000.0 0.0519447765454 0.0309216046295 0.0516495773964 0.0793124726954
Herato13 Herato1301 6975001.0 6975000.0 0.0485970731616 0.0275657482114 0.0464105626714 0.084525943032
Herato13 Herato1301 7025001.0 7025000.0 0.024625218219 0.0186335085249 0.0236796282682 0.03470136929
Herato13 Herato1301 7075001.0 7075000.0 0.012608045176 0.01049039904 0.012747968678 0.014633604308
Herato13 Herato1301 7125001.0 7125000.0 0.0499400727679 0.0245697140476 0.0461610983637 0.0947323387491
Herato13 Herato1301 7175001.0 7175000.0 0.0185209769056 0.0107905471708 0.0176383016041 0.0310987986309
Herato13 Herato1301 7225001.0 7225000.0 0.0517044959112 0.0301553035406 0.0473096351032 0.103034633996
Herato13 Herato1301 7275001.0 7275000.0 0.0244717059908 0.0178272596981 0.0238544977268 0.040658407358
Herato13 Herato1301 7325001.0 7325000.0 0.0386641766482 0.0256670026541 0.0371388210287 0.064469309708
Herato13 Herato1301 7375001.0 7375000.0 0.0272565071242 0.0178234385296 0.0265646993294 0.041156472356
Herato13 Herato1301 7425001.0 7425000.0 0.0172594169084 0.0148253182814 0.0172643334761 0.0197444301207
Herato13 Herato1301 7475001.0 7475000.0 0.079337259588 0.0373651057825 0.0779178663919 0.132279716111
Herato13 Herato1301 7525001.0 7525000.0 0.028582986574 0.0243439029598 0.0283569308486 0.0338262334246
Herato13 Herato1301 7575001.0 7575000.0 0.027644778242 0.0244591272478 0.027276343548 0.033457950172
Herato13 Herato1301 7625001.0 7625000.0 0.0394803944787 0.0307956773517 0.0394899475372 0.0495661290728
Herato13 Herato1301 7675001.0 7675000.0 0.0194328993175 0.0187912439728 0.0193499458782 0.0206185249431
Herato13 Herato1301 7725001.0 7725000.0 0.0302506080248 0.0230883770308 0.0299027204685 0.0400675722912
Herato13 Herato1301 7775001.0 7775000.0 0.025071931626 0.0168567197863 0.0240485784742 0.038552758974
Herato13 Herato1301 7825001.0 7825000.0 0.122550190644 0.0392163895603 0.116732196521 0.238226156521
Herato13 Herato1301 7875001.0 7875000.0 0.062471610392 0.051120598828 0.06106664334 0.079368611468
Herato13 Herato1301 7925001.0 7925000.0 0.0600534640836 0.0555146723172 0.0598923428872 0.065646822238
Herato13 Herato1301 7975001.0 7975000.0 0.0399982151069 0.0347617857713 0.0396583411032 0.0471641221692
Herato13 Herato1301 8025001.0 8025000.0 0.0317518641208 0.0231772708444 0.0309613509476 0.0455360428748
Herato13 Herato1301 8075001.0 8075000.0 0.0345139968244 0.0281780748793 0.0346253811146 0.0406925248256
Herato13 Herato1301 8125001.0 8125000.0 0.0574584985975 0.0267227628655 0.0519859466771 0.122070759842
Herato13 Herato1301 8175001.0 8175000.0 0.0605506914042 0.0367183013485 0.0575390818716 0.105519682576
Herato13 Herato1301 8225001.0 8225000.0 0.041421940608 0.0293931223412 0.041684869534 0.055650887778
Herato13 Herato1301 8275001.0 8275000.0 0.0419098152642 0.0337911634512 0.0415682238662 0.0521181942824
Herato13 Herato1301 8325001.0 8325000.0 0.0315610168412 0.0249484418143 0.0312698575331 0.0405477904026
Herato13 Herato1301 8375001.0 8375000.0 0.033354150576 0.0291712397454 0.0332335658688 0.0379828119202
Herato13 Herato1301 8425001.0 8425000.0 0.0838383589897 0.0479512656024 0.0807812615785 0.146293386458
Herato13 Herato1301 8475001.0 8475000.0 0.0357688913254 0.0229820795792 0.0337905639241 0.0611549708024
Herato13 Herato1301 8525001.0 8525000.0 0.0550768995176 0.0213539545861 0.0474007188216 0.115164846824
Herato13 Herato1301 8575001.0 8575000.0 0.0163048698124 0.0130400847755 0.0162016515298 0.0200850439588
Herato13 Herato1301 8625001.0 8625000.0 0.0515925041694 0.0347738512588 0.0486075226336 0.0796855818203
Herato13 Herato1301 8675001.0 8675000.0 0.055833931026 0.0354242278711 0.0544479442388 0.0819750094598
Herato13 Herato1301 8725001.0 8725000.0 0.0255298057799 0.0215406483034 0.0251371915035 0.0308739579372
Herato13 Herato1301 8775001.0 8775000.0 0.0312878543112 0.0196694503212 0.0307343537978 0.0510492998434
Herato13 Herato1301 8825001.0 8825000.0 0.0507790922312 0.0415548000573 0.0502669420556 0.063839975864
Herato13 Herato1301 8875001.0 8875000.0 0.0418053159597 0.0289599936291 0.0377881070863 0.0690093387682
Herato13 Herato1301 8925001.0 8925000.0 0.0273326362986 0.024846022643 0.027367884701 0.029801094918
Herato13 Herato1301 8975001.0 8975000.0 0.0367770135438 0.0188717861824 0.0339438060972 0.069106831928
Herato13 Herato1301 9025001.0 9025000.0 0.056602752572 0.0361893414989 0.0563932105962 0.08570702889
Herato13 Herato1301 9075001.0 9075000.0 0.0711028080718 0.0383536197027 0.0634491990691 0.156052883789
Herato13 Herato1301 9125001.0 9125000.0 0.0323027690846 0.0280561075372 0.0318105583487 0.0377854710132
Herato13 Herato1301 9175001.0 9175000.0 0.0418013408888 0.03172771376 0.0384128790434 0.0569318193464
Herato13 Herato1301 9225001.0 9225000.0 0.0494997086218 0.0377927625465 0.0494378413858 0.0650538322878
Herato13 Herato1301 9275001.0 9275000.0 0.0176130795008 0.0159554344282 0.0175941053292 0.0194898838868
Herato13 Herato1301 9325001.0 9325000.0 0.0233847493554 0.0216491314062 0.0233038760898 0.0255857966962
Herato13 Herato1301 9375001.0 9375000.0 0.0178012801463 0.013892567541 0.0175803899877 0.022807925698
Herato13 Herato1301 9425001.0 9425000.0 0.01510821738 0.0129569738295 0.0151544721696 0.017607151134
Herato13 Herato1301 9475001.0 9475000.0 0.024843594234 0.0222295602744 0.02486586506 0.027750062576
Herato13 Herato1301 9525001.0 9525000.0 0.0534863263384 0.0247156993139 0.0506949066968 0.0994761491068
Herato13 Herato1301 9575001.0 9575000.0 0.0277732102818 0.0227971267356 0.0274320915867 0.0353028764553
Herato13 Herato1301 9625001.0 9625000.0 0.0120308269292 0.0097226263774 0.0118981341696 0.0148858730858
Herato13 Herato1301 9675001.0 9675000.0 0.0219673647682 0.0178091316462 0.0216615797144 0.0281536125032
Herato13 Herato1301 9725001.0 9725000.0 0.0228891105555 0.0178643188616 0.022687144239 0.0289490650711
Herato13 Herato1301 9775001.0 9775000.0 0.0289193424708 0.0174440039988 0.0284956299866 0.0454448681048
Herato13 Herato1301 9825001.0 9825000.0 0.0384693333298 0.0197783287627 0.0359759638369 0.0717248393606
Herato13 Herato1301 9875001.0 9875000.0 0.0120834214462 0.00542680685655 0.00751460482888 0.0263127025493
Herato13 Herato1301 9925001.0 9925000.0 0.0039077286569 0.00356211903241 0.00387740115286 0.0044073022748
Herato13 Herato1301 9975001.0 9975000.0 0.00636452934172 0.00528238799328 0.00618544815871 0.00843014350808
Herato13 Herato1301 10025001.0 10025000.0 0.00855199028984 0.00690956063332 0.0084738145908 0.0106827000549
Herato13 Herato1301 10075001.0 10075000.0 0.0488994509198 0.0254593379387 0.0454619636724 0.102337925041
Herato13 Herato1301 10125001.0 10125000.0 0.0201171154663 0.0130080196157 0.0181949789404 0.0361776981158
Herato13 Herato1301 10175001.0 10175000.0 0.0342649922464 0.0061417426981 0.0318164044683 0.0726978948202
Herato13 Herato1301 10225001.0 10225000.0 0.0710511467258 0.0350974561055 0.0673493321731 0.128228493752
Herato13 Herato1301 10275001.0 10275000.0 0.0548598577438 0.0334846388762 0.052198306249 0.0922388127994
Herato13 Herato1301 10325001.0 10325000.0 0.03417898752 0.03156991284 0.03387974664 0.03764210004
Herato13 Herato1301 10375001.0 10375000.0 0.03499330944 0.03232207298 0.03468693908 0.03853893138
Herato13 Herato1301 10425001.0 10425000.0 0.0274034087554 0.0232457161548 0.0271672583275 0.0332171134728
Herato13 Herato1301 10475001.0 10475000.0 0.0715454165478 0.0506791882505 0.0684788175148 0.103332229087
Herato13 Herato1301 10525001.0 10525000.0 0.0794788253384 0.0422902976468 0.0678569700716 0.151677593968
Herato13 Herato1301 10575001.0 10575000.0 0.0498071360806 0.0357755974828 0.0492590956128 0.0693754015084
Herato13 Herato1301 10625001.0 10625000.0 0.0252157537064 0.0231689276606 0.02532076688 0.0270289904344
Herato13 Herato1301 10675001.0 10675000.0 0.0436105811902 0.0279303206838 0.0420627662919 0.0708966081234
Herato13 Herato1301 10725001.0 10725000.0 0.0535624460764 0.020925331896 0.0448692253846 0.115362576194
Herato13 Herato1301 10775001.0 10775000.0 0.0747751099328 0.0507399033489 0.0732417060278 0.118402709817
Herato13 Herato1301 10825001.0 10825000.0 0.038877796408 0.03306958379 0.037458457336 0.04828580102
Herato13 Herato1301 10875001.0 10875000.0 0.02848685172 0.026277958152 0.02835035658 0.0311366681
Herato13 Herato1301 10925001.0 10925000.0 0.059176477622 0.0266566498708 0.0597334783372 0.0981693540088
Herato13 Herato1301 10975001.0 10975000.0 0.030559495834 0.025573624804 0.030870333122 0.034796456722
Herato13 Herato1301 11025001.0 11025000.0 0.0531479296076 0.0478533283908 0.0529487221218 0.0585858885708
Herato13 Herato1301 11075001.0 11075000.0 0.0277775090792 0.0239896431674 0.0277171073132 0.031749868494
Herato13 Herato1301 11125001.0 11125000.0 0.0277341438824 0.0209664891605 0.0273508794208 0.0361192654656
Herato13 Herato1301 11175001.0 11175000.0 0.048271962388 0.043684205422 0.048234115262 0.054590693002
Herato13 Herato1301 11225001.0 11225000.0 0.0276143494822 0.0244060125019 0.027439584385 0.0312532984612
Herato13 Herato1301 11275001.0 11275000.0 0.0110014529486 0.0100237271768 0.0109841841228 0.0121601831074
Herato13 Herato1301 11325001.0 11325000.0 0.034421771668 0.031302651616 0.034326815434 0.037857392234
Herato13 Herato1301 11375001.0 11375000.0 0.0474359939442 0.0403551625916 0.04702469146 0.057832342478
Herato13 Herato1301 11425001.0 11425000.0 0.0382449811832 0.0283094643184 0.0373074919786 0.053938809388
Herato13 Herato1301 11475001.0 11475000.0 0.0737777618157 0.0438773708271 0.0713550778167 0.122539188279
Herato13 Herato1301 11525001.0 11525000.0 0.0294230745978 0.0224863495152 0.0292984055286 0.0384115214792
Herato13 Herato1301 11575001.0 11575000.0 0.030358362794 0.02636642182 0.0303784783142 0.034686634224
Herato13 Herato1301 11625001.0 11625000.0 0.0318540236184 0.0275716751252 0.0319263413772 0.0362370273634
Herato13 Herato1301 11675001.0 11675000.0 0.0567281996574 0.0309611387283 0.0541465341344 0.0964032334282
Herato13 Herato1301 11725001.0 11725000.0 0.0294997666178 0.0248954225716 0.0293150926422 0.034900619106
Herato13 Herato1301 11775001.0 11775000.0 0.0441723743158 0.0335936908877 0.0421516152224 0.067958708428
Herato13 Herato1301 11825001.0 11825000.0 0.054453665676 0.0455548553 0.053836994254 0.065269590872
Herato13 Herato1301 11875001.0 11875000.0 0.032505840641 0.0269503001656 0.0329261393078 0.037147343996
Herato13 Herato1301 11925001.0 11925000.0 0.0061659385775 0.00548975312976 0.00612377024908 0.0070919618535
Herato13 Herato1301 11975001.0 11975000.0 0.026737928849 0.0210251551865 0.0260910185434 0.0370180242674
Herato13 Herato1301 12025001.0 12025000.0 0.0656542084086 0.0378614978176 0.0616675090388 0.118637323041
Herato13 Herato1301 12075001.0 12075000.0 0.0406446820268 0.0286725420206 0.038715792152 0.0648003074208
Herato13 Herato1301 12125001.0 12125000.0 0.050444176887 0.0446788529535 0.0503306179196 0.056838878531
Herato13 Herato1301 12175001.0 12175000.0 0.0489722597006 0.0401864904103 0.0489206130855 0.0592272039774
Herato13 Herato1301 12225001.0 12225000.0 0.0580407678063 0.0376660382532 0.0553877655742 0.0962709718282
Herato13 Herato1301 12275001.0 12275000.0 0.087228952204 0.050645987708 0.085064786386 0.138172415032
Herato13 Herato1301 12325001.0 12325000.0 0.0533324010772 0.0268908021774 0.053830819857 0.0964257044868
Herato13 Herato1301 12375001.0 12375000.0 0.0383965264267 0.0257982285848 0.0369329550928 0.0596201011655
Herato13 Herato1301 12425001.0 12425000.0 0.0344936914646 0.0233123355012 0.0332363900696 0.054110265012
Herato13 Herato1301 12475001.0 12475000.0 0.0546591342182 0.033942801583 0.0521305836439 0.0897299032068
Herato13 Herato1301 12525001.0 12525000.0 0.018247848248 0.0148840005702 0.0176943601753 0.0231481891838
Herato13 Herato1301 12575001.0 12575000.0 0.0486954490336 0.0327979885795 0.0484225412258 0.0708546455596
Herato13 Herato1301 12625001.0 12625000.0 0.0473640590309 0.0284953939854 0.0447636505718 0.0822871534245
Herato13 Herato1301 12675001.0 12675000.0 0.0223088744188 0.0185131935047 0.022263460275 0.0265281963214
Herato13 Herato1301 12725001.0 12725000.0 0.016654273209 0.014393741241 0.0165362424363 0.0191722007622
Herato13 Herato1301 12775001.0 12775000.0 0.0617188941156 0.0241513981987 0.0520645345354 0.133994371493
Herato13 Herato1301 12825001.0 12825000.0 0.255232116295 0.0838964925549 0.238365817845 0.600236207159
Herato13 Herato1301 12875001.0 12875000.0 0.0601771352395 0.0368267651015 0.0575812485557 0.107973015563
Herato13 Herato1301 12925001.0 12925000.0 0.0457956481481 0.0287240604394 0.0441006904179 0.0728455582386
Herato13 Herato1301 12975001.0 12975000.0 0.00500487974162 0.00414834515681 0.00503851466622 0.0057012561334
Herato13 Herato1301 13025001.0 13025000.0 0.0303406816922 0.0131854280733 0.0282331701952 0.0628415680104
Herato13 Herato1301 13075001.0 13075000.0 0.00900691125024 0.00722807715104 0.00888127767144 0.0111673788727
Herato13 Herato1301 13125001.0 13125000.0 0.0220108684927 0.0142398897224 0.0205562697066 0.0379667506849
Herato13 Herato1301 13175001.0 13175000.0 0.00857955013258 0.00724729702252 0.00851104796626 0.010277971208
Herato13 Herato1301 13225001.0 13225000.0 0.0283969930666 0.0184542573521 0.027228403822 0.0444711029336
Herato13 Herato1301 13275001.0 13275000.0 0.0297571393347 0.0219904086656 0.0277629460929 0.0389722577548
Herato13 Herato1301 13325001.0 13325000.0 0.0649891871722 0.0268507865444 0.0601529145198 0.127483453159
Herato13 Herato1301 13375001.0 13375000.0 0.0293610131301 0.0206007490034 0.0280057407266 0.0488991827422
Herato13 Herato1301 13425001.0 13425000.0 0.029286229599 0.0218787803611 0.0280923977354 0.0454976388429
Herato13 Herato1301 13475001.0 13475000.0 0.0139531428448 0.0121543830455 0.0139391336373 0.0160033786715
Herato13 Herato1301 13525001.0 13525000.0 0.0409811052784 0.0218521428572 0.0402500423616 0.0689378728716
Herato13 Herato1301 13575001.0 13575000.0 0.0304500175412 0.0260950175164 0.0301998730274 0.0360599483714
Herato13 Herato1301 13625001.0 13625000.0 0.0314886257834 0.0276625403108 0.031331963377 0.035673225556
Herato13 Herato1301 13675001.0 13675000.0 0.0434314360848 0.0315316492026 0.0425210678576 0.0613972121672
Herato13 Herato1301 13725001.0 13725000.0 0.051998514333 0.0245637121844 0.0510335295118 0.0919445958546
Herato13 Herato1301 13775001.0 13775000.0 0.0754251783832 0.0413294953194 0.0727142765916 0.13440936782
Herato13 Herato1301 13825001.0 13825000.0 0.0641208259294 0.0353854112144 0.0605601735242 0.107779096823
Herato13 Herato1301 13875001.0 13875000.0 0.04549963616 0.03430245473 0.043623981364 0.065402023008
Herato13 Herato1301 13925001.0 13925000.0 0.0425811095584 0.0267505401406 0.0409025264362 0.0678218129252
Herato13 Herato1301 13975001.0 13975000.0 0.0991612438616 0.0578439145489 0.0939564234072 0.174129281953
Herato13 Herato1301 14025001.0 14025000.0 0.0511502493496 0.0373158009427 0.0487244748634 0.085609212934
Herato13 Herato1301 14075001.0 14075000.0 0.0564245483517 0.0390471233354 0.0542686940339 0.0853851512142
Herato13 Herato1301 14125001.0 14125000.0 0.0441676964908 0.032929876891 0.0427458129542 0.0626964673004
Herato13 Herato1301 14175001.0 14175000.0 0.0676177517712 0.0444696611325 0.0659589367853 0.10725510007
Herato13 Herato1301 14225001.0 14225000.0 0.100858007374 0.0668116298716 0.096371800302 0.15721886716
Herato13 Herato1301 14275001.0 14275000.0 0.0306118308974 0.0231571346125 0.030033582796 0.0406312529288
Herato13 Herato1301 14325001.0 14325000.0 0.02421261502 0.021647934484 0.02431603492 0.026969310092
Herato13 Herato1301 14375001.0 14375000.0 0.0445079498668 0.0311869999491 0.043662095015 0.0619383043566
Herato13 Herato1301 14425001.0 14425000.0 0.0210848000937 0.0162825264013 0.0206502659417 0.0303314635824
Herato13 Herato1301 14475001.0 14475000.0 0.0601862500177 0.0347763705814 0.059561753134 0.0960812634452
Herato13 Herato1301 14525001.0 14525000.0 0.0234472120384 0.0158568357349 0.021936563051 0.039832889208
Herato13 Herato1301 14575001.0 14575000.0 0.0244965347632 0.0213956776638 0.0243056115984 0.0289714056484
Herato13 Herato1301 14625001.0 14625000.0 0.0371139120518 0.0268680431246 0.036124552388 0.0529181025465
Herato13 Herato1301 14675001.0 14675000.0 0.0762751598864 0.0503196933921 0.0724314480196 0.124361880649
Herato13 Herato1301 14725001.0 14725000.0 0.0572934250544 0.0248691625332 0.0556413853046 0.087107549952
Herato13 Herato1301 14775001.0 14775000.0 0.0463057185257 0.0279668554925 0.0440869914026 0.0769326116806
Herato13 Herato1301 14825001.0 14825000.0 0.0324188785805 0.0129911677439 0.0297433765316 0.0667571288482
Herato13 Herato1301 14875001.0 14875000.0 0.0482364344343 0.0180902134536 0.0454275533877 0.0939210484942
Herato13 Herato1301 14925001.0 14925000.0 0.0257556054175 0.0225667038371 0.0258431238806 0.0290835521562
Herato13 Herato1301 14975001.0 14975000.0 0.0674231890989 0.0330039180764 0.0642498717185 0.119754400913
Herato13 Herato1301 15025001.0 15025000.0 0.0332787130404 0.0265454105532 0.0327681885414 0.0460865540402
Herato13 Herato1301 15075001.0 15075000.0 0.0536462030074 0.0304330145393 0.0520014542044 0.085536281579
Herato13 Herato1301 15125001.0 15125000.0 0.0629227800525 0.0277309623495 0.0573760019316 0.130935736844
Herato13 Herato1301 15175001.0 15175000.0 0.0223311734139 0.0178304103043 0.0221198907066 0.0283470086868
Herato13 Herato1301 15225001.0 15225000.0 0.0104601630745 0.00756588716207 0.00984482594424 0.0154555612793
Herato13 Herato1301 15275001.0 15275000.0 0.0100673969806 0.00757576651045 0.00989302636994 0.0132475134742
Herato13 Herato1301 15325001.0 15325000.0 0.0424961969582 0.0188150419709 0.0392897576817 0.0822911329506
Herato13 Herato1301 15375001.0 15375000.0 0.0192953586578 0.0144719345477 0.0193374499174 0.0249598029176
Herato13 Herato1301 15425001.0 15425000.0 0.074809555343 0.0433337459794 0.072393244859 0.120345887438
Herato13 Herato1301 15475001.0 15475000.0 0.0589631521819 0.0388699893588 0.0573367626785 0.0894718087201
Herato13 Herato1301 15525001.0 15525000.0 0.0585086217901 0.0268406724411 0.0573210465907 0.106755425508
Herato13 Herato1301 15575001.0 15575000.0 0.0644999130906 0.0428199820676 0.0592162869492 0.10746389302
Herato13 Herato1301 15625001.0 15625000.0 0.0273080189128 0.0218368968648 0.0269886036918 0.0356464089338
Herato13 Herato1301 15675001.0 15675000.0 0.039680007332 0.030208831226 0.03837446248 0.054586799836
Herato13 Herato1301 15725001.0 15725000.0 0.035882310477 0.0284395854623 0.035316641458 0.0459904292378
Herato13 Herato1301 15775001.0 15775000.0 0.0331116186 0.0288700055286 0.032785946752 0.03891550576
Herato13 Herato1301 15825001.0 15825000.0 0.0328080194524 0.029047729051 0.03283971804 0.0369911392316
Herato13 Herato1301 15875001.0 15875000.0 0.0402682778296 0.0303678443952 0.0397776954636 0.05260267957
Herato13 Herato1301 15925001.0 15925000.0 0.0383296523702 0.029586561478 0.0377722124986 0.050949714638
Herato13 Herato1301 15975001.0 15975000.0 0.0454086046126 0.0332937865646 0.0415828372698 0.074558403946
Herato13 Herato1301 16025001.0 16025000.0 0.055291861871 0.045318210203 0.0542674229944 0.0687379676406
Herato13 Herato1301 16075001.0 16075000.0 0.0673697622572 0.0473987571715 0.0665105818274 0.0958878751638
Herato13 Herato1301 16125001.0 16125000.0 0.0432371948146 0.0301304091434 0.0414920337011 0.0663366365205
Herato13 Herato1301 16175001.0 16175000.0 0.040205236946 0.03477738249 0.039982974466 0.047600511028
Herato13 Herato1301 16225001.0 16225000.0 0.0428711396536 0.023012069968 0.040050156795 0.079724930382
Herato13 Herato1301 16275001.0 16275000.0 0.0311333827415 0.02817404732 0.0310487542184 0.0341755321988
Herato13 Herato1301 16325001.0 16325000.0 0.0417660412345 0.0250636959752 0.0389433287236 0.0742445285912
Herato13 Herato1301 16375001.0 16375000.0 0.0287467299612 0.02146473506 0.0277690495621 0.0429134546206
Herato13 Herato1301 16425001.0 16425000.0 0.029888148987 0.0265593805547 0.0297087134245 0.0335025598998
Herato13 Herato1301 16475001.0 16475000.0 0.0387743382776 0.0347777696248 0.0384699334586 0.0437687089112
Herato13 Herato1301 16525001.0 16525000.0 0.063710234914 0.0392694504262 0.06182361652 0.098985177167
Herato13 Herato1301 16575001.0 16575000.0 0.0727933705171 0.0450335087777 0.070534460477 0.118570017587
Herato13 Herato1301 16625001.0 16625000.0 0.0695875500356 0.0453109745196 0.0679478084718 0.107341632161
Herato13 Herato1301 16675001.0 16675000.0 0.0367390153746 0.0331523676605 0.0364490032478 0.040787274422
Herato13 Herato1301 16725001.0 16725000.0 0.0480528910776 0.0370720193872 0.0476402559295 0.061621077509
Herato13 Herato1301 16775001.0 16775000.0 0.0627464947232 0.035515597982 0.0577981723708 0.119289284936
Herato13 Herato1301 16825001.0 16825000.0 0.0306064917105 0.026643410302 0.0302219742564 0.0374722208504
Herato13 Herato1301 16875001.0 16875000.0 0.0157928409122 0.00942930503626 0.0153149045591 0.0270247094891
Herato13 Herato1301 16925001.0 16925000.0 0.00759120787888 0.00677184124845 0.00759057644176 0.008492869322
Herato13 Herato1301 16975001.0 16975000.0 0.018587339526 0.0156563880302 0.0185814684272 0.0218050206798
Herato13 Herato1301 17025001.0 17025000.0 0.0465976262084 0.0245454260651 0.0456270904848 0.080958664538
Herato13 Herato1301 17075001.0 17075000.0 0.0279084317506 0.0157794138792 0.0279465688506 0.04296805545
Herato13 Herato1301 17125001.0 17125000.0 0.0379492433828 0.0225735216176 0.034678551738 0.0725768223574
Herato13 Herato1301 17175001.0 17175000.0 0.0166813055792 0.0139650656739 0.0165474700251 0.0199895168844
Herato13 Herato1301 17225001.0 17225000.0 0.0455669546928 0.0138906609133 0.0406307037943 0.118468474711
Herato13 Herato1301 17275001.0 17275000.0 0.0178555003143 0.0147652897412 0.0176864131056 0.0223140776648
Herato13 Herato1301 17325001.0 17325000.0 0.10212762149 0.0396128668635 0.0938489180083 0.219002766696
Herato13 Herato1301 17375001.0 17375000.0 0.0444241473894 0.0255917985534 0.041839666165 0.0784465394916
Herato13 Herato1301 17425001.0 17425000.0 0.0317701127031 0.0244831295672 0.0310108162066 0.0424842800802
Herato13 Herato1301 17475001.0 17475000.0 0.033599387632 0.0178852693068 0.031802263886 0.061042173236
Herato13 Herato1301 17525001.0 17525000.0 0.0335854102298 0.0232940793512 0.0323926176588 0.0508109514898
Herato13 Herato1301 17575001.0 17575000.0 0.024089969037 0.0204740557094 0.0238743050014 0.0287420248288
Herato13 Herato1301 17625001.0 17625000.0 0.021442470386 0.016895983588 0.02092266836 0.028170803676
Herato13 Herato1301 17675001.0 17675000.0 0.050377647343 0.0286654981938 0.0466282045716 0.087206565849
Herato13 Herato1301 17725001.0 17725000.0 0.0290828611052 0.0212556111359 0.028711882518 0.0404856537194
Herato13 Herato1301 17775001.0 17775000.0 0.0181747133328 0.0112864013505 0.01771894839 0.0272170801974
Herato13 Herato1301 17825001.0 17825000.0 0.0105908737111 0.00925405393977 0.010521642744 0.0122603814254
Herato13 Herato1301 17875001.0 17875000.0 0.0131508457472 0.0107446132244 0.013064773283 0.0162954728286
Herato13 Herato1301 17925001.0 17925000.0 0.0543611383797 0.0360528964224 0.0519737783943 0.0879157976136
Herato13 Herato1301 17975001.0 17975000.0 0.059819096369 0.0344603119554 0.0566325849588 0.106563335831
Herato13 Herato1301 18025001.0 18025000.0 0.0330717723588 0.0245473623912 0.0321797601878 0.0474956223352
Herato13 Herato1301 18075001.0 18075000.0 0.0501384575273 0.0315097466985 0.0470659316901 0.0965452961067
Herato13 Herato1301 18125001.0 18125000.0 0.0503127839097 0.0231980666211 0.0470441943658 0.0941405598586
Herato13 Herato1301 18175001.0 18175000.0 0.0115152660866 0.00864306657256 0.0114085125947 0.0150000836545
Herato13 Herato1301 18225001.0 18225000.0 0.0713778040696 0.00750378965594 0.0557270277312 0.2108102738
Herato13 Herato1301 18275001.0 18275000.0 0.0208125642657 0.0109463616311 0.0201979365687 0.0375198833166
Herato13 Herato1301 18325001.0 18325000.0 0.0094697727148 0.007403614137 0.0091274317204 0.0135059060566
Herato13 Herato1301 18375001.0 18375000.0 0.0112499802468 0.0092501352636 0.0111531791153 0.0141198503685
Herato13 Herato1301 18425001.0 18425000.0 0.020510483891 0.0155196827405 0.0203206957033 0.027240280877
Herato13 Herato1301 18475001.0 18475000.0 0.0670821270624 0.0210899552147 0.0609690132964 0.153496380947
Herato13 Herato1301 18525001.0 18525000.0 0.0200562757414 0.0146406664274 0.0193809451464 0.028504149637
Herato13 Herato1301 18575001.0 18575000.0 0.0269477057052 0.0179980562396 0.0269368559272 0.0414171862164
Herato13 Herato1301 18625001.0 18625000.0 0.022288266037 0.0160926454876 0.0219791148892 0.0304225689084
Herato13 Herato1301 18675001.0 18675000.0 0.126683858159 0.0380848853791 0.122969929352 0.252014762418
Herato13 Herato1301 18725001.0 18725000.0 0.025035035147 0.0158372758605 0.0245586355953 0.0393315092262
Herato13 Herato1301 18775001.0 18775000.0 0.0482770055639 0.0294211325456 0.0477008458887 0.0755038799336
Herato13 Herato1301 18825001.0 18825000.0 0.0477826213168 0.021099513247 0.0446267237363 0.097352532525
Herato13 Herato1301 18875001.0 18875000.0 0.112196892548 0.049202183292 0.102576731423 0.216587900318
Herato13 Herato1301 18925001.0 18925000.0 0.0374177042214 0.0232171791926 0.0370884927012 0.0536079845148
Herato13 Herato1301 18975001.0 18975000.0 0.040625814976 0.0276832660688 0.0388777646634 0.05827516624
Herato13 Herato1301 19025001.0 19025000.0 0.032210716953 0.0180780772238 0.0320293246261 0.0490667407454
Herato13 Herato1301 19075001.0 19075000.0 0.0443384531446 0.0324493651881 0.0435221432378 0.061441872798
Herato13 Herato1301 19125001.0 19125000.0 0.0400220620226 0.035076876919 0.0398406791446 0.0462026673086
Herato13 Herato1301 19175001.0 19175000.0 0.0527912102814 0.0290982251198 0.0489862375166 0.0977284603152
Herato13 Herato1301 19225001.0 19225000.0 0.063806497991 0.0373626882868 0.0592173505479 0.11155981505
Herato13 Herato1301 19275001.0 19275000.0 0.04441959069 0.038994751368 0.044383889442 0.05044522898
Herato13 Herato1301 19325001.0 19325000.0 0.0389125736288 0.0355544122051 0.0388836862174 0.0424633993204
Herato13 Herato1301 19375001.0 19375000.0 0.055667810588 0.042975278138 0.054363728128 0.074506438412
Herato13 Herato1301 19425001.0 19425000.0 0.04045772004 0.03737362008 0.04047589932 0.04368238702
Herato13 Herato1301 19475001.0 19475000.0 0.046997730818 0.041236210034 0.046640639502 0.05456599932
Herato13 Herato1301 19525001.0 19525000.0 0.047433535184 0.039136437232 0.046997507182 0.060008059034
Herato13 Herato1301 19575001.0 19575000.0 0.0407897501 0.03538908876 0.04084133996 0.04732907534
Herato13 Herato1301 19625001.0 19625000.0 0.0535572629024 0.0385761658812 0.052074961503 0.0744429188478
Herato13 Herato1301 19675001.0 19675000.0 0.056671845288 0.0439242376 0.053898011418 0.080058089052
Herato13 Herato1301 19725001.0 19725000.0 0.0467394915754 0.0366825077333 0.0457636988684 0.0598576498198
Herato13 Herato1301 19775001.0 19775000.0 0.0359298540338 0.0321442597483 0.0358481200498 0.0404946919918
Herato13 Herato1301 19825001.0 19825000.0 0.044517985434 0.0364454880929 0.0436013807266 0.060068171332
Herato13 Herato1301 19875001.0 19875000.0 0.0341432811134 0.0286099935621 0.0339150079858 0.0411409199338
Herato13 Herato1301 19925001.0 19925000.0 0.038288566448 0.02907042668 0.036557594198 0.050063626968
Herato13 Herato1301 19975001.0 19975000.0 0.0396779053536 0.033575773793 0.039466189323 0.047250835326
Herato13 Herato1301 20025001.0 20025000.0 0.037025525518 0.02981631542 0.036779112144 0.045856107828
Herato13 Herato1301 20075001.0 20075000.0 0.038797668234 0.0225833405392 0.0300595287118 0.0966988530758
Herato13 Herato1301 20125001.0 20125000.0 0.0181836044532 0.0121699665104 0.0176074353672 0.0305535743032
Herato13 Herato1301 20175001.0 20175000.0 0.0242984403514 0.0188637176178 0.0241308603922 0.0313081172414
Herato13 Herato1301 20225001.0 20225000.0 0.0415946488746 0.012991738528 0.0357161814862 0.103818640487
Herato13 Herato1301 20275001.0 20275000.0 0.031429991849 0.0213021884152 0.0293485517562 0.0562886972463
Herato13 Herato1301 20325001.0 20325000.0 0.0479011386053 0.0208426404709 0.0421151014424 0.132347908821
Herato13 Herato1301 20375001.0 20375000.0 0.0872850311155 0.0429013370327 0.0829297925365 0.154078748445
Herato13 Herato1301 20425001.0 20425000.0 0.120384477756 0.0558337434878 0.111512373928 0.238822782272
Herato13 Herato1301 20475001.0 20475000.0 0.0253774275184 0.0186002746497 0.0240429679688 0.0369121009912
Herato13 Herato1301 20525001.0 20525000.0 0.064652788128 0.026836195633 0.0629183336907 0.113222668444
Herato13 Herato1301 20575001.0 20575000.0 0.0270731061494 0.0203765239663 0.0264951144887 0.0373619323112
Herato13 Herato1301 20625001.0 20625000.0 0.0303289769902 0.0190366054494 0.0298191492 0.0445905858124
Herato13 Herato1301 20675001.0 20675000.0 0.0383176798512 0.034690993447 0.03837340067 0.042137776478
Herato13 Herato1301 20725001.0 20725000.0 0.0574436333722 0.0207973970624 0.0396249364578 0.148479605478
Herato13 Herato1301 20775001.0 20775000.0 0.165522510453 0.0829517722961 0.1564299014 0.29267139467
Herato13 Herato1301 20825001.0 20825000.0 0.038745561952 0.035852637352 0.038545137648 0.042082687222
Herato13 Herato1301 20875001.0 20875000.0 0.0454395603322 0.0301637922695 0.04283834154 0.0732750563688
Herato13 Herato1301 20925001.0 20925000.0 0.0783559767172 0.0422039696383 0.0726481428758 0.141278943099
Herato13 Herato1301 20975001.0 20975000.0 0.0385060064602 0.0241280613733 0.0360321354921 0.0706539175925
Herato13 Herato1301 21025001.0 21025000.0 0.0287339273932 0.0213652416738 0.027898154231 0.0397950460522
Herato13 Herato1301 21075001.0 21075000.0 0.0951220989577 0.0458381916441 0.0895086927475 0.175418412214
Herato13 Herato1301 21125001.0 21125000.0 0.0183073869927 0.0144472382942 0.0173712487634 0.0250121657475
Herato13 Herato1301 21175001.0 21175000.0 0.0234705670291 0.0195138739466 0.0232599194349 0.0291124182584
Herato13 Herato1301 21225001.0 21225000.0 0.039881268706 0.036883710084 0.039897676242 0.04290910792
Herato13 Herato1301 21275001.0 21275000.0 0.05599868588 0.05233656784 0.05560779794 0.0601543771
Herato13 Herato1301 21325001.0 21325000.0 0.04989001956 0.044963038732 0.049593926458 0.056607440206
Herato13 Herato1301 21375001.0 21375000.0 0.0286978422746 0.0239451324333 0.0283899260687 0.0345795341384
Herato13 Herato1301 21425001.0 21425000.0 0.0596627537782 0.036066216962 0.0564452577425 0.106695939732
Herato13 Herato1301 21475001.0 21475000.0 0.0582672086684 0.0445856622432 0.0575870065904 0.0776512961258
Herato13 Herato1301 21525001.0 21525000.0 0.03717023828 0.02849782375 0.037424812638 0.045902431184
Herato13 Herato1301 21575001.0 21575000.0 0.0356327831468 0.0237658620627 0.0337278084674 0.0511190734664
Herato13 Herato1301 21625001.0 21625000.0 0.0675010305824 0.0346411343303 0.0633613404944 0.124730678844
Herato13 Herato1301 21675001.0 21675000.0 0.062239034137 0.0486758569491 0.0621950328059 0.0789396676424
Herato13 Herato1301 21725001.0 21725000.0 0.040612700362 0.0288807693123 0.039120246135 0.061029592959
Herato13 Herato1301 21775001.0 21775000.0 0.0364882813774 0.0292174633962 0.0360719135396 0.0470304766552
Herato13 Herato1301 21825001.0 21825000.0 0.0607542108673 0.0339957855045 0.0586443371974 0.103498215979
Herato13 Herato1301 21875001.0 21875000.0 0.0333913225314 0.0252684050888 0.0332100485 0.0444129614925
Herato13 Herato1301 21925001.0 21925000.0 0.0168416637332 0.0141903896526 0.0164665196504 0.0254731171
Herato13 Herato1301 21975001.0 21975000.0 0.0381496100848 0.0247354126436 0.0358119925912 0.0666515880776
Herato13 Herato1301 22025001.0 22025000.0 0.0214916116744 0.0186711644316 0.0214438216152 0.0246544248356
Herato13 Herato1301 22075001.0 22075000.0 0.069997587335 0.0380663869583 0.0646469343661 0.136873669695
Herato13 Herato1301 22125001.0 22125000.0 0.0277864277004 0.0187898586386 0.0280410143033 0.037502277521
Herato13 Herato1301 22175001.0 22175000.0 0.03202966482 0.0254106100992 0.031895226389 0.0391267093538
Herato13 Herato1301 22225001.0 22225000.0 0.0688341100464 0.0332010872746 0.0660567808593 0.119225537828
Herato13 Herato1301 22275001.0 22275000.0 0.0457319877296 0.0307649115822 0.0446792073573 0.0678989217224
Herato13 Herato1301 22325001.0 22325000.0 0.0194540049175 0.0162633890466 0.0194106431828 0.0225551315403
Herato13 Herato1301 22375001.0 22375000.0 0.0256011886254 0.0225328207978 0.0255447522876 0.028888037411
Herato13 Herato1301 22425001.0 22425000.0 0.0162758277214 0.00813932925971 0.0149641127421 0.0338322858118
Herato13 Herato1301 22475001.0 22475000.0 0.0153046064162 0.0136895285721 0.015300759999 0.017431721699
Herato13 Herato1301 22525001.0 22525000.0 0.0219664851502 0.0180617067544 0.0219478527971 0.0265728814172
Herato13 Herato1301 22575001.0 22575000.0 0.101012749139 0.0496516534752 0.0933006876742 0.192470518038
Herato13 Herato1301 22625001.0 22625000.0 0.03603917856 0.032583447818 0.03582008796 0.0405358558
Herato13 Herato1301 22675001.0 22675000.0 0.025381036158 0.0217844175306 0.0252544215868 0.029533087772
Herato13 Herato1301 22725001.0 22725000.0 0.0371584753797 0.0270942212948 0.0361162007281 0.0540661932845
Herato13 Herato1301 22775001.0 22775000.0 0.0340058445491 0.0253963286768 0.0326991739957 0.0507922285969
Herato13 Herato1301 22825001.0 22825000.0 0.0247236309886 0.0135072077404 0.0226589690164 0.0456256417884
Herato13 Herato1301 22875001.0 22875000.0 0.0371299276668 0.0165485023994 0.0346538750964 0.074850618803
Herato13 Herato1301 22925001.0 22925000.0 0.00901582260322 0.00748653585002 0.00901351530142 0.0105593046206
Herato13 Herato1301 22975001.0 22975000.0 0.0299994902614 0.019177814053 0.0290574184234 0.0480191289504
Herato13 Herato1301 23025001.0 23025000.0 0.0185958739423 0.0109728642029 0.0178873658798 0.0331517935506
Herato13 Herato1301 23075001.0 23075000.0 0.009735757032 0.00543964228143 0.00761291466062 0.0271109583231
Herato13 Herato1301 23125001.0 23125000.0 0.014397656986 0.0108105427906 0.0142235879893 0.0186521707
Herato13 Herato1301 23175001.0 23175000.0 0.0306515091505 0.0185962821882 0.0296647439345 0.049636077461
Herato13 Herato1301 23225001.0 23225000.0 0.016726669614 0.01408428581 0.016693581692 0.019573746722
Herato13 Herato1301 23275001.0 23275000.0 0.0347009575723 0.0282325463614 0.0343205159949 0.0422156859002
Herato13 Herato1301 23325001.0 23325000.0 0.110518666518 0.0349155388892 0.0975253510291 0.248961217173
Herato13 Herato1301 23375001.0 23375000.0 0.0279911118903 0.0130078359153 0.0237218674778 0.0634866075956
Herato13 Herato1301 23425001.0 23425000.0 0.0427853415023 0.0202335118358 0.037653560809 0.0916255408821
Herato13 Herato1301 23475001.0 23475000.0 0.0206849810156 0.0146110867106 0.0187003946124 0.041842091434
Herato13 Herato1301 23525001.0 23525000.0 0.038760015646 0.0237857103532 0.0361360201479 0.0694185575336
Herato13 Herato1301 23575001.0 23575000.0 0.0273910842188 0.0144981994786 0.026821069406 0.0452955592832
Herato13 Herato1301 23625001.0 23625000.0 0.047022971599 0.0281754099033 0.0456631217668 0.0780752754354
Herato13 Herato1301 23675001.0 23675000.0 0.0190701907123 0.00994893934762 0.0188375618398 0.0307321621661
Herato13 Herato1301 23725001.0 23725000.0 0.0107173145718 0.00677680709293 0.0106803263266 0.0161090294262
Herato13 Herato1301 23775001.0 23775000.0 0.012893399398 0.011674797104 0.01310124058 0.01399136714
