chrom scaffold Cposition position mean p0025 p0500 p0975
Herato13 Herato1301 25001.0 25000.0 0.019857886352 0.00918739035552 0.0190550118854 0.0355362396954
Herato13 Herato1301 75001.0 75000.0 0.0044344682162 0.00370549805064 0.0043825352686 0.005463070784
Herato13 Herato1301 125001.0 125000.0 0.00869273908802 0.00736295769228 0.00868254148802 0.0100593474507
Herato13 Herato1301 175001.0 175000.0 0.0314409840423 0.0154562958093 0.0299770623643 0.0518012493064
Herato13 Herato1301 225001.0 225000.0 0.0472602070742 0.0292790199123 0.0449485661902 0.0765618611858
Herato13 Herato1301 275001.0 275000.0 0.02122070072 0.0187948198086 0.0211904766466 0.0241938305886
Herato13 Herato1301 325001.0 325000.0 0.018698813959 0.0146511322524 0.0179828678149 0.0246797679979
Herato13 Herato1301 375001.0 375000.0 0.0143050178278 0.0109678632792 0.014121593905 0.018371891018
Herato13 Herato1301 425001.0 425000.0 0.0458983743636 0.0172591185718 0.0426100050177 0.100049547381
Herato13 Herato1301 475001.0 475000.0 0.0195426240972 0.0164768282586 0.0193437383653 0.0239225236464
Herato13 Herato1301 525001.0 525000.0 0.0295976898486 0.0216728481232 0.0290563049357 0.0402791725006
Herato13 Herato1301 575001.0 575000.0 0.0306040166894 0.0184922475253 0.0289149650379 0.0538751261248
Herato13 Herato1301 625001.0 625000.0 0.01848405389 0.0077865148494 0.0173423941946 0.0319008748676
Herato13 Herato1301 675001.0 675000.0 0.0342991518849 0.0179326828969 0.0327401580994 0.0590223643995
Herato13 Herato1301 725001.0 725000.0 0.0255329918358 0.021081692264 0.0254903195677 0.030682546789
Herato13 Herato1301 775001.0 775000.0 0.089047055386 0.0704449125424 0.0882862576108 0.111087297807
Herato13 Herato1301 825001.0 825000.0 0.0214092117402 0.0182261220802 0.0212992667488 0.0251846272058
Herato13 Herato1301 875001.0 875000.0 0.0276477962428 0.0226110051212 0.0276502774348 0.0338401672948
Herato13 Herato1301 925001.0 925000.0 0.020538673824 0.0178777345042 0.020737142384 0.023224876192
Herato13 Herato1301 975001.0 975000.0 0.0712937125755 0.0422561114929 0.0697475380111 0.112996858324
Herato13 Herato1301 1025001.0 1025000.0 0.0297259661642 0.0178005029048 0.0283655228893 0.0490813191294
Herato13 Herato1301 1075001.0 1075000.0 0.0202566650188 0.0148939709514 0.019519359127 0.0295734710212
Herato13 Herato1301 1125001.0 1125000.0 0.0286975103666 0.0145126258696 0.026417690277 0.056932426128
Herato13 Herato1301 1175001.0 1175000.0 0.0520551836715 0.0227560460327 0.0484805614823 0.104794676136
Herato13 Herato1301 1225001.0 1225000.0 0.0805997417222 0.0351087142193 0.0733844207044 0.168774905737
Herato13 Herato1301 1275001.0 1275000.0 0.065205746837 0.0352767205528 0.0600326673232 0.126220042497
Herato13 Herato1301 1325001.0 1325000.0 0.0268654386754 0.0215469699492 0.0258078857187 0.0372738130368
Herato13 Herato1301 1375001.0 1375000.0 0.0450522680506 0.0400153053446 0.0449273106684 0.0505882850682
Herato13 Herato1301 1425001.0 1425000.0 0.0438213251216 0.0141980357571 0.0366241106626 0.121208216456
Herato13 Herato1301 1475001.0 1475000.0 0.0333161453111 0.0209392156812 0.0313909218774 0.0555350654784
Herato13 Herato1301 1525001.0 1525000.0 0.049683045266 0.0300044166306 0.0476425603209 0.0828536772958
Herato13 Herato1301 1575001.0 1575000.0 0.0346664085684 0.0276883949653 0.0343260063712 0.0434347103676
Herato13 Herato1301 1625001.0 1625000.0 0.14421659267 0.030116525963 0.119212293836 0.37597510959
Herato13 Herato1301 1675001.0 1675000.0 0.0597529029569 0.0278161302439 0.0568754596852 0.10879546951
Herato13 Herato1301 1725001.0 1725000.0 0.0254506566322 0.0145461613851 0.0244053592894 0.0451415149243
Herato13 Herato1301 1775001.0 1775000.0 0.0359375586082 0.00857074138362 0.0294449844884 0.0874444815356
Herato13 Herato1301 1825001.0 1825000.0 0.0452721109911 0.0224549843614 0.0419283932634 0.10215801121
Herato13 Herato1301 1875001.0 1875000.0 0.0735252501494 0.0319236459985 0.0651280589719 0.176315271104
Herato13 Herato1301 1925001.0 1925000.0 0.0248462180166 0.0164501145579 0.0235585560798 0.0415333259743
Herato13 Herato1301 1975001.0 1975000.0 0.00857339963594 0.00696006118829 0.00851652866446 0.0108071538674
Herato13 Herato1301 2025001.0 2025000.0 0.0618109783524 0.0232908929332 0.0567977965408 0.123565844873
Herato13 Herato1301 2075001.0 2075000.0 0.0780484543419 0.0213051575853 0.0621678757538 0.204071198705
Herato13 Herato1301 2125001.0 2125000.0 0.103206622497 0.0522974458925 0.0974711496395 0.181532462578
Herato13 Herato1301 2175001.0 2175000.0 0.0394988857385 0.0212705641529 0.0391756067077 0.066109319233
Herato13 Herato1301 2225001.0 2225000.0 0.0573228358192 0.0331759381317 0.0539713845147 0.0986338001974
Herato13 Herato1301 2275001.0 2275000.0 0.0255454645026 0.0112721226379 0.0231791068436 0.0549457370199
Herato13 Herato1301 2325001.0 2325000.0 0.0734048051614 0.0422162323659 0.0704412119884 0.123999033824
Herato13 Herato1301 2375001.0 2375000.0 0.041436449134 0.0318982096054 0.0407370252438 0.054088889758
Herato13 Herato1301 2425001.0 2425000.0 0.0492099076168 0.0286436141314 0.0476508932431 0.0814940556085
Herato13 Herato1301 2475001.0 2475000.0 0.0167244630074 0.0152330829276 0.0168168336064 0.0181801940228
Herato13 Herato1301 2525001.0 2525000.0 0.0760822211197 0.048367038315 0.0730738545538 0.121864495159
Herato13 Herato1301 2575001.0 2575000.0 0.0334395890037 0.0246007887142 0.0322880400002 0.048568124277
Herato13 Herato1301 2625001.0 2625000.0 0.0488071050066 0.0281292274895 0.0442545968936 0.0910269697272
Herato13 Herato1301 2675001.0 2675000.0 0.054523384088 0.0362901457758 0.0493809176718 0.110961128661
Herato13 Herato1301 2725001.0 2725000.0 0.0363505587892 0.015877292491 0.0331314969112 0.0822083433659
Herato13 Herato1301 2775001.0 2775000.0 0.0254670816186 0.0187487305176 0.0252670649074 0.033714949993
Herato13 Herato1301 2825001.0 2825000.0 0.0337523353466 0.0196901604463 0.0321248083196 0.0569781169168
Herato13 Herato1301 2875001.0 2875000.0 0.0604597781336 0.0197823809785 0.0532056328216 0.138721595923
Herato13 Herato1301 2925001.0 2925000.0 0.0353838834865 0.0187749969405 0.0329686821838 0.0665977854187
Herato13 Herato1301 2975001.0 2975000.0 0.0192752277358 0.0119788270189 0.0193049667203 0.029104566246
Herato13 Herato1301 3025001.0 3025000.0 0.0654374099144 0.0272614154372 0.0587292308254 0.147427677099
Herato13 Herato1301 3075001.0 3075000.0 0.0732671742952 0.0323471941738 0.0685622282237 0.154790612673
Herato13 Herato1301 3125001.0 3125000.0 0.0216177636084 0.0164498426361 0.0213441244158 0.0280684957784
Herato13 Herato1301 3175001.0 3175000.0 0.04595728869 0.032023386208 0.044391486666 0.068278186752
Herato13 Herato1301 3225001.0 3225000.0 0.0203997451118 0.0159162383737 0.01998840387 0.0265722973012
Herato13 Herato1301 3275001.0 3275000.0 0.0856780198914 0.0276806719412 0.0567709239786 0.247583627055
Herato13 Herato1301 3325001.0 3325000.0 0.026509109959 0.0226094394325 0.02638218298 0.030999335562
Herato13 Herato1301 3375001.0 3375000.0 0.0372847788145 0.0165680767468 0.0322190897298 0.0869416292422
Herato13 Herato1301 3425001.0 3425000.0 0.0339234070647 0.0211866386347 0.0311655818887 0.0714798734716
Herato13 Herato1301 3475001.0 3475000.0 0.0512541695557 0.0225001289172 0.0418208514895 0.128111314854
Herato13 Herato1301 3525001.0 3525000.0 0.0357458525238 0.0231055972338 0.0344627529294 0.055308127857
Herato13 Herato1301 3575001.0 3575000.0 0.0558496841321 0.0327387498438 0.0494178874262 0.106318786007
Herato13 Herato1301 3625001.0 3625000.0 0.030715970167 0.0168881057018 0.0293397419875 0.0537373486132
Herato13 Herato1301 3675001.0 3675000.0 0.0489889203553 0.0289709414463 0.0449333263154 0.0914617787688
Herato13 Herato1301 3725001.0 3725000.0 0.0296966142547 0.0189395364409 0.0281187757847 0.0498095004093
Herato13 Herato1301 3775001.0 3775000.0 0.0377424988697 0.0197919762178 0.0357994410767 0.0660907852797
Herato13 Herato1301 3825001.0 3825000.0 0.0197722984746 0.0165236864924 0.0196075207357 0.0235066135201
Herato13 Herato1301 3875001.0 3875000.0 0.152606359703 0.0502287821253 0.146840101146 0.310200987119
Herato13 Herato1301 3925001.0 3925000.0 0.0689981978198 0.050835386628 0.0689848070476 0.083693205723
Herato13 Herato1301 3975001.0 3975000.0 0.157667074305 0.0430372187057 0.15818084815 0.312673232981
Herato13 Herato1301 4025001.0 4025000.0 0.025696824975 0.0188662852011 0.0251257919062 0.03524020332
Herato13 Herato1301 4075001.0 4075000.0 0.050479479195 0.0300811362627 0.0478678872159 0.0858086005651
Herato13 Herato1301 4125001.0 4125000.0 0.0340953347772 0.023963947618 0.0330599039174 0.0508210459352
Herato13 Herato1301 4175001.0 4175000.0 0.023292336782 0.017792854254 0.023046940576 0.031115083598
Herato13 Herato1301 4225001.0 4225000.0 0.05738870986 0.042795940474 0.056626732674 0.076843904862
Herato13 Herato1301 4275001.0 4275000.0 0.018308005244 0.0160683353408 0.018267449754 0.0207746857
Herato13 Herato1301 4325001.0 4325000.0 0.0210554341098 0.0174392162238 0.02018949612 0.028507980531
Herato13 Herato1301 4375001.0 4375000.0 0.0281591664617 0.0225353258565 0.0278985891487 0.0351598385506
Herato13 Herato1301 4425001.0 4425000.0 0.039417561726 0.036379114454 0.039490828054 0.04210847897
Herato13 Herato1301 4475001.0 4475000.0 0.10584623286 0.08062456138 0.10724973442 0.13631754924
Herato13 Herato1301 4525001.0 4525000.0 0.0392694524427 0.0309534402284 0.0395487064947 0.0447597184681
Herato13 Herato1301 4575001.0 4575000.0 0.0555906544131 0.0502892465091 0.0554954912644 0.0601908806775
Herato13 Herato1301 4625001.0 4625000.0 0.035181927563 0.0237422439846 0.0341507383097 0.052918753609
Herato13 Herato1301 4675001.0 4675000.0 0.00876848074 0.007539317322 0.008168182954 0.012333403788
Herato13 Herato1301 4725001.0 4725000.0 0.039651424053 0.0200043187455 0.0353997800808 0.0818098126232
Herato13 Herato1301 4775001.0 4775000.0 0.0321819116332 0.0196613538815 0.0299899055451 0.0522968285924
Herato13 Herato1301 4825001.0 4825000.0 0.051463586626 0.0281960929227 0.0468770304475 0.0979409025619
Herato13 Herato1301 4875001.0 4875000.0 0.0565499024918 0.031174601958 0.0497243493124 0.112953214666
Herato13 Herato1301 4925001.0 4925000.0 0.0497077425962 0.0275802256882 0.0448586592772 0.0960640469613
Herato13 Herato1301 4975001.0 4975000.0 0.0304106397538 0.0256190198984 0.0305545388258 0.0360931919634
Herato13 Herato1301 5025001.0 5025000.0 0.0390262054946 0.0267443457767 0.0384368311366 0.0551270758066
Herato13 Herato1301 5075001.0 5075000.0 0.049524544248 0.023315786915 0.046192710751 0.0958625341912
Herato13 Herato1301 5125001.0 5125000.0 0.036263104089 0.0187042716937 0.032366808584 0.076899402002
Herato13 Herato1301 5175001.0 5175000.0 0.0247872335392 0.020930388527 0.024352486726 0.0298822504968
Herato13 Herato1301 5225001.0 5225000.0 0.0173769612008 0.0131938271896 0.0170750415882 0.0234852153782
Herato13 Herato1301 5275001.0 5275000.0 0.0157455258503 0.0137395207208 0.0157866877885 0.0180398696341
Herato13 Herato1301 5325001.0 5325000.0 0.026015666619 0.0157470593377 0.0238656338567 0.0472692599458
Herato13 Herato1301 5375001.0 5375000.0 0.056662332938 0.016074538176 0.0275074886623 0.156304529066
Herato13 Herato1301 5425001.0 5425000.0 0.0215831122886 0.0152859562312 0.0211968484621 0.0311420476264
Herato13 Herato1301 5475001.0 5475000.0 0.0188715842563 0.0161444164498 0.018700688704 0.0223211319996
Herato13 Herato1301 5525001.0 5525000.0 0.0573522682722 0.0277280566875 0.0547952095425 0.10150414988
Herato13 Herato1301 5575001.0 5575000.0 0.0295666690414 0.0165432072156 0.0282841738976 0.0503964946224
Herato13 Herato1301 5625001.0 5625000.0 0.0420878221931 0.0187326945035 0.0390347589341 0.0954064864971
Herato13 Herato1301 5675001.0 5675000.0 0.075146365293 0.0424130479578 0.0717208716557 0.125091794987
Herato13 Herato1301 5725001.0 5725000.0 0.0263372744907 0.0212889617833 0.025819435586 0.033378800163
Herato13 Herato1301 5775001.0 5775000.0 0.0654980341174 0.0350012308091 0.0588592699469 0.141344530908
Herato13 Herato1301 5825001.0 5825000.0 0.012370040183 0.00930472821433 0.0123528443799 0.0156991222016
Herato13 Herato1301 5875001.0 5875000.0 0.0450555737948 0.0330284136004 0.0436703836116 0.0633558695264
Herato13 Herato1301 5925001.0 5925000.0 0.0360253145227 0.0128009436336 0.0342019113629 0.0681491490184
Herato13 Herato1301 5975001.0 5975000.0 0.044694257204 0.025013514773 0.0427823612309 0.0778896078812
Herato13 Herato1301 6025001.0 6025000.0 0.0216226661234 0.0151138562739 0.021195151959 0.0306882288222
Herato13 Herato1301 6075001.0 6075000.0 0.0746626201728 0.0387833998915 0.0671355984464 0.136386826806
Herato13 Herato1301 6125001.0 6125000.0 0.0343491235732 0.0239077165781 0.0333601030629 0.0526698204499
Herato13 Herato1301 6175001.0 6175000.0 0.0319946380084 0.0230136013565 0.0313128390362 0.0468318042487
Herato13 Herato1301 6225001.0 6225000.0 0.0470924752124 0.030079925989 0.0449038265712 0.074172514429
Herato13 Herato1301 6275001.0 6275000.0 0.0742335919407 0.0213088637707 0.0704521793002 0.165701045086
Herato13 Herato1301 6325001.0 6325000.0 0.0475843970158 0.0294695337847 0.045231028403 0.0779020376984
Herato13 Herato1301 6375001.0 6375000.0 0.0227375273736 0.0146198386862 0.0217471950395 0.0356924726516
Herato13 Herato1301 6425001.0 6425000.0 0.022661518785 0.00768472813469 0.0179565187421 0.064975334222
Herato13 Herato1301 6475001.0 6475000.0 0.005882981364 0.005426845632 0.005847294216 0.006430384228
Herato13 Herato1301 6525001.0 6525000.0 0.0446537418868 0.023362381934 0.0414870805241 0.0848408808808
Herato13 Herato1301 6575001.0 6575000.0 0.0371187062134 0.0178185468582 0.0342527985784 0.0716287516642
Herato13 Herato1301 6625001.0 6625000.0 0.048664275841 0.0242308208036 0.0433034474461 0.0998710546936
Herato13 Herato1301 6675001.0 6675000.0 0.0757138623508 0.0278179082621 0.0710719920877 0.148004992214
Herato13 Herato1301 6725001.0 6725000.0 0.0794533866403 0.0426882641155 0.0746284186327 0.148369965243
Herato13 Herato1301 6775001.0 6775000.0 0.0922130344404 0.0574827965429 0.087230013029 0.149326544977
Herato13 Herato1301 6825001.0 6825000.0 0.0292263017396 0.0189384876493 0.0285778066085 0.0431014716423
Herato13 Herato1301 6875001.0 6875000.0 0.0169608609983 0.0136449408274 0.0167080573509 0.021524165543
Herato13 Herato1301 6925001.0 6925000.0 0.0232777644017 0.0168624473815 0.0223724705534 0.0376004968323
Herato13 Herato1301 6975001.0 6975000.0 0.0410411589737 0.0195960085548 0.0374988867757 0.0834641158458
Herato13 Herato1301 7025001.0 7025000.0 0.00668958286884 0.00613672346529 0.00671181494532 0.00732257054482
Herato13 Herato1301 7075001.0 7075000.0 0.019681545906 0.013999308112 0.018893243428 0.0303702318
Herato13 Herato1301 7125001.0 7125000.0 0.019087281706 0.013191561357 0.0185989272129 0.0289261526042
Herato13 Herato1301 7175001.0 7175000.0 0.0454430943902 0.0214790005381 0.0415675752252 0.0867862012827
Herato13 Herato1301 7225001.0 7225000.0 0.035785736564 0.0135056025081 0.0336304768828 0.0713845617658
Herato13 Herato1301 7275001.0 7275000.0 0.0915283221159 0.0365632323068 0.0821803356967 0.20373106672
Herato13 Herato1301 7325001.0 7325000.0 0.0156584306525 0.0139150517538 0.0155970445947 0.017468849824
Herato13 Herato1301 7375001.0 7375000.0 0.027357860944 0.0196420493124 0.0266388713268 0.0395385679894
Herato13 Herato1301 7425001.0 7425000.0 0.0279574531301 0.0129813000472 0.023033293742 0.074563260851
Herato13 Herato1301 7475001.0 7475000.0 0.129752107565 0.0676785431293 0.123751557803 0.23672259028
Herato13 Herato1301 7525001.0 7525000.0 0.0328975405362 0.018335441618 0.0320488452966 0.0528419534226
Herato13 Herato1301 7575001.0 7575000.0 0.103322841446 0.0395417186637 0.0909912017702 0.245927599283
Herato13 Herato1301 7625001.0 7625000.0 0.0182694004621 0.0127210390951 0.0173449318168 0.0289937275556
Herato13 Herato1301 7675001.0 7675000.0 0.0381762573051 0.0219236971697 0.0350848385931 0.068406070678
Herato13 Herato1301 7725001.0 7725000.0 0.0120939243803 0.0099589366513 0.0120115274554 0.0146285391708
Herato13 Herato1301 7775001.0 7775000.0 0.011637208498 0.0097005953586 0.0116055273566 0.0140823713612
Herato13 Herato1301 7825001.0 7825000.0 0.0448181034771 0.0116478685978 0.0396368291008 0.117083798518
Herato13 Herato1301 7875001.0 7875000.0 0.0808767406607 0.0479928541007 0.0764494707251 0.139337428162
Herato13 Herato1301 7925001.0 7925000.0 0.053777418182 0.05001597894 0.05379415567 0.05851842813
Herato13 Herato1301 7975001.0 7975000.0 0.0228196859774 0.0199467307785 0.0228177060124 0.0261626735922
Herato13 Herato1301 8025001.0 8025000.0 0.0363540471635 0.0262054676503 0.0355549487029 0.0513876228606
Herato13 Herato1301 8075001.0 8075000.0 0.0199661533185 0.0162620722924 0.0191419786159 0.0383653275415
Herato13 Herato1301 8125001.0 8125000.0 0.0307291275271 0.0243794629106 0.0302729390281 0.0388172583088
Herato13 Herato1301 8175001.0 8175000.0 0.045469312093 0.0264554851336 0.043527864414 0.0748892068698
Herato13 Herato1301 8225001.0 8225000.0 0.0316579406634 0.0122625095762 0.0236644460419 0.0984486759684
Herato13 Herato1301 8275001.0 8275000.0 0.0358461820004 0.0178183666605 0.0333972893467 0.0674357821817
Herato13 Herato1301 8325001.0 8325000.0 0.0194992119213 0.014553607259 0.0190115831096 0.027266720873
Herato13 Herato1301 8375001.0 8375000.0 0.0121481304814 0.00963422907559 0.0122488740991 0.0148443267123
Herato13 Herato1301 8425001.0 8425000.0 0.0237925748676 0.0195600000979 0.0237134626586 0.029385188106
Herato13 Herato1301 8475001.0 8475000.0 0.03416885549 0.0272768754098 0.0338752245504 0.04192325018
Herato13 Herato1301 8525001.0 8525000.0 0.0118155213983 0.00894076380773 0.011577762745 0.0157457142655
Herato13 Herato1301 8575001.0 8575000.0 0.00213748835494 0.0015861752256 0.0021155237387 0.00300859420586
Herato13 Herato1301 8625001.0 8625000.0 0.0376483624373 0.0128078798163 0.0364124357432 0.0732224959051
Herato13 Herato1301 8675001.0 8675000.0 0.0485454273714 0.031339906091 0.0472959446461 0.0715632529832
Herato13 Herato1301 8725001.0 8725000.0 0.0362473763805 0.0182948350876 0.0346461471461 0.0632907787812
Herato13 Herato1301 8775001.0 8775000.0 0.0216870554054 0.0185577743475 0.0213500177885 0.0253577696065
Herato13 Herato1301 8825001.0 8825000.0 0.035231159501 0.0064009402744 0.0337773732079 0.0758822046115
Herato13 Herato1301 8875001.0 8875000.0 0.0166666159638 0.0133488899523 0.0164965539058 0.0208794928081
Herato13 Herato1301 8925001.0 8925000.0 0.0248120262908 0.0187038845046 0.0252038997601 0.031305272911
Herato13 Herato1301 8975001.0 8975000.0 0.0533347532244 0.0296195818332 0.0535372187606 0.0984037571954
Herato13 Herato1301 9025001.0 9025000.0 0.0236314145259 0.00836765044047 0.0109588725362 0.0826399107558
Herato13 Herato1301 9075001.0 9075000.0 0.0142701296308 0.0122398297244 0.01388766468 0.0171983806384
Herato13 Herato1301 9125001.0 9125000.0 0.0369200752256 0.0115711090568 0.033569825428 0.096134323143
Herato13 Herato1301 9175001.0 9175000.0 0.06051105286 0.0346483970822 0.0568883910112 0.106960276171
Herato13 Herato1301 9225001.0 9225000.0 0.0202266272988 0.0120009306477 0.0189663301905 0.037509975385
Herato13 Herato1301 9275001.0 9275000.0 0.015824914462 0.0136328798184 0.0157698600774 0.0185983596794
Herato13 Herato1301 9325001.0 9325000.0 0.0474411918215 0.0344028488262 0.04627551516 0.0673351134937
Herato13 Herato1301 9375001.0 9375000.0 0.0408562414278 0.0237194237511 0.0383811390738 0.0704315885597
Herato13 Herato1301 9425001.0 9425000.0 0.0365591097242 0.0262032744114 0.0356861261264 0.0534030108878
Herato13 Herato1301 9475001.0 9475000.0 0.0234083934512 0.0197503259745 0.023357141556 0.0280909123728
Herato13 Herato1301 9525001.0 9525000.0 0.0437134379877 0.0280037884066 0.0422823432912 0.0685404311014
Herato13 Herato1301 9575001.0 9575000.0 0.0253261153053 0.00733112762674 0.0222547759724 0.0568934718726
Herato13 Herato1301 9625001.0 9625000.0 0.051819536985 0.0225200271512 0.0362199708712 0.149169183954
Herato13 Herato1301 9675001.0 9675000.0 0.0445713059632 0.0227592588821 0.0417877620455 0.0767781623906
Herato13 Herato1301 9725001.0 9725000.0 0.0274349389954 0.014148245871 0.0270635035896 0.040505818324
Herato13 Herato1301 9775001.0 9775000.0 0.0287269560144 0.0159787938004 0.0274956124883 0.0459946872723
Herato13 Herato1301 9825001.0 9825000.0 0.0952000338214 0.049548991293 0.0879603831105 0.184816513595
Herato13 Herato1301 9875001.0 9875000.0 0.0084885854684 0.00458726540955 0.00783240287792 0.0159171705868
Herato13 Herato1301 9925001.0 9925000.0 0.0174337160834 0.0111291166079 0.0170421489697 0.0275624374326
Herato13 Herato1301 9975001.0 9975000.0 0.0359038556667 0.0135903087825 0.0309710310758 0.0835553132811
Herato13 Herato1301 10025001.0 10025000.0 0.0336621442694 0.0109855264816 0.0306561528519 0.0695345416598
Herato13 Herato1301 10075001.0 10075000.0 0.0270736574944 0.00966578512762 0.0217416143199 0.0717615025394
Herato13 Herato1301 10125001.0 10125000.0 0.0717982545887 0.0164611073322 0.0618294003387 0.182807038067
Herato13 Herato1301 10175001.0 10175000.0 0.0100682514144 0.00705026613183 0.00965562434987 0.0153743335898
Herato13 Herato1301 10225001.0 10225000.0 0.0328337358021 0.0153335394886 0.0240066413676 0.149210414188
Herato13 Herato1301 10275001.0 10275000.0 0.0137728411767 0.0115532449422 0.0136694590961 0.0164112268385
Herato13 Herato1301 10325001.0 10325000.0 0.012496204316 0.0104707163112 0.012450876298 0.014889407176
Herato13 Herato1301 10375001.0 10375000.0 0.0172914052542 0.0157097423931 0.0172365942178 0.0190286801899
Herato13 Herato1301 10425001.0 10425000.0 0.0547112095738 0.0222853407137 0.0509581631416 0.114283087824
Herato13 Herato1301 10475001.0 10475000.0 0.0127490495458 0.00887104569772 0.0123801207546 0.018369998853
Herato13 Herato1301 10525001.0 10525000.0 0.00558132941426 0.00318198123362 0.00535608379484 0.00936850247564
Herato13 Herato1301 10575001.0 10575000.0 0.0423039500964 0.0241425235411 0.0424317911919 0.0542824820028
Herato13 Herato1301 10625001.0 10625000.0 0.0382085251064 0.0131971162186 0.0300535741938 0.113154049535
Herato13 Herato1301 10675001.0 10675000.0 0.0178365277752 0.0136697154305 0.0174982291459 0.0234523885985
Herato13 Herato1301 10725001.0 10725000.0 0.0792028062133 0.0367955278379 0.0698264828549 0.176409340449
Herato13 Herato1301 10775001.0 10775000.0 0.0499464375814 0.0311173873004 0.047735168163 0.08250629708
Herato13 Herato1301 10825001.0 10825000.0 0.0444180618107 0.021797480197 0.0425454277942 0.091019789652
Herato13 Herato1301 10875001.0 10875000.0 0.0243871063119 0.0180431264973 0.0243878366476 0.0312270473216
Herato13 Herato1301 10925001.0 10925000.0 0.0543088083866 0.0144498171483 0.0491423196703 0.12261458381
Herato13 Herato1301 10975001.0 10975000.0 0.0237917225761 0.0197834392228 0.0234808069081 0.0296242134344
Herato13 Herato1301 11025001.0 11025000.0 0.0405087119429 0.0165966642558 0.0340033965337 0.103697047691
Herato13 Herato1301 11075001.0 11075000.0 0.0174585193858 0.0139362023599 0.0171606679042 0.0220046594808
Herato13 Herato1301 11125001.0 11125000.0 0.0371113027398 0.0218708845273 0.0372379452674 0.0578008840436
Herato13 Herato1301 11175001.0 11175000.0 0.10293385285 0.0395382903604 0.0925594576289 0.22230435882
Herato13 Herato1301 11225001.0 11225000.0 0.0278850063568 0.0169863927321 0.025294043025 0.0478989644648
Herato13 Herato1301 11275001.0 11275000.0 0.0580439892587 0.0127940916585 0.0374331303191 0.184141721664
Herato13 Herato1301 11325001.0 11325000.0 0.0514369031364 0.0145912557147 0.0428018691431 0.14011911706
Herato13 Herato1301 11375001.0 11375000.0 0.0238054071442 0.0174348961673 0.0234685652611 0.0322816143831
Herato13 Herato1301 11425001.0 11425000.0 0.0203270771194 0.0107352353827 0.0190821739852 0.0400377853928
Herato13 Herato1301 11475001.0 11475000.0 0.0212108987626 0.0146283371347 0.0209467054979 0.0309382972494
Herato13 Herato1301 11525001.0 11525000.0 0.0343858686612 0.013922658428 0.0252020161831 0.0948688440494
Herato13 Herato1301 11575001.0 11575000.0 0.0194448612989 0.0105645438564 0.0184251442419 0.0344014686743
Herato13 Herato1301 11625001.0 11625000.0 0.025101820276 0.0208684021316 0.0248764582222 0.030270518376
Herato13 Herato1301 11675001.0 11675000.0 0.0491706321686 0.0250828225096 0.0429759617391 0.107925673252
Herato13 Herato1301 11725001.0 11725000.0 0.0161879146703 0.00786140802504 0.0149023674665 0.0304553122657
Herato13 Herato1301 11775001.0 11775000.0 0.0153191455021 0.0120680625227 0.0151048763776 0.0205132285236
Herato13 Herato1301 11825001.0 11825000.0 0.0142277684899 0.0109681698078 0.0140815488559 0.0183905769489
Herato13 Herato1301 11875001.0 11875000.0 0.0423051190845 0.0211481906839 0.0376238576412 0.0939030729263
Herato13 Herato1301 11925001.0 11925000.0 0.0110449247594 0.00873487114933 0.0108927604438 0.0138980013904
Herato13 Herato1301 11975001.0 11975000.0 0.0387349753053 0.0187763067368 0.0377418996747 0.0627230051781
Herato13 Herato1301 12025001.0 12025000.0 0.00833107297616 0.00124615014731 0.00781105621602 0.021572499006
Herato13 Herato1301 12075001.0 12075000.0 0.0109504686808 0.00931587569682 0.0108442676823 0.0130063207453
Herato13 Herato1301 12125001.0 12125000.0 0.0531354850666 0.0245148801128 0.0467520391735 0.114668835812
Herato13 Herato1301 12175001.0 12175000.0 0.0217961040864 0.0145821513312 0.0210037865013 0.0356641414501
Herato13 Herato1301 12225001.0 12225000.0 0.0188202993 0.0110297318063 0.0138099038121 0.049430430843
Herato13 Herato1301 12275001.0 12275000.0 0.0904336549828 0.0439685651253 0.0798143262426 0.196495485623
Herato13 Herato1301 12325001.0 12325000.0 0.0228081370254 0.0114847589558 0.0216658162522 0.0422135068138
Herato13 Herato1301 12375001.0 12375000.0 0.0841580625099 0.0456450242014 0.0796511810485 0.15002909508
Herato13 Herato1301 12425001.0 12425000.0 0.105911685642 0.0449577537247 0.0998128693887 0.209465416123
Herato13 Herato1301 12475001.0 12475000.0 0.0754695578742 0.0249017708135 0.0649138159514 0.205688125489
Herato13 Herato1301 12525001.0 12525000.0 0.0611529058343 0.0415905794522 0.0595722956259 0.0884395597996
Herato13 Herato1301 12575001.0 12575000.0 0.0301602143616 0.0176469986189 0.0282477158048 0.0530939210468
Herato13 Herato1301 12625001.0 12625000.0 0.0108503067692 0.00926322940602 0.010479335245 0.0130520887276
Herato13 Herato1301 12675001.0 12675000.0 0.0279133156697 0.0209189614835 0.0273718153367 0.0383464907819
Herato13 Herato1301 12725001.0 12725000.0 0.0200500615387 0.0135987821853 0.0196854071728 0.0299048790625
Herato13 Herato1301 12775001.0 12775000.0 0.0312162922802 0.0169062824935 0.0274487671537 0.0661885142452
Herato13 Herato1301 12825001.0 12825000.0 0.0118280311302 0.00724651890033 0.0114416767296 0.0177125279405
Herato13 Herato1301 12875001.0 12875000.0 0.0844156870552 0.0345345534926 0.0739821271174 0.191629307462
Herato13 Herato1301 12925001.0 12925000.0 0.0205457291331 0.0148165508955 0.0181420880625 0.04061823269
Herato13 Herato1301 12975001.0 12975000.0 0.00435709504908 0.00358783837743 0.00431315685558 0.005489680465
Herato13 Herato1301 13025001.0 13025000.0 0.592203633517 0.148045148634 0.52886766207 1.29419717151
Herato13 Herato1301 13075001.0 13075000.0 0.0166451197559 0.0142231169184 0.0164153779051 0.0203304043658
Herato13 Herato1301 13125001.0 13125000.0 0.0310191558488 0.0231407443334 0.030832548904 0.0396573933744
Herato13 Herato1301 13175001.0 13175000.0 0.0499510392337 0.0380266155016 0.0489545128921 0.0669628595266
Herato13 Herato1301 13225001.0 13225000.0 0.0276127651741 0.0166609211093 0.0256491874765 0.0523701822344
Herato13 Herato1301 13275001.0 13275000.0 0.0226159821105 0.0206740857539 0.0226628084579 0.024941868987
Herato13 Herato1301 13325001.0 13325000.0 0.0792774113297 0.00906927648606 0.0680487378424 0.255052555049
Herato13 Herato1301 13375001.0 13375000.0 0.1324414736 0.0445622688089 0.104796944852 0.307475973688
Herato13 Herato1301 13425001.0 13425000.0 0.0153923086392 0.0123975140575 0.0153944316642 0.0187660849098
Herato13 Herato1301 13475001.0 13475000.0 0.0183358787878 0.0159349081829 0.0181114753039 0.0214772327984
Herato13 Herato1301 13525001.0 13525000.0 0.0169253830934 0.0130432432991 0.0166312587347 0.0222697087754
Herato13 Herato1301 13575001.0 13575000.0 0.0191997923072 0.0131149190922 0.0179064038116 0.0314149696947
Herato13 Herato1301 13625001.0 13625000.0 0.0115501659593 0.0100026250967 0.0115916245933 0.0130181058748
Herato13 Herato1301 13675001.0 13675000.0 0.0175214604043 0.0120320326996 0.0169994875635 0.026219740951
Herato13 Herato1301 13725001.0 13725000.0 0.0273962464937 0.0132515541313 0.0261133950801 0.0545139965914
Herato13 Herato1301 13775001.0 13775000.0 0.090872123927 0.0405492096587 0.0825968731512 0.18852187618
Herato13 Herato1301 13825001.0 13825000.0 0.0362406007456 0.023430598639 0.0337455341394 0.0571627585986
Herato13 Herato1301 13875001.0 13875000.0 0.011121845043 0.0094878298298 0.011106511099 0.013009182872
Herato13 Herato1301 13925001.0 13925000.0 0.0275071118118 0.0147713011068 0.0260540017226 0.0473398072128
Herato13 Herato1301 13975001.0 13975000.0 0.0290185304221 0.0195923150833 0.0278233581108 0.0466774585335
Herato13 Herato1301 14025001.0 14025000.0 0.0391296523041 0.0109771170233 0.0379442230693 0.0651306587293
Herato13 Herato1301 14075001.0 14075000.0 0.0961357476816 0.0350937979291 0.0820420697517 0.247609615468
Herato13 Herato1301 14125001.0 14125000.0 0.0245340409215 0.0181696441424 0.0237615050886 0.0341806974958
Herato13 Herato1301 14175001.0 14175000.0 0.0226331069916 0.0118545378497 0.019302585418 0.0638577475476
Herato13 Herato1301 14225001.0 14225000.0 0.0355897796864 0.0285243484114 0.0346098733464 0.0490779779274
Herato13 Herato1301 14275001.0 14275000.0 0.046466236358 0.026698548929 0.043251814538 0.0922961015898
Herato13 Herato1301 14325001.0 14325000.0 0.0097607860216 0.00814970565382 0.0096769572496 0.0116576994168
Herato13 Herato1301 14375001.0 14375000.0 0.0150192985152 0.00560103703308 0.0068219570932 0.0437043822136
Herato13 Herato1301 14425001.0 14425000.0 0.0200148569651 0.0158457396783 0.0198975206753 0.0252444652629
Herato13 Herato1301 14475001.0 14475000.0 0.0289712160451 0.0205533665763 0.0280644177221 0.041616710543
Herato13 Herato1301 14525001.0 14525000.0 0.00573674586608 0.00389264596396 0.00565244365034 0.00821349981274
Herato13 Herato1301 14575001.0 14575000.0 0.158857864902 0.0815682959966 0.147996776337 0.296574969525
Herato13 Herato1301 14625001.0 14625000.0 0.0375618993675 0.0205650248926 0.0364589550551 0.0664458402089
Herato13 Herato1301 14675001.0 14675000.0 0.0120650315337 0.0111778846456 0.0119600093807 0.0127941277913
Herato13 Herato1301 14725001.0 14725000.0 0.0169902801349 0.0124789966096 0.0167901638692 0.0230263046608
Herato13 Herato1301 14775001.0 14775000.0 0.0694055941255 0.0368266367751 0.0670937826347 0.116191340302
Herato13 Herato1301 14825001.0 14825000.0 0.0926858259465 0.0209600028399 0.0689935246005 0.314897924857
Herato13 Herato1301 14875001.0 14875000.0 0.0338228634417 0.0146747992816 0.028333104899 0.0865952748501
Herato13 Herato1301 14925001.0 14925000.0 0.0668004070015 0.0155572726866 0.0525344848567 0.216211189472
Herato13 Herato1301 14975001.0 14975000.0 0.00873411788552 0.00801318019371 0.00869021787048 0.00960406744258
Herato13 Herato1301 15025001.0 15025000.0 0.0239585294422 0.0104655235667 0.0216246756864 0.0488607875636
Herato13 Herato1301 15075001.0 15075000.0 0.0104289708788 0.00835135972713 0.00991042778354 0.013994413336
Herato13 Herato1301 15125001.0 15125000.0 0.0710734957543 0.0287152501466 0.0653145327463 0.151318729487
Herato13 Herato1301 15175001.0 15175000.0 0.0559469639424 0.0196267353939 0.0516314270475 0.110771026225
Herato13 Herato1301 15225001.0 15225000.0 0.0899402714077 0.0479911633063 0.0861821011829 0.153542679814
Herato13 Herato1301 15275001.0 15275000.0 0.0227944706279 0.0139635775957 0.0227726723409 0.0332291600221
Herato13 Herato1301 15325001.0 15325000.0 0.0155221591436 0.0133140197416 0.0152855068408 0.0184469383188
Herato13 Herato1301 15375001.0 15375000.0 0.00544850890972 0.00467023462499 0.00538584133958 0.00648713955072
Herato13 Herato1301 15425001.0 15425000.0 0.0395175631369 0.015891534879 0.0339805800478 0.10293868221
Herato13 Herato1301 15475001.0 15475000.0 0.0178062433094 0.0131760651145 0.0171693704088 0.0245932311992
Herato13 Herato1301 15525001.0 15525000.0 0.0411505966132 0.0192590559436 0.0371247357519 0.084334394594
Herato13 Herato1301 15575001.0 15575000.0 0.0345480463587 0.0222423344693 0.0336787872952 0.0529496158137
Herato13 Herato1301 15625001.0 15625000.0 0.0355439251934 0.0182517776755 0.0313744429591 0.0765116459189
Herato13 Herato1301 15675001.0 15675000.0 0.0201233523154 0.0143155984818 0.0199185063376 0.0266677254944
Herato13 Herato1301 15725001.0 15725000.0 0.0738387769394 0.0365386603481 0.0660141530264 0.141194527975
Herato13 Herato1301 15775001.0 15775000.0 0.0152903086906 0.0129026069848 0.015254360021 0.0179999938358
Herato13 Herato1301 15825001.0 15825000.0 0.0448880111197 0.0258463850795 0.042479760582 0.080590553038
Herato13 Herato1301 15875001.0 15875000.0 0.0146950594158 0.00941520346222 0.0135406311746 0.0255789763672
Herato13 Herato1301 15925001.0 15925000.0 0.016482026353 0.012712085578 0.0164274881963 0.0212957442081
Herato13 Herato1301 15975001.0 15975000.0 0.047570641999 0.0216786480104 0.0425242549609 0.100666769221
Herato13 Herato1301 16025001.0 16025000.0 0.0111651709475 0.00917430920921 0.011043793847 0.0138266174414
Herato13 Herato1301 16075001.0 16075000.0 0.0336552486429 0.0237796760492 0.0327919412425 0.0484921061044
Herato13 Herato1301 16125001.0 16125000.0 0.0320116425585 0.0189756616749 0.0314428235563 0.0489260008013
Herato13 Herato1301 16175001.0 16175000.0 0.0229656570832 0.0208548138627 0.0229232061964 0.0251757423724
Herato13 Herato1301 16225001.0 16225000.0 0.0167465864749 0.0139156052841 0.0167600990515 0.0195764766059
Herato13 Herato1301 16275001.0 16275000.0 0.0433428467739 0.025028141327 0.0398768072878 0.0791934243332
Herato13 Herato1301 16325001.0 16325000.0 0.0257307855462 0.0160631196185 0.024510921536 0.0412180599354
Herato13 Herato1301 16375001.0 16375000.0 0.0214929967378 0.0153836304761 0.0206603642206 0.033660235119
Herato13 Herato1301 16425001.0 16425000.0 0.0153755738628 0.0115416893962 0.0150699862705 0.0211547547209
Herato13 Herato1301 16475001.0 16475000.0 0.0642776749993 0.025997478891 0.0592302761635 0.138554991912
Herato13 Herato1301 16525001.0 16525000.0 0.0369540507768 0.0274862191783 0.0355794720626 0.0549391001174
Herato13 Herato1301 16575001.0 16575000.0 0.0555987335615 0.0285919340522 0.05139635424 0.107824038592
Herato13 Herato1301 16625001.0 16625000.0 0.0439385108271 0.0299632853379 0.0422561301325 0.0636979756724
Herato13 Herato1301 16675001.0 16675000.0 0.0336247545554 0.0243331898775 0.0335657735202 0.0433362199138
Herato13 Herato1301 16725001.0 16725000.0 0.0206212759004 0.0135875371888 0.0212897489072 0.029766816624
Herato13 Herato1301 16775001.0 16775000.0 0.0440921936281 0.0256925031233 0.0411805530245 0.0777860528104
Herato13 Herato1301 16825001.0 16825000.0 0.024631358959 0.0196785224402 0.0246682465209 0.029363771112
Herato13 Herato1301 16875001.0 16875000.0 0.015585354563 0.0132546891719 0.0155854859489 0.0182845189132
Herato13 Herato1301 16925001.0 16925000.0 0.0146031300459 0.00906987028938 0.0142166825845 0.02191345913
Herato13 Herato1301 16975001.0 16975000.0 0.0146783720145 0.00958097200669 0.0145283813792 0.0214927504154
Herato13 Herato1301 17025001.0 17025000.0 0.0498188923236 0.031315112307 0.0479080317808 0.081834053071
Herato13 Herato1301 17075001.0 17075000.0 0.035781126854 0.0205852008292 0.0346636353391 0.0613871562969
Herato13 Herato1301 17125001.0 17125000.0 0.0396385279961 0.0210968132863 0.0374993935918 0.0724125470148
Herato13 Herato1301 17175001.0 17175000.0 0.0522260302805 0.0081337840799 0.0438239612095 0.14744470994
Herato13 Herato1301 17225001.0 17225000.0 0.113216670668 0.0397624257586 0.0979555822748 0.262337984611
Herato13 Herato1301 17275001.0 17275000.0 0.0713199491071 0.0309773168871 0.0677927371453 0.132247582862
Herato13 Herato1301 17325001.0 17325000.0 0.00798260695436 0.00653620895072 0.00792304429502 0.00963759103596
Herato13 Herato1301 17375001.0 17375000.0 0.0117425910148 0.00785092141748 0.0109476424416 0.018850755937
Herato13 Herato1301 17425001.0 17425000.0 0.0781727741129 0.0196775873111 0.0680338455411 0.207683977582
Herato13 Herato1301 17475001.0 17475000.0 0.0365729894376 0.0224609359905 0.0327904285057 0.0655851340732
Herato13 Herato1301 17525001.0 17525000.0 0.0272527831545 0.0165949699451 0.026725174138 0.0467278357588
Herato13 Herato1301 17575001.0 17575000.0 0.0228780439002 0.0203406683255 0.022423757549 0.0256068581835
Herato13 Herato1301 17625001.0 17625000.0 0.0483252288216 0.0284358205786 0.0476628113376 0.0843514399034
Herato13 Herato1301 17675001.0 17675000.0 0.0150048009921 0.0123577336933 0.0149287324929 0.018427468822
Herato13 Herato1301 17725001.0 17725000.0 0.0281693510102 0.0193092418956 0.026736621988 0.0464509452642
Herato13 Herato1301 17775001.0 17775000.0 0.0191213306935 0.0157668778774 0.0186773855158 0.023224256166
Herato13 Herato1301 17825001.0 17825000.0 0.0327030763406 0.0183986080032 0.0315751441618 0.0537789384728
Herato13 Herato1301 17875001.0 17875000.0 0.0182015042743 0.0135279705159 0.0177233819993 0.0259592243648
Herato13 Herato1301 17925001.0 17925000.0 0.026610757088 0.018535770673 0.0253385337654 0.041060710381
Herato13 Herato1301 17975001.0 17975000.0 0.0545475048681 0.0372043877231 0.055123642196 0.0744199858866
Herato13 Herato1301 18025001.0 18025000.0 0.0526900845642 0.0248135796406 0.0438993897041 0.129457939389
Herato13 Herato1301 18075001.0 18075000.0 0.0332454393322 0.0188598265447 0.0316324002157 0.0592059571854
Herato13 Herato1301 18125001.0 18125000.0 0.0155423354774 0.00997646362844 0.0145817302989 0.0256956931646
Herato13 Herato1301 18175001.0 18175000.0 0.0368365015795 0.0186394878927 0.0338365484919 0.0717418163985
Herato13 Herato1301 18225001.0 18225000.0 0.0513624080147 0.0146639212424 0.0376845063577 0.136092653477
Herato13 Herato1301 18275001.0 18275000.0 0.0119480390864 0.00478945787512 0.01174741854 0.0211787070249
Herato13 Herato1301 18325001.0 18325000.0 0.0140189911794 0.0107373407339 0.0140304443572 0.0166054185303
Herato13 Herato1301 18375001.0 18375000.0 0.0189418531153 0.0171665709404 0.0188046759589 0.0214805821048
Herato13 Herato1301 18425001.0 18425000.0 0.0393839600792 0.0309793935962 0.0383429936198 0.051310182654
Herato13 Herato1301 18475001.0 18475000.0 0.0464737006583 0.0180663117657 0.0440814100258 0.0959814654125
Herato13 Herato1301 18525001.0 18525000.0 0.0449974803492 0.0291871184797 0.0438990359299 0.0709203694284
Herato13 Herato1301 18575001.0 18575000.0 0.105661144249 0.0486006441715 0.097445366756 0.209818410172
Herato13 Herato1301 18625001.0 18625000.0 0.0182657848586 0.0141570639536 0.0172443016836 0.0293609116936
Herato13 Herato1301 18675001.0 18675000.0 0.0358666318302 0.0253797129504 0.0345778289743 0.0531445925634
Herato13 Herato1301 18725001.0 18725000.0 0.0224842219016 0.0186909829794 0.0222458881319 0.027395752463
Herato13 Herato1301 18775001.0 18775000.0 0.0726299237686 0.0522661124058 0.0720490203818 0.0947106747239
Herato13 Herato1301 18825001.0 18825000.0 0.0217108517038 0.0159355639306 0.0207025911946 0.0331532991724
Herato13 Herato1301 18875001.0 18875000.0 0.0414493344782 0.0314864668203 0.0410133131447 0.05427236711
Herato13 Herato1301 18925001.0 18925000.0 0.020926323914 0.01734496748 0.021000692864 0.023823344816
Herato13 Herato1301 18975001.0 18975000.0 0.0647853193148 0.0397995957314 0.0613179694482 0.107990830228
Herato13 Herato1301 19025001.0 19025000.0 0.155064911251 0.0600465395392 0.146509399538 0.302762108897
Herato13 Herato1301 19075001.0 19075000.0 0.0556762693921 0.0353851985381 0.0518429420753 0.099943936241
Herato13 Herato1301 19125001.0 19125000.0 0.0689752259981 0.0430174264363 0.0665354855256 0.109517081227
Herato13 Herato1301 19175001.0 19175000.0 0.0350184939465 0.0281062581189 0.0349419580621 0.0429264407055
Herato13 Herato1301 19225001.0 19225000.0 0.0415626050488 0.0245234048178 0.0388636480804 0.0722010258364
Herato13 Herato1301 19275001.0 19275000.0 0.025436128732 0.0208741004488 0.0254091277942 0.030756750677
Herato13 Herato1301 19325001.0 19325000.0 0.0244444735138 0.0193535114682 0.024192591644 0.0310645410074
Herato13 Herato1301 19375001.0 19375000.0 0.037499637063 0.0241160365606 0.0302598747577 0.0823323082728
Herato13 Herato1301 19425001.0 19425000.0 0.0389381594932 0.0273202901211 0.037422456592 0.0571960261736
Herato13 Herato1301 19475001.0 19475000.0 0.0320657373891 0.0258808142601 0.0321733203024 0.0388592271878
Herato13 Herato1301 19525001.0 19525000.0 0.0218000371672 0.0122409510734 0.0166236756216 0.055961558313
Herato13 Herato1301 19575001.0 19575000.0 0.043375441963 0.0220317838135 0.0418492895697 0.081419760606
Herato13 Herato1301 19625001.0 19625000.0 0.0260915766465 0.0191468975156 0.0259017536789 0.0346463415479
Herato13 Herato1301 19675001.0 19675000.0 0.0191251604926 0.0165427739624 0.0189702567152 0.0223788581776
Herato13 Herato1301 19725001.0 19725000.0 0.0164867845634 0.0124606313221 0.0167482448511 0.0196060455864
Herato13 Herato1301 19775001.0 19775000.0 0.0407116929833 0.0251654740307 0.0397676166412 0.0611890635014
Herato13 Herato1301 19825001.0 19825000.0 0.0586394369812 0.0255254181192 0.0550347607976 0.11293220755
Herato13 Herato1301 19875001.0 19875000.0 0.0426088359929 0.0364030141757 0.0421938788062 0.0518813074712
Herato13 Herato1301 19925001.0 19925000.0 0.0853202636735 0.0433304551665 0.0774844788605 0.170843538262
Herato13 Herato1301 19975001.0 19975000.0 0.0177990660976 0.01349269631 0.0172836168406 0.025317757393
Herato13 Herato1301 20025001.0 20025000.0 0.0911225698022 0.0310562528455 0.0771108114204 0.257769170129
Herato13 Herato1301 20075001.0 20075000.0 0.0201310287455 0.0182903295291 0.0200961834 0.0224271043765
Herato13 Herato1301 20125001.0 20125000.0 0.0162631895688 0.0117245415772 0.0157082210701 0.0234413257549
Herato13 Herato1301 20175001.0 20175000.0 0.0157450042385 0.0139159351445 0.0156754807865 0.0179030165384
Herato13 Herato1301 20225001.0 20225000.0 0.022610572866 0.020291367746 0.022882792412 0.024741371642
Herato13 Herato1301 20275001.0 20275000.0 0.0132178447994 0.011203382611 0.0131591489556 0.015616911273
Herato13 Herato1301 20325001.0 20325000.0 0.0237067843836 0.015059997141 0.0233945438932 0.0311377335932
Herato13 Herato1301 20375001.0 20375000.0 0.323480147331 0.0483947532149 0.299883246068 0.695714720714
Herato13 Herato1301 20425001.0 20425000.0 0.0403991785652 0.0265852887421 0.0391000845059 0.0626107428016
Herato13 Herato1301 20475001.0 20475000.0 0.0426058042672 0.0262438790926 0.041604403081 0.0659621845772
Herato13 Herato1301 20525001.0 20525000.0 0.0132122140002 0.011664598522 0.0132501647508 0.014395567667
Herato13 Herato1301 20575001.0 20575000.0 0.0788161581622 0.0326483131712 0.0703340407067 0.171864487602
Herato13 Herato1301 20625001.0 20625000.0 0.150783172574 0.0731644193812 0.136112082156 0.306306156827
Herato13 Herato1301 20675001.0 20675000.0 0.0450275877435 0.025954544015 0.0425249747263 0.0818963977044
Herato13 Herato1301 20725001.0 20725000.0 0.0321792311241 0.00901111926783 0.0291652747973 0.0735921053593
Herato13 Herato1301 20775001.0 20775000.0 0.081491243329 0.0450673583878 0.077767494649 0.1368099893
Herato13 Herato1301 20825001.0 20825000.0 0.0909997257158 0.0379300667736 0.0836864313294 0.212919285873
Herato13 Herato1301 20875001.0 20875000.0 0.0280485284846 0.0195537095193 0.0267140681865 0.0401843745376
Herato13 Herato1301 20925001.0 20925000.0 0.0467233990525 0.0193291392892 0.0442446257718 0.0917314632074
Herato13 Herato1301 20975001.0 20975000.0 0.0288150941536 0.0187768964556 0.0281654727443 0.0511694553848
Herato13 Herato1301 21025001.0 21025000.0 0.032128154958 0.0273861213709 0.031898996343 0.037483753764
Herato13 Herato1301 21075001.0 21075000.0 0.018946507468 0.0157231301338 0.019021806264 0.023065110378
Herato13 Herato1301 21125001.0 21125000.0 0.0444259154318 0.0123705035581 0.035193372746 0.126474362898
Herato13 Herato1301 21175001.0 21175000.0 0.0156068028854 0.0124131218837 0.0155172981307 0.0194684706636
Herato13 Herato1301 21225001.0 21225000.0 0.112848816401 0.0453075904668 0.100677997228 0.267589105151
Herato13 Herato1301 21275001.0 21275000.0 0.030313506044 0.0190871678032 0.029313555242 0.0475682608292
Herato13 Herato1301 21325001.0 21325000.0 0.0293748761518 0.0150303415989 0.0294231398668 0.0465123746134
Herato13 Herato1301 21375001.0 21375000.0 0.035687073622 0.0247193341778 0.0344919566628 0.052966618019
Herato13 Herato1301 21425001.0 21425000.0 0.0135685065002 0.00801920783716 0.00926802717416 0.0307370294597
Herato13 Herato1301 21475001.0 21475000.0 0.0645547156801 0.0266580498785 0.0519673224513 0.144099965699
Herato13 Herato1301 21525001.0 21525000.0 0.172322966307 0.0733291827672 0.161159689625 0.335627196768
Herato13 Herato1301 21575001.0 21575000.0 0.0874390389962 0.0258074652607 0.0756460313196 0.220362805825
Herato13 Herato1301 21625001.0 21625000.0 0.0232132960243 0.0169542560706 0.0226280863532 0.0328606834525
Herato13 Herato1301 21675001.0 21675000.0 0.0210055625182 0.0173616927184 0.0209217271894 0.0248786635762
Herato13 Herato1301 21725001.0 21725000.0 0.0624748528326 0.0352802128663 0.0592594284004 0.109338853799
Herato13 Herato1301 21775001.0 21775000.0 0.0480732425584 0.0251536626262 0.0434337739253 0.101298731426
Herato13 Herato1301 21825001.0 21825000.0 0.0651056468845 0.0365367127777 0.0634527256919 0.106286857129
Herato13 Herato1301 21875001.0 21875000.0 0.0207683509282 0.0135978898204 0.0194129144778 0.0348669094508
Herato13 Herato1301 21925001.0 21925000.0 0.010849647896 0.00654811053137 0.0104312970367 0.0180795767539
Herato13 Herato1301 21975001.0 21975000.0 0.0909002357221 0.0391432173984 0.0846716458233 0.179466546436
Herato13 Herato1301 22025001.0 22025000.0 0.022501696208 0.00984678709793 0.0177731060142 0.0564341607456
Herato13 Herato1301 22075001.0 22075000.0 0.0141184933944 0.0103295266783 0.0137171591529 0.0194619653752
Herato13 Herato1301 22125001.0 22125000.0 0.0199055547687 0.0127714347122 0.019400979405 0.0299483517257
Herato13 Herato1301 22175001.0 22175000.0 0.0449666960228 0.0205906097176 0.0426942706023 0.084186685722
Herato13 Herato1301 22225001.0 22225000.0 0.0453209533604 0.0218241618691 0.0421928313123 0.0983746605862
Herato13 Herato1301 22275001.0 22275000.0 0.0607206975416 0.0258168721056 0.0517020573245 0.135759851887
Herato13 Herato1301 22325001.0 22325000.0 0.0223814336872 0.0201408648697 0.0225596968577 0.0243526171135
Herato13 Herato1301 22375001.0 22375000.0 0.0256384633272 0.0156279529284 0.0238963908084 0.0463399569737
Herato13 Herato1301 22425001.0 22425000.0 0.0220272279392 0.0191308711583 0.0220082433579 0.0257320844676
Herato13 Herato1301 22475001.0 22475000.0 0.0355113511085 0.00771762613631 0.0338559444713 0.0771732587489
Herato13 Herato1301 22525001.0 22525000.0 0.0416490219708 0.0183161353787 0.0389501326001 0.0810216724858
Herato13 Herato1301 22575001.0 22575000.0 0.0236037193734 0.0192426681765 0.0232561599603 0.0293076903092
Herato13 Herato1301 22625001.0 22625000.0 0.0664227553211 0.0293131425161 0.0445642276852 0.154761893413
Herato13 Herato1301 22675001.0 22675000.0 0.0621565073879 0.0331315537659 0.0551119110227 0.126558362353
Herato13 Herato1301 22725001.0 22725000.0 0.0427706099228 0.0207017785592 0.0362351054193 0.104588257148
Herato13 Herato1301 22775001.0 22775000.0 0.0750031009122 0.0316750009676 0.0727841062444 0.132724572936
Herato13 Herato1301 22825001.0 22825000.0 0.0779762030632 0.0133240431505 0.063309931618 0.216844359844
Herato13 Herato1301 22875001.0 22875000.0 0.0586164590627 0.0291895736495 0.0543798294771 0.113825200876
Herato13 Herato1301 22925001.0 22925000.0 0.0115163851114 0.00925634534928 0.0113021361262 0.0145518253666
Herato13 Herato1301 22975001.0 22975000.0 0.0653474297398 0.0381180233303 0.0620574052828 0.111447488148
Herato13 Herato1301 23025001.0 23025000.0 0.0766904050247 0.0323907381625 0.066180405218 0.177024998403
Herato13 Herato1301 23075001.0 23075000.0 0.013048614237 0.00633786010665 0.0119021994988 0.0269873906129
Herato13 Herato1301 23125001.0 23125000.0 0.0471906208329 0.0251490969876 0.0406486406642 0.122653006601
Herato13 Herato1301 23175001.0 23175000.0 0.0090555368716 0.00808737664626 0.00899871908742 0.0102468738904
Herato13 Herato1301 23225001.0 23225000.0 0.0357083960473 0.0184023447432 0.0345228460727 0.0593103720994
Herato13 Herato1301 23275001.0 23275000.0 0.0231920104884 0.0156840044692 0.0224162568534 0.034067726316
Herato13 Herato1301 23325001.0 23325000.0 0.0724665259796 0.0367767972574 0.071688529578 0.114909318668
Herato13 Herato1301 23375001.0 23375000.0 0.128357189219 0.0309913787426 0.104389665638 0.353696132188
Herato13 Herato1301 23425001.0 23425000.0 0.0618461871986 0.0250175887791 0.0582598096838 0.123040811068
Herato13 Herato1301 23475001.0 23475000.0 0.0521857956762 0.026178716902 0.050428091327 0.0949859531418
Herato13 Herato1301 23525001.0 23525000.0 0.0403979868136 0.0209704795886 0.039291430304 0.0654158857051
Herato13 Herato1301 23575001.0 23575000.0 0.148768598435 0.0527626453021 0.12754315815 0.385818462961
Herato13 Herato1301 23625001.0 23625000.0 0.0327764026993 0.0116844841806 0.0286896465209 0.0769267793199
Herato13 Herato1301 23675001.0 23675000.0 0.0327479256988 0.0161142604749 0.0306684862037 0.0592994271375
Herato13 Herato1301 23725001.0 23725000.0 0.0044862379558 0.0023089756132 0.0037704529944 0.0096510895522
Herato13 Herato1301 23775001.0 23775000.0 0.0056119008192 0.00359830863258 0.0056546843724 0.0064908220526
