chrom scaffold Cposition position mean p0025 p0500 p0975
Herato17 Herato1701 25001.0 25000.0 0.03786663388 0.0358276152 0.03763896676 0.04083828892
Herato17 Herato1701 75001.0 75000.0 0.03707930219 0.0319334249436 0.0370059126188 0.04201520698
Herato17 Herato1701 125001.0 125000.0 0.013963656142 0.011367191678 0.013495470768 0.017459375126
Herato17 Herato1701 175001.0 175000.0 0.0275885105216 0.0242430334175 0.0275346357173 0.0313817769984
Herato17 Herato1701 225001.0 225000.0 0.0667062624778 0.0582244701465 0.0661940061446 0.077399016075
Herato17 Herato1701 275001.0 275000.0 0.078211081044 0.068000988218 0.077620422614 0.09228819504
Herato17 Herato1701 325001.0 325000.0 0.047385466684 0.0432234363597 0.047369524888 0.05200624122
Herato17 Herato1701 375001.0 375000.0 0.0597444591616 0.0546112852475 0.0596008672474 0.0662794334152
Herato17 Herato1701 425001.0 425000.0 0.07525254584 0.06476364506 0.07565849006 0.08487004806
Herato17 Herato1701 475001.0 475000.0 0.066049168114 0.060513486838 0.06588275526 0.073102578652
Herato17 Herato1701 525001.0 525000.0 0.064314705262 0.0568938985088 0.06418746047 0.073400697594
Herato17 Herato1701 575001.0 575000.0 0.062639975114 0.05307204449 0.060130618652 0.078315235966
Herato17 Herato1701 625001.0 625000.0 0.0721464449706 0.0683269955635 0.0717057120476 0.077430714906
Herato17 Herato1701 675001.0 675000.0 0.100615180984 0.09176525922 0.098159380926 0.11253592444
Herato17 Herato1701 725001.0 725000.0 0.0460729612148 0.0417961320348 0.0458459888322 0.0510499251288
Herato17 Herato1701 775001.0 775000.0 0.08294769456 0.066651663138 0.081955672076 0.106573826612
Herato17 Herato1701 825001.0 825000.0 0.04064174274 0.03922900026 0.0405502971 0.04251059014
Herato17 Herato1701 875001.0 875000.0 0.047638255024 0.0369088477067 0.0463228221104 0.0661226028656
Herato17 Herato1701 925001.0 925000.0 0.035360565226 0.0298674319776 0.0348955899256 0.043887572996
Herato17 Herato1701 975001.0 975000.0 0.032473071364 0.030192806972 0.032336974698 0.03496926992
Herato17 Herato1701 1025001.0 1025000.0 0.0466775634308 0.0432306650948 0.0465731410568 0.049902993764
Herato17 Herato1701 1075001.0 1075000.0 0.05392786604 0.05111479938 0.05416056844 0.05626024566
Herato17 Herato1701 1125001.0 1125000.0 0.0707165875 0.0667869209 0.070697350644 0.074397995436
Herato17 Herato1701 1175001.0 1175000.0 0.07967821236 0.0763499382 0.07962123192 0.08353074858
Herato17 Herato1701 1225001.0 1225000.0 0.065604411562 0.061571506676 0.065530709632 0.0710449198
Herato17 Herato1701 1275001.0 1275000.0 0.064106191088 0.05186039052 0.064123169302 0.079748465984
Herato17 Herato1701 1325001.0 1325000.0 0.07897471028 0.07469183536 0.07910271424 0.08394594348
Herato17 Herato1701 1375001.0 1375000.0 0.059299426156 0.050935097823 0.059032725812 0.069953335628
Herato17 Herato1701 1425001.0 1425000.0 0.027738502258 0.0257630528204 0.02756413141 0.030067870396
Herato17 Herato1701 1475001.0 1475000.0 0.069655947604 0.05672528584 0.069730978446 0.085008249002
Herato17 Herato1701 1525001.0 1525000.0 0.039195574191 0.030697376971 0.038529743564 0.0510338315156
Herato17 Herato1701 1575001.0 1575000.0 0.0615277051 0.0603129569 0.06120694814 0.06452477048
Herato17 Herato1701 1625001.0 1625000.0 0.06254068788 0.06135953308 0.0623296006 0.06486523712
Herato17 Herato1701 1675001.0 1675000.0 0.05723290128 0.05538998352 0.05737537968 0.05893944432
Herato17 Herato1701 1725001.0 1725000.0 0.06179751494 0.0599517695 0.06243074146 0.06365924086
Herato17 Herato1701 1775001.0 1775000.0 0.074606696198 0.069572522364 0.074184144592 0.08027549881
Herato17 Herato1701 1825001.0 1825000.0 0.06180259072 0.05944739544 0.06153881292 0.0650459741
Herato17 Herato1701 1875001.0 1875000.0 0.06230648476 0.05801461348 0.0621755858 0.06698476432
Herato17 Herato1701 1925001.0 1925000.0 0.09123244148 0.084823150336 0.09088111478 0.09904964546
Herato17 Herato1701 1975001.0 1975000.0 0.08783435184 0.07772349296 0.087526477 0.10096655784
Herato17 Herato1701 2025001.0 2025000.0 0.08081484596 0.07495453598 0.0808444137 0.08814659446
Herato17 Herato1701 2075001.0 2075000.0 0.0798388581 0.07667462274 0.08030630196 0.08316536194
Herato17 Herato1701 2125001.0 2125000.0 0.08132796964 0.07441287594 0.08216375128 0.08861868156
Herato17 Herato1701 2175001.0 2175000.0 0.075457746698 0.067452885638 0.07518912905 0.08413652946
Herato17 Herato1701 2225001.0 2225000.0 0.084004793172 0.0729418676187 0.0817890651906 0.10815463094
Herato17 Herato1701 2275001.0 2275000.0 0.0790533155906 0.0593472782912 0.0783986377318 0.0975801012398
Herato17 Herato1701 2325001.0 2325000.0 0.08512970676 0.0770764461 0.08578021778 0.09555051488
Herato17 Herato1701 2375001.0 2375000.0 0.082411479 0.0793788726 0.0825875142 0.0864402846
Herato17 Herato1701 2425001.0 2425000.0 0.0830158731 0.07865134014 0.08305683438 0.08754398694
Herato17 Herato1701 2475001.0 2475000.0 0.075328555184 0.069445664764 0.075059186636 0.083183730708
Herato17 Herato1701 2525001.0 2525000.0 0.0668043667 0.06326638208 0.06678602522 0.07042333942
Herato17 Herato1701 2575001.0 2575000.0 0.066979501646 0.063773788476 0.06677620028 0.07117734971
Herato17 Herato1701 2625001.0 2625000.0 0.063723748682 0.0599570538482 0.063553540918 0.068775054386
Herato17 Herato1701 2675001.0 2675000.0 0.0642981848242 0.0601464971178 0.0643298880218 0.067077246336
Herato17 Herato1701 2725001.0 2725000.0 0.0739056143 0.0691178866 0.0739915197 0.0766585827
Herato17 Herato1701 2775001.0 2775000.0 0.09201220158 0.08546765536 0.09216661022 0.09813352662
Herato17 Herato1701 2825001.0 2825000.0 0.079573384398 0.070873094824 0.079865309448 0.088832160528
Herato17 Herato1701 2875001.0 2875000.0 0.0872602951 0.0783631472216 0.086839902 0.09868126774
Herato17 Herato1701 2925001.0 2925000.0 0.0705105666 0.0654260606 0.07014424754 0.0770180864
Herato17 Herato1701 2975001.0 2975000.0 0.10059401645 0.091541356456 0.100010972032 0.112023898352
Herato17 Herato1701 3025001.0 3025000.0 0.08388118836 0.07569225494 0.08241915722 0.09670387878
Herato17 Herato1701 3075001.0 3075000.0 0.075745305556 0.050693748972 0.076056541536 0.10241549412
Herato17 Herato1701 3125001.0 3125000.0 0.061292419434 0.051267859628 0.061662401152 0.065861535974
Herato17 Herato1701 3175001.0 3175000.0 0.08527132006 0.074407595592 0.0852284808 0.10383251934
Herato17 Herato1701 3225001.0 3225000.0 0.09646069288 0.09375085228 0.09538728956 0.10343991444
Herato17 Herato1701 3275001.0 3275000.0 0.061280638924 0.05585063307 0.061059286452 0.06713458172
Herato17 Herato1701 3325001.0 3325000.0 0.09423483604 0.08801011704 0.09440194854 0.09945091732
Herato17 Herato1701 3375001.0 3375000.0 0.045462891978 0.04207087469 0.045530204006 0.048438435494
Herato17 Herato1701 3425001.0 3425000.0 0.0419739040446 0.0279243865422 0.0415931591431 0.0589976912778
Herato17 Herato1701 3475001.0 3475000.0 0.0722612489666 0.0584241174483 0.0720082203504 0.085143451992
Herato17 Herato1701 3525001.0 3525000.0 0.0593884409234 0.053692303728 0.0590876391416 0.067111288608
Herato17 Herato1701 3575001.0 3575000.0 0.06440055372 0.05899600396 0.06430806374 0.06884637812
Herato17 Herato1701 3625001.0 3625000.0 0.042643261832 0.0394929542572 0.042578939802 0.046186271416
Herato17 Herato1701 3675001.0 3675000.0 0.06734019426 0.06189737452 0.06732416348 0.07517791382
Herato17 Herato1701 3725001.0 3725000.0 0.095627563146 0.08548119398 0.093881725762 0.107671741014
Herato17 Herato1701 3775001.0 3775000.0 0.06563475716 0.06271089496 0.065248278 0.07126466144
Herato17 Herato1701 3825001.0 3825000.0 0.02668563118 0.02474230974 0.02623077994 0.03008829986
Herato17 Herato1701 3875001.0 3875000.0 0.0609434199668 0.0539871392738 0.0605767147012 0.06983641688
Herato17 Herato1701 3925001.0 3925000.0 0.061264976178 0.056717209918 0.06078589042 0.070627050258
Herato17 Herato1701 3975001.0 3975000.0 0.05155157812 0.04861757502 0.05136007646 0.05590615184
Herato17 Herato1701 4025001.0 4025000.0 0.0853744314903 0.0772548543891 0.0847165556431 0.0982721019991
Herato17 Herato1701 4075001.0 4075000.0 0.06940155404 0.05979211022 0.06908737428 0.08245152608
Herato17 Herato1701 4125001.0 4125000.0 0.04728490264 0.04494431926 0.0472943228 0.05014580774
Herato17 Herato1701 4175001.0 4175000.0 0.0866453360536 0.0824518292312 0.0866619736238 0.0918285567992
Herato17 Herato1701 4225001.0 4225000.0 0.0520440474334 0.0462518437181 0.0516101549916 0.0613498499416
Herato17 Herato1701 4275001.0 4275000.0 0.06612898784 0.0631221729 0.065689339 0.07086367346
Herato17 Herato1701 4325001.0 4325000.0 0.09549918986 0.0911275076 0.09466548292 0.103611268
Herato17 Herato1701 4375001.0 4375000.0 0.0885841367 0.08449026176 0.08826569916 0.09441694496
Herato17 Herato1701 4425001.0 4425000.0 0.06752780098 0.06496221322 0.06783122748 0.06996174832
Herato17 Herato1701 4475001.0 4475000.0 0.0760077720482 0.0705000500256 0.0759523525602 0.0818578999442
Herato17 Herato1701 4525001.0 4525000.0 0.08767467186 0.08207808246 0.0876467629 0.09406324218
Herato17 Herato1701 4575001.0 4575000.0 0.04987302992 0.046611438725 0.0508043278234 0.05269133186
Herato17 Herato1701 4625001.0 4625000.0 0.05578088094 0.05213359332 0.05657308974 0.05813665974
Herato17 Herato1701 4675001.0 4675000.0 0.039847600542 0.035519905654 0.039877075932 0.044671707622
Herato17 Herato1701 4725001.0 4725000.0 0.041921898 0.03684000184 0.04173713114 0.04598604866
Herato17 Herato1701 4775001.0 4775000.0 0.05012279418 0.04523349048 0.05000480284 0.05450351452
Herato17 Herato1701 4825001.0 4825000.0 0.11074965956 0.0960750656653 0.110756499647 0.12835376093
Herato17 Herato1701 4875001.0 4875000.0 0.032765586094 0.0294474453382 0.0326566470393 0.0368154603808
Herato17 Herato1701 4925001.0 4925000.0 0.0731739437988 0.0605968295784 0.0724033747876 0.0896681302276
Herato17 Herato1701 4975001.0 4975000.0 0.10086000984 0.095335964389 0.100364368048 0.10677573491
Herato17 Herato1701 5025001.0 5025000.0 0.088841112136 0.082193342771 0.088586742852 0.09853835293
Herato17 Herato1701 5075001.0 5075000.0 0.050946816574 0.046787414132 0.050828177706 0.055810551718
Herato17 Herato1701 5125001.0 5125000.0 0.040346716909 0.0321157300652 0.0398576934426 0.051588407438
Herato17 Herato1701 5175001.0 5175000.0 0.0897309983122 0.0842258766682 0.088770203354 0.098728983574
Herato17 Herato1701 5225001.0 5225000.0 0.070370014844 0.056100606709 0.06799220622 0.085541220142
Herato17 Herato1701 5275001.0 5275000.0 0.0594230482089 0.0506910966427 0.0600947000084 0.0716100676702
Herato17 Herato1701 5325001.0 5325000.0 0.054930310754 0.046806683342 0.054651225212 0.063203937406
Herato17 Herato1701 5375001.0 5375000.0 0.064912842506 0.060244422572 0.065067863556 0.06877539004
Herato17 Herato1701 5425001.0 5425000.0 0.050357539494 0.047878123742 0.05064038121 0.05266223562
Herato17 Herato1701 5475001.0 5475000.0 0.036199878554 0.033627839712 0.035982975998 0.039078456768
Herato17 Herato1701 5525001.0 5525000.0 0.0647994788236 0.0594951576292 0.0647565766022 0.0694718152
Herato17 Herato1701 5575001.0 5575000.0 0.09824943414 0.08972301962 0.09807226594 0.106101115
Herato17 Herato1701 5625001.0 5625000.0 0.093510270466 0.088271960629 0.093373281126 0.098894746222
Herato17 Herato1701 5675001.0 5675000.0 0.037901942242 0.0323158499906 0.0374182539436 0.04419183091
Herato17 Herato1701 5725001.0 5725000.0 0.0180479856188 0.0159879404427 0.0180744896992 0.0202926558156
Herato17 Herato1701 5775001.0 5775000.0 0.0770159704188 0.055577838115 0.0756048555354 0.109154013709
Herato17 Herato1701 5825001.0 5825000.0 0.0160117040064 0.0142924386934 0.016017768921 0.017763714043
Herato17 Herato1701 5875001.0 5875000.0 0.023643842966 0.021137695248 0.023566096932 0.02641821902
Herato17 Herato1701 5925001.0 5925000.0 0.03008897461 0.0280146464723 0.0299813728296 0.033026113144
Herato17 Herato1701 5975001.0 5975000.0 0.056950429122 0.053003721836 0.056900597344 0.06049740292
Herato17 Herato1701 6025001.0 6025000.0 0.049655015152 0.045884074262 0.04945220725 0.054186319608
Herato17 Herato1701 6075001.0 6075000.0 0.046208314074 0.04399961918 0.04614751016 0.050148054346
Herato17 Herato1701 6125001.0 6125000.0 0.082452998132 0.075633680766 0.082654764984 0.090071689354
Herato17 Herato1701 6175001.0 6175000.0 0.0864731376 0.0779839981 0.08627714216 0.09833962982
Herato17 Herato1701 6225001.0 6225000.0 0.0836775495 0.07290500886 0.0835241901 0.09522582456
Herato17 Herato1701 6275001.0 6275000.0 0.07029073054 0.06243563026 0.070066175 0.07899524038
Herato17 Herato1701 6325001.0 6325000.0 0.11082031662 0.088926973276 0.111461010218 0.127555229464
Herato17 Herato1701 6375001.0 6375000.0 0.059465164298 0.049648957704 0.05933519361 0.07234314978
Herato17 Herato1701 6425001.0 6425000.0 0.0834627096 0.08084311328 0.08239241086 0.0894832245
Herato17 Herato1701 6475001.0 6475000.0 0.12323958722 0.11524297318 0.1227112715 0.1319788324
Herato17 Herato1701 6525001.0 6525000.0 0.061061816136 0.054814886146 0.06069602035 0.068377695746
Herato17 Herato1701 6575001.0 6575000.0 0.04703261011 0.039545526038 0.046463384286 0.057857618324
Herato17 Herato1701 6625001.0 6625000.0 0.0759833353673 0.0611722692313 0.0746984709104 0.119809095797
Herato17 Herato1701 6675001.0 6675000.0 0.069813014932 0.066458942944 0.069931602372 0.073625463806
Herato17 Herato1701 6725001.0 6725000.0 0.06417764478 0.05750627494 0.06377440288 0.07225596148
Herato17 Herato1701 6775001.0 6775000.0 0.032211635388 0.02998982412 0.031990762012 0.034790040868
Herato17 Herato1701 6825001.0 6825000.0 0.0511699719902 0.0459523951844 0.0508190476728 0.0568676251178
Herato17 Herato1701 6875001.0 6875000.0 0.0490987818192 0.0423954072387 0.0486637552642 0.058109995004
Herato17 Herato1701 6925001.0 6925000.0 0.0592338425245 0.0531776140107 0.0590240872642 0.0657466502224
Herato17 Herato1701 6975001.0 6975000.0 0.0612393172264 0.0562950421356 0.061106886077 0.066614017864
Herato17 Herato1701 7025001.0 7025000.0 0.039926174584 0.03653364797 0.039739341904 0.04359987792
Herato17 Herato1701 7075001.0 7075000.0 0.056784509484 0.052058785978 0.056553686788 0.062761908816
Herato17 Herato1701 7125001.0 7125000.0 0.07734870199 0.06791174011 0.07633623281 0.09283006553
Herato17 Herato1701 7175001.0 7175000.0 0.06064614666 0.05730468934 0.06056994248 0.06446039006
Herato17 Herato1701 7225001.0 7225000.0 0.08459019462 0.07115131078 0.08382872092 0.10390932958
Herato17 Herato1701 7275001.0 7275000.0 0.06465611348 0.05939614934 0.0646531004 0.0697804269
Herato17 Herato1701 7325001.0 7325000.0 0.0319626744636 0.0285440336395 0.0316629327088 0.0365342594876
Herato17 Herato1701 7375001.0 7375000.0 0.0768586802 0.06265864078 0.07576861926 0.09471395228
Herato17 Herato1701 7425001.0 7425000.0 0.10688653 0.10012991 0.10724635 0.115092425
Herato17 Herato1701 7475001.0 7475000.0 0.1021581668 0.1002325484 0.1020241044 0.1054441334
Herato17 Herato1701 7525001.0 7525000.0 0.09581837654 0.092238543408 0.095769152998 0.100241889332
Herato17 Herato1701 7575001.0 7575000.0 0.08920686246 0.0835174957 0.08936702144 0.0948736415
Herato17 Herato1701 7625001.0 7625000.0 0.06179635022 0.0581435502 0.06229461522 0.06496518252
Herato17 Herato1701 7675001.0 7675000.0 0.06786850514 0.06398783708 0.06853963176 0.07097730264
Herato17 Herato1701 7725001.0 7725000.0 0.0490752845776 0.0400776903102 0.0483445311996 0.062854523044
Herato17 Herato1701 7775001.0 7775000.0 0.09072289063 0.082821160618 0.090336537198 0.100313028846
Herato17 Herato1701 7825001.0 7825000.0 0.061359764366 0.056086306614 0.061395387914 0.06697146116
Herato17 Herato1701 7875001.0 7875000.0 0.024597291656 0.02187238218 0.02452532872 0.027630709438
Herato17 Herato1701 7925001.0 7925000.0 0.0418861147468 0.038146696052 0.0416008524622 0.047131711516
Herato17 Herato1701 7975001.0 7975000.0 0.046862970194 0.039517036432 0.047560081032 0.05272053286
Herato17 Herato1701 8025001.0 8025000.0 0.07658949016 0.0689110844 0.07634957858 0.08878259556
Herato17 Herato1701 8075001.0 8075000.0 0.0569593720509 0.0523662766573 0.0567788996558 0.0619340815492
Herato17 Herato1701 8125001.0 8125000.0 0.0676235789 0.06514981008 0.06759717812 0.0703421523
Herato17 Herato1701 8175001.0 8175000.0 0.07745930974 0.06541802674 0.0781956681 0.09103886892
Herato17 Herato1701 8225001.0 8225000.0 0.08129789806 0.07181696894 0.08099565504 0.09389841484
Herato17 Herato1701 8275001.0 8275000.0 0.08089548618 0.07754562552 0.08062957662 0.08631264372
Herato17 Herato1701 8325001.0 8325000.0 0.0748570534 0.07083968666 0.07461973978 0.0804759734
Herato17 Herato1701 8375001.0 8375000.0 0.04561729136 0.039592056964 0.04551779786 0.05078187578
Herato17 Herato1701 8425001.0 8425000.0 0.038613381502 0.031643327398 0.038935192346 0.045268829372
Herato17 Herato1701 8475001.0 8475000.0 0.080011196132 0.077864034034 0.07947470271 0.0856421677
Herato17 Herato1701 8525001.0 8525000.0 0.0712669826106 0.0573880760107 0.0710594829133 0.0861345980702
Herato17 Herato1701 8575001.0 8575000.0 0.0619176518418 0.0501975720854 0.0641539027132 0.0769905295294
Herato17 Herato1701 8625001.0 8625000.0 0.075325538252 0.067169173376 0.075277594974 0.08349008494
Herato17 Herato1701 8675001.0 8675000.0 0.06122005148 0.0497940988 0.05931133164 0.07733945854
Herato17 Herato1701 8725001.0 8725000.0 0.09389520052 0.08945547268 0.09348125592 0.09928337576
Herato17 Herato1701 8775001.0 8775000.0 0.07178875796 0.06515255778 0.07134567844 0.08092520616
Herato17 Herato1701 8825001.0 8825000.0 0.06949502232 0.06703266696 0.06930995884 0.07156796712
Herato17 Herato1701 8875001.0 8875000.0 0.069941158916 0.0560523663282 0.0692390776596 0.086586410894
Herato17 Herato1701 8925001.0 8925000.0 0.040712536372 0.035953227516 0.040417128464 0.046268651088
Herato17 Herato1701 8975001.0 8975000.0 0.0545908181798 0.0423702138348 0.0541384693796 0.070368566178
Herato17 Herato1701 9025001.0 9025000.0 0.033968261766 0.03028451752 0.033903435178 0.03829096102
Herato17 Herato1701 9075001.0 9075000.0 0.062506154384 0.053009820392 0.062282620294 0.072923002204
Herato17 Herato1701 9125001.0 9125000.0 0.0731704697336 0.0601872796265 0.0730083831594 0.0848015486432
Herato17 Herato1701 9175001.0 9175000.0 0.046195857296 0.042266312754 0.045964031772 0.05020715187
Herato17 Herato1701 9225001.0 9225000.0 0.06136310152 0.054884915186 0.061260954962 0.06951472348
Herato17 Herato1701 9275001.0 9275000.0 0.0385355487898 0.0332182682321 0.0382946648146 0.0453304814774
Herato17 Herato1701 9325001.0 9325000.0 0.0349051103242 0.0277986757541 0.0344384037585 0.0504077616936
Herato17 Herato1701 9375001.0 9375000.0 0.039185137927 0.0272617416574 0.0380546525066 0.0598211401866
Herato17 Herato1701 9425001.0 9425000.0 0.0463478830561 0.0266032206599 0.0439561331152 0.0754899102158
Herato17 Herato1701 9475001.0 9475000.0 0.0140237782994 0.0110577227168 0.0141727926095 0.0161914571594
Herato17 Herato1701 9525001.0 9525000.0 0.05964800109 0.0486530426152 0.0546242943 0.084426056722
Herato17 Herato1701 9575001.0 9575000.0 0.033896520402 0.03104067025 0.033877667728 0.037184510654
Herato17 Herato1701 9625001.0 9625000.0 0.0211476249988 0.0129824781643 0.020463998483 0.0338915825748
Herato17 Herato1701 9675001.0 9675000.0 0.037480708575 0.0330015692291 0.0371483732936 0.042986362354
Herato17 Herato1701 9725001.0 9725000.0 0.0265926168036 0.0236151961193 0.0263742345047 0.0306728169942
Herato17 Herato1701 9775001.0 9775000.0 0.018479278998 0.015989975349 0.0184834263612 0.021412066384
Herato17 Herato1701 9825001.0 9825000.0 0.03217124064 0.02643525344 0.031939717462 0.038731069556
Herato17 Herato1701 9875001.0 9875000.0 0.038698243502 0.03579865486 0.038595553414 0.04198254574
Herato17 Herato1701 9925001.0 9925000.0 0.041316589436 0.037585289408 0.04105389489 0.047120446662
Herato17 Herato1701 9975001.0 9975000.0 0.0619686804 0.056176449796 0.06179858304 0.0679528574
Herato17 Herato1701 10025001.0 10025000.0 0.044039717636 0.040577369236 0.043691729862 0.04848103498
Herato17 Herato1701 10075001.0 10075000.0 0.060472199528 0.0517051535912 0.060565842518 0.069445710396
Herato17 Herato1701 10125001.0 10125000.0 0.07017652648 0.0664028988 0.07027500238 0.07377067232
Herato17 Herato1701 10175001.0 10175000.0 0.081997850962 0.07609049106 0.08175326364 0.088390043874
Herato17 Herato1701 10225001.0 10225000.0 0.076029702 0.07300452544 0.07591762136 0.07954523136
Herato17 Herato1701 10275001.0 10275000.0 0.086248672 0.0829289654 0.0864729926 0.0884930871
Herato17 Herato1701 10325001.0 10325000.0 0.08900882776 0.0858854644 0.08894902252 0.09361561606
Herato17 Herato1701 10375001.0 10375000.0 0.045259606226 0.042019602548 0.045452705164 0.04892860718
Herato17 Herato1701 10425001.0 10425000.0 0.06997109682 0.06424101178 0.06985517542 0.07547720586
Herato17 Herato1701 10475001.0 10475000.0 0.060445050698 0.0538648536876 0.06040624568 0.067238444056
Herato17 Herato1701 10525001.0 10525000.0 0.058262855326 0.0441602668352 0.0569615385308 0.07941094104
Herato17 Herato1701 10575001.0 10575000.0 0.07323854558 0.0684017543 0.07311163388 0.07946440286
Herato17 Herato1701 10625001.0 10625000.0 0.086412926774 0.08005125716 0.086347917042 0.094564981392
Herato17 Herato1701 10675001.0 10675000.0 0.051603048334 0.0447052309622 0.05139888732 0.05928115869
Herato17 Herato1701 10725001.0 10725000.0 0.07517676214 0.06758148584 0.07512643532 0.0826386844
Herato17 Herato1701 10775001.0 10775000.0 0.102321773918 0.076465351328 0.102569534582 0.129249743672
Herato17 Herato1701 10825001.0 10825000.0 0.050187961044 0.0298504736324 0.049477329386 0.076267494328
Herato17 Herato1701 10875001.0 10875000.0 0.0251342080506 0.0213727146588 0.0247411895896 0.0309361036586
Herato17 Herato1701 10925001.0 10925000.0 0.0188559651332 0.0131358894884 0.0184637436584 0.02680742043
Herato17 Herato1701 10975001.0 10975000.0 0.0276491310052 0.0226782984595 0.0275278163236 0.0327580771712
Herato17 Herato1701 11025001.0 11025000.0 0.0212738236552 0.0189899290355 0.0211986156264 0.0239237246564
Herato17 Herato1701 11075001.0 11075000.0 0.0702981351984 0.0465434071837 0.0682284976014 0.106415385053
Herato17 Herato1701 11125001.0 11125000.0 0.038410588824 0.0254396896128 0.037111769444 0.058590885438
Herato17 Herato1701 11175001.0 11175000.0 0.022494883609 0.0190231638982 0.0224277543337 0.0267442293396
Herato17 Herato1701 11225001.0 11225000.0 0.0198359106042 0.0177286462665 0.0198484178241 0.0222158049412
Herato17 Herato1701 11275001.0 11275000.0 0.052168612962 0.047740573116 0.05216064364 0.056991814408
Herato17 Herato1701 11325001.0 11325000.0 0.0291917985495 0.0249693241169 0.0290616576089 0.0351709919696
Herato17 Herato1701 11375001.0 11375000.0 0.0302835399434 0.0242429717962 0.0298540308528 0.038420708954
Herato17 Herato1701 11425001.0 11425000.0 0.067815469148 0.0428469868652 0.064520586372 0.110212859944
Herato17 Herato1701 11459039.5 11475000.0 0.0594247436577 0.0260844001438 0.057736157587 0.114516355573
Herato17 Herato1702 11493079.0 25000.0 0.043393729004 0.037330423942 0.042973526584 0.051736421988
Herato17 Herato1702 11543079.0 75000.0 0.07038964594 0.06610647134 0.07004842954 0.07546943604
Herato17 Herato1702 11578860.5 125000.0 0.0865479955016 0.0782971256782 0.0866499891481 0.0941987507768
Herato17 Herato1703 11614643.0 25000.0 0.05865546108 0.054329526734 0.058513015326 0.064815643714
Herato17 Herato1703 11664643.0 75000.0 0.0729767020308 0.0625598882826 0.0696962405434 0.0925696135042
Herato17 Herato1703 11714643.0 125000.0 0.057693571156 0.0542102665552 0.0578007664848 0.0617227736766
Herato17 Herato1703 11764643.0 175000.0 0.057254145998 0.0514768743507 0.056748316969 0.06504323524
Herato17 Herato1703 11814643.0 225000.0 0.07751388444 0.07378885948 0.0777997614 0.08123463722
Herato17 Herato1703 11864643.0 275000.0 0.06063606292 0.05490765296 0.06096864642 0.06559676644
Herato17 Herato1703 11914643.0 325000.0 0.054929208074 0.0474250557874 0.0537423887432 0.0676567553084
Herato17 Herato1703 11964643.0 375000.0 0.064686362584 0.0574840644774 0.0647022627488 0.0709601717088
Herato17 Herato1703 12014643.0 425000.0 0.03741485564 0.0356325737 0.03723455828 0.04006491418
Herato17 Herato1703 12064643.0 475000.0 0.0270433319874 0.0240718793873 0.0270367683619 0.0306459744744
Herato17 Herato1703 12114643.0 525000.0 0.03129070099 0.0289703220752 0.0312620504388 0.0334277206134
Herato17 Herato1703 12164643.0 575000.0 0.026481047748 0.023613718444 0.026609323592 0.02951348696
Herato17 Herato1703 12214643.0 625000.0 0.017743762816 0.016383335526 0.017785189356 0.01917349424
Herato17 Herato1703 12264643.0 675000.0 0.033798180364 0.0266835299658 0.0328672578886 0.045895429788
Herato17 Herato1703 12314643.0 725000.0 0.0193594910928 0.0168059516122 0.0194125206814 0.0220387441042
Herato17 Herato1703 12364643.0 775000.0 0.008259198104 0.0072876904924 0.008245698256 0.00942784761
Herato17 Herato1703 12414643.0 825000.0 0.0205350922768 0.0181856699728 0.0203917432542 0.0233487778846
Herato17 Herato1703 12464643.0 875000.0 0.02581740352 0.02436479696 0.0258145245 0.02744541482
Herato17 Herato1703 12514643.0 925000.0 0.02535472332 0.022572406976 0.024548847866 0.029508100216
Herato17 Herato1703 12564643.0 975000.0 0.070180237248 0.063412845512 0.069776062508 0.078062005528
Herato17 Herato1703 12614643.0 1025000.0 0.0326503796592 0.0291938092812 0.0323944988009 0.0367621327496
Herato17 Herato1703 12664643.0 1075000.0 0.07769529678 0.07530025522 0.07747271718 0.0815315427
Herato17 Herato1703 12714643.0 1125000.0 0.0526300518 0.04927632176 0.05261612036 0.05688327738
Herato17 Herato1703 12764643.0 1175000.0 0.048006991722 0.045149653154 0.048030971838 0.051217975342
Herato17 Herato1703 12814643.0 1225000.0 0.048294840538 0.0419829872626 0.0479624089636 0.055647457758
Herato17 Herato1703 12864643.0 1275000.0 0.041644975104 0.0394945363262 0.0419600842354 0.043970977992
Herato17 Herato1703 12914643.0 1325000.0 0.0267006112104 0.0223671006566 0.026463674745 0.032155915058
Herato17 Herato1703 12964643.0 1375000.0 0.0258271409922 0.0211639102419 0.0253763877039 0.0306429278537
Herato17 Herato1703 13014643.0 1425000.0 0.00776028164238 0.00646177178169 0.007725570586 0.0088379186214
Herato17 Herato1703 13064643.0 1475000.0 0.0271280204835 0.0115562552944 0.0242602797565 0.0569189233766
Herato17 Herato1703 13114643.0 1525000.0 0.0488367407556 0.0427499623427 0.048796750641 0.0553742813708
Herato17 Herato1703 13164643.0 1575000.0 0.04934232194 0.04484010454 0.04921551938 0.05440224776
Herato17 Herato1703 13214643.0 1625000.0 0.0527435157366 0.048754520677 0.0529087815568 0.0569289130962
Herato17 Herato1703 13264643.0 1675000.0 0.0456128859935 0.0400836735779 0.0453623377042 0.053501986915
Herato17 Herato1703 13314643.0 1725000.0 0.0591291077 0.0521095796 0.0600045992 0.0630049992
Herato17 Herato1703 13364643.0 1775000.0 0.062050152512 0.055250516526 0.060104438912 0.0776789161
Herato17 Herato1703 13414643.0 1825000.0 0.0520644495856 0.0450225696469 0.0518109646642 0.060513729484
Herato17 Herato1703 13464643.0 1875000.0 0.0626432327 0.05799315718 0.06264138074 0.06779694252
Herato17 Herato1703 13514643.0 1925000.0 0.0547193127086 0.0490413041065 0.05460899566 0.061374203452
Herato17 Herato1703 13564643.0 1975000.0 0.056583754246 0.0538701582976 0.056448347438 0.058816022606
Herato17 Herato1703 13614643.0 2025000.0 0.067806263504 0.061736043296 0.06747860528 0.075216863496
Herato17 Herato1703 13664643.0 2075000.0 0.07020638224 0.06558519604 0.07013265646 0.07535894444
Herato17 Herato1703 13714643.0 2125000.0 0.06362753158 0.0590412722 0.06369376282 0.06849465662
Herato17 Herato1703 13764643.0 2175000.0 0.0819148286 0.07754730456 0.08227087132 0.08637736404
Herato17 Herato1703 13814643.0 2225000.0 0.07276152916 0.06764129668 0.07359363784 0.07539388368
Herato17 Herato1703 13864643.0 2275000.0 0.091119066 0.0845671367 0.09163351368 0.09705192026
Herato17 Herato1703 13914643.0 2325000.0 0.07373978193 0.067117708628 0.073594387642 0.083027686256
Herato17 Herato1703 13959218.0 2375000.0 0.106219494792 0.0959950512465 0.105963704301 0.119524752192
Herato17 Herato1704 14003794.0 25000.0 0.0503966101356 0.0428392233525 0.0496081978343 0.0614691289952
Herato17 Herato1704 14053794.0 75000.0 0.0725319260316 0.0463436342687 0.0684573383596 0.126360955159
Herato17 Herato1704 14103794.0 125000.0 0.07222056016 0.0627781832635 0.0718695560026 0.082467333944
Herato17 Herato1704 14153794.0 175000.0 0.054404029644 0.0445602991031 0.052648764402 0.077658445682
Herato17 Herato1704 14203794.0 225000.0 0.0591468618034 0.0544903132499 0.0591774472162 0.0644537051714
Herato17 Herato1704 14250428.0 275000.0 0.0707246904179 0.0610018758667 0.0703367122123 0.081798701812
Herato17 Herato1705 14297063.0 25000.0 0.0495549254378 0.045616388798 0.0494784116266 0.053651826785
Herato17 Herato1705 14347063.0 75000.0 0.0467221620012 0.0397526940684 0.0468268093958 0.053187523431
Herato17 Herato1705 14397063.0 125000.0 0.068957493208 0.0606644296953 0.0686537893598 0.078082743678
Herato17 Herato1705 14447063.0 175000.0 0.073718105764 0.068209518096 0.073976242278 0.07819527341
Herato17 Herato1705 14497063.0 225000.0 0.048434320386 0.044081286294 0.047850652176 0.054507127192
Herato17 Herato1705 14547063.0 275000.0 0.052764585188 0.049362288056 0.052713573948 0.055046575874
Herato17 Herato1705 14597063.0 325000.0 0.0649127083534 0.061110739982 0.064634537117 0.0695994712202
Herato17 Herato1705 14647063.0 375000.0 0.048694168764 0.041368758138 0.048261283892 0.058361166364
Herato17 Herato1705 14697063.0 425000.0 0.049204605822 0.045792326817 0.0490394313628 0.052620931906
Herato17 Herato1705 14747063.0 475000.0 0.0407808693423 0.0347440290342 0.040282676404 0.048835561097
Herato17 Herato1705 14797063.0 525000.0 0.026204011586 0.0228381423532 0.025790884964 0.030331161358
Herato17 Herato1705 14847063.0 575000.0 0.0859568926453 0.07291705275 0.0856908509465 0.101650070555
Herato17 Herato1705 14897063.0 625000.0 0.06030848616 0.05781474888 0.06032655672 0.06307027008
Herato17 Herato1705 14947063.0 675000.0 0.0509462593337 0.0443954779995 0.0513292230908 0.05851889147
Herato17 Herato1705 14997063.0 725000.0 0.032970865904 0.0287403865852 0.0330757385436 0.036063412946
Herato17 Herato1705 15047063.0 775000.0 0.06449456046 0.0603400262 0.06440155662 0.06845476608
Herato17 Herato1705 15097063.0 825000.0 0.062931027698 0.056716941838 0.063054313996 0.069155495382
Herato17 Herato1705 15147063.0 875000.0 0.0827260879052 0.0777406419998 0.082706297692 0.0879166428634
Herato17 Herato1705 15197063.0 925000.0 0.09513402674 0.081871023584 0.0956556853 0.1033464162
Herato17 Herato1705 15247063.0 975000.0 0.03553183284 0.027726180046 0.035366479994 0.04540291546
Herato17 Herato1705 15297063.0 1025000.0 0.0837011649108 0.078116687187 0.0836256892576 0.0901919809434
Herato17 Herato1705 15347063.0 1075000.0 0.059869262402 0.054685920232 0.059525224832 0.066068453708
Herato17 Herato1705 15397063.0 1125000.0 0.08341144706 0.068589410468 0.0836657853 0.09287482868
Herato17 Herato1705 15447063.0 1175000.0 0.083155191562 0.077823400162 0.083321348246 0.088034358676
Herato17 Herato1705 15497063.0 1225000.0 0.092276931718 0.065870737255 0.090586366992 0.13264133932
Herato17 Herato1705 15547063.0 1275000.0 0.0452358078352 0.0413328798955 0.0450406956412 0.0502319336824
Herato17 Herato1705 15597063.0 1325000.0 0.04111167743 0.035798973002 0.0407032498 0.048312746744
Herato17 Herato1705 15647063.0 1375000.0 0.031023327114 0.0284921777482 0.031065909628 0.033646425166
Herato17 Herato1705 15697063.0 1425000.0 0.0215954969983 0.0123953132435 0.0208914401427 0.0362499698159
Herato17 Herato1705 15747063.0 1475000.0 0.00920714500948 0.00846604471858 0.00920619528646 0.0100679492566
Herato17 Herato1705 15797063.0 1525000.0 0.029324838528 0.027193922614 0.029320889728 0.031331815816
Herato17 Herato1705 15847063.0 1575000.0 0.0228727006614 0.0198428946846 0.0227601679432 0.026456210668
Herato17 Herato1705 15897063.0 1625000.0 0.0277251115995 0.0230588786131 0.0275511658028 0.033218082739
Herato17 Herato1705 15947063.0 1675000.0 0.0291402823742 0.0214446313508 0.028090439222 0.0436882493758
Herato17 Herato1705 15997063.0 1725000.0 0.0355375186532 0.0324976426838 0.0353610829976 0.038980395888
Herato17 Herato1705 16047063.0 1775000.0 0.0362215734653 0.0315537546032 0.0361639353756 0.041470634103
Herato17 Herato1705 16097063.0 1825000.0 0.038794395716 0.032520754244 0.038483886946 0.047306616806
Herato17 Herato1705 16147063.0 1875000.0 0.0217659067091 0.0176879355373 0.0212877978518 0.0282323655444
Herato17 Herato1705 16197063.0 1925000.0 0.040094797654 0.032615453764 0.039166940602 0.052085849108
Herato17 Herato1705 16247063.0 1975000.0 0.0426088927504 0.0388600258621 0.0426622256824 0.0458627623168
Herato17 Herato1705 16297063.0 2025000.0 0.02289625053 0.019341203945 0.022458435058 0.031799333646
Herato17 Herato1705 16347063.0 2075000.0 0.0280134913636 0.0210446518994 0.0272197282448 0.0398416395172
Herato17 Herato1705 16397063.0 2125000.0 0.035788007692 0.032420241132 0.035696517244 0.038330892374
Herato17 Herato1705 16447063.0 2175000.0 0.04473104619 0.04057951605 0.044282382998 0.04980194019
Herato17 Herato1705 16497063.0 2225000.0 0.017497140398 0.0125142939756 0.0169347439994 0.025884987888
Herato17 Herato1705 16547063.0 2275000.0 0.041655573396 0.0316771047835 0.0401726706866 0.0595105206196
Herato17 Herato1705 16597063.0 2325000.0 0.030252831436 0.02696892045 0.030266060818 0.03406180605
Herato17 Herato1705 16647063.0 2375000.0 0.0256444836656 0.0236294036288 0.025624203428 0.028104972318
Herato17 Herato1705 16697063.0 2425000.0 0.04184847392 0.032179194014 0.035628915946 0.065940266314
Herato17 Herato1705 16747063.0 2475000.0 0.0365353445072 0.0328690342621 0.0364070038192 0.040306265336
Herato17 Herato1705 16797063.0 2525000.0 0.022297806044 0.019864980113 0.0222517238036 0.025031183978
Herato17 Herato1705 16847063.0 2575000.0 0.029673563897 0.0253636742726 0.0292470301238 0.0350697273
Herato17 Herato1705 16897063.0 2625000.0 0.06105524742 0.055641383474 0.06092077506 0.06704196174
Herato17 Herato1705 16947063.0 2675000.0 0.0515787693488 0.0475245128703 0.0517339392834 0.0556575076932
Herato17 Herato1705 16997063.0 2725000.0 0.0390747176188 0.0323123036635 0.0389823186959 0.0458360267535
Herato17 Herato1705 17029764.5 2775000.0 0.0626022407972 0.0549562587158 0.0615241119912 0.0726175500876
Herato17 Herato1706 17062467.0 25000.0 0.052863737826 0.046918931802 0.052473883512 0.060329565532
Herato17 Herato1706 17112467.0 75000.0 0.0388456515924 0.035087321414 0.0385462475815 0.0432093411038
Herato17 Herato1706 17144716.5 125000.0 0.0243907953227 0.0183137290874 0.0241857346909 0.0309719460625
Herato17 Herato1707 17176967.0 25000.0 0.032052269884 0.0270190973681 0.0317600820009 0.0385076208676
Herato17 Herato1707 17226967.0 75000.0 0.070623426192 0.062572486068 0.069284718442 0.080307924928
Herato17 Herato1707 17276967.0 125000.0 0.05134377688 0.0436345683 0.05185326058 0.05942489418
Herato17 Herato1707 17326967.0 175000.0 0.03377352777 0.03156496109 0.033566522452 0.036644053964
Herato17 Herato1707 17376967.0 225000.0 0.034481848992 0.029756199226 0.034861367908 0.038953924472
Herato17 Herato1707 17421122.5 275000.0 0.0360508525182 0.0264984195457 0.0348511334278 0.0545855870779
Herato17 Herato1708 17465279.0 25000.0 0.064081132962 0.0597899009742 0.064899884842 0.067583080146
Herato17 Herato1708 17515279.0 75000.0 0.03701928315 0.0331864685848 0.036865712936 0.041568476578
Herato17 Herato1708 17565279.0 125000.0 0.0500896404712 0.0458462636168 0.0497015566466 0.05574539048
Herato17 Herato1708 17615279.0 175000.0 0.10250835092 0.07799804276 0.10183062568 0.12108000566
Herato17 Herato1708 17665279.0 225000.0 0.06297779576 0.05765187696 0.06279496032 0.0688117152
Herato17 Herato1708 17715279.0 275000.0 0.05554144937 0.047516981764 0.055461032738 0.063317585396
Herato17 Herato1708 17765279.0 325000.0 0.0419744049386 0.0161404653744 0.0379485623548 0.094837792536
Herato17 Herato1708 17815279.0 375000.0 0.0225234102456 0.0162993514288 0.0224697884718 0.0288441385872
Herato17 Herato1708 17865279.0 425000.0 0.0161693240739 0.0144490942923 0.0162254180288 0.01824865194
Herato17 Herato1708 17915279.0 475000.0 0.0214518248232 0.0189388853488 0.0212555348556 0.02417291836
Herato17 Herato1708 17965279.0 525000.0 0.077346793926 0.074607220266 0.07689028168 0.08211357572
Herato17 Herato1708 18015279.0 575000.0 0.06527888928 0.06108002932 0.06522410508 0.06956935822
Herato17 Herato1708 18065279.0 625000.0 0.05651329111 0.0515490133191 0.056587140698 0.061941141468
Herato17 Herato1708 18115279.0 675000.0 0.0434806571446 0.0368407088967 0.0433250287826 0.0509015171228
Herato17 Herato1708 18165279.0 725000.0 0.0696660975068 0.0610005302998 0.068878767996 0.081737353428
Herato17 Herato1708 18215279.0 775000.0 0.06347637576 0.06074743242 0.06302041798 0.06712117754
Herato17 Herato1708 18265279.0 825000.0 0.0529706949436 0.0473688421836 0.053110076521 0.05846235306
Herato17 Herato1708 18315279.0 875000.0 0.05174737329 0.042530623948 0.051054813194 0.065311117474
Herato17 Herato1708 18365279.0 925000.0 0.047255006466 0.037903358084 0.047034022442 0.0582121611
Herato17 Herato1708 18415279.0 975000.0 0.0454692769136 0.036720181157 0.0443401555136 0.0644016348064
Herato17 Herato1708 18465279.0 1025000.0 0.05433700356 0.05082187473 0.05426873472 0.05757815532
Herato17 Herato1708 18515279.0 1075000.0 0.06271661984 0.06063528736 0.06294732416 0.06422968064
Herato17 Herato1708 18565279.0 1125000.0 0.064482308376 0.050452368126 0.064805198946 0.076272608226
Herato17 Herato1708 18615279.0 1175000.0 0.051225446834 0.046084400272 0.051225095436 0.058002114958
Herato17 Herato1708 18665279.0 1225000.0 0.077645514834 0.071566952551 0.077515884163 0.0834467435956
Herato17 Herato1708 18715279.0 1275000.0 0.09780892888 0.090949379318 0.09784928736 0.10232949432
Herato17 Herato1708 18765279.0 1325000.0 0.068194763448 0.06055733519 0.068149157916 0.076952464448
Herato17 Herato1708 18815279.0 1375000.0 0.050819643608 0.044830560598 0.050675431928 0.057755074144
Herato17 Herato1708 18865279.0 1425000.0 0.0278759197328 0.0246251684966 0.027758042102 0.0318316772968
Herato17 Herato1708 18915279.0 1475000.0 0.0655642186292 0.0478010976896 0.0640015822162 0.0924716506316
Herato17 Herato1708 18965279.0 1525000.0 0.066611488686 0.0578712535798 0.0662159473904 0.07805901022
Herato17 Herato1708 19015279.0 1575000.0 0.0281146289632 0.0224244474266 0.0268887835854 0.041765875926
Herato17 Herato1708 19065279.0 1625000.0 0.019521024192 0.011314379684 0.0187984596584 0.032128763352
Herato17 Herato1708 19115279.0 1675000.0 0.037207284806 0.031255900476 0.037284462586 0.042251432396
Herato17 Herato1708 19165279.0 1725000.0 0.0398527327156 0.0357689967182 0.0396252907108 0.045568205496
Herato17 Herato1708 19215279.0 1775000.0 0.00859067676698 0.00714630309035 0.00850521447842 0.0107967879473
Herato17 Herato1708 19265279.0 1825000.0 0.047864140914 0.0308022714328 0.0459783543661 0.075886691867
Herato17 Herato1708 19315279.0 1875000.0 0.0265734917615 0.0204752376901 0.026028110623 0.0356084714858
Herato17 Herato1708 19365279.0 1925000.0 0.004671952598 0.004254913846 0.004623410638 0.005091207396
Herato17 Herato1708 19415279.0 1975000.0 0.028730088988 0.012377405162 0.025347403602 0.06197683313
Herato17 Herato1708 19465279.0 2025000.0 0.03458040691 0.030793632718 0.03420905675 0.039590269904
Herato17 Herato1708 19515279.0 2075000.0 0.066003104268 0.030141156948 0.060812842534 0.129742696628
Herato17 Herato1708 19565279.0 2125000.0 0.01815213877 0.015863591324 0.017910518202 0.021891261872
Herato17 Herato1708 19615279.0 2175000.0 0.0264867669369 0.020611791008 0.0261597664131 0.0352184629512
Herato17 Herato1708 19665279.0 2225000.0 0.035325024704 0.0241069953892 0.034753976072 0.052335558262
Herato17 Herato1708 19715279.0 2275000.0 0.058427394591 0.0274245315834 0.0499297083018 0.143109148281
Herato17 Herato1708 19765279.0 2325000.0 0.041724938816 0.0342693757376 0.0410946617602 0.052440806754
Herato17 Herato1708 19815279.0 2375000.0 0.0233069972882 0.021268197684 0.0232588965561 0.0256927523764
Herato17 Herato1708 19865279.0 2425000.0 0.0465331597142 0.0420866586271 0.0464907429976 0.0514421854432
Herato17 Herato1708 19915279.0 2475000.0 0.0281566117468 0.0183371615558 0.0273008857658 0.0443657808394
Herato17 Herato1708 19961555.5 2525000.0 0.0160622671379 0.013515580401 0.0159795671577 0.0194425924527
Herato17 Herato1709 19984369.5 25000.0 0.0988451376505 0.0799507945981 0.0973070557761 0.121307438985
Herato17 Herato1710 19998178.5 25000.0 0.0653779047288 0.0479579307464 0.0629048073577 0.0986818893289
Herato17 Herato1711 20023390.5 25000.0 0.0296715312582 0.0241226591657 0.0295978391101 0.0358678317377
Herato17 Herato1712 20061331.0 25000.0 0.03789240295 0.030026202868 0.0374533159178 0.048201720328
Herato17 Herato1712 20111331.0 75000.0 0.068114011642 0.0469024146702 0.0670316196476 0.097723069042
Herato17 Herato1712 20139786.0 125000.0 0.00235354862518 0.000528998626483 0.000734368335745 0.00471956001302
Herato17 Herato1713 20168242.0 25000.0 0.0365612169566 0.0287204105775 0.0360336968352 0.048201941977
Herato17 Herato1713 20218242.0 75000.0 0.062491787038 0.0527785084861 0.0617784837195 0.076051471014
Herato17 Herato1713 20254834.0 125000.0 0.0717413993288 0.066273345443 0.0717950232975 0.0772564252303
