chrom scaffold Cposition position mean p0025 p0500 p0975
Herato13 Herato1301 25001.0 25000.0 0.00697612300476 0.00561908292856 0.006927568912 0.008409647408
Herato13 Herato1301 75001.0 75000.0 0.0444774200692 0.0157274945637 0.0445931652491 0.0741793670522
Herato13 Herato1301 125001.0 125000.0 0.0381032604227 0.0146848275868 0.033326458443 0.0906912707464
Herato13 Herato1301 175001.0 175000.0 0.234503446161 0.0893029536071 0.217877062047 0.478128023408
Herato13 Herato1301 225001.0 225000.0 0.257525555553 0.0901269523559 0.221417679265 0.62059351119
Herato13 Herato1301 275001.0 275000.0 0.0629037198444 0.0307309373897 0.057428431682 0.139721250795
Herato13 Herato1301 325001.0 325000.0 0.008491644972 0.007112369918 0.008304052626 0.009835342938
Herato13 Herato1301 375001.0 375000.0 0.0905310490917 0.0331907096862 0.0843728597012 0.182160984256
Herato13 Herato1301 425001.0 425000.0 0.231082721775 0.106553773413 0.212530733233 0.462491363457
Herato13 Herato1301 475001.0 475000.0 0.0161439309186 0.0110087293161 0.0157255804608 0.023330572197
Herato13 Herato1301 525001.0 525000.0 0.0448862138112 0.0188812816092 0.0440104486308 0.091972242024
Herato13 Herato1301 575001.0 575000.0 0.0341761845883 0.0100279965912 0.0321803909235 0.0708611751752
Herato13 Herato1301 625001.0 625000.0 0.0059462948064 0.0055407286782 0.0058584355398 0.0065173172154
Herato13 Herato1301 675001.0 675000.0 0.011705768242 0.01059444248 0.01155229379 0.01291560636
Herato13 Herato1301 725001.0 725000.0 0.014459906064 0.0087579253659 0.010383625436 0.039095224927
Herato13 Herato1301 775001.0 775000.0 0.02650446748 0.01920331026 0.02571066576 0.03797300914
Herato13 Herato1301 825001.0 825000.0 0.0180406750818 0.0160996293346 0.0180114731227 0.0199426150662
Herato13 Herato1301 875001.0 875000.0 0.01717120459 0.01479695872 0.017152040086 0.019344169482
Herato13 Herato1301 925001.0 925000.0 0.020786975836 0.017735336336 0.02095502213 0.0232221531
Herato13 Herato1301 975001.0 975000.0 0.0273558449266 0.0248295986469 0.0274713492319 0.0298928587236
Herato13 Herato1301 1025001.0 1025000.0 0.0559689642162 0.0312164848024 0.0514825070516 0.109889982974
Herato13 Herato1301 1075001.0 1075000.0 0.0490164636813 0.0271998952213 0.0454685541737 0.0879294978008
Herato13 Herato1301 1125001.0 1125000.0 0.029220225698 0.0163514392299 0.0273941355068 0.0546069623847
Herato13 Herato1301 1175001.0 1175000.0 0.0630597853183 0.0213515261078 0.0384730900923 0.176139274288
Herato13 Herato1301 1225001.0 1225000.0 0.039296361537 0.023503347977 0.0381225369746 0.0643278004088
Herato13 Herato1301 1275001.0 1275000.0 0.0177208197344 0.0127454329147 0.0172107745859 0.0251856452333
Herato13 Herato1301 1325001.0 1325000.0 0.0356333935376 0.0222978519961 0.0341809360876 0.0565383247618
Herato13 Herato1301 1375001.0 1375000.0 0.0967419404978 0.0230695239883 0.0953118728498 0.23266686371
Herato13 Herato1301 1425001.0 1425000.0 0.0320098140466 0.0196195084983 0.0286885406016 0.0642059738948
Herato13 Herato1301 1475001.0 1475000.0 0.03355145237 0.0300632508084 0.0334169101856 0.037927680182
Herato13 Herato1301 1525001.0 1525000.0 0.049718759208 0.0400979925014 0.048607894508 0.06519955616
Herato13 Herato1301 1575001.0 1575000.0 0.03295023904 0.0310767648 0.0332197848 0.03442448736
Herato13 Herato1301 1625001.0 1625000.0 0.0227804933356 0.0193624682339 0.0229549525496 0.025791319874
Herato13 Herato1301 1675001.0 1675000.0 0.0457439894392 0.0287378089218 0.043509925406 0.0748132974232
Herato13 Herato1301 1725001.0 1725000.0 0.0300152484538 0.0263698307169 0.0298663001722 0.0347505789456
Herato13 Herato1301 1775001.0 1775000.0 0.0363335818607 0.0284404033564 0.0357879269117 0.0479395692189
Herato13 Herato1301 1825001.0 1825000.0 0.00808444445022 0.00643217637407 0.0079923089248 0.0099614512261
Herato13 Herato1301 1875001.0 1875000.0 0.00744629601448 0.00560652042402 0.0074804079072 0.00961694681778
Herato13 Herato1301 1925001.0 1925000.0 0.019140999882 0.0132415700521 0.0188177895904 0.0263717504515
Herato13 Herato1301 1975001.0 1975000.0 0.0069323466966 0.0062194705823 0.006996616943 0.007474906555
Herato13 Herato1301 2025001.0 2025000.0 0.0444344294035 0.0155280796882 0.0423798549831 0.0871998251704
Herato13 Herato1301 2075001.0 2075000.0 0.010900321733 0.0086797571304 0.0107253621724 0.0145068167992
Herato13 Herato1301 2125001.0 2125000.0 0.0377604921818 0.0217224415983 0.0355371273092 0.0644327239056
Herato13 Herato1301 2175001.0 2175000.0 0.0259039042826 0.0217233449137 0.0257164871998 0.0315907053998
Herato13 Herato1301 2225001.0 2225000.0 0.0228176119252 0.0203148102367 0.0226184227015 0.0260953387464
Herato13 Herato1301 2275001.0 2275000.0 0.0119348493746 0.0107069658123 0.0118098829654 0.01332964994
Herato13 Herato1301 2325001.0 2325000.0 0.0473678681666 0.0217859347331 0.0446786090106 0.0893153567602
Herato13 Herato1301 2375001.0 2375000.0 0.01488416253 0.00744305482932 0.01519257383 0.021437198266
Herato13 Herato1301 2425001.0 2425000.0 0.0340363448254 0.023358804798 0.032301333655 0.052459294601
Herato13 Herato1301 2475001.0 2475000.0 0.112343271194 0.0426433329541 0.105229768244 0.230366964468
Herato13 Herato1301 2525001.0 2525000.0 0.0182176682267 0.013778272955 0.0180779515862 0.023627562657
Herato13 Herato1301 2575001.0 2575000.0 0.0709074113815 0.0332869958086 0.0644397890785 0.137097597131
Herato13 Herato1301 2625001.0 2625000.0 0.0416548459158 0.0315622752405 0.0401981970556 0.0628329211256
Herato13 Herato1301 2675001.0 2675000.0 0.0308412779032 0.0288483567166 0.0308536325288 0.032781823948
Herato13 Herato1301 2725001.0 2725000.0 0.0346838684252 0.021783872902 0.032754464174 0.062076060964
Herato13 Herato1301 2775001.0 2775000.0 0.0302421435163 0.0227447937015 0.0297387321916 0.040796943365
Herato13 Herato1301 2825001.0 2825000.0 0.0208168431917 0.01504862627 0.0201675309549 0.0300673798716
Herato13 Herato1301 2875001.0 2875000.0 0.032097913508 0.028319803596 0.031933776108 0.036441275068
Herato13 Herato1301 2925001.0 2925000.0 0.102417518687 0.0574624337295 0.0968459650824 0.18090751173
Herato13 Herato1301 2975001.0 2975000.0 0.013542984476 0.01169142248 0.013517054968 0.015714456386
Herato13 Herato1301 3025001.0 3025000.0 0.0179559987136 0.0138976692666 0.0174057423444 0.0249204545872
Herato13 Herato1301 3075001.0 3075000.0 0.0302591033191 0.0238108485581 0.0296137808375 0.0407843407195
Herato13 Herato1301 3125001.0 3125000.0 0.039512214793 0.0270231711056 0.0382083787302 0.058548238066
Herato13 Herato1301 3175001.0 3175000.0 0.030327419776 0.021364259082 0.026024728364 0.050888042584
Herato13 Herato1301 3225001.0 3225000.0 0.0304143384294 0.0241886213259 0.0303687640365 0.037071241702
Herato13 Herato1301 3275001.0 3275000.0 0.0319745156432 0.025022530478 0.031426171507 0.041513617512
Herato13 Herato1301 3325001.0 3325000.0 0.025428628362 0.022822025486 0.025299468062 0.028818868046
Herato13 Herato1301 3375001.0 3375000.0 0.0440839568372 0.031120697012 0.042371561944 0.0654942655392
Herato13 Herato1301 3425001.0 3425000.0 0.0656164775592 0.0360329597556 0.0627091228755 0.116750640229
Herato13 Herato1301 3475001.0 3475000.0 0.0249752984714 0.0209999605588 0.0249392740391 0.0297576042542
Herato13 Herato1301 3525001.0 3525000.0 0.0287248911717 0.0184860282891 0.0232352694756 0.0638305819876
Herato13 Herato1301 3575001.0 3575000.0 0.0551399916338 0.0313323004091 0.0506569573364 0.10172458577
Herato13 Herato1301 3625001.0 3625000.0 0.0250237515704 0.0199496154327 0.0251471686962 0.0282279373552
Herato13 Herato1301 3675001.0 3675000.0 0.010235876445 0.00902737290597 0.0102429536259 0.0118163682196
Herato13 Herato1301 3725001.0 3725000.0 0.0458878001206 0.0342676172936 0.0447749720024 0.0645673451464
Herato13 Herato1301 3775001.0 3775000.0 0.031681251216 0.02951433133 0.03121692391 0.033873795396
Herato13 Herato1301 3825001.0 3825000.0 0.0861223588695 0.0467007128367 0.0820103294657 0.150554054277
Herato13 Herato1301 3875001.0 3875000.0 0.0441386783266 0.0399942796266 0.043973699345 0.0490926531726
Herato13 Herato1301 3925001.0 3925000.0 0.0662774695624 0.0524222654922 0.064343216972 0.085665330038
Herato13 Herato1301 3975001.0 3975000.0 0.0694863422941 0.0397762862408 0.0657934287386 0.118442187979
Herato13 Herato1301 4025001.0 4025000.0 0.0413536792607 0.0368397345544 0.0415148080299 0.045767417274
Herato13 Herato1301 4075001.0 4075000.0 0.03272583981 0.0292944207576 0.0328621151308 0.0361183163762
Herato13 Herato1301 4125001.0 4125000.0 0.024507739336 0.022975144838 0.024436653402 0.026703209498
Herato13 Herato1301 4175001.0 4175000.0 0.0442902347524 0.0400686601878 0.0441877083798 0.0488089135048
Herato13 Herato1301 4225001.0 4225000.0 0.03990039578 0.03728243096 0.03972112138 0.04265628758
Herato13 Herato1301 4275001.0 4275000.0 0.028010846982 0.02652732586 0.027841661512 0.029412432702
Herato13 Herato1301 4325001.0 4325000.0 0.0320959992178 0.0174158285112 0.0303288094002 0.0543478608756
Herato13 Herato1301 4375001.0 4375000.0 0.0538800596963 0.0335899544651 0.0506367206066 0.0903653420942
Herato13 Herato1301 4425001.0 4425000.0 0.045766074804 0.0393224671744 0.04550558906 0.053215081056
Herato13 Herato1301 4475001.0 4475000.0 0.0604540498488 0.0520268440336 0.0606214025374 0.068082283852
Herato13 Herato1301 4525001.0 4525000.0 0.0547177347664 0.0464165464637 0.0546122455546 0.0626662574586
Herato13 Herato1301 4575001.0 4575000.0 0.035199154602 0.032585341238 0.03492056425 0.038619494332
Herato13 Herato1301 4625001.0 4625000.0 0.02499446452 0.02381444378 0.02478043554 0.0266963955
Herato13 Herato1301 4675001.0 4675000.0 0.0186693062 0.0177879043 0.0185094399 0.0199405425
Herato13 Herato1301 4725001.0 4725000.0 0.033847175582 0.028278955276 0.033643234466 0.041119021448
Herato13 Herato1301 4775001.0 4775000.0 0.0306269361004 0.0208077359984 0.0297611264892 0.0450161913858
Herato13 Herato1301 4825001.0 4825000.0 0.0515522218088 0.0308620565564 0.0486124637522 0.090844896484
Herato13 Herato1301 4875001.0 4875000.0 0.0622742573636 0.0253741604956 0.0535911915982 0.149046571031
Herato13 Herato1301 4925001.0 4925000.0 0.0290451337388 0.0258186081592 0.028681165946 0.033040934354
Herato13 Herato1301 4975001.0 4975000.0 0.041988458195 0.0355945875437 0.0418336274278 0.049477861464
Herato13 Herato1301 5025001.0 5025000.0 0.036071092887 0.0216296396173 0.029019174821 0.0882074177436
Herato13 Herato1301 5075001.0 5075000.0 0.0220798836105 0.0201695686168 0.0221457817122 0.0240713212444
Herato13 Herato1301 5125001.0 5125000.0 0.048228207804 0.0282328249085 0.0474232703336 0.0743466554314
Herato13 Herato1301 5175001.0 5175000.0 0.0812976782201 0.0217876151128 0.0750097933276 0.170052108735
Herato13 Herato1301 5225001.0 5225000.0 0.0309248981204 0.0232794487402 0.0305748716866 0.0416823981318
Herato13 Herato1301 5275001.0 5275000.0 0.0358800016944 0.0207912456935 0.0321184766887 0.072744031142
Herato13 Herato1301 5325001.0 5325000.0 0.022105892864 0.020051064448 0.022242267028 0.023766382672
Herato13 Herato1301 5375001.0 5375000.0 0.026505935006 0.0233639223034 0.0266010207504 0.0297445225864
Herato13 Herato1301 5425001.0 5425000.0 0.0552618335624 0.0442071875615 0.0545719752529 0.0696847547804
Herato13 Herato1301 5475001.0 5475000.0 0.0338454931213 0.0205195955216 0.0303326515617 0.063565727754
Herato13 Herato1301 5525001.0 5525000.0 0.0271618934968 0.0232650426634 0.0271442778408 0.0313563710978
Herato13 Herato1301 5575001.0 5575000.0 0.023049066744 0.020654103038 0.022900754994 0.02583090751
Herato13 Herato1301 5625001.0 5625000.0 0.0529901299068 0.0231613789214 0.0493070029956 0.106386276552
Herato13 Herato1301 5675001.0 5675000.0 0.025968767978 0.024889752554 0.025947834358 0.02718613536
Herato13 Herato1301 5725001.0 5725000.0 0.025584105828 0.0216958762825 0.025287416132 0.03115653934
Herato13 Herato1301 5775001.0 5775000.0 0.035605061062 0.027663002922 0.035127736478 0.04648108448
Herato13 Herato1301 5825001.0 5825000.0 0.0110587831996 0.010520368167 0.0111001764334 0.0115856062432
Herato13 Herato1301 5875001.0 5875000.0 0.00877044600566 0.00765633205322 0.00875114548356 0.00996633849202
Herato13 Herato1301 5925001.0 5925000.0 0.0224531123306 0.0158994999012 0.0215261518914 0.0352028572675
Herato13 Herato1301 5975001.0 5975000.0 0.024625242722 0.0218828079982 0.0246073239124 0.027472187146
Herato13 Herato1301 6025001.0 6025000.0 0.0297696956258 0.0268382287774 0.029749448041 0.0330928505388
Herato13 Herato1301 6075001.0 6075000.0 0.0205379932018 0.0185013439644 0.0205978320508 0.0226725201313
Herato13 Herato1301 6125001.0 6125000.0 0.0312256160984 0.0265667177532 0.0301293411998 0.0383697933121
Herato13 Herato1301 6175001.0 6175000.0 0.038014931109 0.035625804545 0.0374417802008 0.041364366138
Herato13 Herato1301 6225001.0 6225000.0 0.045059504796 0.0404093538714 0.044983563502 0.050503700546
Herato13 Herato1301 6275001.0 6275000.0 0.0226292097252 0.0192960238961 0.0224979125144 0.0269110521008
Herato13 Herato1301 6325001.0 6325000.0 0.0256084518265 0.0202879897946 0.0256538966801 0.0334277408784
Herato13 Herato1301 6375001.0 6375000.0 0.0251498055664 0.0221026346832 0.0250361985058 0.0294294851968
Herato13 Herato1301 6425001.0 6425000.0 0.074511828028 0.0372078628507 0.0690989985576 0.136037545944
Herato13 Herato1301 6475001.0 6475000.0 0.020689638561 0.0170865559734 0.0202879174576 0.026444603266
Herato13 Herato1301 6525001.0 6525000.0 0.0281447402318 0.0205905144485 0.0258163869912 0.0463244542814
Herato13 Herato1301 6575001.0 6575000.0 0.0247977191803 0.0196728547822 0.0249684563766 0.0333264796727
Herato13 Herato1301 6625001.0 6625000.0 0.0291979871103 0.0208030095254 0.0284614655753 0.0421611652858
Herato13 Herato1301 6675001.0 6675000.0 0.0181567969074 0.0117620822814 0.0172229786602 0.029084689518
Herato13 Herato1301 6725001.0 6725000.0 0.0281172064914 0.0234656329916 0.0277462518084 0.033090185094
Herato13 Herato1301 6775001.0 6775000.0 0.0214516316316 0.0182053552576 0.021500000034 0.0248585399152
Herato13 Herato1301 6825001.0 6825000.0 0.06064489151 0.032579264886 0.056279535384 0.10119895655
Herato13 Herato1301 6875001.0 6875000.0 0.0279840743293 0.0166519625401 0.0254151749084 0.0530505215646
Herato13 Herato1301 6925001.0 6925000.0 0.0214313233835 0.0180370793842 0.0213177337174 0.02473120681
Herato13 Herato1301 6975001.0 6975000.0 0.040081478938 0.01949534436 0.027774451678 0.1204229835
Herato13 Herato1301 7025001.0 7025000.0 0.0147073706182 0.0135440929722 0.0145403268736 0.0162160847712
Herato13 Herato1301 7075001.0 7075000.0 0.0158543197973 0.00955011409335 0.0150149259191 0.0258412891232
Herato13 Herato1301 7125001.0 7125000.0 0.0197946584294 0.0146026126476 0.0189049942375 0.0301050788248
Herato13 Herato1301 7175001.0 7175000.0 0.0311060802641 0.01755142724 0.0296066309387 0.0507206770504
Herato13 Herato1301 7225001.0 7225000.0 0.0664913949076 0.0306332178964 0.0589831201488 0.145300138928
Herato13 Herato1301 7275001.0 7275000.0 0.018474163134 0.012038672354 0.017356827428 0.029740041616
Herato13 Herato1301 7325001.0 7325000.0 0.0355967228534 0.0267197657699 0.0347527578009 0.0522663118753
Herato13 Herato1301 7375001.0 7375000.0 0.02061287712 0.01968284736 0.02071599552 0.0214142544
Herato13 Herato1301 7425001.0 7425000.0 0.0234072004508 0.0148195421142 0.0206864787918 0.0460307759372
Herato13 Herato1301 7475001.0 7475000.0 0.037090442801 0.0306268003823 0.0366979013086 0.0450092099994
Herato13 Herato1301 7525001.0 7525000.0 0.0323151530148 0.0193181448739 0.0293420714804 0.0631353764278
Herato13 Herato1301 7575001.0 7575000.0 0.0600757667848 0.0345611335611 0.054961800661 0.114113333814
Herato13 Herato1301 7625001.0 7625000.0 0.0386076914366 0.031448070752 0.0383398420185 0.0476444214087
Herato13 Herato1301 7675001.0 7675000.0 0.0340792683606 0.0190876410543 0.0303876338899 0.0621064772672
Herato13 Herato1301 7725001.0 7725000.0 0.026364434876 0.0160495348274 0.0240069192428 0.0475838841456
Herato13 Herato1301 7775001.0 7775000.0 0.031905084862 0.0181847071 0.029299195688 0.060832294984
Herato13 Herato1301 7825001.0 7825000.0 0.0256231398426 0.018680541824 0.0248306817522 0.0368708329978
Herato13 Herato1301 7875001.0 7875000.0 0.04548062658 0.04168137014 0.0453671115 0.04910922524
Herato13 Herato1301 7925001.0 7925000.0 0.07838436114 0.07033821676 0.07788133006 0.08523804658
Herato13 Herato1301 7975001.0 7975000.0 0.03538450825 0.0294339088678 0.0353605260458 0.0410963112536
Herato13 Herato1301 8025001.0 8025000.0 0.030897725476 0.0229612848922 0.0281396334908 0.045076593314
Herato13 Herato1301 8075001.0 8075000.0 0.0429713129564 0.028851776427 0.0418967487342 0.0616792845334
Herato13 Herato1301 8125001.0 8125000.0 0.03069772779 0.026349336609 0.03055024167 0.035959034892
Herato13 Herato1301 8175001.0 8175000.0 0.0437426441642 0.0264052357674 0.0420936824698 0.073091159701
Herato13 Herato1301 8225001.0 8225000.0 0.026625428128 0.0229616323404 0.0265376123564 0.030797416482
Herato13 Herato1301 8275001.0 8275000.0 0.027598392856 0.024482694246 0.027502360896 0.031132398492
Herato13 Herato1301 8325001.0 8325000.0 0.03727205023 0.023476287817 0.0357799983288 0.062649411812
Herato13 Herato1301 8375001.0 8375000.0 0.0274502815083 0.0229595704638 0.027267441414 0.031636398389
Herato13 Herato1301 8425001.0 8425000.0 0.0443760408028 0.0290302396937 0.042032374381 0.074530207891
Herato13 Herato1301 8475001.0 8475000.0 0.0362231778594 0.017833727773 0.0255859046904 0.125410215747
Herato13 Herato1301 8525001.0 8525000.0 0.0262957413392 0.0165483291482 0.0275731761174 0.0346301454334
Herato13 Herato1301 8575001.0 8575000.0 0.0399054420862 0.0232314382584 0.0349452756678 0.078762456136
Herato13 Herato1301 8625001.0 8625000.0 0.0243100305732 0.0200356978348 0.0242414879848 0.0286953524295
Herato13 Herato1301 8675001.0 8675000.0 0.0287178325024 0.019429088305 0.0262259316222 0.0518059793502
Herato13 Herato1301 8725001.0 8725000.0 0.0347918168208 0.0258471797324 0.0345500549066 0.0454358557946
Herato13 Herato1301 8775001.0 8775000.0 0.132365043049 0.0435579768315 0.120697929116 0.299057158174
Herato13 Herato1301 8825001.0 8825000.0 0.0225062606232 0.0167088839986 0.0224318773068 0.028523053178
Herato13 Herato1301 8875001.0 8875000.0 0.0370105033954 0.0275290796028 0.0364031207416 0.0552250991504
Herato13 Herato1301 8925001.0 8925000.0 0.016951779985 0.015305055908 0.0168948768576 0.01871675154
Herato13 Herato1301 8975001.0 8975000.0 0.017468153498 0.01569439692 0.01740731199 0.019270434934
Herato13 Herato1301 9025001.0 9025000.0 0.032285177492 0.0251467367814 0.031870579202 0.042799234208
Herato13 Herato1301 9075001.0 9075000.0 0.0251107760802 0.0232074341702 0.0251312067799 0.0267889170274
Herato13 Herato1301 9125001.0 9125000.0 0.04388011172 0.03995454 0.04352445664 0.0488278196
Herato13 Herato1301 9175001.0 9175000.0 0.0419939670971 0.0266139166721 0.0402867776733 0.070326215575
Herato13 Herato1301 9225001.0 9225000.0 0.0343404776162 0.0185662045452 0.0282662328128 0.078308898844
Herato13 Herato1301 9275001.0 9275000.0 0.0149532191804 0.0132481861043 0.014844452743 0.0172046459228
Herato13 Herato1301 9325001.0 9325000.0 0.0216449064576 0.0181578155492 0.0214538134085 0.025925869182
Herato13 Herato1301 9375001.0 9375000.0 0.026917773918 0.0203839134049 0.0248825392234 0.037852537377
Herato13 Herato1301 9425001.0 9425000.0 0.028101641002 0.024539731356 0.027789652654 0.032535982016
Herato13 Herato1301 9475001.0 9475000.0 0.040701254992 0.0302913733252 0.0408922663204 0.054171196172
Herato13 Herato1301 9525001.0 9525000.0 0.0200675701798 0.0155049324946 0.0193643028508 0.026060808752
Herato13 Herato1301 9575001.0 9575000.0 0.0258305777343 0.0187742882106 0.0245777080523 0.0330642945157
Herato13 Herato1301 9625001.0 9625000.0 0.0187131268742 0.0162569866002 0.0186822168862 0.021589951156
Herato13 Herato1301 9675001.0 9675000.0 0.071137436265 0.0439397170781 0.0675814162486 0.119961399172
Herato13 Herato1301 9725001.0 9725000.0 0.0572972416752 0.0403152840978 0.0556866142759 0.0834332644862
Herato13 Herato1301 9775001.0 9775000.0 0.196076240509 0.0613540541596 0.171667030931 0.469199424451
Herato13 Herato1301 9825001.0 9825000.0 0.0291527269776 0.019560327974 0.0283179009642 0.0424447410434
Herato13 Herato1301 9875001.0 9875000.0 0.0045512960184 0.0040986869394 0.0045118815588 0.005085530729
Herato13 Herato1301 9925001.0 9925000.0 0.0166374011266 0.0125237674309 0.0158205668269 0.025540931563
Herato13 Herato1301 9975001.0 9975000.0 0.046362933552 0.0291250902763 0.0442905092122 0.07394976524
Herato13 Herato1301 10025001.0 10025000.0 0.0313004719623 0.0170553897554 0.0290563233388 0.0595519170749
Herato13 Herato1301 10075001.0 10075000.0 0.00488251518992 0.00376460564798 0.0048351815859 0.00675202267334
Herato13 Herato1301 10125001.0 10125000.0 0.0115502504837 0.01079851979 0.0114424984648 0.0129377524243
Herato13 Herato1301 10175001.0 10175000.0 0.0304195234628 0.0108599923131 0.0293262871179 0.0539233804838
Herato13 Herato1301 10225001.0 10225000.0 0.0695289821424 0.0244588195783 0.060433875818 0.156262008467
Herato13 Herato1301 10275001.0 10275000.0 0.0340396826776 0.0232480630559 0.0340597427661 0.0471400453376
Herato13 Herato1301 10325001.0 10325000.0 0.059275791486 0.052260113088 0.05911993819 0.067945990808
Herato13 Herato1301 10375001.0 10375000.0 0.06102531792 0.05383183932 0.06086595132 0.0698795064
Herato13 Herato1301 10425001.0 10425000.0 0.0295229969593 0.0243159128989 0.0291833571594 0.036902038333
Herato13 Herato1301 10475001.0 10475000.0 0.02549164422 0.02369494314 0.02543941808 0.02739654576
Herato13 Herato1301 10525001.0 10525000.0 0.026046531998 0.020787531328 0.025770205762 0.032616471164
Herato13 Herato1301 10575001.0 10575000.0 0.033769298616 0.03061430825 0.033658056184 0.039090862308
Herato13 Herato1301 10625001.0 10625000.0 0.0214357188032 0.0193203244499 0.0215356166662 0.023504447799
Herato13 Herato1301 10675001.0 10675000.0 0.0244908315294 0.0121574010234 0.0166182870444 0.118171222114
Herato13 Herato1301 10725001.0 10725000.0 0.024536784504 0.02202412891 0.024525593484 0.027034967972
Herato13 Herato1301 10775001.0 10775000.0 0.02527875707 0.0216317467419 0.0250771411493 0.0292813331536
Herato13 Herato1301 10825001.0 10825000.0 0.02906854843 0.025736463742 0.029012819486 0.032237994378
Herato13 Herato1301 10875001.0 10875000.0 0.0524996391672 0.0345076260676 0.050093177821 0.0875614222968
Herato13 Herato1301 10925001.0 10925000.0 0.0216146247438 0.0177981821012 0.021330833166 0.027560840458
Herato13 Herato1301 10975001.0 10975000.0 0.066943062552 0.031982749496 0.064072542214 0.11459754094
Herato13 Herato1301 11025001.0 11025000.0 0.0302098095448 0.0268226621604 0.0301140976906 0.034289827852
Herato13 Herato1301 11075001.0 11075000.0 0.0368308271906 0.026298376583 0.0325298290186 0.0613920754728
Herato13 Herato1301 11125001.0 11125000.0 0.023979164864 0.01711734829 0.021030160672 0.055816372052
Herato13 Herato1301 11175001.0 11175000.0 0.020989291104 0.019006786806 0.021008440466 0.023382566106
Herato13 Herato1301 11225001.0 11225000.0 0.034909650532 0.0254469586654 0.034610267816 0.047415713604
Herato13 Herato1301 11275001.0 11275000.0 0.018259654062 0.0156422610918 0.0181550556311 0.0213079065543
Herato13 Herato1301 11325001.0 11325000.0 0.0256346311575 0.0221269393135 0.0254187974383 0.0306496148233
Herato13 Herato1301 11375001.0 11375000.0 0.0244283336894 0.0200420145764 0.0242299287995 0.0299330025898
Herato13 Herato1301 11425001.0 11425000.0 0.0577805791108 0.0299849081145 0.0559983578424 0.0977037618943
Herato13 Herato1301 11475001.0 11475000.0 0.039398354364 0.027287570596 0.038526939496 0.060867363916
Herato13 Herato1301 11525001.0 11525000.0 0.033783337228 0.0300473601624 0.033843166038 0.037586797956
Herato13 Herato1301 11575001.0 11575000.0 0.030618811764 0.026210061868 0.030022586086 0.035278829888
Herato13 Herato1301 11625001.0 11625000.0 0.0389822797486 0.0328100778576 0.0386717558248 0.0465905054098
Herato13 Herato1301 11675001.0 11675000.0 0.0389099848067 0.0330880389589 0.0388230183886 0.0444954539152
Herato13 Herato1301 11725001.0 11725000.0 0.032238959625 0.022372798995 0.0307870174369 0.050685359572
Herato13 Herato1301 11775001.0 11775000.0 0.041348949754 0.0367193944412 0.041340642636 0.04517098807
Herato13 Herato1301 11825001.0 11825000.0 0.04059045068 0.03778711532 0.0407690946 0.04197739496
Herato13 Herato1301 11875001.0 11875000.0 0.025606563376 0.0238521320764 0.0253905269916 0.027525005744
Herato13 Herato1301 11925001.0 11925000.0 0.0341604272286 0.0223123798896 0.0333868942374 0.0522735502356
Herato13 Herato1301 11975001.0 11975000.0 0.043946902476 0.0280107986481 0.0392512952072 0.08632781356
Herato13 Herato1301 12025001.0 12025000.0 0.0194111264714 0.0136625113347 0.0191068259004 0.0274636949738
Herato13 Herato1301 12075001.0 12075000.0 0.053277366654 0.035669014116 0.050701005408 0.08683837674
Herato13 Herato1301 12125001.0 12125000.0 0.0302571187117 0.0262388753741 0.030051779226 0.0352085039618
Herato13 Herato1301 12175001.0 12175000.0 0.0515105928877 0.0443440517312 0.0514599333492 0.0599560675823
Herato13 Herato1301 12225001.0 12225000.0 0.0192980904478 0.0169150172559 0.0187943425574 0.023054333794
Herato13 Herato1301 12275001.0 12275000.0 0.0404131558104 0.0358199281901 0.0403371856226 0.0452852732692
Herato13 Herato1301 12325001.0 12325000.0 0.0214625623666 0.0192839613865 0.0214528034162 0.0238540062708
Herato13 Herato1301 12375001.0 12375000.0 0.05805863941 0.0345583417755 0.0564293165172 0.0944511886152
Herato13 Herato1301 12425001.0 12425000.0 0.0206280549488 0.0184481590108 0.020586060393 0.023280472142
Herato13 Herato1301 12475001.0 12475000.0 0.01932219044 0.01828306412 0.0192698065 0.02056230004
Herato13 Herato1301 12525001.0 12525000.0 0.0394158448896 0.0212678271773 0.0374746032608 0.0698613006028
Herato13 Herato1301 12575001.0 12575000.0 0.027679384628 0.024934108726 0.027580500506 0.03072583618
Herato13 Herato1301 12625001.0 12625000.0 0.01599886904 0.0112484183844 0.0168006095389 0.0198319311899
Herato13 Herato1301 12675001.0 12675000.0 0.0281547509356 0.0220839529164 0.0275363850454 0.037576509426
Herato13 Herato1301 12725001.0 12725000.0 0.0321340004508 0.0280029552725 0.0320103085176 0.036714633234
Herato13 Herato1301 12775001.0 12775000.0 0.019856969066 0.015794616501 0.0192199789554 0.02698031422
Herato13 Herato1301 12825001.0 12825000.0 0.0198515473244 0.0155020393548 0.019662647666 0.0259494734572
Herato13 Herato1301 12875001.0 12875000.0 0.03483184054 0.030554753666 0.03474789978 0.03958103826
Herato13 Herato1301 12925001.0 12925000.0 0.0222991054903 0.0182055354467 0.0230185213139 0.0264117528924
Herato13 Herato1301 12975001.0 12975000.0 0.02502759904 0.02320145056 0.02502454528 0.02696266496
Herato13 Herato1301 13025001.0 13025000.0 0.00506333076343 0.00288778375418 0.00411538991432 0.0185911719008
Herato13 Herato1301 13075001.0 13075000.0 0.0321037229228 0.0272045083393 0.031944558693 0.0377859433622
Herato13 Herato1301 13125001.0 13125000.0 0.0292491838204 0.0225215152429 0.029042637474 0.03739497855
Herato13 Herato1301 13175001.0 13175000.0 0.0402924643061 0.0321624919297 0.0398053706153 0.0505280615802
Herato13 Herato1301 13225001.0 13225000.0 0.0531371238734 0.0330885684774 0.0500667715063 0.0887693572762
Herato13 Herato1301 13275001.0 13275000.0 0.0243710122326 0.0224793895874 0.0243162340728 0.02711149354
Herato13 Herato1301 13325001.0 13325000.0 0.0272100645252 0.0235339374984 0.026996835537 0.0323793596884
Herato13 Herato1301 13375001.0 13375000.0 0.0289938130184 0.0252781263419 0.0288132801724 0.0336426786098
Herato13 Herato1301 13425001.0 13425000.0 0.0197889474836 0.0162358272368 0.0195014054866 0.0247797654224
Herato13 Herato1301 13475001.0 13475000.0 0.0276098758338 0.0224097415573 0.0273000520914 0.0340696515702
Herato13 Herato1301 13525001.0 13525000.0 0.0188645645713 0.0162268306446 0.01885217915 0.0218099077736
Herato13 Herato1301 13575001.0 13575000.0 0.0338981605451 0.0284513206834 0.0332176464775 0.041805402465
Herato13 Herato1301 13625001.0 13625000.0 0.0213914679074 0.0187527060342 0.0213104101254 0.0246653876772
Herato13 Herato1301 13675001.0 13675000.0 0.0504115837319 0.0274204151164 0.0485420509939 0.0938304041323
Herato13 Herato1301 13725001.0 13725000.0 0.04188872816 0.02291996932 0.0413646263 0.07043440426
Herato13 Herato1301 13775001.0 13775000.0 0.040694696206 0.037804431556 0.04045938649 0.04480800086
Herato13 Herato1301 13825001.0 13825000.0 0.0397318991168 0.0306012437652 0.0388789265242 0.0534298320048
Herato13 Herato1301 13875001.0 13875000.0 0.035447559612 0.028546161366 0.035060155986 0.044688629678
Herato13 Herato1301 13925001.0 13925000.0 0.0295526102372 0.025782701415 0.0294991490996 0.0349359195316
Herato13 Herato1301 13975001.0 13975000.0 0.0287554200084 0.025749408464 0.0286042278576 0.0319493894456
Herato13 Herato1301 14025001.0 14025000.0 0.0482721870226 0.0353364889854 0.0471678539832 0.0659215668618
Herato13 Herato1301 14075001.0 14075000.0 0.0361609276692 0.0284816910473 0.035211968737 0.0502677524446
Herato13 Herato1301 14125001.0 14125000.0 0.0408282429792 0.0296120771709 0.0372626654732 0.0623756042664
Herato13 Herato1301 14175001.0 14175000.0 0.0445265049362 0.0350190933127 0.0438794883 0.054996003205
Herato13 Herato1301 14225001.0 14225000.0 0.015887486277 0.0144301917809 0.0157970979268 0.017684678336
Herato13 Herato1301 14275001.0 14275000.0 0.034748425585 0.0206049119346 0.034277247581 0.053889744174
Herato13 Herato1301 14325001.0 14325000.0 0.0114908658544 0.0106504025061 0.0114282998577 0.0126863968929
Herato13 Herato1301 14375001.0 14375000.0 0.023233731772 0.019106474999 0.0228527657532 0.0297125885456
Herato13 Herato1301 14425001.0 14425000.0 0.0493945287472 0.0225318080037 0.0478577593772 0.0850336056234
Herato13 Herato1301 14475001.0 14475000.0 0.0837519594063 0.040042589002 0.0787054555873 0.161702354896
Herato13 Herato1301 14525001.0 14525000.0 0.030155856679 0.0152930211773 0.0273285211966 0.0610898932782
Herato13 Herato1301 14575001.0 14575000.0 0.020232491118 0.0175555489628 0.020169363958 0.023440307794
Herato13 Herato1301 14625001.0 14625000.0 0.0438357089251 0.0261421152659 0.0421334823145 0.0736295466647
Herato13 Herato1301 14675001.0 14675000.0 0.0275644236252 0.0206366498122 0.0289690083429 0.0353903340264
Herato13 Herato1301 14725001.0 14725000.0 0.050200710792 0.0309150801371 0.0501391140181 0.0764152376892
Herato13 Herato1301 14775001.0 14775000.0 0.01892922368 0.01772611392 0.01915070272 0.02003773184
Herato13 Herato1301 14825001.0 14825000.0 0.0157682043556 0.0144020747754 0.0157691290254 0.0172301551738
Herato13 Herato1301 14875001.0 14875000.0 0.0257121410204 0.0196055326554 0.0253326099058 0.034117201176
Herato13 Herato1301 14925001.0 14925000.0 0.0190925712932 0.0170266459514 0.0190527124164 0.022149761268
Herato13 Herato1301 14975001.0 14975000.0 0.0230093004216 0.0180628608483 0.0226150239924 0.0309693210932
Herato13 Herato1301 15025001.0 15025000.0 0.017765060398 0.013225697408 0.01723650695 0.02434986748
Herato13 Herato1301 15075001.0 15075000.0 0.0384828846632 0.0230662022238 0.035779593617 0.0680791965732
Herato13 Herato1301 15125001.0 15125000.0 0.0233194511696 0.0141823849717 0.0212496769697 0.0462144788044
Herato13 Herato1301 15175001.0 15175000.0 0.0230912145304 0.0140591802337 0.0207440466282 0.0406708515
Herato13 Herato1301 15225001.0 15225000.0 0.0079339122458 0.00660099228192 0.00790749281306 0.0096517732752
Herato13 Herato1301 15275001.0 15275000.0 0.0113840173908 0.009424988188 0.0114144734642 0.0134339276892
Herato13 Herato1301 15325001.0 15325000.0 0.0334864618528 0.0122859171708 0.0315680001022 0.0595310421622
Herato13 Herato1301 15375001.0 15375000.0 0.0262179760936 0.020385580426 0.0253564997949 0.0360708178048
Herato13 Herato1301 15425001.0 15425000.0 0.0686260322818 0.0301969913573 0.062875534829 0.142360069835
Herato13 Herato1301 15475001.0 15475000.0 0.0318719488505 0.0110012443766 0.020876925063 0.0939826883542
Herato13 Herato1301 15525001.0 15525000.0 0.023838667046 0.0159164013187 0.0227165370598 0.035301047242
Herato13 Herato1301 15575001.0 15575000.0 0.0459125216618 0.0341793409456 0.0447779927072 0.065875527119
Herato13 Herato1301 15625001.0 15625000.0 0.0228281758284 0.0186531529458 0.0223958173492 0.02978763161
Herato13 Herato1301 15675001.0 15675000.0 0.0638103634576 0.0417305796008 0.0622636836984 0.0993089929602
Herato13 Herato1301 15725001.0 15725000.0 0.025060121809 0.019311118119 0.0251241559186 0.0326486514736
Herato13 Herato1301 15775001.0 15775000.0 0.028428686254 0.020371041664 0.027848757042 0.039591312108
Herato13 Herato1301 15825001.0 15825000.0 0.0303599004428 0.0217133113095 0.0303802192456 0.043190783211
Herato13 Herato1301 15875001.0 15875000.0 0.060336025432 0.038666366174 0.058110775064 0.099297839114
Herato13 Herato1301 15925001.0 15925000.0 0.0281838662026 0.0234469087661 0.0277916359608 0.034969205772
Herato13 Herato1301 15975001.0 15975000.0 0.0366672696604 0.0284100875654 0.0350019082122 0.0533527144732
Herato13 Herato1301 16025001.0 16025000.0 0.0244977483268 0.0215526669056 0.0243467433711 0.0281080081452
Herato13 Herato1301 16075001.0 16075000.0 0.0387248433258 0.033788737059 0.038705276367 0.044561045468
Herato13 Herato1301 16125001.0 16125000.0 0.0332674079771 0.0250493673849 0.0315798642072 0.0472238260988
Herato13 Herato1301 16175001.0 16175000.0 0.028996961802 0.025510922442 0.028737577226 0.034199489896
Herato13 Herato1301 16225001.0 16225000.0 0.0387241204898 0.0322157417482 0.0378549071114 0.0479578789216
Herato13 Herato1301 16275001.0 16275000.0 0.0210101795136 0.0187300775576 0.021051261921 0.0232916437044
Herato13 Herato1301 16325001.0 16325000.0 0.0115747345796 0.0108457658061 0.011516836608 0.0124214077479
Herato13 Herato1301 16375001.0 16375000.0 0.0811915773219 0.024843411235 0.0673386234654 0.216511583115
Herato13 Herato1301 16425001.0 16425000.0 0.03036258802 0.02852284348 0.03029370584 0.0325136399
Herato13 Herato1301 16475001.0 16475000.0 0.0228958957305 0.0213066806385 0.0228274653239 0.0247641440942
Herato13 Herato1301 16525001.0 16525000.0 0.0315618072943 0.0272137407291 0.0299593490841 0.03953346023
Herato13 Herato1301 16575001.0 16575000.0 0.0324012823022 0.0272900579881 0.0322941739384 0.0379995052564
Herato13 Herato1301 16625001.0 16625000.0 0.029152365792 0.0253137468052 0.0291655199594 0.032775118972
Herato13 Herato1301 16675001.0 16675000.0 0.0736526404112 0.0429266547067 0.0688191074681 0.131570751873
Herato13 Herato1301 16725001.0 16725000.0 0.031920942556 0.0280404988524 0.0316562372426 0.0364220701458
Herato13 Herato1301 16775001.0 16775000.0 0.0321997066 0.026581128758 0.032105635104 0.03760433641
Herato13 Herato1301 16825001.0 16825000.0 0.045236897454 0.0324738318475 0.0431239391678 0.0712765530072
Herato13 Herato1301 16875001.0 16875000.0 0.0599611189452 0.0338045658859 0.0575702258908 0.0995485199736
Herato13 Herato1301 16925001.0 16925000.0 0.0788142116137 0.0337473034688 0.0746361021638 0.152160304394
Herato13 Herato1301 16975001.0 16975000.0 0.0425633527956 0.0253920401265 0.0402850118292 0.0710237995694
Herato13 Herato1301 17025001.0 17025000.0 0.0305545896034 0.0265960832937 0.030405429076 0.035206241076
Herato13 Herato1301 17075001.0 17075000.0 0.03628402125 0.0235787619421 0.0332531474474 0.061920536442
Herato13 Herato1301 17125001.0 17125000.0 0.04774416983 0.026849294222 0.044663325004 0.083698706704
Herato13 Herato1301 17175001.0 17175000.0 0.0402096419972 0.032992388443 0.0399281615576 0.0492796835048
Herato13 Herato1301 17225001.0 17225000.0 0.0284226801224 0.021316490692 0.0273903626218 0.0459242868124
Herato13 Herato1301 17275001.0 17275000.0 0.02789407672 0.02013457556 0.027512342564 0.037721735372
Herato13 Herato1301 17325001.0 17325000.0 0.0454347844336 0.0186531063738 0.0414040414564 0.0991010572164
Herato13 Herato1301 17375001.0 17375000.0 0.023141916857 0.0175037199417 0.0228556796012 0.030698218556
Herato13 Herato1301 17425001.0 17425000.0 0.0636444080317 0.0360621344345 0.0591856952743 0.117865734443
Herato13 Herato1301 17475001.0 17475000.0 0.036944292172 0.023402968035 0.032249971498 0.054585938224
Herato13 Herato1301 17525001.0 17525000.0 0.0385827347488 0.0333336286537 0.036998711148 0.0460246952688
Herato13 Herato1301 17575001.0 17575000.0 0.0290178019236 0.0262597093743 0.0289604993554 0.032006619948
Herato13 Herato1301 17625001.0 17625000.0 0.0513243671113 0.0337347748821 0.0496874936059 0.0793652708836
Herato13 Herato1301 17675001.0 17675000.0 0.0351140650824 0.0300548197105 0.0349120054356 0.0407357355219
Herato13 Herato1301 17725001.0 17725000.0 0.0461475056366 0.029855785613 0.0453084736948 0.0696314710544
Herato13 Herato1301 17775001.0 17775000.0 0.0133403364386 0.0111655067266 0.0132025347661 0.0162679725302
Herato13 Herato1301 17825001.0 17825000.0 0.06350302704 0.0258067820816 0.056104141674 0.132341719012
Herato13 Herato1301 17875001.0 17875000.0 0.0302621349214 0.0257724625377 0.0301368205151 0.0356885194182
Herato13 Herato1301 17925001.0 17925000.0 0.0394047059188 0.0353662375304 0.0393296176307 0.043184133218
Herato13 Herato1301 17975001.0 17975000.0 0.0464208141924 0.0338099575871 0.043424682947 0.070038025791
Herato13 Herato1301 18025001.0 18025000.0 0.0270446981388 0.0233964486695 0.0270754799623 0.0310832373584
Herato13 Herato1301 18075001.0 18075000.0 0.026488519159 0.0234423394012 0.0264466895188 0.02929995687
Herato13 Herato1301 18125001.0 18125000.0 0.0204684382988 0.0184173456068 0.020344060728 0.0227766058306
Herato13 Herato1301 18175001.0 18175000.0 0.0370020978804 0.019350832032 0.0334634441325 0.07856366672
Herato13 Herato1301 18225001.0 18225000.0 0.039241500254 0.024868843072 0.036264098922 0.074290155652
Herato13 Herato1301 18275001.0 18275000.0 0.0259599761138 0.021239398602 0.0257048080262 0.0329837715846
Herato13 Herato1301 18325001.0 18325000.0 0.035213521112 0.0197385968688 0.0355601104144 0.0509052447722
Herato13 Herato1301 18375001.0 18375000.0 0.0467598320587 0.0143510477766 0.0424739331137 0.114241650514
Herato13 Herato1301 18425001.0 18425000.0 0.123610051809 0.0685951656468 0.117603521315 0.215546417294
Herato13 Herato1301 18475001.0 18475000.0 0.0529141210418 0.0305536469501 0.0507060889753 0.0881293127625
Herato13 Herato1301 18525001.0 18525000.0 0.0257972712712 0.0175442303649 0.0246947776425 0.037973478103
Herato13 Herato1301 18575001.0 18575000.0 0.035510809419 0.0291433653354 0.0349866838802 0.0452448921084
Herato13 Herato1301 18625001.0 18625000.0 0.040184422918 0.024875846613 0.0382638449868 0.072442886778
Herato13 Herato1301 18675001.0 18675000.0 0.0320382277068 0.0212834412389 0.0344672425609 0.0447971627974
Herato13 Herato1301 18725001.0 18725000.0 0.032426085976 0.0234792509022 0.031384123382 0.04700877114
Herato13 Herato1301 18775001.0 18775000.0 0.0531476360998 0.0340885680772 0.0523916477641 0.0854899778549
Herato13 Herato1301 18825001.0 18825000.0 0.028536800274 0.019432434916 0.029005035132 0.039943424832
Herato13 Herato1301 18875001.0 18875000.0 0.0208209581605 0.0188077278972 0.020737431757 0.0230376162476
Herato13 Herato1301 18925001.0 18925000.0 0.029977352558 0.028254164854 0.029821298348 0.032142586208
Herato13 Herato1301 18975001.0 18975000.0 0.0408342015182 0.0357459823516 0.040515392222 0.0473343622924
Herato13 Herato1301 19025001.0 19025000.0 0.014682183732 0.0125917470186 0.0145905370814 0.01709730131
Herato13 Herato1301 19075001.0 19075000.0 0.0669934229634 0.0326850504989 0.0637708768514 0.129780177504
Herato13 Herato1301 19125001.0 19125000.0 0.0453997365 0.039136427538 0.044978211378 0.053344189322
Herato13 Herato1301 19175001.0 19175000.0 0.0325606330432 0.0245120665928 0.0325208446732 0.0434305737088
Herato13 Herato1301 19225001.0 19225000.0 0.0458473118904 0.0202506405329 0.0442814083535 0.0757776334666
Herato13 Herato1301 19275001.0 19275000.0 0.03670206718 0.03481694832 0.0366141189 0.03867060646
Herato13 Herato1301 19325001.0 19325000.0 0.04247223584 0.0396242267 0.04245589928 0.0472207307
Herato13 Herato1301 19375001.0 19375000.0 0.033912964566 0.0293824628662 0.03372527932 0.040098848708
Herato13 Herato1301 19425001.0 19425000.0 0.0284518992068 0.0259785184158 0.0283398943746 0.0313022033416
Herato13 Herato1301 19475001.0 19475000.0 0.0358690616896 0.0323462850492 0.0358389157952 0.0398079651896
Herato13 Herato1301 19525001.0 19525000.0 0.0332150493692 0.0279006098057 0.0324197099406 0.0450286538594
Herato13 Herato1301 19575001.0 19575000.0 0.0485269343154 0.0292136505085 0.0467078000516 0.0800524584834
Herato13 Herato1301 19625001.0 19625000.0 0.0263610487652 0.02185225817 0.0260037612838 0.0331948595952
Herato13 Herato1301 19675001.0 19675000.0 0.059913534487 0.0336774886149 0.0585078739114 0.091711381962
Herato13 Herato1301 19725001.0 19725000.0 0.02251155276 0.02131498632 0.02233832734 0.0242441187
Herato13 Herato1301 19775001.0 19775000.0 0.0378239317542 0.0319035629429 0.037970624117 0.0441630421642
Herato13 Herato1301 19825001.0 19825000.0 0.0414926291468 0.0345882627248 0.0413983424358 0.048174006726
Herato13 Herato1301 19875001.0 19875000.0 0.039482525874 0.035283569814 0.03937126017 0.04398498984
Herato13 Herato1301 19925001.0 19925000.0 0.0456355151712 0.0399558711238 0.0452675365666 0.052150264911
Herato13 Herato1301 19975001.0 19975000.0 0.029690168612 0.0258620919277 0.02955300665 0.034144524674
Herato13 Herato1301 20025001.0 20025000.0 0.023402527544 0.0212506941464 0.0234081836471 0.0254541053406
Herato13 Herato1301 20075001.0 20075000.0 0.031769049794 0.0271306773776 0.0315835062132 0.037216351329
Herato13 Herato1301 20125001.0 20125000.0 0.021001994796 0.0181825729512 0.021197030994 0.02437944192
Herato13 Herato1301 20175001.0 20175000.0 0.044895025322 0.0311302366623 0.044730875046 0.06416912278
Herato13 Herato1301 20225001.0 20225000.0 0.0265372739826 0.0195929614372 0.0258857353045 0.0361586865558
Herato13 Herato1301 20275001.0 20275000.0 0.0649855395401 0.03274325889 0.0592817460756 0.148753075972
Herato13 Herato1301 20325001.0 20325000.0 0.0330498875027 0.0245464611356 0.0327442786979 0.0441797863568
Herato13 Herato1301 20375001.0 20375000.0 0.0252311696778 0.0232719678897 0.0252037172168 0.0274553486376
Herato13 Herato1301 20425001.0 20425000.0 0.03248244538 0.02567998339 0.031708938362 0.044240943162
Herato13 Herato1301 20475001.0 20475000.0 0.017566540506 0.015350623068 0.017498431266 0.020251128632
Herato13 Herato1301 20525001.0 20525000.0 0.0138353582383 0.0118691762261 0.0137703939591 0.0160934914382
Herato13 Herato1301 20575001.0 20575000.0 0.052472693663 0.0204405238894 0.0450541052757 0.124702154251
Herato13 Herato1301 20625001.0 20625000.0 0.0553993818664 0.0338064482995 0.0544069576492 0.0859457453782
Herato13 Herato1301 20675001.0 20675000.0 0.02549059252 0.021986405004 0.025438815328 0.029743237024
Herato13 Herato1301 20725001.0 20725000.0 0.0354720342724 0.027411143176 0.034528975232 0.047601296564
Herato13 Herato1301 20775001.0 20775000.0 0.044992736614 0.025797333654 0.039717108538 0.093783684714
Herato13 Herato1301 20825001.0 20825000.0 0.0330663448354 0.0292958907009 0.0329779796177 0.0373797328268
Herato13 Herato1301 20875001.0 20875000.0 0.0694605062976 0.0207619011689 0.0706450534493 0.110176724303
Herato13 Herato1301 20925001.0 20925000.0 0.034933486171 0.0272055236162 0.034367878355 0.0455674497746
Herato13 Herato1301 20975001.0 20975000.0 0.0402790785857 0.0188276702132 0.041328449883 0.0720618090137
Herato13 Herato1301 21025001.0 21025000.0 0.0315743621696 0.0258064285912 0.0315757405966 0.038489107677
Herato13 Herato1301 21075001.0 21075000.0 0.0357363723794 0.027278203269 0.0348214594132 0.0497393422176
Herato13 Herato1301 21125001.0 21125000.0 0.0195857214962 0.0132401778968 0.0188582831638 0.0298259042958
Herato13 Herato1301 21175001.0 21175000.0 0.0326062305918 0.0254375230791 0.0315475469548 0.0429503476684
Herato13 Herato1301 21225001.0 21225000.0 0.0361901832463 0.0330510649946 0.0359357814698 0.039993381606
Herato13 Herato1301 21275001.0 21275000.0 0.03680632624 0.0349593244 0.03669456816 0.03862239504
Herato13 Herato1301 21325001.0 21325000.0 0.0382770061992 0.0332957761673 0.0381167917014 0.044187189422
Herato13 Herato1301 21375001.0 21375000.0 0.02790866634 0.0245764306 0.02765645564 0.0343812729
Herato13 Herato1301 21425001.0 21425000.0 0.057212082856 0.049223643202 0.056418876048 0.067447491034
Herato13 Herato1301 21475001.0 21475000.0 0.0654247616447 0.0354875438678 0.0623987799426 0.115417075984
Herato13 Herato1301 21525001.0 21525000.0 0.0219582245216 0.0171964457844 0.0219127030018 0.028008016678
Herato13 Herato1301 21575001.0 21575000.0 0.046645892024 0.0284105850184 0.045156581176 0.074645738152
Herato13 Herato1301 21625001.0 21625000.0 0.0215294914343 0.0186404318558 0.0214868796266 0.0247850377518
Herato13 Herato1301 21675001.0 21675000.0 0.03201791148 0.022361327716 0.029556098404 0.047596538582
Herato13 Herato1301 21725001.0 21725000.0 0.0191469786362 0.0166997701322 0.019184428428 0.0214630371888
Herato13 Herato1301 21775001.0 21775000.0 0.0361226874269 0.0231883350705 0.034726838587 0.0568668087604
Herato13 Herato1301 21825001.0 21825000.0 0.072352173365 0.0465621634166 0.06971022798 0.108344232661
Herato13 Herato1301 21875001.0 21875000.0 0.0186170136709 0.0157627870593 0.0185119781834 0.0218013954934
Herato13 Herato1301 21925001.0 21925000.0 0.0613089408118 0.0358257479946 0.0562918126088 0.111901523739
Herato13 Herato1301 21975001.0 21975000.0 0.0422929629826 0.0214376017453 0.04159138859 0.0659613323996
Herato13 Herato1301 22025001.0 22025000.0 0.103249618037 0.0494894429851 0.097929172734 0.182832775271
Herato13 Herato1301 22075001.0 22075000.0 0.0276556067912 0.0170100832271 0.0265479832414 0.0470930572766
Herato13 Herato1301 22125001.0 22125000.0 0.0156506250754 0.0127196335865 0.0155735412885 0.019230364197
Herato13 Herato1301 22175001.0 22175000.0 0.0235337533022 0.0177194723354 0.0231608766454 0.0321348349544
Herato13 Herato1301 22225001.0 22225000.0 0.063050512481 0.0281354061427 0.0596734821663 0.122035794227
Herato13 Herato1301 22275001.0 22275000.0 0.063239228803 0.0343528473948 0.0594735485787 0.111376011339
Herato13 Herato1301 22325001.0 22325000.0 0.0788483506286 0.0323931278197 0.0783190465711 0.126777019498
Herato13 Herato1301 22375001.0 22375000.0 0.0226224514408 0.0201319918423 0.0225987178041 0.0253722915326
Herato13 Herato1301 22425001.0 22425000.0 0.0588482832697 0.0285810975144 0.0492293764556 0.109557892551
Herato13 Herato1301 22475001.0 22475000.0 0.0305126440925 0.0120559661108 0.0303562854837 0.0567050976814
Herato13 Herato1301 22525001.0 22525000.0 0.0222808922612 0.017334821875 0.0220993924536 0.029470848244
Herato13 Herato1301 22575001.0 22575000.0 0.0357707169463 0.0266140197142 0.0348555012447 0.0477869512184
Herato13 Herato1301 22625001.0 22625000.0 0.013788074658 0.0120035535602 0.013719479678 0.015837059202
Herato13 Herato1301 22675001.0 22675000.0 0.056392998472 0.0302468741846 0.0523044069777 0.106008853434
Herato13 Herato1301 22725001.0 22725000.0 0.0317739062561 0.013532081271 0.0281781855987 0.0717164572759
Herato13 Herato1301 22775001.0 22775000.0 0.0380315829609 0.0227202579316 0.0366674202486 0.0620572804171
Herato13 Herato1301 22825001.0 22825000.0 0.0894217041901 0.0461387345765 0.0855316452182 0.158171508266
Herato13 Herato1301 22875001.0 22875000.0 0.0073961127956 0.0066009514925 0.00738690542148 0.008274693325
Herato13 Herato1301 22925001.0 22925000.0 0.00764643554608 0.00454459053115 0.0069762637746 0.0165811153588
Herato13 Herato1301 22975001.0 22975000.0 0.019876030751 0.017805781703 0.01987098478 0.022435918796
Herato13 Herato1301 23025001.0 23025000.0 0.00843042957958 0.00693662007061 0.00839874909182 0.0102379858548
Herato13 Herato1301 23075001.0 23075000.0 0.0104374239029 0.00730244660146 0.0093097203426 0.023032109878
Herato13 Herato1301 23125001.0 23125000.0 0.00691247505036 0.00618671337458 0.00690054421334 0.00785900026204
Herato13 Herato1301 23175001.0 23175000.0 0.0236306340123 0.0178834992036 0.0227171732115 0.0362133243398
Herato13 Herato1301 23225001.0 23225000.0 0.025700246664 0.0187733575923 0.0233622491284 0.045161703871
Herato13 Herato1301 23275001.0 23275000.0 0.013185804956 0.0117440048006 0.013191511995 0.0145916556836
Herato13 Herato1301 23325001.0 23325000.0 0.0023473539699 0.00200937599275 0.00235294061414 0.00269058738892
Herato13 Herato1301 23375001.0 23375000.0 0.0038945714465 0.00275124454232 0.00385879994797 0.00484184038684
Herato13 Herato1301 23425001.0 23425000.0 0.0584284615066 0.0281475013251 0.0554895883144 0.109200176737
Herato13 Herato1301 23475001.0 23475000.0 0.0087849937136 0.00582708589815 0.00691548880342 0.0213294269828
Herato13 Herato1301 23525001.0 23525000.0 0.0733510926434 0.00902614451846 0.061670071896 0.218958271106
Herato13 Herato1301 23575001.0 23575000.0 0.0102444339776 0.00626872798198 0.009946153643 0.0161692646618
Herato13 Herato1301 23625001.0 23625000.0 0.0142499795556 0.0104312405099 0.0138567978645 0.0207053266473
Herato13 Herato1301 23675001.0 23675000.0 0.0373265620905 0.0182843467313 0.0333018597516 0.0793714773208
Herato13 Herato1301 23725001.0 23725000.0 0.0107919413524 0.00911049989568 0.0107565178836 0.0125591927856
Herato13 Herato1301 23775001.0 23775000.0 0.009831673712 0.008845063864 0.009776834256 0.01070970544
