chrom scaffold Cposition position mean p0025 p0500 p0975
Herato04 Herato0401 25001.0 25000.0 0.092096194112 0.049879639648 0.092170132046 0.138272826524
Herato04 Herato0401 75001.0 75000.0 0.053505211458 0.045322967762 0.05240612504 0.065029070282
Herato04 Herato0401 125001.0 125000.0 0.11451330176 0.08880266212 0.11370924972 0.1493171865
Herato04 Herato0401 175001.0 175000.0 0.12400816139 0.0893607136212 0.119940185078 0.178498809258
Herato04 Herato0401 225001.0 225000.0 0.03524480993 0.0321093398671 0.035436157426 0.038180517936
Herato04 Herato0401 275001.0 275000.0 0.083773218786 0.070882018014 0.081965381678 0.104981542396
Herato04 Herato0401 325001.0 325000.0 0.107488020868 0.099710165244 0.10787703827 0.11525374846
Herato04 Herato0401 375001.0 375000.0 0.10878298265 0.0963467637556 0.10876461015 0.124836077441
Herato04 Herato0401 425001.0 425000.0 0.109787651189 0.0933702969956 0.106223882566 0.128804539625
Herato04 Herato0401 475001.0 475000.0 0.134209198483 0.124455759573 0.133664822751 0.145693916355
Herato04 Herato0401 525001.0 525000.0 0.1005037467 0.091094833916 0.10087776739 0.10657109176
Herato04 Herato0401 575001.0 575000.0 0.08359824338 0.071100601568 0.08355410023 0.097058676174
Herato04 Herato0401 625001.0 625000.0 0.092773728188 0.088142962788 0.092128403096 0.098968709486
Herato04 Herato0401 675001.0 675000.0 0.092925045282 0.085443336588 0.093050160956 0.10139012653
Herato04 Herato0401 725001.0 725000.0 0.133598548404 0.115468082963 0.132694061942 0.158333450413
Herato04 Herato0401 775001.0 775000.0 0.061749010008 0.0541806787385 0.0616559033118 0.0702583192188
Herato04 Herato0401 825001.0 825000.0 0.09950393887 0.091425416964 0.099225119392 0.108363715014
Herato04 Herato0401 875001.0 875000.0 0.08251742363 0.0671122576073 0.0829068635048 0.100436122249
Herato04 Herato0401 925001.0 925000.0 0.12524549036 0.11749790934 0.12648507288 0.13275907472
Herato04 Herato0401 975001.0 975000.0 0.123072743248 0.111607394368 0.123095890495 0.136474204239
Herato04 Herato0401 1025001.0 1025000.0 0.102038889854 0.0905565359532 0.101693674511 0.115663839018
Herato04 Herato0401 1075001.0 1075000.0 0.13537229852 0.128074522778 0.13542306574 0.14420459774
Herato04 Herato0401 1125001.0 1125000.0 0.124259261518 0.115643486424 0.124048025793 0.133960360914
Herato04 Herato0401 1175001.0 1175000.0 0.11903137722 0.10841107722 0.11900574184 0.13057176262
Herato04 Herato0401 1225001.0 1225000.0 0.11647362224 0.10526847368 0.11699582308 0.12937488168
Herato04 Herato0401 1275001.0 1275000.0 0.11147597534 0.10218179978 0.10881672442 0.12888961316
Herato04 Herato0401 1325001.0 1325000.0 0.089919279388 0.084479604758 0.09011907025 0.09526747226
Herato04 Herato0401 1375001.0 1375000.0 0.16040267723 0.130982942183 0.160825491194 0.188585907062
Herato04 Herato0401 1425001.0 1425000.0 0.102035002072 0.0950195503474 0.102585408814 0.109043675556
Herato04 Herato0401 1475001.0 1475000.0 0.066841035092 0.0597612120524 0.0668196916438 0.07417537878
Herato04 Herato0401 1525001.0 1525000.0 0.058036365044 0.051903793606 0.05799401907 0.064896125654
Herato04 Herato0401 1575001.0 1575000.0 0.067217470932 0.0596889780128 0.066664542136 0.077870633436
Herato04 Herato0401 1625001.0 1625000.0 0.06393091352 0.05492402495 0.06377268104 0.07375678246
Herato04 Herato0401 1675001.0 1675000.0 0.13903327626 0.12901575968 0.13887515772 0.15028057476
Herato04 Herato0401 1725001.0 1725000.0 0.18186601946 0.167723314842 0.181588363278 0.20084095265
Herato04 Herato0401 1775001.0 1775000.0 0.12270594642 0.1118133172 0.12231460274 0.13735087146
Herato04 Herato0401 1825001.0 1825000.0 0.0973821142782 0.0897271582946 0.096939329665 0.106626209712
Herato04 Herato0401 1875001.0 1875000.0 0.08287619846 0.075322662562 0.0828734399 0.08934481394
Herato04 Herato0401 1925001.0 1925000.0 0.116846006166 0.0966229814889 0.116908982365 0.139618076144
Herato04 Herato0401 1975001.0 1975000.0 0.137055869249 0.124314320664 0.137018876379 0.150825741142
Herato04 Herato0401 2025001.0 2025000.0 0.11467830292 0.10615652462 0.11447203902 0.12449552362
Herato04 Herato0401 2075001.0 2075000.0 0.136679142742 0.0931734647146 0.1131028873 0.218463121264
Herato04 Herato0401 2125001.0 2125000.0 0.126645152076 0.113415979442 0.126231141012 0.140210796322
Herato04 Herato0401 2175001.0 2175000.0 0.127138990601 0.10237649888 0.126196524668 0.160836298894
Herato04 Herato0401 2225001.0 2225000.0 0.143587276736 0.119932803239 0.141542630861 0.175427468414
Herato04 Herato0401 2275001.0 2275000.0 0.127629334721 0.113182321986 0.126325182788 0.141314079919
Herato04 Herato0401 2325001.0 2325000.0 0.137158952 0.11971048414 0.1337963124 0.1593806114
Herato04 Herato0401 2375001.0 2375000.0 0.16774042996 0.15383981264 0.16679691566 0.18493956462
Herato04 Herato0401 2425001.0 2425000.0 0.17385138552 0.162226325318 0.174178792104 0.1857335067
Herato04 Herato0401 2475001.0 2475000.0 0.15832594752 0.13864517596 0.15755269218 0.18440119398
Herato04 Herato0401 2525001.0 2525000.0 0.15661130624 0.12684618098 0.1572233603 0.1825561416
Herato04 Herato0401 2575001.0 2575000.0 0.127578329576 0.114619969033 0.12641794205 0.147385257064
Herato04 Herato0401 2625001.0 2625000.0 0.10650568824 0.0989403114038 0.106628658323 0.114239541478
Herato04 Herato0401 2667575.0 2675000.0 0.156398094259 0.140374389251 0.154988005938 0.175853562934
Herato04 Herato0402 2710150.0 25000.0 0.148329413832 0.13520720494 0.147738138863 0.161807633412
Herato04 Herato0402 2760150.0 75000.0 0.143870731117 0.114442567848 0.14467969938 0.176459558744
Herato04 Herato0402 2786119.5 125000.0 0.0648487034554 0.058835746261 0.0647705683342 0.0705353316142
Herato04 Herato0403 2812090.0 25000.0 0.137807174812 0.108559609632 0.132065287032 0.181731120482
Herato04 Herato0403 2862090.0 75000.0 0.16085858192 0.13736097974 0.16064167086 0.1893817262
Herato04 Herato0403 2912090.0 125000.0 0.115266980632 0.101063402072 0.114711694742 0.131600938242
Herato04 Herato0403 2962090.0 175000.0 0.062552011481 0.0514958910504 0.0582148529358 0.0848520551244
Herato04 Herato0403 3012090.0 225000.0 0.14794554838 0.129765027295 0.147273718956 0.170454148086
Herato04 Herato0403 3062090.0 275000.0 0.155472056792 0.137571079262 0.154999770383 0.177450333732
Herato04 Herato0403 3112090.0 325000.0 0.0984961030834 0.0820354265582 0.097844027381 0.11575181587
Herato04 Herato0403 3162090.0 375000.0 0.132389543236 0.122892105122 0.13217218361 0.141981834876
Herato04 Herato0403 3212090.0 425000.0 0.121062228352 0.109255092504 0.120810152792 0.13399345968
Herato04 Herato0403 3262090.0 475000.0 0.1266679673 0.11159137342 0.12501357502 0.14667635758
Herato04 Herato0403 3312090.0 525000.0 0.088567117414 0.0801382224734 0.08802389089 0.098860535024
Herato04 Herato0403 3362090.0 575000.0 0.16440114483 0.144627496062 0.163096786276 0.19170520026
Herato04 Herato0403 3412090.0 625000.0 0.13048194648 0.11620374202 0.13038071512 0.14351335878
Herato04 Herato0403 3462090.0 675000.0 0.18991300956 0.17291094752 0.18960554204 0.20886123404
Herato04 Herato0403 3512090.0 725000.0 0.14209922854 0.132520676376 0.14209455284 0.15508912906
Herato04 Herato0403 3562090.0 775000.0 0.1293373634 0.12312195 0.1294620748 0.1360108396
Herato04 Herato0403 3612090.0 825000.0 0.13121317423 0.118786640569 0.13108428461 0.145314532887
Herato04 Herato0403 3662090.0 875000.0 0.0952236553082 0.0776554584039 0.0955590947758 0.115009613418
Herato04 Herato0403 3712090.0 925000.0 0.121247479967 0.0976293668833 0.121931923865 0.149385940274
Herato04 Herato0403 3762090.0 975000.0 0.0832223387792 0.073340579355 0.083439667617 0.093058035648
Herato04 Herato0403 3812090.0 1025000.0 0.0733749188856 0.0580756661137 0.0721903930528 0.095033416714
Herato04 Herato0403 3856277.5 1075000.0 0.0598776057798 0.0550185720313 0.0598799132274 0.0652444244899
Herato04 Herato0404 3900466.0 25000.0 0.15201842236 0.12743581992 0.14907678752 0.18486927698
Herato04 Herato0404 3950466.0 75000.0 0.157562483636 0.130759015927 0.154166861916 0.193031023032
Herato04 Herato0404 3987213.0 125000.0 0.110976780072 0.103161406061 0.110409526688 0.121717200477
Herato04 Herato0405 4023961.0 25000.0 0.051439503649 0.0464949077541 0.0512848683152 0.057221163696
Herato04 Herato0405 4073961.0 75000.0 0.0876014889476 0.0758439208214 0.0870448500002 0.101434672796
Herato04 Herato0405 4123961.0 125000.0 0.17687914134 0.16709648034 0.17547127578 0.18891754862
Herato04 Herato0405 4173961.0 175000.0 0.133397596775 0.120951777333 0.133261331527 0.145854001351
Herato04 Herato0405 4223961.0 225000.0 0.119005292107 0.106264660151 0.120091492683 0.131067776246
Herato04 Herato0405 4273961.0 275000.0 0.16053903358 0.1452597448 0.15981939988 0.17914699626
Herato04 Herato0405 4323961.0 325000.0 0.178594970444 0.163233620044 0.178412437512 0.195909998572
Herato04 Herato0405 4373961.0 375000.0 0.07773594528 0.07260487742 0.07762294368 0.08304892574
Herato04 Herato0405 4423961.0 425000.0 0.061018244874 0.055532570714 0.061258817006 0.066949791164
Herato04 Herato0405 4473961.0 475000.0 0.160136532458 0.144238016058 0.159546006199 0.178015250488
Herato04 Herato0405 4523961.0 525000.0 0.080557782418 0.0728864815264 0.0804958424048 0.090565569446
Herato04 Herato0405 4573961.0 575000.0 0.172298484728 0.157001578138 0.172519714156 0.188243254198
Herato04 Herato0405 4623961.0 625000.0 0.0908511039629 0.0789276742617 0.0903964626664 0.107387827841
Herato04 Herato0405 4673961.0 675000.0 0.133799015006 0.107748007516 0.131719926358 0.167065047916
Herato04 Herato0405 4723961.0 725000.0 0.14651149454 0.133009545687 0.14600909562 0.1609833767
Herato04 Herato0405 4773961.0 775000.0 0.1399166198 0.1319875386 0.1405506192 0.1468433706
Herato04 Herato0405 4823961.0 825000.0 0.147681690522 0.13659114698 0.147801305666 0.159452785624
Herato04 Herato0405 4873961.0 875000.0 0.0960230267496 0.083424566069 0.0947118882072 0.116319298169
Herato04 Herato0405 4923961.0 925000.0 0.0560546151482 0.0492507446329 0.0560404284982 0.0637559129912
Herato04 Herato0405 4973961.0 975000.0 0.0996727169571 0.0839350562233 0.0990981802282 0.114332954563
Herato04 Herato0405 5023961.0 1025000.0 0.118809933829 0.095221869088 0.118501600247 0.150281031347
Herato04 Herato0405 5073961.0 1075000.0 0.138826754307 0.121084697099 0.137761686607 0.162339840328
Herato04 Herato0405 5123961.0 1125000.0 0.260319459 0.220001678856 0.260313478388 0.30073560712
Herato04 Herato0405 5173961.0 1175000.0 0.11373983332 0.09752276952 0.11259254894 0.13561137506
Herato04 Herato0405 5223961.0 1225000.0 0.0602157143854 0.0538170264993 0.0599313520314 0.0689739338194
Herato04 Herato0405 5273961.0 1275000.0 0.114647570005 0.100816639683 0.114242984286 0.129408347186
Herato04 Herato0405 5323961.0 1325000.0 0.093724561182 0.079734000694 0.092813436554 0.113157463336
Herato04 Herato0405 5373961.0 1375000.0 0.121643178169 0.111815376762 0.121246563143 0.13189724709
Herato04 Herato0405 5423961.0 1425000.0 0.14402290476 0.132706385324 0.1433987204 0.155600209
Herato04 Herato0405 5473961.0 1475000.0 0.1232377381 0.11660825978 0.12333584168 0.13129773494
Herato04 Herato0405 5523961.0 1525000.0 0.1028558627 0.082895610168 0.10288939562 0.1277108578
Herato04 Herato0405 5573961.0 1575000.0 0.202592690291 0.187010421839 0.201837867509 0.221266389725
Herato04 Herato0405 5623961.0 1625000.0 0.148800793794 0.133283078751 0.147893461933 0.166481445842
Herato04 Herato0405 5673961.0 1675000.0 0.1562613678 0.149151760212 0.155702962266 0.16559692378
Herato04 Herato0405 5712140.5 1725000.0 0.138813869843 0.122085710524 0.138810901093 0.154290794947
Herato04 Herato0406 5750321.0 25000.0 0.159525618082 0.149737686651 0.159102301064 0.174893918634
Herato04 Herato0406 5800321.0 75000.0 0.190592886 0.18409286258 0.19074459078 0.19561719578
Herato04 Herato0406 5833316.0 125000.0 0.215717913696 0.199078634146 0.216590829268 0.219920840525
Herato04 Herato0407 5858351.0 25000.0 0.151510097922 0.129203295411 0.151258341305 0.175497877105
Herato04 Herato0408 5900391.0 25000.0 0.200369067388 0.171669606354 0.200502508244 0.22899730678
Herato04 Herato0408 5927978.0 75000.0 0.106602705837 0.101014317743 0.106744491689 0.115342790877
Herato04 Herato0409 5946729.5 25000.0 0.122071153595 0.106453738065 0.121933125086 0.140790452106
Herato04 Herato0410 5984437.0 25000.0 0.079762514686 0.0627506481401 0.0789810812874 0.101619731267
Herato04 Herato0411 6030981.0 25000.0 0.190752165357 0.162753583502 0.18922920535 0.227332528975
Herato04 Herato0411 6080981.0 75000.0 0.1279092456 0.1217905542 0.1291633254 0.1319539698
Herato04 Herato0411 6130981.0 125000.0 0.104686047392 0.0961388147501 0.104115352343 0.114683231168
Herato04 Herato0411 6180981.0 175000.0 0.112136770766 0.090524772446 0.10992129397 0.138399715486
Herato04 Herato0411 6230981.0 225000.0 0.09464538914 0.085092691852 0.09421581568 0.10608563364
Herato04 Herato0411 6280981.0 275000.0 0.063371743624 0.05416643308 0.06288325894 0.074797911422
Herato04 Herato0411 6330981.0 325000.0 0.100531670468 0.0930635878065 0.100340660598 0.108228807973
Herato04 Herato0411 6380981.0 375000.0 0.212352932414 0.193897908396 0.211854918662 0.236775020658
Herato04 Herato0411 6430981.0 425000.0 0.08857272562 0.072193867922 0.090152985552 0.10118462246
Herato04 Herato0411 6480981.0 475000.0 0.096732277074 0.078948309054 0.095094244918 0.120571602392
Herato04 Herato0411 6530981.0 525000.0 0.099277466946 0.0843455184034 0.09865318154 0.117839049366
Herato04 Herato0411 6580981.0 575000.0 0.12866390673 0.121417064655 0.128516325347 0.1364079012
Herato04 Herato0411 6630981.0 625000.0 0.13510537048 0.123054037994 0.13299412524 0.14979348894
Herato04 Herato0411 6680981.0 675000.0 0.09291424814 0.086605370892 0.0925277799 0.09889663836
Herato04 Herato0411 6730981.0 725000.0 0.126231388838 0.106684679193 0.126104328827 0.14724560297
Herato04 Herato0411 6780981.0 775000.0 0.114821614006 0.105988664792 0.114353058806 0.127284095706
Herato04 Herato0411 6830981.0 825000.0 0.127302009835 0.110452169971 0.127270650424 0.146058731224
Herato04 Herato0411 6880981.0 875000.0 0.149691893148 0.135073020712 0.150656277184 0.162049994886
Herato04 Herato0411 6930981.0 925000.0 0.122620512982 0.108886684986 0.123070407023 0.133729062069
Herato04 Herato0411 6980981.0 975000.0 0.22476073156 0.199422308728 0.22462217438 0.2528059314
Herato04 Herato0411 7030981.0 1025000.0 0.12460522744 0.10570372136 0.12282088852 0.14650158542
Herato04 Herato0411 7080981.0 1075000.0 0.13607368006 0.129756171746 0.13544663652 0.14529613746
Herato04 Herato0411 7130981.0 1125000.0 0.136820069544 0.114896561758 0.13630226469 0.159561117718
Herato04 Herato0411 7180981.0 1175000.0 0.17059159644 0.14238762404 0.17099466714 0.1922720674
Herato04 Herato0411 7230981.0 1225000.0 0.176604648004 0.164242172568 0.17693666804 0.188539717224
Herato04 Herato0411 7280981.0 1275000.0 0.177033299994 0.166538238298 0.177652420262 0.18356062344
Herato04 Herato0411 7330981.0 1325000.0 0.156672508308 0.143570702733 0.157523853202 0.168184994635
Herato04 Herato0411 7380981.0 1375000.0 0.19811847204 0.181171905276 0.197522927276 0.216402831388
Herato04 Herato0411 7430981.0 1425000.0 0.11722972108 0.1076068424 0.1166566599 0.12841565068
Herato04 Herato0411 7480981.0 1475000.0 0.162203646707 0.150641439924 0.161499005443 0.175800992485
Herato04 Herato0411 7530981.0 1525000.0 0.124642795446 0.114719444722 0.124536006244 0.135956865022
Herato04 Herato0411 7580981.0 1575000.0 0.067711713024 0.054277546788 0.067048138372 0.085003758076
Herato04 Herato0411 7630981.0 1625000.0 0.10457485202 0.092080057026 0.104430409662 0.118115346228
Herato04 Herato0411 7680981.0 1675000.0 0.095832405772 0.090489208978 0.095512411884 0.102968712812
Herato04 Herato0411 7730981.0 1725000.0 0.105513967868 0.097910123756 0.10506730167 0.113644060764
Herato04 Herato0411 7780981.0 1775000.0 0.057933187598 0.0535644330064 0.0578566700012 0.0621918259571
Herato04 Herato0411 7830981.0 1825000.0 0.068548603662 0.0627536801155 0.0680452203121 0.0750766967789
Herato04 Herato0411 7880981.0 1875000.0 0.109779856424 0.102434282763 0.10960941194 0.116866325123
Herato04 Herato0411 7930981.0 1925000.0 0.0864524704086 0.0769875287661 0.085655524075 0.098030237385
Herato04 Herato0411 7980981.0 1975000.0 0.071406213964 0.06236495935 0.071471090012 0.081083242628
Herato04 Herato0411 8030981.0 2025000.0 0.101884467604 0.095095020803 0.102865197596 0.108772447702
Herato04 Herato0411 8080981.0 2075000.0 0.143600363056 0.123577143656 0.142668751766 0.171864917864
Herato04 Herato0411 8130981.0 2125000.0 0.140643741514 0.126911235528 0.139474822888 0.159475670878
Herato04 Herato0411 8180981.0 2175000.0 0.128741203185 0.11856148553 0.128956811097 0.139860824734
Herato04 Herato0411 8230981.0 2225000.0 0.109662611179 0.101208713403 0.109509226698 0.119560361682
Herato04 Herato0411 8280981.0 2275000.0 0.053838938515 0.0426852404932 0.054588742406 0.0622868948596
Herato04 Herato0411 8330981.0 2325000.0 0.11932426066 0.09847517995 0.115913406894 0.14548922228
Herato04 Herato0411 8380981.0 2375000.0 0.142828645434 0.108524516132 0.142850760776 0.165160681694
Herato04 Herato0411 8430981.0 2425000.0 0.09696803748 0.07578081674 0.09524563848 0.1271436286
Herato04 Herato0411 8480981.0 2475000.0 0.121699287722 0.111108353162 0.121801881551 0.132074335754
Herato04 Herato0411 8530981.0 2525000.0 0.140577306513 0.122411949629 0.141214799762 0.160917632191
Herato04 Herato0411 8580981.0 2575000.0 0.205688497617 0.177647867458 0.207601470742 0.234358814748
Herato04 Herato0411 8630981.0 2625000.0 0.11917797416 0.11000390398 0.11685114152 0.1321547676
Herato04 Herato0411 8680981.0 2675000.0 0.082624786922 0.072924055218 0.08296239042 0.09250456224
Herato04 Herato0411 8730981.0 2725000.0 0.17481873392 0.14542504934 0.17139460962 0.2103023273
Herato04 Herato0411 8780981.0 2775000.0 0.1312910882 0.12350931822 0.13240706218 0.13796435674
Herato04 Herato0411 8830981.0 2825000.0 0.08910009862 0.080636136466 0.08901082728 0.09721625302
Herato04 Herato0411 8880981.0 2875000.0 0.129050586239 0.115870015328 0.127690200019 0.14742936639
Herato04 Herato0411 8930981.0 2925000.0 0.16333065322 0.13855784314 0.16251752294 0.1948241013
Herato04 Herato0411 8980981.0 2975000.0 0.0861313517026 0.0760472708292 0.0860988897294 0.0971776257324
Herato04 Herato0411 9030981.0 3025000.0 0.07873325898 0.06959477532 0.07875282294 0.0879979973
Herato04 Herato0411 9080981.0 3075000.0 0.131048404068 0.122132250714 0.13075404476 0.14282784222
Herato04 Herato0411 9130981.0 3125000.0 0.0893349167496 0.081644959665 0.0892122509176 0.098395501376
Herato04 Herato0411 9180981.0 3175000.0 0.117619429504 0.106460286644 0.117995299814 0.127854599227
Herato04 Herato0411 9230981.0 3225000.0 0.123369061895 0.11625194938 0.12319449498 0.130965047074
Herato04 Herato0411 9280981.0 3275000.0 0.1120030223 0.106307918944 0.11180532684 0.11847023146
Herato04 Herato0411 9330981.0 3325000.0 0.11170259604 0.10584391442 0.1121679337 0.11677248982
Herato04 Herato0411 9380981.0 3375000.0 0.083623963464 0.078561255772 0.083493612628 0.090066744576
Herato04 Herato0411 9430981.0 3425000.0 0.0890908142878 0.0784995691741 0.0890890959623 0.100460170811
Herato04 Herato0411 9480981.0 3475000.0 0.12035502116 0.09888592244 0.12031572882 0.14877170828
Herato04 Herato0411 9530981.0 3525000.0 0.09010931438 0.07298420048 0.09039828442 0.10423360098
Herato04 Herato0411 9580981.0 3575000.0 0.19208266298 0.17969774552 0.19077866556 0.20807862046
Herato04 Herato0411 9630981.0 3625000.0 0.17525400316 0.15618942348 0.17694100162 0.1943286258
Herato04 Herato0411 9680981.0 3675000.0 0.110416412094 0.102871520448 0.110065688256 0.12076772444
Herato04 Herato0411 9730981.0 3725000.0 0.12118811812 0.11415901762 0.12090797842 0.13001824708
Herato04 Herato0411 9780981.0 3775000.0 0.0694069090792 0.0648424953107 0.0695995087014 0.0763260840654
Herato04 Herato0411 9830981.0 3825000.0 0.10727232052 0.0931359591826 0.107288434729 0.123202366038
Herato04 Herato0411 9880981.0 3875000.0 0.119599379213 0.111864306042 0.119852128758 0.128195200272
Herato04 Herato0411 9930981.0 3925000.0 0.09593169584 0.089929094126 0.09580785306 0.10432109652
Herato04 Herato0411 9980981.0 3975000.0 0.143970134895 0.127212268174 0.14359086903 0.15849863084
Herato04 Herato0411 10030981.0 4025000.0 0.13845000626 0.130231571656 0.13807893586 0.14724350498
Herato04 Herato0411 10080981.0 4075000.0 0.178214993 0.169394657 0.1773297276 0.188051391
Herato04 Herato0411 10130981.0 4125000.0 0.145547999162 0.128820576648 0.145729180704 0.156696663812
Herato04 Herato0411 10180981.0 4175000.0 0.129987632604 0.11922274972 0.129694116306 0.142245371628
Herato04 Herato0411 10230981.0 4225000.0 0.126574073548 0.114800045838 0.126486481838 0.139398534596
Herato04 Herato0411 10280981.0 4275000.0 0.0937549039918 0.0839300573809 0.093635130799 0.105073027587
Herato04 Herato0411 10330981.0 4325000.0 0.0907090949939 0.0866617463294 0.0906861307743 0.094680718904
Herato04 Herato0411 10380981.0 4375000.0 0.10686979988 0.10234734808 0.1068312144 0.11178151168
Herato04 Herato0411 10430981.0 4425000.0 0.17004199698 0.15755700924 0.16930952132 0.18668675382
Herato04 Herato0411 10480981.0 4475000.0 0.17413489948 0.1643410983 0.17381020148 0.18606795362
Herato04 Herato0411 10530981.0 4525000.0 0.133662769934 0.120589768466 0.130142762282 0.15368237854
Herato04 Herato0411 10580981.0 4575000.0 0.148478398068 0.138187572344 0.148275273274 0.161580941774
Herato04 Herato0411 10630981.0 4625000.0 0.172223132387 0.14242395326 0.170742810073 0.205327155198
Herato04 Herato0411 10680981.0 4675000.0 0.15073803546 0.14401527682 0.15076882924 0.1578822471
Herato04 Herato0411 10730981.0 4725000.0 0.201733373928 0.185839883898 0.2021694519 0.217453418648
Herato04 Herato0411 10780981.0 4775000.0 0.116383251263 0.104630827583 0.115759486547 0.130899028154
Herato04 Herato0411 10830981.0 4825000.0 0.186040804117 0.147325932634 0.184102592979 0.237480628369
Herato04 Herato0411 10880981.0 4875000.0 0.124320848332 0.112360598494 0.122752121208 0.137000186484
Herato04 Herato0411 10930981.0 4925000.0 0.09912398978 0.09351168622 0.09923048806 0.10415936952
Herato04 Herato0411 10980981.0 4975000.0 0.100333687284 0.0933342782524 0.100287772715 0.106570535416
Herato04 Herato0411 11030981.0 5025000.0 0.098201324252 0.087825802077 0.098120150286 0.1085857747
Herato04 Herato0411 11080981.0 5075000.0 0.13427764774 0.12575683974 0.134120429022 0.142985951132
Herato04 Herato0411 11130981.0 5125000.0 0.115447296543 0.103316677571 0.114858195336 0.132561782049
Herato04 Herato0411 11180981.0 5175000.0 0.15896952778 0.140820427305 0.159599843778 0.17654029222
Herato04 Herato0411 11230981.0 5225000.0 0.11184595155 0.105426413036 0.111200977084 0.118671817942
Herato04 Herato0411 11280981.0 5275000.0 0.08199386067 0.075021575006 0.081915622354 0.089495412696
Herato04 Herato0411 11330981.0 5325000.0 0.182104671064 0.161834556934 0.181313458036 0.205423619414
Herato04 Herato0411 11380981.0 5375000.0 0.232982099598 0.210139446618 0.232042437073 0.26503787023
Herato04 Herato0411 11430981.0 5425000.0 0.219840967572 0.198208186313 0.218459527407 0.243773863267
Herato04 Herato0411 11480981.0 5475000.0 0.144989435168 0.133438412414 0.142242132712 0.161616285776
Herato04 Herato0411 11530981.0 5525000.0 0.151837418724 0.134563115371 0.150129964817 0.17570746538
Herato04 Herato0411 11580981.0 5575000.0 0.110968098919 0.0896951972642 0.109559440505 0.144143031744
Herato04 Herato0411 11630981.0 5625000.0 0.124696164758 0.106009107122 0.123755070128 0.14967656715
Herato04 Herato0411 11680981.0 5675000.0 0.123031987878 0.108235065898 0.122884617214 0.13995784108
Herato04 Herato0411 11730981.0 5725000.0 0.105193515834 0.0964375307623 0.104144882061 0.114501822652
Herato04 Herato0411 11780981.0 5775000.0 0.0973369752743 0.0870711438384 0.0968717502296 0.112346911916
Herato04 Herato0411 11830981.0 5825000.0 0.11151229804 0.102251710748 0.1118275397 0.1183798939
Herato04 Herato0411 11880981.0 5875000.0 0.124453326736 0.117555570069 0.124640201588 0.13210780275
Herato04 Herato0411 11930981.0 5925000.0 0.12567913316 0.11501234846 0.12548808512 0.13797766906
Herato04 Herato0411 11980981.0 5975000.0 0.075117911382 0.063960692306 0.0745359576467 0.0907239459
Herato04 Herato0411 12030981.0 6025000.0 0.0572713268262 0.0498007946909 0.0566829048861 0.066253400205
Herato04 Herato0411 12080981.0 6075000.0 0.096512036306 0.0878054794829 0.0962607922636 0.106891119208
Herato04 Herato0411 12130981.0 6125000.0 0.0810687737579 0.0701483670774 0.0800533095924 0.0972166315732
Herato04 Herato0411 12180981.0 6175000.0 0.0969685466384 0.0872415890195 0.096025784408 0.110714114998
Herato04 Herato0411 12230981.0 6225000.0 0.0925061075089 0.0829978659148 0.0919995706633 0.104267297131
Herato04 Herato0411 12280981.0 6275000.0 0.125942995247 0.107629920583 0.123886961989 0.152714862775
Herato04 Herato0411 12330981.0 6325000.0 0.089790382358 0.074382639132 0.088380753412 0.115034222974
Herato04 Herato0411 12380981.0 6375000.0 0.107615221136 0.09832654149 0.107426106896 0.11817803825
Herato04 Herato0411 12430981.0 6425000.0 0.20611111056 0.19021234094 0.2068738126 0.22368986244
Herato04 Herato0411 12460064.0 6475000.0 0.177388709282 0.169134778349 0.177449399951 0.18736220916
Herato04 Herato0412 12489148.0 25000.0 0.16909752338 0.142893563218 0.169657678222 0.201774599512
Herato04 Herato0412 12539148.0 75000.0 0.36807649204 0.335990971 0.36859645276 0.398574749
Herato04 Herato0412 12589148.0 125000.0 0.22140665734 0.201017964526 0.220569993144 0.24271601924
Herato04 Herato0412 12639148.0 175000.0 0.187802953148 0.175564106006 0.187522483752 0.194834968294
Herato04 Herato0412 12689148.0 225000.0 0.274584566704 0.256953481735 0.273039881916 0.293937271778
Herato04 Herato0412 12738617.5 275000.0 0.252664871806 0.224235929819 0.252135095948 0.279527557004
Herato04 Herato0413 12788088.0 25000.0 0.190429112972 0.176727600392 0.189761897656 0.20850185853
Herato04 Herato0413 12838088.0 75000.0 0.185776776695 0.164619065091 0.183098358596 0.21544800166
Herato04 Herato0413 12888088.0 125000.0 0.193194801198 0.174081524678 0.191209120572 0.220017309068
Herato04 Herato0413 12938088.0 175000.0 0.124489433867 0.109276214629 0.123658551734 0.145046810472
Herato04 Herato0413 12988088.0 225000.0 0.178045370663 0.157944158699 0.178068509482 0.198864498887
Herato04 Herato0413 13020158.0 275000.0 0.15647675488 0.143150794158 0.157081764286 0.169835073409
Herato04 Herato0414 13038890.0 25000.0 0.216862773347 0.203430923591 0.218054712289 0.231656839036
Herato04 Herato0415 13075552.0 25000.0 0.215020588758 0.186367270244 0.21280896602 0.260415438269
Herato04 Herato0415 13103849.0 75000.0 0.219010147786 0.162145063132 0.218255103306 0.271265207765
Herato04 Herato0416 13126177.5 25000.0 0.130175993799 0.111210081317 0.128820362734 0.15343295121
Herato04 Herato0417 13170209.0 25000.0 0.158366509486 0.131844939888 0.156358184296 0.18519588254
Herato04 Herato0417 13220209.0 75000.0 0.167291199365 0.146232535578 0.166806974464 0.1911627724
Herato04 Herato0417 13270209.0 125000.0 0.403509895168 0.356646309256 0.402680770724 0.448352660218
Herato04 Herato0417 13299605.5 175000.0 0.338606666098 0.320375248152 0.336280995337 0.361935569203
Herato04 Herato0418 13329003.0 25000.0 0.111604466766 0.091030352224 0.108016010386 0.143791219148
Herato04 Herato0418 13369707.0 75000.0 0.257736119546 0.253136101995 0.256397660054 0.267336336927
Herato04 Herato0419 13410412.0 25000.0 0.10343294258 0.0947327698081 0.102900829383 0.11344215026
Herato04 Herato0419 13460412.0 75000.0 0.114280771186 0.104725912252 0.113804222756 0.125714147152
Herato04 Herato0419 13510412.0 125000.0 0.0789921016298 0.0722863544838 0.0782483222298 0.0883348585284
Herato04 Herato0419 13560412.0 175000.0 0.102370970597 0.0877874056181 0.0998486015743 0.130513386859
Herato04 Herato0419 13610412.0 225000.0 0.0876622132556 0.0798735954547 0.0878271957554 0.0962502926662
Herato04 Herato0419 13660412.0 275000.0 0.120532299063 0.102553640932 0.119667869826 0.144100127227
Herato04 Herato0419 13710412.0 325000.0 0.133747371012 0.121942963148 0.134399392738 0.145252965744
Herato04 Herato0419 13760412.0 375000.0 0.139926369695 0.125848992686 0.139834336711 0.15756994812
Herato04 Herato0419 13810412.0 425000.0 0.165236351276 0.148759663894 0.164491793846 0.186557575702
Herato04 Herato0419 13860412.0 475000.0 0.11504363472 0.104028207244 0.114735956328 0.12730367652
Herato04 Herato0419 13910412.0 525000.0 0.09083206965 0.0803609244817 0.089716166441 0.10501504856
Herato04 Herato0419 13960412.0 575000.0 0.066870535948 0.055849523788 0.06640391476 0.082494956822
Herato04 Herato0419 14010412.0 625000.0 0.068752084182 0.054672412894 0.06885899711 0.082557447802
Herato04 Herato0419 14060412.0 675000.0 0.104901634796 0.0953474890282 0.10433969886 0.11687838439
Herato04 Herato0419 14110412.0 725000.0 0.044376077206 0.03836000518 0.04421213451 0.05089195086
Herato04 Herato0419 14160412.0 775000.0 0.067623424748 0.057361638194 0.066214035782 0.083984205034
Herato04 Herato0419 14210412.0 825000.0 0.09289152 0.0776067425467 0.0921506133932 0.113787921384
Herato04 Herato0419 14260412.0 875000.0 0.0832663005992 0.0744572608214 0.0828032140048 0.0965689946022
Herato04 Herato0419 14310412.0 925000.0 0.082391835536 0.0752779042362 0.0820938887724 0.091170852972
Herato04 Herato0419 14360412.0 975000.0 0.05738544524 0.050692405918 0.05724947415 0.065673108712
Herato04 Herato0419 14410412.0 1025000.0 0.07565266677 0.067473780636 0.076129873748 0.082657876958
Herato04 Herato0419 14460412.0 1075000.0 0.146642747936 0.125225965264 0.14583988353 0.17271514986
Herato04 Herato0419 14510412.0 1125000.0 0.126791445688 0.10330605977 0.126586116098 0.157005209004
Herato04 Herato0419 14560412.0 1175000.0 0.0534711066272 0.0435246973628 0.0539807674792 0.060840721357
Herato04 Herato0419 14610412.0 1225000.0 0.099493879038 0.087925350576 0.100667713901 0.110371962526
Herato04 Herato0419 14660412.0 1275000.0 0.124979686046 0.112993739988 0.125202636012 0.134023128986
Herato04 Herato0419 14710412.0 1325000.0 0.12167725209 0.111419338214 0.121090550956 0.1328057779
Herato04 Herato0419 14760412.0 1375000.0 0.13608274168 0.12694477772 0.13617960904 0.1444477045
Herato04 Herato0419 14810412.0 1425000.0 0.0800631501866 0.0743956131289 0.080349540536 0.0854442107336
Herato04 Herato0419 14860412.0 1475000.0 0.0942063848218 0.0858488214683 0.0939497726852 0.103629408323
Herato04 Herato0419 14910412.0 1525000.0 0.10680607672 0.093825716972 0.10671194356 0.12268630168
Herato04 Herato0419 14960412.0 1575000.0 0.072040080516 0.063738901696 0.072007377998 0.08114443244
Herato04 Herato0419 15010412.0 1625000.0 0.0939196517376 0.0791226788545 0.0936237572112 0.116130869634
Herato04 Herato0419 15060412.0 1675000.0 0.0615010421308 0.0531141101873 0.0612151177964 0.0709523385588
Herato04 Herato0419 15110412.0 1725000.0 0.07043108263 0.062560676618 0.07028260101 0.0785509043
Herato04 Herato0419 15160412.0 1775000.0 0.0922853168743 0.0821996060614 0.0917401102099 0.103571571224
Herato04 Herato0419 15210412.0 1825000.0 0.112405983937 0.101067234276 0.111184109044 0.125219135688
Herato04 Herato0419 15260412.0 1875000.0 0.14357381686 0.122959853848 0.14258445284 0.1697065495
Herato04 Herato0419 15310412.0 1925000.0 0.085734039847 0.0777774484558 0.0856622245576 0.096768561974
Herato04 Herato0419 15360412.0 1975000.0 0.094852960664 0.0874848638711 0.0943917033856 0.103183847036
Herato04 Herato0419 15410412.0 2025000.0 0.03579842754 0.03309502544 0.03573790018 0.03886368334
Herato04 Herato0419 15460412.0 2075000.0 0.071306268286 0.06147363504 0.071071523588 0.081417912532
Herato04 Herato0419 15510412.0 2125000.0 0.0612213984128 0.0524519516884 0.0610734604012 0.0720032744614
Herato04 Herato0419 15560412.0 2175000.0 0.0453299533962 0.0402704234256 0.0450778460114 0.0514326340788
