chrom scaffold Cposition position mean p0025 p0500 p0975
Herato08 Herato0801 25001.0 25000.0 0.0794560892186 0.0478305023081 0.0789366199295 0.120487057138
Herato08 Herato0801 75001.0 75000.0 0.088498878827 0.0375750698965 0.0776424711741 0.181115058509
Herato08 Herato0801 125001.0 125000.0 0.0909494114977 0.0492014381679 0.0822840141159 0.167031926803
Herato08 Herato0801 175001.0 175000.0 0.0637257492494 0.0371731715499 0.0613404448344 0.106624083216
Herato08 Herato0801 225001.0 225000.0 0.0339680510746 0.0258631488588 0.0334211070382 0.047705962596
Herato08 Herato0801 275001.0 275000.0 0.0425887391016 0.0368696821103 0.04242029631 0.0503873422392
Herato08 Herato0801 325001.0 325000.0 0.037632844284 0.0289244038321 0.0346224271222 0.0546331872042
Herato08 Herato0801 375001.0 375000.0 0.025881265446 0.019671881758 0.02587318094 0.036718429624
Herato08 Herato0801 425001.0 425000.0 0.047880085362 0.0405670629596 0.047380994628 0.057449925256
Herato08 Herato0801 475001.0 475000.0 0.032895942106 0.0277508700465 0.032684638682 0.040740387176
Herato08 Herato0801 525001.0 525000.0 0.0404306672257 0.0363232799223 0.040374961925 0.0450456239834
Herato08 Herato0801 575001.0 575000.0 0.038414893667 0.0300019550738 0.0366327964606 0.056805759686
Herato08 Herato0801 625001.0 625000.0 0.0482964436405 0.0348057288364 0.0476021676499 0.0660662558578
Herato08 Herato0801 675001.0 675000.0 0.033385512268 0.031228461416 0.03345853608 0.03607382304
Herato08 Herato0801 725001.0 725000.0 0.0584661387734 0.050833833417 0.058277138608 0.0681411890314
Herato08 Herato0801 775001.0 775000.0 0.0504361579779 0.0436263391719 0.0503087897799 0.0575265337104
Herato08 Herato0801 825001.0 825000.0 0.057198141857 0.0453264534296 0.056311953854 0.073808198204
Herato08 Herato0801 875001.0 875000.0 0.0568599382478 0.0521429548944 0.0569182370166 0.061831057678
Herato08 Herato0801 925001.0 925000.0 0.0486150057624 0.0445147373323 0.048573197801 0.0537508993452
Herato08 Herato0801 975001.0 975000.0 0.049407298 0.04585030372 0.04903232042 0.05417027256
Herato08 Herato0801 1025001.0 1025000.0 0.07964161768 0.07401442014 0.07948357188 0.08653439274
Herato08 Herato0801 1075001.0 1075000.0 0.063162461654 0.0555134887662 0.062949229573 0.0717384199082
Herato08 Herato0801 1125001.0 1125000.0 0.033757403558 0.029543381526 0.033629030712 0.039198301878
Herato08 Herato0801 1175001.0 1175000.0 0.047902674894 0.044434362428 0.047907521246 0.051618366548
Herato08 Herato0801 1225001.0 1225000.0 0.0566576352844 0.0482144014666 0.0542131866944 0.0763085605672
Herato08 Herato0801 1275001.0 1275000.0 0.0407759621316 0.0375255378974 0.040594724143 0.0441206958436
Herato08 Herato0801 1325001.0 1325000.0 0.05392837182 0.05112715136 0.0539368143 0.05648101352
Herato08 Herato0801 1375001.0 1375000.0 0.054543422584 0.049108431266 0.054509046574 0.05985357516
Herato08 Herato0801 1425001.0 1425000.0 0.0612223862258 0.0507745744938 0.0600634702163 0.0769590785056
Herato08 Herato0801 1475001.0 1475000.0 0.0461668387684 0.0408009597537 0.0460700558264 0.0525136580558
Herato08 Herato0801 1525001.0 1525000.0 0.0140114286122 0.0108901208636 0.0139329338518 0.0172139896186
Herato08 Herato0801 1575001.0 1575000.0 0.012161154062 0.0105812120971 0.0121819284456 0.013884223172
Herato08 Herato0801 1625001.0 1625000.0 0.0097039887712 0.00707684991028 0.0097605725638 0.012181690156
Herato08 Herato0801 1675001.0 1675000.0 0.0173720448884 0.0126791924312 0.0166141750816 0.02681404532
Herato08 Herato0801 1725001.0 1725000.0 0.016209687324 0.01323922581 0.016188210502 0.018472357336
Herato08 Herato0801 1775001.0 1775000.0 0.0068175214066 0.0052905047096 0.0072914088174 0.00806153169
Herato08 Herato0801 1825001.0 1825000.0 0.0165476062764 0.0135465328698 0.0163796520494 0.0204061366095
Herato08 Herato0801 1875001.0 1875000.0 0.0137065790594 0.00966899059196 0.0127426529526 0.0239438804958
Herato08 Herato0801 1925001.0 1925000.0 0.0189832974302 0.0156464977866 0.0188836213518 0.023498422116
Herato08 Herato0801 1975001.0 1975000.0 0.010939410404 0.0088898046598 0.0109089105742 0.0135632329512
Herato08 Herato0801 2025001.0 2025000.0 0.013558328637 0.010465502137 0.0130717857309 0.0202033217312
Herato08 Herato0801 2075001.0 2075000.0 0.0117690476632 0.00819314997586 0.011489262502 0.0168221997212
Herato08 Herato0801 2125001.0 2125000.0 0.0299705495602 0.0179250200852 0.0313721203642 0.047174322622
Herato08 Herato0801 2175001.0 2175000.0 0.0177047970987 0.0117204761637 0.0168510029694 0.0287639118324
Herato08 Herato0801 2225001.0 2225000.0 0.016565026442 0.015241138276 0.016548545204 0.018133605984
Herato08 Herato0801 2275001.0 2275000.0 0.0230244697478 0.0212888586668 0.0227548529142 0.0251862002384
Herato08 Herato0801 2325001.0 2325000.0 0.022199221608 0.019099050804 0.02211055487 0.025463547806
Herato08 Herato0801 2375001.0 2375000.0 0.0212570154474 0.0181933248687 0.0212839687894 0.0245301107706
Herato08 Herato0801 2425001.0 2425000.0 0.0302566107674 0.0222694819802 0.0299864251302 0.039753840338
Herato08 Herato0801 2475001.0 2475000.0 0.0365417166494 0.0330014371431 0.0365638266798 0.039907190694
Herato08 Herato0801 2525001.0 2525000.0 0.0238433787432 0.0208118486316 0.0239881070214 0.0279648090762
Herato08 Herato0801 2575001.0 2575000.0 0.0403182994829 0.0331346685625 0.040290600971 0.0520459550356
Herato08 Herato0801 2625001.0 2625000.0 0.067129921164 0.04897391351 0.063001969878 0.106929608528
Herato08 Herato0801 2675001.0 2675000.0 0.0290924188054 0.0187969357323 0.0284056008092 0.044763904544
Herato08 Herato0801 2725001.0 2725000.0 0.0288287446218 0.0211814718966 0.0277611299486 0.042158859814
Herato08 Herato0801 2775001.0 2775000.0 0.020172425266 0.0143202753056 0.019901730332 0.028133667424
Herato08 Herato0801 2825001.0 2825000.0 0.014858701302 0.013542096148 0.014884204272 0.016244399268
Herato08 Herato0801 2875001.0 2875000.0 0.0212329151162 0.0177094144017 0.0213960718712 0.024956420217
Herato08 Herato0801 2925001.0 2925000.0 0.0199822988252 0.0175366872744 0.0198551719182 0.0229842014536
Herato08 Herato0801 2975001.0 2975000.0 0.0201090609396 0.0146124326906 0.019419163763 0.0293470645104
Herato08 Herato0801 3025001.0 3025000.0 0.018259032473 0.0140750919529 0.0180693943878 0.0236033649816
Herato08 Herato0801 3075001.0 3075000.0 0.0107606106861 0.00935399312034 0.0107068248854 0.0125152754846
Herato08 Herato0801 3125001.0 3125000.0 0.0173283095852 0.0152320323741 0.0172678950806 0.0196810990812
Herato08 Herato0801 3175001.0 3175000.0 0.0146029916634 0.0100875614296 0.0142537815653 0.0207182662068
Herato08 Herato0801 3225001.0 3225000.0 0.0158276651572 0.0129664183623 0.0157109481486 0.0197452708474
Herato08 Herato0801 3275001.0 3275000.0 0.0169462985826 0.0133436162256 0.017012786036 0.020315480119
Herato08 Herato0801 3325001.0 3325000.0 0.0219002039056 0.0174535047543 0.0215233333136 0.0285997810562
Herato08 Herato0801 3375001.0 3375000.0 0.020603568771 0.013738381868 0.020210589057 0.03323143039
Herato08 Herato0801 3425001.0 3425000.0 0.015104587634 0.014296587282 0.015163843178 0.015943539176
Herato08 Herato0801 3475001.0 3475000.0 0.0304077929053 0.0198550873564 0.0284232103067 0.0542582580266
Herato08 Herato0801 3525001.0 3525000.0 0.042043604147 0.0216852546607 0.039855042365 0.0833081121052
Herato08 Herato0801 3575001.0 3575000.0 0.0228949513705 0.0201752643889 0.0227891531094 0.026243214297
Herato08 Herato0801 3625001.0 3625000.0 0.0202654243406 0.0166756502064 0.0202073908952 0.024886081802
Herato08 Herato0801 3675001.0 3675000.0 0.020357625717 0.0172610150497 0.0201309592629 0.0247615167566
Herato08 Herato0801 3725001.0 3725000.0 0.025347008326 0.0174027512538 0.024596040274 0.03676309294
Herato08 Herato0801 3775001.0 3775000.0 0.0170251715687 0.0146450084379 0.0170188312803 0.0197731209228
Herato08 Herato0801 3825001.0 3825000.0 0.01533408758 0.01371453792 0.01532927052 0.0171384625
Herato08 Herato0801 3875001.0 3875000.0 0.019811605448 0.017509630254 0.01969275414 0.021786971628
Herato08 Herato0801 3925001.0 3925000.0 0.025651001408 0.019297245094 0.025056908802 0.033949627788
Herato08 Herato0801 3975001.0 3975000.0 0.0240636480884 0.019126337666 0.02359170882 0.032676068954
Herato08 Herato0801 4025001.0 4025000.0 0.022933591166 0.0191861653436 0.022881598854 0.027137794888
Herato08 Herato0801 4075001.0 4075000.0 0.035762684166 0.0323564242306 0.0358265157098 0.039459759058
Herato08 Herato0801 4125001.0 4125000.0 0.0144638893072 0.0131934585828 0.0143700427274 0.015852445788
Herato08 Herato0801 4175001.0 4175000.0 0.02717220898 0.01711917156 0.02402102588 0.0526596947
Herato08 Herato0801 4225001.0 4225000.0 0.0400694984934 0.0256848050643 0.038804643932 0.061289354414
Herato08 Herato0801 4275001.0 4275000.0 0.0142070027546 0.0113839046158 0.0141286849446 0.0172462639006
Herato08 Herato0801 4325001.0 4325000.0 0.0298585439736 0.018571951468 0.0286956270606 0.045045001188
Herato08 Herato0801 4375001.0 4375000.0 0.0227261351332 0.0193281594206 0.0226004146326 0.027172842674
Herato08 Herato0801 4425001.0 4425000.0 0.0254134401332 0.0193036154225 0.0238432702832 0.0360713277512
Herato08 Herato0801 4475001.0 4475000.0 0.0190376635678 0.0168570267001 0.0189591466832 0.021703250751
Herato08 Herato0801 4525001.0 4525000.0 0.0313696079196 0.027365051402 0.0312183658946 0.036908812572
Herato08 Herato0801 4575001.0 4575000.0 0.0196191514878 0.0173446806092 0.019376995504 0.022572586484
Herato08 Herato0801 4625001.0 4625000.0 0.028613994761 0.0244985505671 0.0285403995144 0.033333379718
Herato08 Herato0801 4675001.0 4675000.0 0.0221129460438 0.0192115296934 0.021913268922 0.0258754259842
Herato08 Herato0801 4725001.0 4725000.0 0.0237860540168 0.0189375386576 0.0235897412444 0.0297135272224
Herato08 Herato0801 4775001.0 4775000.0 0.012515509539 0.0112998854826 0.0124004800282 0.0144451269728
Herato08 Herato0801 4825001.0 4825000.0 0.0165975135311 0.0137677810679 0.016537202623 0.0194551251332
Herato08 Herato0801 4875001.0 4875000.0 0.06639333504 0.06130516314 0.06597513728 0.07200769808
Herato08 Herato0801 4925001.0 4925000.0 0.090909458636 0.0886907916128 0.09050966112 0.09523700128
Herato08 Herato0801 4975001.0 4975000.0 0.0821563809172 0.0751195801596 0.0809102736628 0.095565139698
Herato08 Herato0801 5025001.0 5025000.0 0.085092215736 0.073397197368 0.083942742684 0.104067980138
Herato08 Herato0801 5075001.0 5075000.0 0.08667036382 0.080815046982 0.08633825411 0.094179934608
Herato08 Herato0801 5125001.0 5125000.0 0.026373377302 0.021461144852 0.025911745084 0.035776500024
Herato08 Herato0801 5175001.0 5175000.0 0.048901006652 0.04460311668 0.04868551299 0.053409144812
Herato08 Herato0801 5225001.0 5225000.0 0.054894483701 0.0346912535552 0.0527182513038 0.0883103769518
Herato08 Herato0801 5275001.0 5275000.0 0.056328664054 0.037339578026 0.055077480008 0.08221108389
Herato08 Herato0801 5325001.0 5325000.0 0.037022218872 0.0292932355989 0.0363832464616 0.0474581057464
Herato08 Herato0801 5375001.0 5375000.0 0.045804206064 0.041213419434 0.045552215236 0.05312556572
Herato08 Herato0801 5425001.0 5425000.0 0.052101119341 0.039329658382 0.0513052289858 0.069273684911
Herato08 Herato0801 5475001.0 5475000.0 0.0399965780564 0.0280178802786 0.038894893351 0.0575784030638
Herato08 Herato0801 5525001.0 5525000.0 0.0448155529444 0.0294624329804 0.0444378572266 0.067178874453
Herato08 Herato0801 5575001.0 5575000.0 0.0296918435774 0.0256638401252 0.0295886357208 0.034441002195
Herato08 Herato0801 5625001.0 5625000.0 0.0425474050087 0.0323470792459 0.0420293154779 0.055355564292
Herato08 Herato0801 5675001.0 5675000.0 0.0473054013387 0.0287115083213 0.0446947819553 0.0826460277664
Herato08 Herato0801 5725001.0 5725000.0 0.0199137854012 0.0160949682061 0.0190423040406 0.0249839338276
Herato08 Herato0801 5775001.0 5775000.0 0.036142825496 0.033296224 0.03618026358 0.039734339862
Herato08 Herato0801 5825001.0 5825000.0 0.0481848984744 0.0443075377538 0.0479564611721 0.0519189712048
Herato08 Herato0801 5875001.0 5875000.0 0.044720551436 0.0404954280105 0.0442695479526 0.054961992846
Herato08 Herato0801 5925001.0 5925000.0 0.0179405559264 0.0129945437372 0.0177029521946 0.02672765066
Herato08 Herato0801 5975001.0 5975000.0 0.011289122242 0.009906270174 0.011227894294 0.014637929852
Herato08 Herato0801 6025001.0 6025000.0 0.048491056526 0.0433890857531 0.0484998370804 0.05447757235
Herato08 Herato0801 6075001.0 6075000.0 0.0410010682714 0.0381084114944 0.0408032667999 0.0445261068066
Herato08 Herato0801 6125001.0 6125000.0 0.047074795402 0.040996648214 0.0470115330368 0.0543145746
Herato08 Herato0801 6175001.0 6175000.0 0.027527707296 0.0201895490871 0.025151773108 0.042260329166
Herato08 Herato0801 6225001.0 6225000.0 0.0346860070818 0.0303271465625 0.0345814946574 0.0406174192972
Herato08 Herato0801 6275001.0 6275000.0 0.044719159118 0.027437554778 0.042383606956 0.0802481858
Herato08 Herato0801 6325001.0 6325000.0 0.0344268596768 0.031963374577 0.0344537243564 0.036903612948
Herato08 Herato0801 6375001.0 6375000.0 0.0262081973664 0.0188283383935 0.0255741499208 0.0380767544476
Herato08 Herato0801 6425001.0 6425000.0 0.023489874642 0.0138144925769 0.0223121989078 0.041141928583
Herato08 Herato0801 6475001.0 6475000.0 0.042043379908 0.028786443096 0.039280975252 0.078333663286
Herato08 Herato0801 6525001.0 6525000.0 0.0393384232704 0.0341671930102 0.0381903521268 0.04671548134
Herato08 Herato0801 6575001.0 6575000.0 0.0494230087683 0.0420282495899 0.0477989344074 0.0586671573908
Herato08 Herato0801 6625001.0 6625000.0 0.0877836331957 0.0595415329485 0.085789525071 0.127804309034
Herato08 Herato0801 6675001.0 6675000.0 0.035743663135 0.0265503378262 0.0341527874708 0.055752847105
Herato08 Herato0801 6725001.0 6725000.0 0.0530306059628 0.0456798814062 0.0527821059051 0.0608605194102
Herato08 Herato0801 6775001.0 6775000.0 0.0716105427319 0.0565331699934 0.0703494868024 0.0972617920294
Herato08 Herato0801 6825001.0 6825000.0 0.054233390248 0.04254354651 0.053752305994 0.073757835632
Herato08 Herato0801 6875001.0 6875000.0 0.04788955011 0.042639612786 0.04769207851 0.05487519828
Herato08 Herato0801 6925001.0 6925000.0 0.047288545104 0.042997125614 0.04746904624 0.051789499554
Herato08 Herato0801 6975001.0 6975000.0 0.04445910265 0.0351864472506 0.0436435050094 0.0559145150842
Herato08 Herato0801 7025001.0 7025000.0 0.050812524438 0.044669696938 0.050519605668 0.05965477742
Herato08 Herato0801 7075001.0 7075000.0 0.035901926574 0.03419863383 0.035711766426 0.037851956736
Herato08 Herato0801 7125001.0 7125000.0 0.040559003696 0.037097143556 0.040431430826 0.044093285682
Herato08 Herato0801 7175001.0 7175000.0 0.03633285334 0.030939984076 0.036072689246 0.044225578082
Herato08 Herato0801 7225001.0 7225000.0 0.055649495942 0.026757454224 0.052306310712 0.118981558884
Herato08 Herato0801 7275001.0 7275000.0 0.02628504505 0.0207841427906 0.025998081626 0.034185121426
Herato08 Herato0801 7325001.0 7325000.0 0.043360053554 0.033490367142 0.04331583474 0.054785773242
Herato08 Herato0801 7375001.0 7375000.0 0.02661823225 0.02284572403 0.02646010158 0.032702248546
Herato08 Herato0801 7425001.0 7425000.0 0.036936539572 0.033184668726 0.036766860782 0.042079529
Herato08 Herato0801 7475001.0 7475000.0 0.0449167646728 0.0400358106264 0.0447683371296 0.0496942425752
Herato08 Herato0801 7525001.0 7525000.0 0.0439420591 0.04060227998 0.04409801046 0.04675244252
Herato08 Herato0801 7575001.0 7575000.0 0.05220659755 0.047962021192 0.05217603942 0.05670234486
Herato08 Herato0801 7625001.0 7625000.0 0.0504242013849 0.0461242448928 0.0501149404125 0.055843400599
Herato08 Herato0801 7675001.0 7675000.0 0.0393997816436 0.0347379159152 0.0392261846664 0.0480249482028
Herato08 Herato0801 7725001.0 7725000.0 0.046710739187 0.0385579654023 0.0464488733066 0.0573036464312
Herato08 Herato0801 7775001.0 7775000.0 0.06084142791 0.03701609773 0.059061379079 0.098919955402
Herato08 Herato0801 7825001.0 7825000.0 0.043502764309 0.0322414246553 0.0417695798683 0.0643298905648
Herato08 Herato0801 7875001.0 7875000.0 0.0188835252672 0.0140806743725 0.0180357890832 0.0285770220152
Herato08 Herato0801 7925001.0 7925000.0 0.0206875922168 0.017862194567 0.0205973747426 0.024079456112
Herato08 Herato0801 7975001.0 7975000.0 0.0358008163986 0.0184855171739 0.0311850372757 0.068904734472
Herato08 Herato0801 8025001.0 8025000.0 0.0124208223327 0.0107951160314 0.0125942917682 0.0142104009254
Herato08 Herato0801 8075001.0 8075000.0 0.0172959134582 0.0157235144198 0.0172477051971 0.0190019985474
Herato08 Herato0801 8125001.0 8125000.0 0.0187125947824 0.0164357113784 0.0186960964584 0.0211074516448
Herato08 Herato0801 8175001.0 8175000.0 0.048761242651 0.027772548196 0.046135631239 0.081588974081
Herato08 Herato0801 8225001.0 8225000.0 0.0329029505574 0.0186369536683 0.030616524677 0.0619357205454
Herato08 Herato0801 8275001.0 8275000.0 0.0132768533707 0.00978782790178 0.0131690447608 0.01786461192
Herato08 Herato0801 8325001.0 8325000.0 0.0172107461927 0.012459461371 0.0165945777748 0.0256703452473
Herato08 Herato0801 8375001.0 8375000.0 0.04049206544 0.0359183184077 0.04040374834 0.0455459844456
Herato08 Herato0801 8425001.0 8425000.0 0.0472652316557 0.0288982578342 0.0455244439447 0.0743411042208
Herato08 Herato0801 8475001.0 8475000.0 0.0461589007636 0.0313440402184 0.0442582191092 0.0707150693128
Herato08 Herato0801 8525001.0 8525000.0 0.0403878333827 0.032141248121 0.0399972803717 0.0518368350349
Herato08 Herato0801 8575001.0 8575000.0 0.0632072303202 0.044255275467 0.0609324968 0.098036411795
Herato08 Herato0801 8625001.0 8625000.0 0.022164864179 0.0165381845135 0.0219092047746 0.0293601630112
Herato08 Herato0801 8675001.0 8675000.0 0.0374079000954 0.0320103189558 0.0373583398222 0.043914240392
Herato08 Herato0801 8725001.0 8725000.0 0.064656646964 0.045358944132 0.062465939246 0.095329990732
Herato08 Herato0801 8775001.0 8775000.0 0.0627544254904 0.0571854675742 0.0625640875818 0.068933305204
Herato08 Herato0801 8825001.0 8825000.0 0.08700177056 0.073307550564 0.08535806918 0.10477237306
Herato08 Herato0801 8875001.0 8875000.0 0.062074569902 0.056014994008 0.062186066974 0.067597218598
Herato08 Herato0801 8925001.0 8925000.0 0.037319486692 0.0231907112216 0.036159644242 0.0595333666438
Herato08 Herato0801 8975001.0 8975000.0 0.0256289749514 0.0210868432456 0.0253392682404 0.0329679433212
Herato08 Herato0801 9025001.0 9025000.0 0.050967357172 0.025185552201 0.0478314854456 0.0951464357612
Herato08 Herato0801 9075001.0 9075000.0 0.047817741944 0.0313949289538 0.045488967506 0.06773056475
Herato08 Herato0801 9125001.0 9125000.0 0.0621911448232 0.0559280175498 0.0614289716416 0.071866994241
Herato08 Herato0801 9175001.0 9175000.0 0.055284923629 0.0485966363657 0.054950216534 0.0629171521885
Herato08 Herato0801 9225001.0 9225000.0 0.052631120306 0.0473734372892 0.05265411863 0.058070065016
Herato08 Herato0801 9260916.5 9275000.0 0.0473892086024 0.0384279053456 0.0464422762356 0.0609988772754
Herato08 Herato0802 9288035.5 25000.0 0.0645881610677 0.0626758066749 0.0641848695788 0.0678512162321
Herato08 Herato0803 9329239.0 25000.0 0.0936719995212 0.0835690540546 0.09354256262 0.10522020878
Herato08 Herato0803 9379239.0 75000.0 0.0562806873238 0.0503051855612 0.0567583151584 0.0620186375128
Herato08 Herato0803 9422168.5 125000.0 0.0535063110995 0.0484901693347 0.0534264194854 0.0594303836284
Herato08 Herato0804 9465099.0 25000.0 0.09854570888 0.0918277822 0.09874445178 0.10549454324
Herato08 Herato0804 9506176.0 75000.0 0.0677560519998 0.0620802233937 0.0676271902718 0.0746679924737
Herato08 Herato0805 9538053.0 25000.0 0.124695940029 0.102840532874 0.122967415055 0.150821899627
Herato08 Herato0806 9578853.0 25000.0 0.1408740891 0.1189365875 0.13988747926 0.17179226836
Herato08 Herato0806 9622681.0 75000.0 0.0805254358216 0.0729358029557 0.0801050361164 0.0888171147652
Herato08 Herato0807 9666510.0 25000.0 0.08987239428 0.08620057472 0.0897341502 0.0936648661
Herato08 Herato0807 9716510.0 75000.0 0.09534888544 0.0947349535 0.09517664554 0.097081656
Herato08 Herato0807 9761164.0 125000.0 0.0641889299201 0.0526545811362 0.0637751016104 0.079068351936
Herato08 Herato0808 9805819.0 25000.0 0.0536056390806 0.0474757209638 0.0533086885792 0.0606397334632
Herato08 Herato0808 9855819.0 75000.0 0.0697678232028 0.061187413908 0.068907152734 0.0827101092944
Herato08 Herato0808 9896529.5 125000.0 0.0817058590331 0.0759884595608 0.0812380126944 0.0900676846822
Herato08 Herato0809 9937241.0 25000.0 0.0874933151 0.08112759606 0.08734993824 0.09495812892
Herato08 Herato0809 9969966.0 75000.0 0.0386165032362 0.0361321832362 0.0387762956634 0.0410194195469
Herato08 Herato0810 10001748.5 25000.0 0.0706712228136 0.0626710041843 0.0710859006239 0.0803177050963
Herato08 Herato0811 10044166.0 25000.0 0.0853042053159 0.0744878954929 0.0845588037092 0.0998345026171
Herato08 Herato0812 10087527.0 25000.0 0.08549676362 0.0797389923 0.08530330526 0.09143265072
Herato08 Herato0812 10112795.0 75000.0 0.0709481753731 0.0671156529851 0.0708902947761 0.0743786343284
Herato08 Herato0813 10123852.5 25000.0 0.0672177757334 0.0635867643787 0.067162938453 0.0704678638365
Herato08 Herato0814 10159642.0 25000.0 0.067928469382 0.06132946479 0.068077017588 0.074009180812
Herato08 Herato0814 10195527.0 75000.0 0.0848550875388 0.0798862233528 0.0838289086357 0.0967233105999
Herato08 Herato0815 10220911.5 25000.0 0.0671771423044 0.0630597804463 0.0666034276994 0.0748510355899
Herato08 Herato0816 10245516.5 25000.0 0.0538004856761 0.0504064226411 0.0536768476572 0.0574009444362
Herato08 Herato0817 10267897.0 25000.0 0.10993479754 0.0935154755581 0.109639775012 0.129256870947
Herato08 Herato0818 10305172.0 25000.0 0.06646005784 0.058044097552 0.066551352534 0.077740899072
Herato08 Herato0818 10335979.5 75000.0 0.0737467767542 0.0707554310805 0.0735153517004 0.0770645429186
Herato08 Herato0819 10366788.0 25000.0 0.065238685284 0.0513238566878 0.062738151128 0.097967859162
Herato08 Herato0819 10416557.5 75000.0 0.0718500136107 0.0616085697364 0.0712417816226 0.0843940461798
Herato08 Herato0820 10466328.0 25000.0 0.09685708885 0.0819179714142 0.0964008321744 0.114402690629
Herato08 Herato0820 10494503.0 75000.0 0.0997085984252 0.0901412409449 0.0997283779528 0.103694173228
Herato08 Herato0821 10522679.0 25000.0 0.053119912317 0.0393829890933 0.0520213898857 0.0738088065874
Herato08 Herato0821 10572679.0 75000.0 0.0637717511226 0.0470808899951 0.0590652122072 0.0989804952794
Herato08 Herato0821 10622679.0 125000.0 0.0508446199576 0.0438810634474 0.0503334135488 0.0593911567892
Herato08 Herato0821 10672679.0 175000.0 0.0853924483878 0.0488806794981 0.082213447509 0.14090728034
Herato08 Herato0821 10722679.0 225000.0 0.0330141070446 0.026916621045 0.0329089887138 0.04065331452
Herato08 Herato0821 10772679.0 275000.0 0.036119724776 0.0320639547572 0.035746203938 0.040950751532
Herato08 Herato0821 10822679.0 325000.0 0.0494410581172 0.0365475142158 0.0483111549874 0.0696988522266
Herato08 Herato0821 10872679.0 375000.0 0.057581014782 0.0515105710208 0.05725245989 0.06438967519
Herato08 Herato0821 10922679.0 425000.0 0.042885924062 0.037925647838 0.043058237884 0.04750980167
Herato08 Herato0821 10972679.0 475000.0 0.033221222914 0.02837957225 0.032593509158 0.04164683902
Herato08 Herato0821 11022679.0 525000.0 0.0424630825984 0.0379150597108 0.042383161919 0.047813065118
Herato08 Herato0821 11072679.0 575000.0 0.0804452300418 0.0485147939483 0.0769318593758 0.138433783359
Herato08 Herato0821 11122679.0 625000.0 0.068672808729 0.0398263641787 0.0655726055728 0.112116834815
Herato08 Herato0821 11172679.0 675000.0 0.0528438580468 0.0358146858157 0.051921920039 0.078212663348
Herato08 Herato0821 11222679.0 725000.0 0.050260041246 0.0469744628398 0.0501334913388 0.054539321356
Herato08 Herato0821 11272679.0 775000.0 0.04452974832 0.0414470545713 0.0445224916478 0.048109963198
Herato08 Herato0821 11322679.0 825000.0 0.072678199317 0.0620173733916 0.0722227913386 0.0837448807904
Herato08 Herato0821 11372679.0 875000.0 0.05938439664 0.05527082316 0.05917417938 0.06339521168
Herato08 Herato0821 11422679.0 925000.0 0.05963437589 0.0514058147084 0.0594687752288 0.067594050804
Herato08 Herato0821 11472679.0 975000.0 0.050185350914 0.048255530412 0.04998276681 0.05304456486
Herato08 Herato0821 11522679.0 1025000.0 0.05501626136 0.0495367851768 0.0552454017002 0.060701656601
Herato08 Herato0821 11572679.0 1075000.0 0.060830359992 0.048755522492 0.061283744834 0.073811669932
Herato08 Herato0821 11622679.0 1125000.0 0.0458276765 0.04193199252 0.045709895444 0.050072105046
Herato08 Herato0821 11672679.0 1175000.0 0.0340706333806 0.0253947246086 0.0333715423386 0.046869740568
Herato08 Herato0821 11722679.0 1225000.0 0.032456462297 0.0301409789838 0.032342726326 0.03568967931
Herato08 Herato0821 11772679.0 1275000.0 0.04798683782 0.03934843342 0.04792879408 0.0590434622
Herato08 Herato0821 11822679.0 1325000.0 0.037984580062 0.026784236412 0.037938064466 0.054108725608
Herato08 Herato0821 11872679.0 1375000.0 0.0327734265078 0.0283848823962 0.0326063675302 0.037833770924
Herato08 Herato0821 11922679.0 1425000.0 0.0612964256774 0.0344873509087 0.058705896864 0.10144090242
Herato08 Herato0821 11972679.0 1475000.0 0.027535311439 0.0253360189426 0.0275159611051 0.0300481755363
Herato08 Herato0821 12022679.0 1525000.0 0.0410867854 0.0326290455881 0.0404373246055 0.0526597674798
Herato08 Herato0821 12072679.0 1575000.0 0.022383856548 0.0198323187905 0.0222254200908 0.02532787484
Herato08 Herato0821 12122679.0 1625000.0 0.0226897228848 0.0185404271731 0.0219226579026 0.0302343126844
Herato08 Herato0821 12172679.0 1675000.0 0.0244563986022 0.0189041705739 0.02434469217 0.0321143325108
Herato08 Herato0821 12222679.0 1725000.0 0.026976058118 0.023041842726 0.026829777218 0.031726778842
Herato08 Herato0821 12272679.0 1775000.0 0.016387343925 0.0143098630228 0.0162191397668 0.020153677609
Herato08 Herato0821 12322679.0 1825000.0 0.015635714568 0.0134764894829 0.0155928911262 0.017994681534
Herato08 Herato0821 12372679.0 1875000.0 0.0216606591702 0.0185774970206 0.0216931554912 0.0249960860888
Herato08 Herato0821 12422679.0 1925000.0 0.0257063115382 0.0194613027292 0.0251231019682 0.035174948174
Herato08 Herato0821 12472679.0 1975000.0 0.0280476425797 0.0225426039951 0.0282711464458 0.0350644563268
Herato08 Herato0821 12522679.0 2025000.0 0.034380623616 0.032398560212 0.034485156092 0.036564781454
Herato08 Herato0821 12572679.0 2075000.0 0.03700346388 0.032649417262 0.03687051736 0.04252322288
Herato08 Herato0821 12622679.0 2125000.0 0.05475290128 0.0475258717654 0.054272703034 0.06402114738
Herato08 Herato0821 12672679.0 2175000.0 0.036049093894 0.03272428199 0.036089193656 0.039695902432
Herato08 Herato0821 12722679.0 2225000.0 0.017084529272 0.0133692859786 0.01677502515 0.021918588306
Herato08 Herato0821 12772679.0 2275000.0 0.020384224942 0.0102858262951 0.0181240255982 0.046444512906
Herato08 Herato0821 12822679.0 2325000.0 0.0226709180304 0.0127031098624 0.0145563917318 0.047127129658
Herato08 Herato0821 12872679.0 2375000.0 0.0170809739302 0.015102524458 0.017007866036 0.0192918275328
Herato08 Herato0821 12922679.0 2425000.0 0.0347636456386 0.0323725533358 0.0346066693006 0.0378065003728
Herato08 Herato0821 12972679.0 2475000.0 0.041925061752 0.0329791189089 0.0410084403972 0.055648388768
Herato08 Herato0821 13022679.0 2525000.0 0.0392743507899 0.0211878065805 0.0372604421466 0.0680173987562
Herato08 Herato0821 13072679.0 2575000.0 0.088826314028 0.0426084418734 0.081586090422 0.18747631337
Herato08 Herato0821 13122679.0 2625000.0 0.0137217572503 0.0108750265259 0.0135510865986 0.0171253450114
Herato08 Herato0821 13172679.0 2675000.0 0.0700817024216 0.0292315530211 0.0647041757874 0.144723685722
Herato08 Herato0821 13222679.0 2725000.0 0.02136305073 0.0169024518972 0.020890677704 0.028291760602
Herato08 Herato0821 13272679.0 2775000.0 0.0161413418724 0.0127246322537 0.0153338154766 0.0222355718256
Herato08 Herato0821 13322679.0 2825000.0 0.00869524091298 0.00656664341361 0.0084518114916 0.0122668086957
Herato08 Herato0821 13372679.0 2875000.0 0.029821747709 0.018622655712 0.0286546556164 0.047841216283
Herato08 Herato0821 13422679.0 2925000.0 0.0243154522516 0.0141370333208 0.0229278793052 0.0423355202244
Herato08 Herato0821 13472679.0 2975000.0 0.0195110361345 0.0165324311703 0.0194678751849 0.0231266796788
Herato08 Herato0821 13522679.0 3025000.0 0.0167560261752 0.0122281431804 0.0165045566109 0.0227610570205
Herato08 Herato0821 13572679.0 3075000.0 0.0828827342008 0.0341820469784 0.0739614823524 0.185214317939
Herato08 Herato0821 13622679.0 3125000.0 0.0280666300205 0.0179676955326 0.0272306334335 0.0447001131532
Herato08 Herato0821 13672679.0 3175000.0 0.0841852951917 0.0363347436339 0.0767885121719 0.18325835823
Herato08 Herato0821 13722679.0 3225000.0 0.0289963040496 0.0176146451644 0.0237626664 0.0513949825904
Herato08 Herato0821 13772679.0 3275000.0 0.034355148996 0.0225268874586 0.0325396698348 0.0531075995144
Herato08 Herato0821 13822679.0 3325000.0 0.0621228913544 0.0362446188372 0.0602450987912 0.0955141709596
Herato08 Herato0821 13872679.0 3375000.0 0.031475841934 0.0262623775912 0.031641228246 0.037694034144
Herato08 Herato0821 13922679.0 3425000.0 0.0832770266172 0.0410052596698 0.0775126353696 0.16573413613
