chrom scaffold Cposition position mean p0025 p0500 p0975
Herato18 Herato1801 25001.0 25000.0 0.02916051506 0.02503394166 0.02896003664 0.03426166146
Herato18 Herato1801 75001.0 75000.0 0.0204736980386 0.0111185852206 0.018634181744 0.0450460127078
Herato18 Herato1801 125001.0 125000.0 0.00778354421676 0.00695234801417 0.0077504423267 0.0086270841966
Herato18 Herato1801 175001.0 175000.0 0.0274222729556 0.0199519592768 0.02683208942 0.038968319728
Herato18 Herato1801 225001.0 225000.0 0.0117025865872 0.00967666400216 0.011613316293 0.0146134441064
Herato18 Herato1801 275001.0 275000.0 0.045895363378 0.0311516704519 0.0445884883726 0.0717093819136
Herato18 Herato1801 325001.0 325000.0 0.05460242254 0.05104220378 0.05458591376 0.0589432359
Herato18 Herato1801 375001.0 375000.0 0.062451097446 0.0531139004761 0.0614178440688 0.0768567112688
Herato18 Herato1801 425001.0 425000.0 0.0574581902 0.05459577918 0.0574405808 0.06154674934
Herato18 Herato1801 475001.0 475000.0 0.04099261865 0.037049937757 0.040987894666 0.045330028366
Herato18 Herato1801 525001.0 525000.0 0.043493520024 0.03487865331 0.043054940192 0.056698093714
Herato18 Herato1801 575001.0 575000.0 0.017503627672 0.015942028004 0.01730830628 0.019984655326
Herato18 Herato1801 625001.0 625000.0 0.041333324636 0.038283521888 0.041262043096 0.043803879092
Herato18 Herato1801 675001.0 675000.0 0.049649025594 0.0376044965 0.048703671644 0.06621561094
Herato18 Herato1801 725001.0 725000.0 0.05556677183 0.031484799548 0.053944857734 0.093578842012
Herato18 Herato1801 775001.0 775000.0 0.0484333590488 0.0445246755302 0.0484751470428 0.0531974148404
Herato18 Herato1801 825001.0 825000.0 0.0565745422422 0.0395796088212 0.055266079582 0.0843117898524
Herato18 Herato1801 875001.0 875000.0 0.045025750512 0.0417686624611 0.04491133567 0.049324517754
Herato18 Herato1801 925001.0 925000.0 0.04082511424 0.03548347068 0.03940145188 0.04852549918
Herato18 Herato1801 975001.0 975000.0 0.06144859179 0.045807742818 0.059530825696 0.093208037848
Herato18 Herato1801 1025001.0 1025000.0 0.05389510468 0.05247192576 0.05404700052 0.05550794548
Herato18 Herato1801 1075001.0 1075000.0 0.0461332273952 0.0432856119108 0.0460264494246 0.0491220283788
Herato18 Herato1801 1125001.0 1125000.0 0.028838071404 0.024987960872 0.028167910202 0.034287563054
Herato18 Herato1801 1175001.0 1175000.0 0.0449844519698 0.0387404517201 0.0447256451868 0.0523921294194
Herato18 Herato1801 1225001.0 1225000.0 0.0302380281587 0.0228067630562 0.0295597390029 0.0420153340083
Herato18 Herato1801 1275001.0 1275000.0 0.0282107550827 0.0201365481339 0.0269238068345 0.0417681784216
Herato18 Herato1801 1325001.0 1325000.0 0.04588933826 0.034166539772 0.044157594944 0.07352290002
Herato18 Herato1801 1375001.0 1375000.0 0.0434658003288 0.0321604744373 0.0392484075976 0.071273907878
Herato18 Herato1801 1425001.0 1425000.0 0.03598323591 0.021974596926 0.03464053878 0.056510073846
Herato18 Herato1801 1475001.0 1475000.0 0.0567443668778 0.0463748592916 0.057017391111 0.0680679685518
Herato18 Herato1801 1525001.0 1525000.0 0.0755236756024 0.0679520428206 0.0754626435414 0.0842708017024
Herato18 Herato1801 1575001.0 1575000.0 0.07756474548 0.07001753684 0.07781393746 0.08454787484
Herato18 Herato1801 1625001.0 1625000.0 0.087847752318 0.074069229938 0.0866766061 0.108346779808
Herato18 Herato1801 1675001.0 1675000.0 0.0914043569 0.07456098982 0.08966301764 0.117418626
Herato18 Herato1801 1725001.0 1725000.0 0.10645586916 0.0919905735 0.10553798276 0.12777777168
Herato18 Herato1801 1775001.0 1775000.0 0.1040662296 0.1001024352 0.104383744 0.1098088812
Herato18 Herato1801 1825001.0 1825000.0 0.07237972274 0.07043720296 0.07198312064 0.07561901432
Herato18 Herato1801 1875001.0 1875000.0 0.037664068702 0.034215553086 0.03734304857 0.041964863928
Herato18 Herato1801 1925001.0 1925000.0 0.04598416547 0.04041350686 0.04534364 0.054526500662
Herato18 Herato1801 1975001.0 1975000.0 0.04251199164 0.03864101648 0.04220796728 0.05020133588
Herato18 Herato1801 2025001.0 2025000.0 0.072583843148 0.0586634859629 0.0730811039428 0.081458307744
Herato18 Herato1801 2075001.0 2075000.0 0.06980727456 0.06606695498 0.06974019194 0.07462416146
Herato18 Herato1801 2125001.0 2125000.0 0.0926226102 0.08753330122 0.09245961394 0.09698691018
Herato18 Herato1801 2175001.0 2175000.0 0.111401337682 0.105678059914 0.111379214379 0.116737940064
Herato18 Herato1801 2225001.0 2225000.0 0.094815788144 0.088773438456 0.09482703475 0.100672346012
Herato18 Herato1801 2275001.0 2275000.0 0.091834113332 0.08408442792 0.091780891814 0.09912834208
Herato18 Herato1801 2325001.0 2325000.0 0.090455078148 0.0831216304944 0.09033432187 0.099641592492
Herato18 Herato1801 2375001.0 2375000.0 0.0653003783444 0.0576502086779 0.0649608663862 0.074120537876
Herato18 Herato1801 2425001.0 2425000.0 0.0505805151816 0.0450084370104 0.0502578909762 0.057591128108
Herato18 Herato1801 2475001.0 2475000.0 0.0669191366 0.05341370882 0.0674179594 0.0790044638
Herato18 Herato1801 2525001.0 2525000.0 0.08267498692 0.07780651088 0.08224621712 0.087168224
Herato18 Herato1801 2575001.0 2575000.0 0.070426603343 0.0655182845162 0.0703397815022 0.0747096784
Herato18 Herato1801 2625001.0 2625000.0 0.07450505832 0.07088349296 0.0748310192 0.07698876024
Herato18 Herato1801 2675001.0 2675000.0 0.08123596668 0.07703949794 0.08121318148 0.08432315594
Herato18 Herato1801 2725001.0 2725000.0 0.09011607396 0.0840564287 0.0897784347 0.09542801226
Herato18 Herato1801 2775001.0 2775000.0 0.0873793285 0.08339342906 0.08698297382 0.0920217346
Herato18 Herato1801 2825001.0 2825000.0 0.08462844112 0.08098297286 0.08435655536 0.0887726998
Herato18 Herato1801 2875001.0 2875000.0 0.0678229539 0.059483928008 0.0673877739 0.07795988556
Herato18 Herato1801 2925001.0 2925000.0 0.042990665758 0.037711937624 0.042281191702 0.051727053444
Herato18 Herato1801 2975001.0 2975000.0 0.08540482814 0.07651238578 0.08362749998 0.09595301452
Herato18 Herato1801 3025001.0 3025000.0 0.07063217518 0.06729329354 0.07072128124 0.0735646957
Herato18 Herato1801 3075001.0 3075000.0 0.07721209118 0.07171849874 0.07716817696 0.08302329064
Herato18 Herato1801 3125001.0 3125000.0 0.066473597296 0.06337699808 0.066102615282 0.071008034238
Herato18 Herato1801 3175001.0 3175000.0 0.05794051518 0.05357332234 0.05782179506 0.06258149796
Herato18 Herato1801 3225001.0 3225000.0 0.090787855806 0.085455078112 0.090862931344 0.096837681452
Herato18 Herato1801 3275001.0 3275000.0 0.1111257424 0.09953837418 0.11109262544 0.12214753804
Herato18 Herato1801 3325001.0 3325000.0 0.08026346608 0.07629006534 0.0802385186 0.08466757322
Herato18 Herato1801 3375001.0 3375000.0 0.0679575952 0.0656760168 0.0675596696 0.0711926644
Herato18 Herato1801 3425001.0 3425000.0 0.07140236732 0.06516486062 0.07108525012 0.080187978
Herato18 Herato1801 3475001.0 3475000.0 0.055534344222 0.050824948468 0.055311946974 0.061334238612
Herato18 Herato1801 3525001.0 3525000.0 0.034335981458 0.02874813119 0.032702586734 0.044756685022
Herato18 Herato1801 3575001.0 3575000.0 0.07494113904 0.06815155322 0.0762639973 0.08210760064
Herato18 Herato1801 3625001.0 3625000.0 0.0792696223 0.06990591045 0.079818896836 0.08771902866
Herato18 Herato1801 3675001.0 3675000.0 0.06374117065 0.0533377199532 0.063421020334 0.078086937028
Herato18 Herato1801 3725001.0 3725000.0 0.02412579476 0.02169859358 0.02408193312 0.02706737764
Herato18 Herato1801 3775001.0 3775000.0 0.0738143198192 0.0664007980388 0.0736639309718 0.08141462264
Herato18 Herato1801 3825001.0 3825000.0 0.05328274511 0.0450816635722 0.052782294096 0.06558725366
Herato18 Herato1801 3875001.0 3875000.0 0.08200467148 0.06977792568 0.08117971952 0.10100072412
Herato18 Herato1801 3925001.0 3925000.0 0.054687567772 0.04607085604 0.051557860368 0.066376005412
Herato18 Herato1801 3975001.0 3975000.0 0.0493812862484 0.0228899737032 0.046228405032 0.0957577036278
Herato18 Herato1801 4025001.0 4025000.0 0.03128351945 0.023231735692 0.03101067209 0.043721339802
Herato18 Herato1801 4075001.0 4075000.0 0.0597121133846 0.0424188990874 0.0576645603722 0.0893618446058
Herato18 Herato1801 4125001.0 4125000.0 0.0408105449454 0.0336947263094 0.0395972690042 0.0530570198946
Herato18 Herato1801 4175001.0 4175000.0 0.07804736462 0.0675727545 0.07874426138 0.08961807358
Herato18 Herato1801 4225001.0 4225000.0 0.07504415802 0.06680182318 0.07495855774 0.08271411132
Herato18 Herato1801 4275001.0 4275000.0 0.0995780814 0.09482489778 0.09768386344 0.11238851312
Herato18 Herato1801 4325001.0 4325000.0 0.085835627316 0.076693985566 0.08530780451 0.09630796586
Herato18 Herato1801 4375001.0 4375000.0 0.069368964308 0.062577631664 0.069567425832 0.076204822572
Herato18 Herato1801 4425001.0 4425000.0 0.10560237198 0.09466545752 0.1057898261 0.1159547886
Herato18 Herato1801 4475001.0 4475000.0 0.09536790924 0.08935903774 0.09449146404 0.1024788386
Herato18 Herato1801 4525001.0 4525000.0 0.070771042756 0.061571881972 0.070900533094 0.08281908522
Herato18 Herato1801 4575001.0 4575000.0 0.04264957602 0.03566474058 0.0401082857 0.05576903692
Herato18 Herato1801 4625001.0 4625000.0 0.053690677961 0.04982055095 0.053944965475 0.0583837116328
Herato18 Herato1801 4675001.0 4675000.0 0.07060932912 0.06681800404 0.07059177344 0.07535838396
Herato18 Herato1801 4725001.0 4725000.0 0.0554902295678 0.0458157993032 0.0553127478138 0.0646493084216
Herato18 Herato1801 4775001.0 4775000.0 0.0529380135944 0.047908989217 0.052333357984 0.058433179252
Herato18 Herato1801 4825001.0 4825000.0 0.0585740381166 0.0549769777151 0.0585018891612 0.0633196570712
Herato18 Herato1801 4875001.0 4875000.0 0.0587043213 0.05075222146 0.05753601972 0.07216061106
Herato18 Herato1801 4925001.0 4925000.0 0.0509947373711 0.0407557705024 0.050364358269 0.064688536603
Herato18 Herato1801 4975001.0 4975000.0 0.04368371384 0.04218759236 0.0433334617 0.04612505682
Herato18 Herato1801 5025001.0 5025000.0 0.041722324374 0.038607876038 0.041458853898 0.045395752316
Herato18 Herato1801 5075001.0 5075000.0 0.0266176080904 0.0233452413405 0.0265499177366 0.0303706089346
Herato18 Herato1801 5125001.0 5125000.0 0.0142191089784 0.0111933739934 0.0135240760674 0.0203849095224
Herato18 Herato1801 5159323.5 5175000.0 0.00561442724537 0.00468827465862 0.00558677324645 0.00660831492518
Herato18 Herato1802 5178572.5 25000.0 0.0223495779054 0.0206569630245 0.0222372362098 0.0248660318876
Herato18 Herato1803 5213499.0 25000.0 0.0322939840164 0.0281186823282 0.0319365699044 0.038695813178
Herato18 Herato1803 5263499.0 75000.0 0.0514167169944 0.0464981001026 0.0514150169732 0.055967285212
Herato18 Herato1803 5313499.0 125000.0 0.053480039508 0.0423880912826 0.053378285318 0.062558048326
Herato18 Herato1803 5363499.0 175000.0 0.0578891987678 0.0391927355132 0.0552418691044 0.0908029555254
Herato18 Herato1803 5413499.0 225000.0 0.024537346092 0.02061818604 0.024094455798 0.02980898318
Herato18 Herato1803 5463499.0 275000.0 0.0352137680673 0.0317948516267 0.0349195203986 0.0391629548462
Herato18 Herato1803 5513499.0 325000.0 0.030750951516 0.0260274816226 0.0303725565876 0.039143997762
Herato18 Herato1803 5563499.0 375000.0 0.0279661247998 0.0115846784546 0.024870716157 0.064585090463
Herato18 Herato1803 5613499.0 425000.0 0.0561066894436 0.0408259443759 0.0549334888814 0.076129909432
Herato18 Herato1803 5663499.0 475000.0 0.0321296679194 0.0159236897671 0.0293380196041 0.0669053608772
Herato18 Herato1803 5690776.5 525000.0 0.000714699503842 0.000630500285401 0.000720334649835 0.00077231315697
Herato18 Herato1804 5718055.0 25000.0 0.0648755909252 0.0552408798614 0.0648391985502 0.076449773232
Herato18 Herato1804 5768055.0 75000.0 0.06439905836 0.05881336834 0.06430817092 0.07204027344
Herato18 Herato1804 5818055.0 125000.0 0.043712275472 0.041346349356 0.043542517298 0.04689405746
Herato18 Herato1804 5868055.0 175000.0 0.03882418364 0.03676032236 0.038875652 0.04116823776
Herato18 Herato1804 5918055.0 225000.0 0.059149347302 0.049546753462 0.058079581252 0.072182521914
Herato18 Herato1804 5968055.0 275000.0 0.060249523816 0.053513224242 0.060011656832 0.067472103238
Herato18 Herato1804 6018055.0 325000.0 0.0400531396374 0.0314607672895 0.0395120711584 0.0516211445578
Herato18 Herato1804 6050781.5 375000.0 0.0484994769171 0.0306354471365 0.0465432170905 0.0768104753705
Herato18 Herato1805 6083509.0 25000.0 0.0247865551496 0.020066974821 0.0238803532348 0.0327280766526
Herato18 Herato1805 6133509.0 75000.0 0.0288018924072 0.0241025505897 0.0286985677645 0.0336179696644
Herato18 Herato1805 6183509.0 125000.0 0.04983569527 0.046994709616 0.049627820364 0.0529327042
Herato18 Herato1805 6233509.0 175000.0 0.062917230106 0.0578148089622 0.062939911542 0.068262862262
Herato18 Herato1805 6283509.0 225000.0 0.060587702256 0.055868729524 0.060479650198 0.065826635552
Herato18 Herato1805 6333509.0 275000.0 0.0711033783226 0.0638156004568 0.0711168878142 0.0790316916536
Herato18 Herato1805 6383509.0 325000.0 0.0483612103384 0.0434337144012 0.047775952233 0.0560892009762
Herato18 Herato1805 6433509.0 375000.0 0.033757750126 0.028376889006 0.034196566442 0.038217120044
Herato18 Herato1805 6483509.0 425000.0 0.025967250414 0.0221033695748 0.0258119438122 0.030765602016
Herato18 Herato1805 6533509.0 475000.0 0.015793218574 0.013953021482 0.015786094586 0.01757857482
Herato18 Herato1805 6583509.0 525000.0 0.018730450341 0.0147461211702 0.0187208090622 0.0228945444192
Herato18 Herato1805 6633509.0 575000.0 0.0142803609018 0.0109521867956 0.0136391203898 0.020963733261
Herato18 Herato1805 6683509.0 625000.0 0.012739350478 0.008834473494 0.01144020359 0.02368877388
Herato18 Herato1805 6733509.0 675000.0 0.017403575378 0.01400813414 0.01711449192 0.021694805956
Herato18 Herato1805 6783509.0 725000.0 0.0110233320735 0.00944186613247 0.0109613538388 0.0128619896167
Herato18 Herato1805 6833509.0 775000.0 0.0310654310308 0.01415761949 0.0250166805726 0.0661665303508
Herato18 Herato1805 6883509.0 825000.0 0.021728749872 0.0186044588496 0.0217227334274 0.025490433912
Herato18 Herato1805 6933509.0 875000.0 0.052227245598 0.044430296798 0.050982982818 0.062690474748
Herato18 Herato1805 6983509.0 925000.0 0.085487322404 0.072040312728 0.084718611058 0.10591059228
Herato18 Herato1805 7033509.0 975000.0 0.07641256732 0.0714678478 0.07595431232 0.0835373938
Herato18 Herato1805 7083509.0 1025000.0 0.0306986842674 0.026631289695 0.0303396602266 0.0362051277352
Herato18 Herato1805 7133509.0 1075000.0 0.040438004962 0.0359299605694 0.0401040306416 0.0457071807328
Herato18 Herato1805 7183509.0 1125000.0 0.0142285199616 0.0114290183193 0.0132541600131 0.0191538506672
Herato18 Herato1805 7233509.0 1175000.0 0.039201453176 0.0327479622932 0.038464892616 0.04780933828
Herato18 Herato1805 7283509.0 1225000.0 0.020811646546 0.018365056696 0.020699345346 0.02370202929
Herato18 Herato1805 7333509.0 1275000.0 0.036963873406 0.0333912867932 0.036936299764 0.040930408564
Herato18 Herato1805 7383509.0 1325000.0 0.028166665778 0.023675124364 0.027839142678 0.033596161324
Herato18 Herato1805 7433509.0 1375000.0 0.0257104383696 0.0227148218817 0.0255747825631 0.0287911195628
Herato18 Herato1805 7483509.0 1425000.0 0.03878976052 0.03751757352 0.038658907 0.04066221208
Herato18 Herato1805 7533509.0 1475000.0 0.0256771449301 0.0231311897322 0.0251726310083 0.0297701268862
Herato18 Herato1805 7583509.0 1525000.0 0.038353998872 0.0327964265124 0.038906545446 0.046011709588
Herato18 Herato1805 7633509.0 1575000.0 0.03607577493 0.032408863176 0.035643351396 0.041170052348
Herato18 Herato1805 7683509.0 1625000.0 0.033800974426 0.030172028904 0.033651404832 0.038495979246
Herato18 Herato1805 7733509.0 1675000.0 0.051653372634 0.0406603427738 0.049584177496 0.069417541792
Herato18 Herato1805 7783509.0 1725000.0 0.0269285145948 0.0242776166775 0.0268371153929 0.0298245617748
Herato18 Herato1805 7833509.0 1775000.0 0.04102509068 0.0365678591 0.04072601968 0.04564424578
Herato18 Herato1805 7883509.0 1825000.0 0.050910263595 0.0362997320854 0.0447414934558 0.102590903916
Herato18 Herato1805 7933509.0 1875000.0 0.0117859176326 0.00900317362834 0.0110050439734 0.0162075604634
Herato18 Herato1805 7983509.0 1925000.0 0.03489108104 0.03186302402 0.03498898326 0.03770903562
Herato18 Herato1805 8033509.0 1975000.0 0.046288877972 0.041566969957 0.046507052038 0.05141469886
Herato18 Herato1805 8083509.0 2025000.0 0.062456344504 0.05724923697 0.062231289764 0.067942468836
Herato18 Herato1805 8133509.0 2075000.0 0.072072029584 0.066835133056 0.072143671552 0.076244041468
Herato18 Herato1805 8183509.0 2125000.0 0.06376744004 0.05890914488 0.06432336406 0.06582280224
Herato18 Herato1805 8233509.0 2175000.0 0.0980001186 0.09626590134 0.09786968498 0.10085628906
Herato18 Herato1805 8283509.0 2225000.0 0.10631539106 0.08617941956 0.10584207226 0.12304623444
Herato18 Herato1805 8333509.0 2275000.0 0.07990694012 0.07434753604 0.08038946194 0.0829673579
Herato18 Herato1805 8383509.0 2325000.0 0.07926445272 0.07360926516 0.07928664558 0.08430034118
Herato18 Herato1805 8433509.0 2375000.0 0.067120812056 0.059685145122 0.066629596374 0.076443073534
Herato18 Herato1805 8483509.0 2425000.0 0.084234112438 0.076148319734 0.084191861022 0.092528963494
Herato18 Herato1805 8533509.0 2475000.0 0.08892444124 0.08518282616 0.08840767588 0.0950140455
Herato18 Herato1805 8583509.0 2525000.0 0.0788146941679 0.0753327927872 0.0784581466052 0.0832709164752
Herato18 Herato1805 8633509.0 2575000.0 0.06871405016 0.0643076095 0.06933069 0.07155363694
Herato18 Herato1805 8683509.0 2625000.0 0.09792601762 0.088533495516 0.09829784258 0.10309716896
Herato18 Herato1805 8733509.0 2675000.0 0.072851623 0.06928574692 0.07265025448 0.07676042828
Herato18 Herato1805 8783509.0 2725000.0 0.088674547698 0.0789425849144 0.088541524786 0.097545263794
Herato18 Herato1805 8833509.0 2775000.0 0.051221669536 0.045516706761 0.051036436082 0.058228649002
Herato18 Herato1805 8883509.0 2825000.0 0.085175042188 0.079953841612 0.085169894378 0.08888896908
Herato18 Herato1805 8933509.0 2875000.0 0.062338309024 0.058554943902 0.062040957562 0.066252375984
Herato18 Herato1805 8983509.0 2925000.0 0.071540090168 0.0673722118152 0.0712497867958 0.0763915374486
Herato18 Herato1805 9033509.0 2975000.0 0.023359429954 0.02141523059 0.023278823956 0.025521469604
Herato18 Herato1805 9083509.0 3025000.0 0.0178223087446 0.0166291352512 0.017792438272 0.019069490696
Herato18 Herato1805 9133509.0 3075000.0 0.063249086058 0.05742439201 0.064173869188 0.067400742176
Herato18 Herato1805 9183509.0 3125000.0 0.08499930744 0.08093007984 0.08527759656 0.08828872488
Herato18 Herato1805 9233509.0 3175000.0 0.07407807214 0.06004903142 0.07510026976 0.08616965654
Herato18 Herato1805 9283509.0 3225000.0 0.0242603717419 0.0147557137566 0.0211904643896 0.0509906908176
Herato18 Herato1805 9333509.0 3275000.0 0.032187359212 0.0211038460497 0.0310335552872 0.049643805324
Herato18 Herato1805 9383509.0 3325000.0 0.048803527732 0.045874115936 0.048665454368 0.053122881494
Herato18 Herato1805 9433509.0 3375000.0 0.06091427536 0.0563748179 0.06143192622 0.06584309992
Herato18 Herato1805 9483509.0 3425000.0 0.036645487404 0.033776446466 0.03658140415 0.040156815586
Herato18 Herato1805 9533509.0 3475000.0 0.07035656128 0.06616331286 0.07034230218 0.07428212238
Herato18 Herato1805 9583509.0 3525000.0 0.0683488458532 0.0595335922093 0.0680574296744 0.078308924364
Herato18 Herato1805 9633509.0 3575000.0 0.07451922398 0.06966163478 0.07447616154 0.07900124904
Herato18 Herato1805 9683509.0 3625000.0 0.0690773543 0.0579082025 0.06863784228 0.08304859142
Herato18 Herato1805 9733509.0 3675000.0 0.08926288876 0.0717754457 0.08674067544 0.11845837804
Herato18 Herato1805 9783509.0 3725000.0 0.071109289404 0.064183996386 0.07091088708 0.078038436878
Herato18 Herato1805 9833509.0 3775000.0 0.0697833570494 0.0652389577875 0.069559785163 0.0751846381608
Herato18 Herato1805 9883509.0 3825000.0 0.072655757466 0.068882541212 0.0723401753 0.077284197338
Herato18 Herato1805 9933509.0 3875000.0 0.074882756582 0.0678022763 0.074651621756 0.083857003298
Herato18 Herato1805 9983509.0 3925000.0 0.0713524321 0.0570792476 0.07013260548 0.09282302538
Herato18 Herato1805 10033509.0 3975000.0 0.05903315864 0.04670169636 0.05267489056 0.07736991446
Herato18 Herato1805 10083509.0 4025000.0 0.067490578181 0.0601580731012 0.0683052761494 0.07501495842
Herato18 Herato1805 10133509.0 4075000.0 0.080912071942 0.0571702353072 0.0816427182212 0.110989878012
Herato18 Herato1805 10183509.0 4125000.0 0.06270825554 0.0542143310752 0.0633609117 0.06799211642
Herato18 Herato1805 10233509.0 4175000.0 0.040073090722 0.036104733028 0.039826657104 0.045093576282
Herato18 Herato1805 10283509.0 4225000.0 0.0270944502208 0.0247085651098 0.0270100629524 0.030542049544
Herato18 Herato1805 10333509.0 4275000.0 0.0246038314264 0.0209047953634 0.0244708293354 0.0289414962
Herato18 Herato1805 10383509.0 4325000.0 0.03708826233 0.0303077534768 0.037023185512 0.044896482576
Herato18 Herato1805 10433509.0 4375000.0 0.035084864866 0.031332496854 0.034714692458 0.039464214612
Herato18 Herato1805 10483509.0 4425000.0 0.051280708748 0.0461105151906 0.051312026564 0.056935372198
Herato18 Herato1805 10533509.0 4475000.0 0.040421143118 0.038136790108 0.040671189698 0.042050669034
Herato18 Herato1805 10583509.0 4525000.0 0.06135225624 0.0491285967228 0.060059378032 0.079784821744
Herato18 Herato1805 10633509.0 4575000.0 0.045978660666 0.0407692247998 0.045481978148 0.05273902103
Herato18 Herato1805 10683509.0 4625000.0 0.0363508745518 0.0328260155819 0.036349730239 0.040074901614
Herato18 Herato1805 10733509.0 4675000.0 0.032581844468 0.030189081942 0.032455503672 0.034871358176
Herato18 Herato1805 10783509.0 4725000.0 0.03280493786 0.03119051326 0.03290719424 0.03458566224
Herato18 Herato1805 10833509.0 4775000.0 0.04086762233 0.032564799276 0.040445551796 0.05196615387
Herato18 Herato1805 10883509.0 4825000.0 0.05463071588 0.05235742958 0.05446211078 0.0572216292
Herato18 Herato1805 10933509.0 4875000.0 0.067268560376 0.063900577512 0.067123600292 0.0708530066
Herato18 Herato1805 10983509.0 4925000.0 0.06023901384 0.0515784083 0.060687256 0.06929805968
Herato18 Herato1805 11033509.0 4975000.0 0.0521756700308 0.0446976996783 0.0511968978156 0.0641239283468
Herato18 Herato1805 11083509.0 5025000.0 0.0508718996238 0.0466537549646 0.0510640617622 0.0543269692304
Herato18 Herato1805 11133509.0 5075000.0 0.05861074984 0.05480574868 0.05899997752 0.06066479828
Herato18 Herato1805 11183509.0 5125000.0 0.04973714752 0.04736438191 0.049739224108 0.053228592572
Herato18 Herato1805 11233509.0 5175000.0 0.0610304663 0.05677029 0.06072177088 0.06747252062
Herato18 Herato1805 11283509.0 5225000.0 0.06404030376 0.06039440488 0.06379658568 0.06678459476
Herato18 Herato1805 11333509.0 5275000.0 0.06398206424 0.06069235542 0.06364191928 0.06751654544
Herato18 Herato1805 11383509.0 5325000.0 0.0315922940304 0.0261592594304 0.030811817626 0.0416987437956
Herato18 Herato1805 11433509.0 5375000.0 0.02338508662 0.020039025512 0.023226176056 0.027429311074
Herato18 Herato1805 11483509.0 5425000.0 0.045589470978 0.0417565932536 0.045662087756 0.049206309786
Herato18 Herato1805 11533509.0 5475000.0 0.0449548428108 0.0400496864339 0.0446979668038 0.0518476341426
Herato18 Herato1805 11583509.0 5525000.0 0.05392914078 0.0484588477336 0.0535942029636 0.06110464298
Herato18 Herato1805 11633509.0 5575000.0 0.04317306877 0.036167902638 0.042704895346 0.052992481324
Herato18 Herato1805 11683509.0 5625000.0 0.046668197572 0.033902919246 0.045448417812 0.063242950154
Herato18 Herato1805 11733509.0 5675000.0 0.054843866124 0.0465922788528 0.055405920702 0.063579148498
Herato18 Herato1805 11783509.0 5725000.0 0.056454948876 0.050565465526 0.055813958996 0.063546590602
Herato18 Herato1805 11833509.0 5775000.0 0.06387465002 0.05611308488 0.0634544046 0.07391105288
Herato18 Herato1805 11883509.0 5825000.0 0.04677269034 0.04419181872 0.04668359674 0.04932971332
Herato18 Herato1805 11933509.0 5875000.0 0.058024378806 0.051547895396 0.05782185784 0.065634995956
Herato18 Herato1805 11983509.0 5925000.0 0.055527911784 0.047671987942 0.055154846122 0.06685111846
Herato18 Herato1805 12033509.0 5975000.0 0.07322096227 0.048611995899 0.0700267390481 0.116702837638
Herato18 Herato1805 12083509.0 6025000.0 0.04550223138 0.04303006746 0.0452604237 0.04991784138
Herato18 Herato1805 12133509.0 6075000.0 0.041032636 0.037317510004 0.040562896478 0.047485550368
Herato18 Herato1805 12183509.0 6125000.0 0.0366145105083 0.0296226419263 0.0359077083539 0.047703949268
Herato18 Herato1805 12233509.0 6175000.0 0.055216270512 0.046858399812 0.054518154468 0.06589015602
Herato18 Herato1805 12283509.0 6225000.0 0.0363483129746 0.029059806178 0.0356814762802 0.046902761364
Herato18 Herato1805 12333509.0 6275000.0 0.060704180478 0.05555486286 0.060492791644 0.065878606596
Herato18 Herato1805 12383509.0 6325000.0 0.04341450673 0.0322569682271 0.0399414444028 0.063075017218
Herato18 Herato1805 12433509.0 6375000.0 0.0538016687 0.04923945104 0.05302113716 0.0615860674
Herato18 Herato1805 12483509.0 6425000.0 0.0596887722515 0.0489978758897 0.0591233284627 0.0740115333958
Herato18 Herato1805 12533509.0 6475000.0 0.082013841376 0.075604744052 0.083178932434 0.08744781196
Herato18 Herato1805 12583509.0 6525000.0 0.0670910751258 0.062038168359 0.066953156746 0.072354653752
Herato18 Herato1805 12633509.0 6575000.0 0.0610508618194 0.0481786965065 0.0608651092208 0.0760673637212
Herato18 Herato1805 12683509.0 6625000.0 0.068920290584 0.06313755465 0.068860477326 0.076643684428
Herato18 Herato1805 12733509.0 6675000.0 0.05428429813 0.0480393536482 0.054142565018 0.060731124494
Herato18 Herato1805 12783509.0 6725000.0 0.074531933134 0.06652817202 0.074394062038 0.083287644726
Herato18 Herato1805 12833509.0 6775000.0 0.04691760265 0.036620054734 0.04733701792 0.056588596288
Herato18 Herato1805 12883509.0 6825000.0 0.061485062878 0.056807773342 0.06088398187 0.06885275739
Herato18 Herato1805 12933509.0 6875000.0 0.0380919050492 0.0344310099599 0.0382312649906 0.0416731291184
Herato18 Herato1805 12983509.0 6925000.0 0.0607326288972 0.0513280529718 0.0603877895416 0.071756104127
Herato18 Herato1805 13033509.0 6975000.0 0.0265663775093 0.0234378018837 0.0261978243077 0.032987706276
Herato18 Herato1805 13083509.0 7025000.0 0.067444425472 0.056823574056 0.067363582894 0.079462436592
Herato18 Herato1805 13133509.0 7075000.0 0.06290756501 0.053794139614 0.061505140236 0.077601957372
Herato18 Herato1805 13183509.0 7125000.0 0.039071888092 0.0366373002099 0.0390424567606 0.0411682476586
Herato18 Herato1805 13233509.0 7175000.0 0.05257954596 0.04837337592 0.05254527486 0.05614509232
Herato18 Herato1805 13283509.0 7225000.0 0.04827469272 0.04258688405 0.048109488704 0.056189377876
Herato18 Herato1805 13333509.0 7275000.0 0.033706918114 0.0307420586833 0.0335575260272 0.0378328332888
Herato18 Herato1805 13383509.0 7325000.0 0.051094253838 0.047148324026 0.05116007561 0.055221846802
Herato18 Herato1805 13433509.0 7375000.0 0.050889111746 0.040408230796 0.050143140446 0.064635393674
Herato18 Herato1805 13483509.0 7425000.0 0.043914812412 0.028413444414 0.04134696387 0.074655292986
Herato18 Herato1805 13533509.0 7475000.0 0.0702769787 0.061234345366 0.069843875584 0.082810126268
Herato18 Herato1805 13583509.0 7525000.0 0.0572586997122 0.0528722734061 0.0573049137308 0.0622896994534
Herato18 Herato1805 13633509.0 7575000.0 0.048861626978 0.04447792333 0.048751045714 0.052922876978
Herato18 Herato1805 13683509.0 7625000.0 0.082403158452 0.078108568417 0.081820861068 0.087690094996
Herato18 Herato1805 13733509.0 7675000.0 0.0422398091212 0.0373377671525 0.041919857791 0.049362130579
Herato18 Herato1805 13783509.0 7725000.0 0.078867269632 0.0738384818838 0.078470401858 0.085081838732
Herato18 Herato1805 13833509.0 7775000.0 0.08173104324 0.06270403316 0.07997264176 0.1082964691
Herato18 Herato1805 13883509.0 7825000.0 0.06318345254 0.05919409636 0.06329648012 0.06608454912
Herato18 Herato1805 13933509.0 7875000.0 0.074164977054 0.069046053648 0.074265826824 0.079276513232
Herato18 Herato1805 13983509.0 7925000.0 0.048481910526 0.04435953333 0.04869702556 0.052732910744
Herato18 Herato1805 14033509.0 7975000.0 0.0606059204314 0.0564283546109 0.060229207937 0.0658293782512
Herato18 Herato1805 14083509.0 8025000.0 0.069062823184 0.05844285144 0.068907259874 0.082810277306
Herato18 Herato1805 14133509.0 8075000.0 0.061653487372 0.0545003780348 0.062589694956 0.069815339494
Herato18 Herato1805 14183509.0 8125000.0 0.050046560854 0.044272293902 0.050103253196 0.057337033344
Herato18 Herato1805 14233509.0 8175000.0 0.0295254419688 0.0257778899044 0.029051603902 0.0336908294008
Herato18 Herato1805 14283509.0 8225000.0 0.050524920744 0.0431349394336 0.04966151707 0.068591638246
Herato18 Herato1805 14333509.0 8275000.0 0.052943243139 0.0430076647436 0.0514385960745 0.0766002358328
Herato18 Herato1805 14383509.0 8325000.0 0.05619235984 0.0417124778488 0.054179565834 0.083576671628
Herato18 Herato1805 14433509.0 8375000.0 0.039275316494 0.036866659178 0.039130370048 0.042218409728
Herato18 Herato1805 14483509.0 8425000.0 0.043296696542 0.040040637306 0.04323870785 0.04629394576
Herato18 Herato1805 14533509.0 8475000.0 0.050620560908 0.0430716074322 0.050982137484 0.059026250804
Herato18 Herato1805 14583509.0 8525000.0 0.03076095801 0.026584883906 0.030580498238 0.036181024254
Herato18 Herato1805 14633509.0 8575000.0 0.035934763653 0.0326157065067 0.0357934799628 0.039943721472
Herato18 Herato1805 14683509.0 8625000.0 0.0293761692342 0.0251364126208 0.0287266106968 0.0359030744022
Herato18 Herato1805 14733509.0 8675000.0 0.0181149808402 0.0121757031531 0.018039241108 0.025597715923
Herato18 Herato1805 14783509.0 8725000.0 0.027632295862 0.0167152714736 0.026345664422 0.049849305072
Herato18 Herato1805 14833509.0 8775000.0 0.0198788751097 0.0130213329786 0.0192745310399 0.032138486279
Herato18 Herato1805 14883509.0 8825000.0 0.03330075807 0.02007336584 0.031999613782 0.062008003704
Herato18 Herato1805 14933509.0 8875000.0 0.0179902321068 0.0159750490948 0.0180829008886 0.0200654912798
Herato18 Herato1805 14983509.0 8925000.0 0.016005129672 0.013788642484 0.015972900508 0.018850697148
Herato18 Herato1805 15033509.0 8975000.0 0.00744187351764 0.00566285084419 0.00740721379988 0.010320932102
Herato18 Herato1805 15083509.0 9025000.0 0.0125714110588 0.00833890515589 0.012232203986 0.0191071503142
Herato18 Herato1805 15133509.0 9075000.0 0.0089555597656 0.008044450291 0.0088898354406 0.0097717108696
Herato18 Herato1805 15183509.0 9125000.0 0.0193628129954 0.0117003946715 0.0194032583872 0.0262650120974
Herato18 Herato1805 15233509.0 9175000.0 0.006533056385 0.00508065246392 0.006446611385 0.0086813859138
Herato18 Herato1805 15283509.0 9225000.0 0.0137676783278 0.0109709964536 0.0136541238055 0.0171544170708
Herato18 Herato1805 15333509.0 9275000.0 0.0267248479744 0.0157775090234 0.025006858109 0.0460412384314
Herato18 Herato1805 15383509.0 9325000.0 0.013571505808 0.0124762478351 0.0136132942522 0.014482362047
Herato18 Herato1805 15433509.0 9375000.0 0.0099339643992 0.0083834425353 0.0099839808782 0.0115184777776
Herato18 Herato1805 15483509.0 9425000.0 0.0268615702376 0.0227715587222 0.026720993946 0.03199213563
Herato18 Herato1805 15533509.0 9475000.0 0.04599768753 0.041038875136 0.045522134112 0.053820529796
Herato18 Herato1805 15583509.0 9525000.0 0.0418970193114 0.0371600706693 0.0419351795142 0.046761058339
Herato18 Herato1805 15633509.0 9575000.0 0.04409358884 0.0412950561 0.04397956416 0.04766236508
Herato18 Herato1805 15683509.0 9625000.0 0.036713106274 0.03221693956 0.036578014542 0.041970303922
Herato18 Herato1805 15733509.0 9675000.0 0.060738042048 0.056557581256 0.060355493892 0.06529670302
Herato18 Herato1805 15783509.0 9725000.0 0.053208522086 0.044163020304 0.052585757286 0.062782984202
Herato18 Herato1805 15833509.0 9775000.0 0.032966406068 0.027748688764 0.032778947846 0.039245729602
Herato18 Herato1805 15883509.0 9825000.0 0.045164993762 0.0369381634156 0.0449802959492 0.053944511648
Herato18 Herato1805 15933509.0 9875000.0 0.058795181264 0.0512523503058 0.058048165424 0.071122235072
Herato18 Herato1805 15983509.0 9925000.0 0.049555677946 0.042327081064 0.04770322286 0.0596060276
Herato18 Herato1805 16033509.0 9975000.0 0.0442659219514 0.0423004691296 0.0438317032838 0.046784041278
Herato18 Herato1805 16083509.0 10025000.0 0.06652658868 0.06329910658 0.06645280896 0.07075669048
Herato18 Herato1805 16133509.0 10075000.0 0.073326194108 0.066556409614 0.073229934098 0.080864492466
Herato18 Herato1805 16183509.0 10125000.0 0.0576828561661 0.0532043138357 0.0574022561334 0.0633502902548
Herato18 Herato1805 16233509.0 10175000.0 0.058013086512 0.039987650764 0.058258987368 0.087116920112
Herato18 Herato1805 16283509.0 10225000.0 0.0350447861956 0.0300972938986 0.0348698636312 0.0417044300056
Herato18 Herato1805 16333509.0 10275000.0 0.031761505748 0.0281225496542 0.031628192598 0.03599814098
Herato18 Herato1805 16368907.0 10325000.0 0.0330927019706 0.0304355402682 0.0329809693181 0.0359394375418
Herato18 Herato1806 16390417.0 25000.0 0.0272619920799 0.0248891452165 0.0271776281613 0.0294938488435
Herato18 Herato1807 16426529.0 25000.0 0.02983064447 0.0248815232204 0.029623379778 0.036327928854
Herato18 Herato1807 16476529.0 75000.0 0.0349312775174 0.0325299421148 0.0348909587534 0.03785129356
Herato18 Herato1807 16526529.0 125000.0 0.015925564754 0.014405979678 0.01584658405 0.017704812204
Herato18 Herato1807 16576529.0 175000.0 0.0134216820508 0.0122729470912 0.0132802680058 0.01525142522
Herato18 Herato1807 16626529.0 225000.0 0.034624777906 0.0299083910638 0.0346512074316 0.0397346061824
Herato18 Herato1807 16676529.0 275000.0 0.042033755402 0.040913057046 0.04204449525 0.044598477078
Herato18 Herato1807 16726529.0 325000.0 0.05175792058 0.0495678724 0.05189781002 0.0546637159
Herato18 Herato1807 16776529.0 375000.0 0.07772251024 0.07330625192 0.07716110072 0.08222814208
Herato18 Herato1807 16826529.0 425000.0 0.0604611479 0.05531429012 0.06026752904 0.06583240086
Herato18 Herato1807 16876529.0 475000.0 0.0589861008 0.0559414053 0.0597260268 0.0619378056
Herato18 Herato1807 16926529.0 525000.0 0.040729603414 0.0349965701545 0.0417290871714 0.045844075292
Herato18 Herato1807 16976529.0 575000.0 0.056992675668 0.05123511861 0.05672404466 0.064268020836
Herato18 Herato1807 17026529.0 625000.0 0.08935673513 0.077186608826 0.088667754636 0.1043090069
Herato18 Herato1807 17076529.0 675000.0 0.097812491078 0.0911625900584 0.097784125306 0.106162440354
Herato18 Herato1807 17126529.0 725000.0 0.08498089496 0.08188734962 0.08438445928 0.09092308274
Herato18 Herato1807 17176529.0 775000.0 0.09745594638 0.09345058736 0.09639426314 0.1048711114
Herato18 Herato1807 17226529.0 825000.0 0.089769343302 0.084566801724 0.088998535858 0.098279113554
Herato18 Herato1807 17276529.0 875000.0 0.07675164736 0.07063093462 0.07632432816 0.08411257208
Herato18 Herato1807 17326529.0 925000.0 0.08172737208 0.073592525362 0.08102746983 0.091223090184
Herato18 Herato1807 17376529.0 975000.0 0.047280256102 0.046524967112 0.047041749984 0.048556667748
Herato18 Herato1807 17426529.0 1025000.0 0.047108362678 0.04157847825 0.04625785552 0.057381484542
Herato18 Herato1807 17476529.0 1075000.0 0.0628957491976 0.0526171467877 0.062070938727 0.0800743812492
Herato18 Herato1807 17526529.0 1125000.0 0.0326383057714 0.0247832301175 0.0306753984812 0.045066113478
Herato18 Herato1807 17576529.0 1175000.0 0.02151435629 0.017380770018 0.021259121634 0.02755698893
Herato18 Herato1807 17626529.0 1225000.0 0.05868508442 0.051885814106 0.05798670937 0.06856228914
Herato18 Herato1807 17676529.0 1275000.0 0.04463937515 0.040356939066 0.04459736553 0.049626175002
Herato18 Herato1807 17726529.0 1325000.0 0.04721276121 0.038039521708 0.042298941128 0.06365043915
Herato18 Herato1807 17776529.0 1375000.0 0.05370270626 0.04926447012 0.05404659592 0.05843286376
Herato18 Herato1807 17826529.0 1425000.0 0.084061870748 0.0774554422054 0.0840342562136 0.0907267665328
Herato18 Herato1807 17876529.0 1475000.0 0.0454206413564 0.0439056616639 0.0452692292638 0.048095072892
Herato18 Herato1807 17926529.0 1525000.0 0.048496063176 0.0441212043766 0.0483101261536 0.053723908456
Herato18 Herato1807 17976529.0 1575000.0 0.071105190688 0.0619198108187 0.070916229816 0.081831911798
Herato18 Herato1807 18026529.0 1625000.0 0.03178712318 0.028874587486 0.031715734296 0.035320720626
Herato18 Herato1807 18076529.0 1675000.0 0.041557431212 0.036178183304 0.041377481168 0.047211340056
Herato18 Herato1807 18126529.0 1725000.0 0.044921047244 0.041067192924 0.04468575112 0.04951945158
Herato18 Herato1807 18176529.0 1775000.0 0.062929700056 0.060242287054 0.062758912722 0.0665417382
Herato18 Herato1807 18226529.0 1825000.0 0.078977647688 0.069130300114 0.077917731952 0.092202988264
Herato18 Herato1807 18276529.0 1875000.0 0.07040120366 0.067133195 0.07049423212 0.07250664064
Herato18 Herato1807 18326529.0 1925000.0 0.06664363938 0.05839314002 0.06659122558 0.07776197594
Herato18 Herato1807 18376529.0 1975000.0 0.08000202102 0.07497608928 0.0799555407 0.08474735116
Herato18 Herato1807 18426529.0 2025000.0 0.0727796512 0.07081409928 0.0723632972 0.07663594264
Herato18 Herato1807 18476529.0 2075000.0 0.08220693912 0.0759688912 0.08243935526 0.08748410104
Herato18 Herato1807 18526529.0 2125000.0 0.08817996014 0.08425058042 0.08772501274 0.09202360884
Herato18 Herato1807 18576529.0 2175000.0 0.08867157383 0.07691593269 0.088087459188 0.10169636772
Herato18 Herato1807 18626529.0 2225000.0 0.05040067698 0.0458565607 0.05006539272 0.05562510144
Herato18 Herato1807 18676529.0 2275000.0 0.061633528448 0.05746008753 0.06103953144 0.06643015188
Herato18 Herato1807 18726529.0 2325000.0 0.071526823098 0.0650621658995 0.0714308009906 0.078359485888
Herato18 Herato1807 18776529.0 2375000.0 0.08764791978 0.07995156476 0.08704995506 0.09658017842
Herato18 Herato1807 18826529.0 2425000.0 0.1001285518 0.09041385672 0.10132797876 0.10849913146
Herato18 Herato1807 18876529.0 2475000.0 0.03781512004 0.03548741896 0.03821231656 0.03919091106
Herato18 Herato1807 18926529.0 2525000.0 0.029621194676 0.0281684620768 0.029448150198 0.031328688524
Herato18 Herato1807 18976529.0 2575000.0 0.033536981826 0.0262522295926 0.0316880457296 0.054189406456
Herato18 Herato1807 19026529.0 2625000.0 0.0146158820561 0.012508404754 0.0145077095254 0.0172716853116
Herato18 Herato1807 19076529.0 2675000.0 0.0141363833042 0.00990023179454 0.0138777017029 0.0201355520132
Herato18 Herato1807 19126529.0 2725000.0 0.0188746931344 0.0173055158801 0.018769972044 0.0205524289168
Herato18 Herato1807 19176529.0 2775000.0 0.0234124092192 0.0206653755047 0.0232827465684 0.0265813103576
Herato18 Herato1807 19226529.0 2825000.0 0.0164575608357 0.00679000004456 0.0156475493385 0.0329420251443
Herato18 Herato1807 19276529.0 2875000.0 0.03229331242 0.028513492446 0.032210053924 0.036876247474
Herato18 Herato1807 19326529.0 2925000.0 0.031129704827 0.02842296905 0.0310943132388 0.033795042543
Herato18 Herato1807 19376529.0 2975000.0 0.06185564932 0.0570949512462 0.06160599582 0.06670300154
Herato18 Herato1807 19426529.0 3025000.0 0.05472008822 0.0477202398 0.05483237476 0.0634888571
Herato18 Herato1807 19476529.0 3075000.0 0.036099297008 0.032482739946 0.036207514056 0.038731110812
Herato18 Herato1807 19526529.0 3125000.0 0.051971928962 0.028176370726 0.05044068154 0.073648959916
Herato18 Herato1807 19576529.0 3175000.0 0.0376790920282 0.0304806974897 0.0369907484352 0.047266635268
Herato18 Herato1807 19626529.0 3225000.0 0.0285852473248 0.0212795644742 0.0284585961226 0.0381359985588
Herato18 Herato1807 19676529.0 3275000.0 0.06346012029 0.03931556657 0.060137191708 0.102845174588
Herato18 Herato1807 19726529.0 3325000.0 0.043651310404 0.037673296552 0.043271151156 0.051444900816
Herato18 Herato1807 19776529.0 3375000.0 0.042635715232 0.038848804122 0.04252424726 0.04679927332
Herato18 Herato1807 19826529.0 3425000.0 0.0493449878234 0.0464960555793 0.0492274588952 0.0524033302106
Herato18 Herato1807 19876529.0 3475000.0 0.05862881676 0.051029770612 0.05836977466 0.0681886161
Herato18 Herato1807 19926529.0 3525000.0 0.045135605534 0.0366674013587 0.0429144086316 0.0640240807996
Herato18 Herato1807 19976529.0 3575000.0 0.06635029074 0.06203600556 0.06564830362 0.07267263808
Herato18 Herato1807 20026529.0 3625000.0 0.055839503522 0.045405641074 0.053624437062 0.081450866452
Herato18 Herato1807 20076529.0 3675000.0 0.0279372893716 0.0252810577621 0.0278671997702 0.0313895445684
Herato18 Herato1807 20126529.0 3725000.0 0.0137387350304 0.0119430121832 0.0136328528938 0.0162797293102
Herato18 Herato1807 20176529.0 3775000.0 0.00813296318778 0.00676946837512 0.00800546293062 0.0099543241552
Herato18 Herato1807 20226529.0 3825000.0 0.00770387356082 0.00616795739336 0.00762516511762 0.0094774580344
Herato18 Herato1807 20276529.0 3875000.0 0.0169827759393 0.0141190062115 0.0167345738975 0.0206614598784
Herato18 Herato1807 20326529.0 3925000.0 0.040584393768 0.0180348614484 0.038497379586 0.072068969002
Herato18 Herato1807 20376529.0 3975000.0 0.0183511640398 0.0140728169428 0.0181026253754 0.024387198226
Herato18 Herato1807 20426529.0 4025000.0 0.041373087158 0.03654961014 0.041321101258 0.046918904788
Herato18 Herato1807 20476529.0 4075000.0 0.07200204484 0.0682390850971 0.07196827916 0.0769927969
Herato18 Herato1807 20526529.0 4125000.0 0.07666304856 0.07181121074 0.0766265819 0.0818798285
Herato18 Herato1807 20576529.0 4175000.0 0.063045777168 0.05524160921 0.062917784964 0.070657848046
Herato18 Herato1807 20626529.0 4225000.0 0.07155009588 0.0661557595 0.07166215752 0.07576958506
Herato18 Herato1807 20676529.0 4275000.0 0.05818176984 0.05404657566 0.0581541096 0.06157615522
Herato18 Herato1807 20726529.0 4325000.0 0.0431664981216 0.039573434476 0.0430471773362 0.0470094377154
Herato18 Herato1807 20776529.0 4375000.0 0.08085685198 0.07610881992 0.08021463664 0.09114104472
Herato18 Herato1807 20826529.0 4425000.0 0.0757054447104 0.0704971635151 0.0755246520582 0.081948240134
Herato18 Herato1807 20876529.0 4475000.0 0.0560822123438 0.0492173017988 0.0557989533204 0.066245805414
Herato18 Herato1807 20926529.0 4525000.0 0.027715994946 0.026067450564 0.02748361166 0.0299560876
Herato18 Herato1807 20976529.0 4575000.0 0.0391573475334 0.0369653037238 0.0391976047218 0.0413532932046
Herato18 Herato1807 21026529.0 4625000.0 0.067639124852 0.059786360982 0.06756995489 0.07529279177
Herato18 Herato1807 21076529.0 4675000.0 0.0699263907 0.060744218518 0.069213749684 0.08229657288
Herato18 Herato1807 21126529.0 4725000.0 0.048918295618 0.04477991814 0.048676230194 0.053588220774
Herato18 Herato1807 21176529.0 4775000.0 0.06013288774 0.057862756663 0.060164525284 0.062737956504
Herato18 Herato1807 21226529.0 4825000.0 0.0548806265044 0.0474870498308 0.0544951904848 0.0640545290888
Herato18 Herato1807 21276529.0 4875000.0 0.052121071284 0.046373533844 0.051927668776 0.058869482002
Herato18 Herato1807 21326529.0 4925000.0 0.0307016803274 0.0274994107599 0.030583350279 0.0348414299164
Herato18 Herato1807 21376529.0 4975000.0 0.039497717688 0.034945755996 0.03931793894 0.043864600604
Herato18 Herato1807 21426529.0 5025000.0 0.0270552889976 0.0218275979834 0.0252634144753 0.0380501777392
Herato18 Herato1807 21476529.0 5075000.0 0.059124280604 0.0537922064404 0.058935416103 0.064854787734
Herato18 Herato1807 21526529.0 5125000.0 0.052214255298 0.047908631774 0.052163104566 0.057360043154
Herato18 Herato1807 21576529.0 5175000.0 0.037584822118 0.03420949695 0.037602282684 0.040952982248
Herato18 Herato1807 21626529.0 5225000.0 0.04204918693 0.0383406255184 0.041793947936 0.046490134228
Herato18 Herato1807 21676529.0 5275000.0 0.04715779772 0.04433293792 0.04715978456 0.04960667948
