chrom scaffold Cposition position mean p0025 p0500 p0975
Herato02 Herato0201 14327.5 25000.0 0.0227890213939 0.00847576220291 0.0204662320804 0.0404535372212
Herato02 Herato0202 53655.0 25000.0 0.0208337719568 0.0178423305273 0.0208460034812 0.024427099371
Herato02 Herato0202 103655.0 75000.0 0.0210762430514 0.0182414266917 0.0210344929262 0.0240867221832
Herato02 Herato0202 153655.0 125000.0 0.0463571047996 0.0425189388303 0.046275169865 0.0499292400901
Herato02 Herato0202 197058.0 175000.0 0.0449355508034 0.0381237561671 0.0450081820635 0.0521652273624
Herato02 Herato0203 240462.0 25000.0 0.0455182013708 0.0162000686348 0.0413762537905 0.095838099887
Herato02 Herato0203 290462.0 75000.0 0.0486734324169 0.0167318856506 0.0429264596326 0.114860962838
Herato02 Herato0203 340462.0 125000.0 0.0247009785636 0.0154151249443 0.0232663503284 0.0457059490374
Herato02 Herato0203 390462.0 175000.0 0.0207481268062 0.0138734638482 0.0205603197127 0.028805056656
Herato02 Herato0203 440462.0 225000.0 0.0272000395445 0.0198105287669 0.0236907924647 0.051209246585
Herato02 Herato0203 490462.0 275000.0 0.039676097848 0.029365940586 0.038820462572 0.055440632198
Herato02 Herato0203 540462.0 325000.0 0.0397216511976 0.0214702894006 0.036311477762 0.075866951754
Herato02 Herato0203 583426.5 375000.0 0.127273301243 0.0264615916974 0.120315741834 0.281042802378
Herato02 Herato0204 626392.0 25000.0 0.0408265037444 0.0313245960394 0.038965292329 0.0679336403908
Herato02 Herato0204 676392.0 75000.0 0.0339501033144 0.0230757099169 0.032486452964 0.0527881840633
Herato02 Herato0204 726392.0 125000.0 0.0704239525676 0.0217781315434 0.0651144069169 0.147655421515
Herato02 Herato0204 776392.0 175000.0 0.033684985364 0.0244033662402 0.033139927488 0.04904127107
Herato02 Herato0204 826392.0 225000.0 0.0316494089916 0.0227538333553 0.031662971808 0.047061426142
Herato02 Herato0204 876392.0 275000.0 0.0328180927162 0.0289514216219 0.0326158492658 0.038083171568
Herato02 Herato0204 926392.0 325000.0 0.042203276974 0.036734090006 0.04060975555 0.055241851706
Herato02 Herato0204 976392.0 375000.0 0.0355763926236 0.0261736713373 0.033533793659 0.0590126993908
Herato02 Herato0204 1026392.0 425000.0 0.042198470984 0.038912193294 0.042254370834 0.044774614656
Herato02 Herato0204 1076392.0 475000.0 0.0336099347722 0.0289277660066 0.0332148408905 0.0406812473064
Herato02 Herato0204 1126392.0 525000.0 0.063871036826 0.0579566022122 0.0639093464948 0.070590367038
Herato02 Herato0204 1176392.0 575000.0 0.0764572967936 0.0657471760284 0.0753850177156 0.090967817702
Herato02 Herato0204 1226392.0 625000.0 0.0718157795262 0.0636136314771 0.0715766244542 0.0821030929468
Herato02 Herato0204 1276392.0 675000.0 0.047484876448 0.043979596668 0.047871712198 0.050516813876
Herato02 Herato0204 1326392.0 725000.0 0.056436346076 0.051195721512 0.056259226392 0.062065228592
Herato02 Herato0204 1376392.0 775000.0 0.05230300578 0.045748986124 0.0520037958 0.059459474712
Herato02 Herato0204 1426392.0 825000.0 0.05341613336 0.04694786594 0.05287550234 0.06289597184
Herato02 Herato0204 1476392.0 875000.0 0.037895494122 0.027133746216 0.03793842804 0.047800771884
Herato02 Herato0204 1526392.0 925000.0 0.0474098548 0.04456738404 0.0476371023 0.0504925598
Herato02 Herato0204 1576392.0 975000.0 0.047779909874 0.0409463125448 0.0476162274576 0.0562656607568
Herato02 Herato0204 1626392.0 1025000.0 0.0384331987828 0.0250178195112 0.0336549845128 0.077282551172
Herato02 Herato0204 1676392.0 1075000.0 0.03301887211 0.0307077177604 0.033110209426 0.03540069427
Herato02 Herato0204 1726392.0 1125000.0 0.0456978816556 0.034807341367 0.0452321908926 0.0606314317456
Herato02 Herato0204 1776392.0 1175000.0 0.03413592766 0.024807573848 0.03188725418 0.050871488544
Herato02 Herato0204 1826392.0 1225000.0 0.0344588369498 0.0316037354399 0.0341883440238 0.0383518244386
Herato02 Herato0204 1876392.0 1275000.0 0.03217750354 0.026763246086 0.031932783756 0.03919433656
Herato02 Herato0204 1926392.0 1325000.0 0.0513500202882 0.0412571800178 0.0504772911056 0.064776754122
Herato02 Herato0204 1976392.0 1375000.0 0.044757867064 0.0353585400092 0.0445841531416 0.055768344212
Herato02 Herato0204 2026392.0 1425000.0 0.0177341796062 0.0148092456292 0.0175649180586 0.0214445625582
Herato02 Herato0204 2076392.0 1475000.0 0.036583452489 0.0294060645357 0.0360071538908 0.0467944813168
Herato02 Herato0204 2126392.0 1525000.0 0.0588464278058 0.0256100388322 0.0558784791314 0.111292295525
Herato02 Herato0204 2171927.0 1575000.0 0.0221323169573 0.0138553810554 0.0195640252295 0.0435017347322
Herato02 Herato0205 2217463.0 25000.0 0.0556485471825 0.0343041949318 0.0526046437956 0.092262233536
Herato02 Herato0205 2262525.5 75000.0 0.0526790655661 0.0301923971482 0.0524837933094 0.0797310497964
Herato02 Herato0206 2307589.0 25000.0 0.034379152574 0.0189539125444 0.03274947281 0.061956754802
Herato02 Herato0206 2357589.0 75000.0 0.022951282294 0.0178405064522 0.0221564454664 0.0325296473332
Herato02 Herato0206 2407589.0 125000.0 0.0410463571744 0.0275548098078 0.0389853934334 0.0760474666782
Herato02 Herato0206 2457589.0 175000.0 0.0576846091921 0.0294168430448 0.0521991415606 0.118552726613
Herato02 Herato0206 2507589.0 225000.0 0.0196919368512 0.0172777091137 0.0195110137094 0.0230418230884
Herato02 Herato0206 2557589.0 275000.0 0.0299984501 0.017696300906 0.029327454568 0.048954849598
Herato02 Herato0206 2607589.0 325000.0 0.038065589912 0.0284734956775 0.0355274974728 0.0586039399864
Herato02 Herato0206 2657589.0 375000.0 0.0368982652959 0.0281669200656 0.0356336594587 0.05711041271
Herato02 Herato0206 2707589.0 425000.0 0.0146381381676 0.0116381091692 0.014544864199 0.0174310579528
Herato02 Herato0206 2757589.0 475000.0 0.0684268122986 0.0375495357958 0.0667070370906 0.109951797914
Herato02 Herato0206 2807589.0 525000.0 0.036397334502 0.0237986538486 0.0349425281778 0.0573823319012
Herato02 Herato0206 2857589.0 575000.0 0.062782544174 0.0360272828779 0.0582808799596 0.117665228376
Herato02 Herato0206 2907589.0 625000.0 0.0305157701612 0.0230877846686 0.02997210246 0.041098664062
Herato02 Herato0206 2957589.0 675000.0 0.0652342232756 0.0410132761152 0.0628556904178 0.106463096417
Herato02 Herato0206 3007589.0 725000.0 0.0278165826825 0.0231165803721 0.0276252086831 0.0340960358548
Herato02 Herato0206 3057589.0 775000.0 0.0253092469676 0.0162301907767 0.0247071698059 0.0390402514436
Herato02 Herato0206 3107589.0 825000.0 0.0457080137912 0.0358374450412 0.0453035550116 0.055289111288
Herato02 Herato0206 3157589.0 875000.0 0.034517143626 0.0282902497064 0.034077889894 0.04323352601
Herato02 Herato0206 3207589.0 925000.0 0.03697268116 0.032942548418 0.036837283082 0.041265741168
Herato02 Herato0206 3257589.0 975000.0 0.0433365187 0.03918746264 0.04352669778 0.04774499548
Herato02 Herato0206 3307589.0 1025000.0 0.0567172426412 0.0411315185372 0.0534760168068 0.084409950584
Herato02 Herato0206 3357589.0 1075000.0 0.0604435312606 0.050115759414 0.0597577625817 0.0742322854656
Herato02 Herato0206 3390702.5 1125000.0 0.0167786632834 0.0098361715351 0.0170630544648 0.0343652853947
Herato02 Herato0207 3406547.5 25000.0 0.00837308804734 0.0041930551452 0.00834989505853 0.0119893396352
Herato02 Herato0208 3439279.0 25000.0 0.021228165106 0.01695294377 0.021044163886 0.02803955157
Herato02 Herato0208 3489279.0 75000.0 0.0369188603868 0.0302751102523 0.0369841382866 0.043717636066
Herato02 Herato0208 3539279.0 125000.0 0.0221934942398 0.0174188191038 0.0203367845816 0.029213096652
Herato02 Herato0208 3589279.0 175000.0 0.0299745533778 0.0255003560109 0.0300541441982 0.03428018306
Herato02 Herato0208 3639279.0 225000.0 0.0363658317168 0.0306466083286 0.036385182792 0.04325354828
Herato02 Herato0208 3689279.0 275000.0 0.0326089738676 0.0292460705312 0.0325619619044 0.03567259849
Herato02 Herato0208 3739279.0 325000.0 0.0350124372342 0.0307512084532 0.0349682569158 0.039811121142
Herato02 Herato0208 3789279.0 375000.0 0.0487168559824 0.0421551101867 0.0483640678092 0.0566738757004
Herato02 Herato0208 3839279.0 425000.0 0.0563323168338 0.048138754071 0.0559251683438 0.0664657505168
Herato02 Herato0208 3889279.0 475000.0 0.0408344220352 0.0356692709924 0.0407235674954 0.0467474920668
Herato02 Herato0208 3939279.0 525000.0 0.0367099030078 0.0338103511372 0.036750762706 0.03991151868
Herato02 Herato0208 3987303.0 575000.0 0.045441669256 0.0420044527397 0.045374765782 0.0494944645444
Herato02 Herato0209 4035328.0 25000.0 0.041535650062 0.039389089538 0.04135691343 0.0442028996
Herato02 Herato0209 4085328.0 75000.0 0.023125016304 0.01955703704 0.023032297492 0.027925216678
Herato02 Herato0209 4135328.0 125000.0 0.021621367507 0.0155481896203 0.021500190128 0.02832684585
Herato02 Herato0209 4185328.0 175000.0 0.0420273404299 0.0232775731497 0.0413311062527 0.0607184614696
Herato02 Herato0209 4235328.0 225000.0 0.0210148923763 0.0163992277396 0.0209429188781 0.0270828695909
Herato02 Herato0209 4285328.0 275000.0 0.016542996826 0.01467720528 0.01622095135 0.02034913258
Herato02 Herato0209 4335328.0 325000.0 0.0323004464389 0.0240085667287 0.0318199132198 0.0455809536811
Herato02 Herato0209 4385328.0 375000.0 0.04586418936 0.04190536944 0.04586322708 0.05042924568
Herato02 Herato0209 4435328.0 425000.0 0.0230480051193 0.0212011541297 0.0230271035553 0.0249303864931
Herato02 Herato0209 4485328.0 475000.0 0.04168392864 0.035091683112 0.041440250246 0.046180600928
Herato02 Herato0209 4535328.0 525000.0 0.051273887988 0.028253087106 0.047145639858 0.094229707808
Herato02 Herato0209 4585328.0 575000.0 0.0342091890459 0.0257842066883 0.0338101455764 0.0433465896406
Herato02 Herato0209 4635328.0 625000.0 0.04302214183 0.0340772965832 0.0425314215363 0.0553768598622
Herato02 Herato0209 4685328.0 675000.0 0.040333289934 0.0331184254724 0.039460900776 0.053600220624
Herato02 Herato0209 4735328.0 725000.0 0.0403272711324 0.033871903385 0.040165793913 0.0484721366972
Herato02 Herato0209 4785328.0 775000.0 0.0934160056168 0.0254058428355 0.0886109259476 0.204515804627
Herato02 Herato0209 4835328.0 825000.0 0.0229024090242 0.0198283021291 0.0225242072593 0.0266045150036
Herato02 Herato0209 4885328.0 875000.0 0.0188369438 0.015688180244 0.017858759046 0.023466419
Herato02 Herato0209 4935328.0 925000.0 0.0622275289004 0.0268810024668 0.0554618866512 0.141023481355
Herato02 Herato0209 4985328.0 975000.0 0.0596575955825 0.0470016255352 0.0591061136566 0.0757154222274
Herato02 Herato0209 5035328.0 1025000.0 0.031655434712 0.0283312024891 0.031778689409 0.0344314174962
Herato02 Herato0209 5085328.0 1075000.0 0.0344480038744 0.029103532738 0.0345413406944 0.039969961268
Herato02 Herato0209 5135328.0 1125000.0 0.031668715442 0.02843476449 0.031842188046 0.035118081024
Herato02 Herato0209 5167659.5 1175000.0 0.033975603901 0.0308135333833 0.0337735333833 0.0374252363091
Herato02 Herato0210 5199992.0 25000.0 0.038595713147 0.0344385266786 0.0379013043964 0.044241100392
Herato02 Herato0210 5249992.0 75000.0 0.0569779116028 0.0488276641745 0.056417396283 0.0674676436982
Herato02 Herato0210 5299992.0 125000.0 0.0560389479542 0.045300215603 0.0542352180176 0.072643169898
Herato02 Herato0210 5349992.0 175000.0 0.0174909548265 0.0154793037047 0.0174577265076 0.0195838450433
Herato02 Herato0210 5388896.0 225000.0 0.0703624280423 0.0669518767261 0.0700348789917 0.0736166491297
Herato02 Herato0211 5427801.0 25000.0 0.059082826372 0.055784359064 0.058858393178 0.06218941314
Herato02 Herato0211 5477801.0 75000.0 0.0433474747111 0.0399755271222 0.0436829690112 0.046638801915
Herato02 Herato0211 5527801.0 125000.0 0.0588222571247 0.0481158219872 0.058433608241 0.073511153895
Herato02 Herato0211 5577801.0 175000.0 0.03554731928 0.027496612156 0.034838982962 0.050153241598
Herato02 Herato0211 5627801.0 225000.0 0.036749116236 0.03485781664 0.036799979658 0.039002360312
Herato02 Herato0211 5677801.0 275000.0 0.041402992634 0.0255068806149 0.0326274559673 0.093048877028
Herato02 Herato0211 5727801.0 325000.0 0.0465910108384 0.0257687924536 0.0430743226566 0.0863518194338
Herato02 Herato0211 5777801.0 375000.0 0.024552350112 0.021437895198 0.024535388854 0.028082345396
Herato02 Herato0211 5827801.0 425000.0 0.028117639354 0.023500866442 0.027681191744 0.034734918008
Herato02 Herato0211 5877801.0 475000.0 0.040367800692 0.035507501438 0.040246392396 0.047435755968
Herato02 Herato0211 5927801.0 525000.0 0.038978941164 0.035837760382 0.038873144518 0.042224979274
Herato02 Herato0211 5977801.0 575000.0 0.037569136998 0.0300605696736 0.037092754792 0.048444449148
Herato02 Herato0211 6027801.0 625000.0 0.0608143234472 0.036573734019 0.0606342641988 0.0910002847112
Herato02 Herato0211 6077801.0 675000.0 0.04360033644 0.02468011828 0.04288034172 0.071294152
Herato02 Herato0211 6127801.0 725000.0 0.0311497805 0.0239265318162 0.030256099236 0.044405407692
Herato02 Herato0211 6177801.0 775000.0 0.07521888272 0.041440970787 0.0714018258388 0.129459643438
Herato02 Herato0211 6227801.0 825000.0 0.040232374743 0.013490821238 0.0374324640546 0.111439658279
Herato02 Herato0211 6277801.0 875000.0 0.0354135045883 0.0232357801285 0.0345323849422 0.0542154964382
Herato02 Herato0211 6327801.0 925000.0 0.0847112261272 0.0376259590425 0.0780691806054 0.166665004971
Herato02 Herato0211 6377801.0 975000.0 0.0560732337852 0.032430695185 0.0534713886241 0.0947469603942
Herato02 Herato0211 6427801.0 1025000.0 0.0133324707626 0.0111293914723 0.0131592924202 0.016600277614
Herato02 Herato0211 6477801.0 1075000.0 0.040745256382 0.0138965577738 0.037536543216 0.085580939736
Herato02 Herato0211 6527801.0 1125000.0 0.0343300649664 0.0294252946781 0.0339723278506 0.0407734448044
Herato02 Herato0211 6577801.0 1175000.0 0.0638843903694 0.0427278625516 0.0616337612912 0.0965993128186
Herato02 Herato0211 6627801.0 1225000.0 0.0222444906187 0.0195105499763 0.022291609011 0.0253374155712
Herato02 Herato0211 6677801.0 1275000.0 0.02440833576 0.02251262928 0.0245609436 0.02653493592
Herato02 Herato0211 6727801.0 1325000.0 0.033236341348 0.030045803058 0.033071062808 0.036086270518
Herato02 Herato0211 6777801.0 1375000.0 0.05440125682 0.0354894859728 0.052009591472 0.090331153056
Herato02 Herato0211 6827801.0 1425000.0 0.0810039632948 0.064302627118 0.0800764054044 0.102586421035
Herato02 Herato0211 6877801.0 1475000.0 0.036053252257 0.0298829101312 0.0358329200212 0.0455740082586
Herato02 Herato0211 6927801.0 1525000.0 0.0386352440288 0.032590636279 0.0383449450834 0.046442157586
Herato02 Herato0211 6977801.0 1575000.0 0.0317659986303 0.0299747296608 0.0318180392949 0.0340947277784
Herato02 Herato0211 7027801.0 1625000.0 0.03896535892 0.03660204214 0.03904930782 0.04179672514
Herato02 Herato0211 7077801.0 1675000.0 0.042049920982 0.039379948644 0.042003160088 0.04497891148
Herato02 Herato0211 7127801.0 1725000.0 0.040494805906 0.03819979567 0.040576429926 0.042553940336
Herato02 Herato0211 7177801.0 1775000.0 0.043547451088 0.038402787664 0.043283846472 0.05195001406
Herato02 Herato0211 7227801.0 1825000.0 0.0379418216 0.0370546208 0.037785962 0.0391397425
Herato02 Herato0211 7277801.0 1875000.0 0.0370476936824 0.0268087910857 0.0307017782476 0.070719229648
Herato02 Herato0211 7327801.0 1925000.0 0.0155783489047 0.0146639364722 0.0155097592042 0.0167602778482
Herato02 Herato0211 7377801.0 1975000.0 0.0390969836238 0.0232581857355 0.0383589525718 0.059526748036
Herato02 Herato0211 7427801.0 2025000.0 0.03358768351 0.022093596502 0.031585608076 0.057339392872
Herato02 Herato0211 7477801.0 2075000.0 0.022856832804 0.02142767422 0.02275652135 0.0245513583
Herato02 Herato0211 7527801.0 2125000.0 0.03432084007 0.0297325919042 0.034048066534 0.040664427016
Herato02 Herato0211 7577801.0 2175000.0 0.0384429413824 0.0275350213397 0.037567228132 0.0611315142132
Herato02 Herato0211 7627801.0 2225000.0 0.051622530124 0.027595324468 0.048132405668 0.09751128534
Herato02 Herato0211 7677801.0 2275000.0 0.021336401332 0.0154440546028 0.02019481986 0.032029080834
Herato02 Herato0211 7727801.0 2325000.0 0.0202569318786 0.0164583303037 0.0200936838062 0.026359970809
Herato02 Herato0211 7777801.0 2375000.0 0.0662168181472 0.0456165207187 0.0634907308712 0.104350329353
Herato02 Herato0211 7827801.0 2425000.0 0.044735377031 0.0375733772566 0.044701317143 0.05305380465
Herato02 Herato0211 7877801.0 2475000.0 0.038048044547 0.0346646546039 0.0381691832546 0.0411116953848
Herato02 Herato0211 7927801.0 2525000.0 0.04234198394 0.03909345554 0.04207305668 0.04587610334
Herato02 Herato0211 7977801.0 2575000.0 0.0447868753989 0.0385188559455 0.0447834226208 0.0522138492313
Herato02 Herato0211 8027801.0 2625000.0 0.0343949792508 0.030113165296 0.0344949721404 0.0391272167944
Herato02 Herato0211 8077801.0 2675000.0 0.0207772728664 0.0173899472546 0.020554708712 0.0249848112804
Herato02 Herato0211 8127801.0 2725000.0 0.0822715476438 0.041010134369 0.0699593293625 0.193776794561
Herato02 Herato0211 8177801.0 2775000.0 0.0582310359004 0.029702524914 0.0564295042454 0.0988746633368
Herato02 Herato0211 8227801.0 2825000.0 0.030324883056 0.027299841336 0.029340646876 0.035460829124
Herato02 Herato0211 8277801.0 2875000.0 0.03184471822 0.02867854164 0.03081598576 0.03716333502
Herato02 Herato0211 8327801.0 2925000.0 0.037029751162 0.0306111814366 0.0373787705108 0.043580475996
Herato02 Herato0211 8377801.0 2975000.0 0.038881347808 0.033792187517 0.0387069555704 0.045280759192
Herato02 Herato0211 8427801.0 3025000.0 0.0219934227863 0.0187910151955 0.0217802883435 0.026173511556
Herato02 Herato0211 8477801.0 3075000.0 0.0577230654 0.0427880640538 0.0561854077672 0.082332939328
Herato02 Herato0211 8510867.0 3125000.0 0.0212041338334 0.0155055864121 0.0213531208158 0.0255195738904
Herato02 Herato0212 8543934.0 25000.0 0.03185727218 0.0197690818772 0.028853448064 0.0516308549
Herato02 Herato0212 8593934.0 75000.0 0.0246508070283 0.0221919307906 0.0246108183668 0.0278426534486
Herato02 Herato0212 8632893.0 125000.0 0.02954677219 0.0273253082241 0.0294476622609 0.0325060545168
Herato02 Herato0213 8671853.0 25000.0 0.030408344069 0.0276245908116 0.0304959384218 0.033400275007
Herato02 Herato0213 8721853.0 75000.0 0.0203751970814 0.0163567593946 0.019878625492 0.0268619060332
Herato02 Herato0213 8764624.0 125000.0 0.0251515241686 0.0233882031399 0.0249449551517 0.0273020373642
Herato02 Herato0214 8807396.0 25000.0 0.024354426438 0.0217362967309 0.0244641209654 0.0269995122914
Herato02 Herato0214 8857396.0 75000.0 0.0102208971276 0.00709492458687 0.00968216603598 0.014716195726
Herato02 Herato0214 8907396.0 125000.0 0.0302325116702 0.0231236928884 0.0296034452526 0.0403936846656
Herato02 Herato0214 8957396.0 175000.0 0.034658459812 0.0270392849403 0.0343622642906 0.0444225227
Herato02 Herato0214 9007396.0 225000.0 0.0414110571758 0.0315771260364 0.0400087528576 0.05614177955
Herato02 Herato0214 9057396.0 275000.0 0.0381725501376 0.0332598456066 0.0379767197538 0.043118713408
Herato02 Herato0214 9107396.0 325000.0 0.04416533492 0.037245970162 0.043611709154 0.052694706522
Herato02 Herato0214 9157396.0 375000.0 0.065031039512 0.031436869654 0.060238240808 0.11463351133
Herato02 Herato0214 9207396.0 425000.0 0.0559955286394 0.0394258485149 0.0540701191118 0.0828238196622
Herato02 Herato0214 9257396.0 475000.0 0.0415819416921 0.0254483719867 0.0368773761082 0.073770659721
Herato02 Herato0214 9307396.0 525000.0 0.038736433928 0.030021739518 0.038851017914 0.044932614184
Herato02 Herato0214 9357396.0 575000.0 0.037813774476 0.0239859892932 0.0350225957564 0.074911263552
Herato02 Herato0214 9407396.0 625000.0 0.0464809660308 0.0393505864508 0.046346531054 0.053927672284
Herato02 Herato0214 9457396.0 675000.0 0.04576029414 0.0376162580996 0.044102867086 0.06207993956
Herato02 Herato0214 9507396.0 725000.0 0.0364366611 0.02977494348 0.0369321911 0.04133125
Herato02 Herato0214 9557396.0 775000.0 0.0441323330191 0.0389658466415 0.0441521878501 0.048961815512
Herato02 Herato0214 9607396.0 825000.0 0.054130784688 0.043188702192 0.05386054415 0.062689305784
Herato02 Herato0214 9657396.0 875000.0 0.0223267176072 0.0186622305211 0.0224991957668 0.024693477408
Herato02 Herato0214 9707396.0 925000.0 0.0219892995 0.020810669 0.0219882878 0.0234845921
Herato02 Herato0214 9757396.0 975000.0 0.027304250428 0.02177802151 0.025958622746 0.03477516989
Herato02 Herato0214 9807396.0 1025000.0 0.0575238758 0.05266039812 0.05743700884 0.06304961162
Herato02 Herato0214 9853383.5 1075000.0 0.023524740131 0.020422456891 0.023508716212 0.027133563383
Herato02 Herato0215 9899372.0 25000.0 0.0362452375091 0.0282132231778 0.0357073016434 0.047376071436
Herato02 Herato0215 9949372.0 75000.0 0.027379526582 0.0225880048592 0.02741838618 0.032384924756
Herato02 Herato0215 9999372.0 125000.0 0.03605386388 0.02775440286 0.03523810612 0.04876345532
Herato02 Herato0215 10049372.0 175000.0 0.0264750695648 0.0237984978236 0.026360053152 0.0295530208172
Herato02 Herato0215 10099372.0 225000.0 0.023617728372 0.021104358684 0.023586195926 0.025998691092
Herato02 Herato0215 10149372.0 275000.0 0.017674327748 0.0155610881302 0.0175108135124 0.020389998682
Herato02 Herato0215 10199372.0 325000.0 0.105360481473 0.0534581453052 0.100292281784 0.199557509018
Herato02 Herato0215 10249372.0 375000.0 0.036616089132 0.0180737353072 0.0323555503951 0.0781669641579
Herato02 Herato0215 10299372.0 425000.0 0.0545321061498 0.0324319069052 0.0535682066403 0.0830357485548
Herato02 Herato0215 10349372.0 475000.0 0.02580896272 0.02417250072 0.0257797044 0.0277839083
Herato02 Herato0215 10399372.0 525000.0 0.0422573627333 0.0388340448621 0.0419950840336 0.045817920822
Herato02 Herato0215 10449372.0 575000.0 0.030743477176 0.018943939606 0.033292573764 0.04585314332
Herato02 Herato0215 10499372.0 625000.0 0.045218073214 0.036891429558 0.043969235664 0.059062131674
Herato02 Herato0215 10549372.0 675000.0 0.0284515011 0.02666030018 0.0284073121 0.03078057434
Herato02 Herato0215 10599372.0 725000.0 0.0387754534276 0.0311688228152 0.0384380073318 0.049130928178
Herato02 Herato0215 10649372.0 775000.0 0.042879239722 0.0366013282572 0.042811049258 0.049718231008
Herato02 Herato0215 10699372.0 825000.0 0.0277274339592 0.0210721737462 0.028079021508 0.0365952200152
Herato02 Herato0215 10749372.0 875000.0 0.0266897305444 0.0236246416699 0.0267481255518 0.029922729162
Herato02 Herato0215 10799372.0 925000.0 0.032163986821 0.0272496464411 0.0306184170622 0.039789040277
Herato02 Herato0215 10849372.0 975000.0 0.029617946372 0.027195791376 0.029526750142 0.032108619112
Herato02 Herato0215 10899372.0 1025000.0 0.0246811531082 0.0208387454991 0.0246038032867 0.0286711150424
Herato02 Herato0215 10949372.0 1075000.0 0.031679012741 0.0300026617687 0.0319747082186 0.0335089698763
Herato02 Herato0215 10999372.0 1125000.0 0.032962475328 0.0298582389047 0.0329209153078 0.0361979692516
Herato02 Herato0215 11049372.0 1175000.0 0.0562622050083 0.0350000807989 0.0540017961556 0.112282473869
Herato02 Herato0215 11099372.0 1225000.0 0.140007630682 0.0807536376983 0.131222317772 0.254574958882
Herato02 Herato0215 11149372.0 1275000.0 0.0213151921502 0.0189214223645 0.0211801432353 0.0242080806441
Herato02 Herato0215 11199372.0 1325000.0 0.0442677852168 0.034335591838 0.0451191793241 0.0518040324336
Herato02 Herato0215 11249372.0 1375000.0 0.04739553458 0.04099180916 0.04700610334 0.05492430542
Herato02 Herato0215 11299372.0 1425000.0 0.05486882356 0.05055058979 0.055172936396 0.05859598382
Herato02 Herato0215 11349372.0 1475000.0 0.0434327261654 0.0302685158112 0.0424119417692 0.0619337509822
Herato02 Herato0215 11399372.0 1525000.0 0.0227267692112 0.0195515272311 0.0225550849179 0.0269237871871
Herato02 Herato0215 11449372.0 1575000.0 0.0148094344384 0.011565044744 0.0135182886807 0.0192560839181
Herato02 Herato0215 11499372.0 1625000.0 0.0757426385981 0.035729399672 0.0697074128174 0.153399564831
Herato02 Herato0215 11549372.0 1675000.0 0.025718861243 0.0119119662001 0.0240698665736 0.0493241007668
Herato02 Herato0215 11599372.0 1725000.0 0.0102645410754 0.00895412743473 0.0102826364011 0.0115826047256
Herato02 Herato0215 11649372.0 1775000.0 0.03203291782 0.028406793214 0.0318564006 0.03673942802
Herato02 Herato0215 11699372.0 1825000.0 0.0417258586584 0.0369013982442 0.0417004469727 0.0477334358272
Herato02 Herato0215 11749372.0 1875000.0 0.0508752306272 0.041885319749 0.0505175541706 0.0615449494264
Herato02 Herato0215 11799372.0 1925000.0 0.0412195732198 0.0350794971978 0.040149596486 0.052464687364
Herato02 Herato0215 11849372.0 1975000.0 0.0595568519563 0.039021416802 0.0568492555983 0.0934857319514
Herato02 Herato0215 11899372.0 2025000.0 0.0666425949616 0.0328410587587 0.0625284848716 0.122223981825
Herato02 Herato0215 11949372.0 2075000.0 0.0389399409617 0.0347752552249 0.0389177158177 0.0435647350582
Herato02 Herato0215 11999372.0 2125000.0 0.067737252394 0.0538206832576 0.0666130563956 0.087944618764
Herato02 Herato0215 12049372.0 2175000.0 0.07505869296 0.06849785838 0.07492223892 0.08288310758
Herato02 Herato0215 12099372.0 2225000.0 0.0313154547244 0.0288362687528 0.031204930031 0.0344819504066
Herato02 Herato0215 12149372.0 2275000.0 0.04506608354 0.03670338474 0.04486816824 0.05669554276
Herato02 Herato0215 12199372.0 2325000.0 0.0225428662535 0.0154773641837 0.020870458518 0.0389321208962
Herato02 Herato0215 12249372.0 2375000.0 0.030782768714 0.02309354503 0.0300308931 0.043052561494
Herato02 Herato0215 12299372.0 2425000.0 0.032295120767 0.0214326433767 0.0306313855755 0.055576447954
Herato02 Herato0215 12349372.0 2475000.0 0.05106529501 0.0326122983788 0.047950199504 0.0899434024554
Herato02 Herato0215 12399372.0 2525000.0 0.050718987258 0.0353457623992 0.0481627753218 0.0788575132511
Herato02 Herato0215 12449372.0 2575000.0 0.0192723277298 0.0166719157748 0.0192422298038 0.0220499686426
Herato02 Herato0215 12499372.0 2625000.0 0.0172866611388 0.0131913052173 0.016616753831 0.0256778254834
Herato02 Herato0215 12549372.0 2675000.0 0.05887074424 0.0295849853419 0.0553545141972 0.10829923286
Herato02 Herato0215 12599372.0 2725000.0 0.019817453163 0.0178190344378 0.0196318149139 0.0219806271028
Herato02 Herato0215 12649372.0 2775000.0 0.0249046237419 0.0187269078678 0.0212232886555 0.0445839255156
Herato02 Herato0215 12699372.0 2825000.0 0.0457103235822 0.0329609111932 0.042422927136 0.0831045058526
Herato02 Herato0215 12749372.0 2875000.0 0.0387624970898 0.0229037674332 0.0373380328539 0.0611937478382
Herato02 Herato0215 12799372.0 2925000.0 0.05395457552 0.0276910475466 0.051887731522 0.09872199658
Herato02 Herato0215 12849372.0 2975000.0 0.0442073828808 0.0363741915875 0.043436678182 0.056438253956
Herato02 Herato0215 12899372.0 3025000.0 0.0484025325644 0.0292857630286 0.0354533456474 0.104857599377
Herato02 Herato0215 12949372.0 3075000.0 0.0231632015 0.017632763846 0.022352578427 0.0312297406346
Herato02 Herato0215 12999372.0 3125000.0 0.0433483807924 0.0324811019854 0.0419315047745 0.061232915948
Herato02 Herato0215 13049372.0 3175000.0 0.0251960057918 0.0214863439052 0.0245219730466 0.0326937682072
Herato02 Herato0215 13099372.0 3225000.0 0.01878291049 0.015487835136 0.018659685622 0.023256453096
Herato02 Herato0215 13149372.0 3275000.0 0.0321050745796 0.0159464937669 0.0293400652842 0.0619649904668
Herato02 Herato0215 13199372.0 3325000.0 0.064782855922 0.042359927916 0.06206401528 0.103425272586
Herato02 Herato0215 13249372.0 3375000.0 0.0302352201466 0.0262906967133 0.0301480725646 0.0343079052774
Herato02 Herato0215 13299372.0 3425000.0 0.0320978817814 0.0207901374563 0.0310058604458 0.0501223557252
Herato02 Herato0215 13349372.0 3475000.0 0.0334046068588 0.0300486991418 0.0333868403592 0.0371494942778
Herato02 Herato0215 13399372.0 3525000.0 0.0443272110637 0.015719055218 0.0404288563711 0.091175765958
Herato02 Herato0215 13449372.0 3575000.0 0.0335966000908 0.0128637707906 0.0316099199258 0.0854145598176
Herato02 Herato0215 13499372.0 3625000.0 0.0361733691848 0.0193245168008 0.0340159821433 0.0668195171468
