chrom scaffold Cposition position mean p0025 p0500 p0975
Herato17 Herato1701 25001.0 25000.0 0.25770556324 0.15081570038 0.24713040548 0.44848917654
Herato17 Herato1701 75001.0 75000.0 0.05387586422 0.04504283672 0.0513393949 0.06809936744
Herato17 Herato1701 125001.0 125000.0 0.05505489148 0.046970586774 0.0545042268 0.0643353783
Herato17 Herato1701 175001.0 175000.0 0.061673093786 0.0548438927498 0.06186952026 0.070002698304
Herato17 Herato1701 225001.0 225000.0 0.093605707878 0.0797014765972 0.09308710672 0.110407017134
Herato17 Herato1701 275001.0 275000.0 0.14596295748 0.13695401936 0.14638996056 0.15432698456
Herato17 Herato1701 325001.0 325000.0 0.10311643032 0.087737314916 0.102993916896 0.11864206936
Herato17 Herato1701 375001.0 375000.0 0.099661028818 0.085315968558 0.099223659146 0.115732233956
Herato17 Herato1701 425001.0 425000.0 0.11351828748 0.10548589494 0.11330817016 0.12193159328
Herato17 Herato1701 475001.0 475000.0 0.10576687286 0.093756903276 0.1050831668 0.11933613114
Herato17 Herato1701 525001.0 525000.0 0.09151648718 0.08445931296 0.09148502232 0.09806626756
Herato17 Herato1701 575001.0 575000.0 0.081910690142 0.073531463132 0.081249932788 0.093364004434
Herato17 Herato1701 625001.0 625000.0 0.11988623328 0.09722581882 0.11331380584 0.19032495742
Herato17 Herato1701 675001.0 675000.0 0.082627793046 0.067707625636 0.080530660952 0.104076486478
Herato17 Herato1701 725001.0 725000.0 0.056186704322 0.051129288857 0.0559198258438 0.0622913585618
Herato17 Herato1701 775001.0 775000.0 0.106947628566 0.096420818984 0.106632631132 0.118671325792
Herato17 Herato1701 825001.0 825000.0 0.091608884522 0.075297460386 0.093361181306 0.110973941196
Herato17 Herato1701 875001.0 875000.0 0.062716018271 0.056472728733 0.0623855613046 0.070006634105
Herato17 Herato1701 925001.0 925000.0 0.067005405533 0.0578181508213 0.0664167894974 0.07924280179
Herato17 Herato1701 975001.0 975000.0 0.059282571928 0.0509327704544 0.058739622154 0.070587422736
Herato17 Herato1701 1025001.0 1025000.0 0.050860439116 0.044879750722 0.050761277476 0.057832461138
Herato17 Herato1701 1075001.0 1075000.0 0.05878350368 0.05708313996 0.05873262428 0.06018824856
Herato17 Herato1701 1125001.0 1125000.0 0.072511696336 0.0625526377194 0.07274071983 0.08321614444
Herato17 Herato1701 1175001.0 1175000.0 0.072292213582 0.065746153574 0.07220485435 0.078995025808
Herato17 Herato1701 1225001.0 1225000.0 0.067529064 0.062281605708 0.06741242378 0.07271058856
Herato17 Herato1701 1275001.0 1275000.0 0.04862421816 0.044272840072 0.04858566257 0.05271851204
Herato17 Herato1701 1325001.0 1325000.0 0.075684188852 0.072216434912 0.075139204648 0.07969681806
Herato17 Herato1701 1375001.0 1375000.0 0.04308993854 0.0402762680107 0.0432925384946 0.0460340217732
Herato17 Herato1701 1425001.0 1425000.0 0.058137129966 0.052013695482 0.057961099232 0.065109204402
Herato17 Herato1701 1475001.0 1475000.0 0.076062331948 0.071493529666 0.075988424264 0.081087791508
Herato17 Herato1701 1525001.0 1525000.0 0.06290468071 0.058940015616 0.062595001338 0.06744462477
Herato17 Herato1701 1575001.0 1575000.0 0.0901794213248 0.084146805951 0.0897559030028 0.099561067844
Herato17 Herato1701 1625001.0 1625000.0 0.09394086819 0.085394954289 0.09398652203 0.103225530064
Herato17 Herato1701 1675001.0 1675000.0 0.122057991276 0.110787399453 0.121692461522 0.135144476928
Herato17 Herato1701 1725001.0 1725000.0 0.12455402374 0.11084562313 0.12472575414 0.13888646668
Herato17 Herato1701 1775001.0 1775000.0 0.137743613354 0.118777392882 0.139131495078 0.153558667144
Herato17 Herato1701 1825001.0 1825000.0 0.142891488054 0.132019695733 0.140267892922 0.155940957997
Herato17 Herato1701 1875001.0 1875000.0 0.15054184669 0.13958420857 0.150451622326 0.16201912804
Herato17 Herato1701 1925001.0 1925000.0 0.113457817984 0.1100909712 0.113669609456 0.11719741387
Herato17 Herato1701 1975001.0 1975000.0 0.10776334828 0.1005044368 0.10717345574 0.11790099382
Herato17 Herato1701 2025001.0 2025000.0 0.11309370538 0.10129262714 0.1119409224 0.12784986204
Herato17 Herato1701 2075001.0 2075000.0 0.180583757764 0.164485145715 0.179368460175 0.20148569285
Herato17 Herato1701 2125001.0 2125000.0 0.185907033046 0.172168072828 0.185451402795 0.201126391262
Herato17 Herato1701 2175001.0 2175000.0 0.142264280726 0.117750953868 0.14306247342 0.167085874946
Herato17 Herato1701 2225001.0 2225000.0 0.178032397089 0.164510923765 0.177904492122 0.193950394406
Herato17 Herato1701 2275001.0 2275000.0 0.127893265989 0.119201458573 0.127457072235 0.137853720689
Herato17 Herato1701 2325001.0 2325000.0 0.11807810136 0.11358812396 0.1181291102 0.12118493884
Herato17 Herato1701 2375001.0 2375000.0 0.131059308211 0.124086535238 0.130963417988 0.13697310535
Herato17 Herato1701 2425001.0 2425000.0 0.129927671252 0.121584106612 0.129393446848 0.14027930152
Herato17 Herato1701 2475001.0 2475000.0 0.0531233302152 0.0487839391158 0.0532413625938 0.0576554606542
Herato17 Herato1701 2525001.0 2525000.0 0.0965895198297 0.0844152184328 0.0966925984218 0.111322246789
Herato17 Herato1701 2575001.0 2575000.0 0.106011420317 0.0992082597286 0.105793549889 0.111845985808
Herato17 Herato1701 2625001.0 2625000.0 0.117711869702 0.110676649459 0.118164652951 0.123542985306
Herato17 Herato1701 2675001.0 2675000.0 0.1376336998 0.12885674268 0.1381571426 0.144483015
Herato17 Herato1701 2725001.0 2725000.0 0.0633469872954 0.0568047131834 0.063132277372 0.07085922422
Herato17 Herato1701 2775001.0 2775000.0 0.0880477598572 0.0800405046063 0.0878315385677 0.0969013160065
Herato17 Herato1701 2825001.0 2825000.0 0.091075455 0.08156228198 0.0912140285 0.1008503806
Herato17 Herato1701 2875001.0 2875000.0 0.148533520224 0.13373426568 0.148277504504 0.16718709546
Herato17 Herato1701 2925001.0 2925000.0 0.149356582544 0.131683067543 0.151304540362 0.168101184466
Herato17 Herato1701 2975001.0 2975000.0 0.214044151284 0.199969639639 0.213473213665 0.229898014112
Herato17 Herato1701 3025001.0 3025000.0 0.20737156176 0.19379191554 0.20743434536 0.22128742844
Herato17 Herato1701 3075001.0 3075000.0 0.093966869152 0.084561020138 0.09396781678 0.104846310816
Herato17 Herato1701 3125001.0 3125000.0 0.122944248155 0.11126933907 0.122621992064 0.136031181669
Herato17 Herato1701 3175001.0 3175000.0 0.1906117708 0.18188795 0.1902557518 0.202543935
Herato17 Herato1701 3225001.0 3225000.0 0.1245897714 0.1200287476 0.1249852646 0.1303136614
Herato17 Herato1701 3275001.0 3275000.0 0.08440340252 0.07913912596 0.0844728614 0.08949148656
Herato17 Herato1701 3325001.0 3325000.0 0.146938527892 0.135169198529 0.145908578034 0.160358403248
Herato17 Herato1701 3375001.0 3375000.0 0.0689227809754 0.0616121676352 0.068745237375 0.077703789884
Herato17 Herato1701 3425001.0 3425000.0 0.0585535890538 0.033595377712 0.0533337818412 0.112060957925
Herato17 Herato1701 3475001.0 3475000.0 0.123950514456 0.095485407324 0.122404108908 0.15872605206
Herato17 Herato1701 3525001.0 3525000.0 0.087593914556 0.08461703433 0.087280341876 0.09141009939
Herato17 Herato1701 3575001.0 3575000.0 0.119588245696 0.107586459412 0.117628723298 0.134615613722
Herato17 Herato1701 3625001.0 3625000.0 0.0566420339682 0.0517769318667 0.0566392847622 0.0616402494944
Herato17 Herato1701 3675001.0 3675000.0 0.133094423666 0.118432668238 0.132713360962 0.150466147652
Herato17 Herato1701 3725001.0 3725000.0 0.187579146604 0.164263734408 0.184140683072 0.215079595942
Herato17 Herato1701 3775001.0 3775000.0 0.180882081421 0.153299482392 0.17793722456 0.220836788026
Herato17 Herato1701 3825001.0 3825000.0 0.074885160218 0.063418900768 0.074569863632 0.086736663728
Herato17 Herato1701 3875001.0 3875000.0 0.19245285004 0.17805255294 0.19217903244 0.21090172738
Herato17 Herato1701 3925001.0 3925000.0 0.17244570351 0.146209862834 0.171284846076 0.206928529556
Herato17 Herato1701 3975001.0 3975000.0 0.0827294837588 0.0711667235428 0.0828098558912 0.0918274294814
Herato17 Herato1701 4025001.0 4025000.0 0.173074986257 0.154303579858 0.172793146174 0.195713560659
Herato17 Herato1701 4075001.0 4075000.0 0.119632771548 0.105141282739 0.119393552686 0.137909713874
Herato17 Herato1701 4125001.0 4125000.0 0.10593084154 0.09488379808 0.10549843054 0.11632153326
Herato17 Herato1701 4175001.0 4175000.0 0.107467641134 0.096824800198 0.10567321941 0.12168139644
Herato17 Herato1701 4225001.0 4225000.0 0.0551408017898 0.052482566022 0.0552511615014 0.0581550720178
Herato17 Herato1701 4275001.0 4275000.0 0.0820549570762 0.07836529 0.0820822887038 0.085841406652
Herato17 Herato1701 4325001.0 4325000.0 0.106818362698 0.100667594876 0.106812523894 0.114582378202
Herato17 Herato1701 4375001.0 4375000.0 0.1119747448 0.1056604672 0.1121280204 0.1197512452
Herato17 Herato1701 4425001.0 4425000.0 0.17215593442 0.162554263648 0.17248782376 0.18376831262
Herato17 Herato1701 4475001.0 4475000.0 0.14894578242 0.14049933542 0.14881969732 0.15881031764
Herato17 Herato1701 4525001.0 4525000.0 0.12357135242 0.11279427296 0.12356242574 0.13510416674
Herato17 Herato1701 4575001.0 4575000.0 0.13954083214 0.12705378588 0.14031425172 0.151061041
Herato17 Herato1701 4625001.0 4625000.0 0.154396621 0.14322515116 0.1537446413 0.16967708658
Herato17 Herato1701 4675001.0 4675000.0 0.15054278844 0.140696429196 0.149865372654 0.16251321809
Herato17 Herato1701 4725001.0 4725000.0 0.101503572381 0.0921088798344 0.101696924752 0.110815195556
Herato17 Herato1701 4775001.0 4775000.0 0.10103775344 0.094852193254 0.10049449646 0.10864411628
Herato17 Herato1701 4825001.0 4825000.0 0.115820503788 0.09359539104 0.115987298076 0.136449492324
Herato17 Herato1701 4875001.0 4875000.0 0.08886373454 0.069846986004 0.089310569952 0.11190432376
Herato17 Herato1701 4925001.0 4925000.0 0.125837297404 0.117933736484 0.125266331686 0.13572557568
Herato17 Herato1701 4975001.0 4975000.0 0.2375208586 0.2102178867 0.236235238 0.270667458
Herato17 Herato1701 5025001.0 5025000.0 0.11602211076 0.10682567814 0.115620363932 0.12599337648
Herato17 Herato1701 5075001.0 5075000.0 0.08168734311 0.07646508789 0.081356224692 0.087652005792
Herato17 Herato1701 5125001.0 5125000.0 0.049222721604 0.033804021904 0.046360513592 0.08057439748
Herato17 Herato1701 5175001.0 5175000.0 0.069061447252 0.05860085305 0.06893510176 0.083176531614
Herato17 Herato1701 5225001.0 5225000.0 0.075871611584 0.06078356209 0.075777768272 0.091228480822
Herato17 Herato1701 5275001.0 5275000.0 0.0822145317093 0.072991296597 0.0820663429558 0.092851576822
Herato17 Herato1701 5325001.0 5325000.0 0.050305209672 0.047607156762 0.049948259658 0.053759151618
Herato17 Herato1701 5375001.0 5375000.0 0.0543639548 0.05079866732 0.05428411286 0.05808062018
Herato17 Herato1701 5425001.0 5425000.0 0.043968925194 0.031934223954 0.04368470155 0.056817601202
Herato17 Herato1701 5475001.0 5475000.0 0.11324110754 0.088119059488 0.111622358128 0.1487218011
Herato17 Herato1701 5525001.0 5525000.0 0.07719060503 0.073412093274 0.07711079258 0.0808563956
Herato17 Herato1701 5575001.0 5575000.0 0.10686131974 0.100511997776 0.106032455988 0.115991899246
Herato17 Herato1701 5625001.0 5625000.0 0.12903780124 0.12332978734 0.1283121051 0.13554910976
Herato17 Herato1701 5675001.0 5675000.0 0.1369073522 0.133982529 0.1363602592 0.141821329
Herato17 Herato1701 5725001.0 5725000.0 0.0840624315156 0.07351540176 0.0836634366011 0.0965619432456
Herato17 Herato1701 5775001.0 5775000.0 0.0731864279488 0.0656668162492 0.07321245691 0.0816098276672
Herato17 Herato1701 5825001.0 5825000.0 0.0764172321451 0.0695482271521 0.0762210157286 0.0837691516016
Herato17 Herato1701 5875001.0 5875000.0 0.1204763461 0.10720326552 0.12085610012 0.13461595564
Herato17 Herato1701 5925001.0 5925000.0 0.121935531884 0.10983728053 0.122069545972 0.134750561046
Herato17 Herato1701 5975001.0 5975000.0 0.162905499764 0.131308481208 0.159604870038 0.210816673674
Herato17 Herato1701 6025001.0 6025000.0 0.149075585542 0.137917908734 0.14886628231 0.161423876199
Herato17 Herato1701 6075001.0 6075000.0 0.107745656461 0.0975924918835 0.106929185601 0.125889589752
Herato17 Herato1701 6125001.0 6125000.0 0.143482166982 0.123315833949 0.142828322186 0.158654498538
Herato17 Herato1701 6175001.0 6175000.0 0.13836802804 0.13061787954 0.1395870998 0.14508308006
Herato17 Herato1701 6225001.0 6225000.0 0.17480321842 0.14981184352 0.17476776522 0.20149320406
Herato17 Herato1701 6275001.0 6275000.0 0.09614067838 0.09151589328 0.09574588558 0.1028471403
Herato17 Herato1701 6325001.0 6325000.0 0.129699344428 0.113940355008 0.128720992306 0.1487420146
Herato17 Herato1701 6375001.0 6375000.0 0.0583169671652 0.0527635884906 0.0581360146474 0.0641535174328
Herato17 Herato1701 6425001.0 6425000.0 0.08957759006 0.07507996572 0.089228828 0.10665694292
Herato17 Herato1701 6475001.0 6475000.0 0.13480565152 0.1151250172 0.13580321154 0.14890200716
Herato17 Herato1701 6525001.0 6525000.0 0.119120894566 0.108651572586 0.118771315196 0.132591588702
Herato17 Herato1701 6575001.0 6575000.0 0.070723649216 0.0626700195014 0.0705219155076 0.0800051178528
Herato17 Herato1701 6625001.0 6625000.0 0.10873230806 0.10115328908 0.10871188954 0.11621270806
Herato17 Herato1701 6675001.0 6675000.0 0.12687255106 0.11327194452 0.12612993552 0.14647361374
Herato17 Herato1701 6725001.0 6725000.0 0.09712041094 0.08618790836 0.09654873548 0.11138950566
Herato17 Herato1701 6775001.0 6775000.0 0.096245968544 0.086625686774 0.09613096597 0.1057264745
Herato17 Herato1701 6825001.0 6825000.0 0.105253095946 0.095454378834 0.105194860628 0.11448259536
Herato17 Herato1701 6875001.0 6875000.0 0.12302429318 0.11244985962 0.12310631208 0.13393751948
Herato17 Herato1701 6925001.0 6925000.0 0.133309719 0.12464843082 0.13258139622 0.14494550186
Herato17 Herato1701 6975001.0 6975000.0 0.108219647076 0.0999273354 0.108695525996 0.11607414137
Herato17 Herato1701 7025001.0 7025000.0 0.119593319076 0.114044390948 0.119158023474 0.125127904849
Herato17 Herato1701 7075001.0 7075000.0 0.0949621029024 0.0864276046358 0.094631899807 0.104777125769
Herato17 Herato1701 7125001.0 7125000.0 0.124620774722 0.107191587763 0.123839851218 0.146311751312
Herato17 Herato1701 7175001.0 7175000.0 0.1457341933 0.1309756077 0.14648183704 0.15909646408
Herato17 Herato1701 7225001.0 7225000.0 0.1803435424 0.166839875 0.1811165624 0.1921679026
Herato17 Herato1701 7275001.0 7275000.0 0.1319564921 0.12349443746 0.13274098156 0.13908805582
Herato17 Herato1701 7325001.0 7325000.0 0.0510147962936 0.0453014280282 0.0510963715828 0.056609639496
Herato17 Herato1701 7375001.0 7375000.0 0.119161150846 0.110137744112 0.118965972386 0.131054183448
Herato17 Herato1701 7425001.0 7425000.0 0.1890381764 0.1844978124 0.1890973826 0.194794666
Herato17 Herato1701 7475001.0 7475000.0 0.176801384342 0.171172049354 0.176286666992 0.18446637652
Herato17 Herato1701 7525001.0 7525000.0 0.15208910004 0.1462115486 0.15173688864 0.15978617088
Herato17 Herato1701 7575001.0 7575000.0 0.151151688542 0.136734565786 0.15144790161 0.169322370734
Herato17 Herato1701 7625001.0 7625000.0 0.097691964124 0.0836163087416 0.097898690032 0.108735945446
Herato17 Herato1701 7675001.0 7675000.0 0.098716759306 0.0902087119339 0.098334772146 0.109391541114
Herato17 Herato1701 7725001.0 7725000.0 0.072373017538 0.065986949602 0.07173766222 0.082407005324
Herato17 Herato1701 7775001.0 7775000.0 0.10267119623 0.089624922846 0.101884713106 0.11818695082
Herato17 Herato1701 7825001.0 7825000.0 0.0962308617464 0.0779389283607 0.09504261465 0.120216786342
Herato17 Herato1701 7875001.0 7875000.0 0.045685722402 0.0367916741475 0.044960456204 0.059437565366
Herato17 Herato1701 7925001.0 7925000.0 0.0622690865 0.055005296754 0.06201139072 0.0721483334
Herato17 Herato1701 7975001.0 7975000.0 0.0912116285462 0.0790715154399 0.0908962697236 0.106271373477
Herato17 Herato1701 8025001.0 8025000.0 0.102889924758 0.090638642572 0.100034954752 0.12146960938
Herato17 Herato1701 8075001.0 8075000.0 0.136041524794 0.08680439151 0.127386179126 0.236069362788
Herato17 Herato1701 8125001.0 8125000.0 0.10346230244 0.09668245638 0.10330520948 0.11206061472
Herato17 Herato1701 8175001.0 8175000.0 0.110030978738 0.0940896277434 0.110286760278 0.127130610426
Herato17 Herato1701 8225001.0 8225000.0 0.12131361966 0.1080787389 0.12064249996 0.13786796436
Herato17 Herato1701 8275001.0 8275000.0 0.12335474454 0.115400466039 0.123005686146 0.131279134203
Herato17 Herato1701 8325001.0 8325000.0 0.18898804852 0.16796889538 0.18970939358 0.21051404976
Herato17 Herato1701 8375001.0 8375000.0 0.098085548 0.0948825545 0.09797507234 0.10157683566
Herato17 Herato1701 8425001.0 8425000.0 0.0896382014392 0.0792524496949 0.0896042952118 0.100599512988
Herato17 Herato1701 8475001.0 8475000.0 0.126791622786 0.116374183396 0.126690759142 0.14096758648
Herato17 Herato1701 8525001.0 8525000.0 0.10054552968 0.092996684772 0.10043165154 0.10948074516
Herato17 Herato1701 8575001.0 8575000.0 0.1449120664 0.13131715137 0.1444900822 0.1614727261
Herato17 Herato1701 8625001.0 8625000.0 0.125267493639 0.114836870446 0.125110939892 0.136618802484
Herato17 Herato1701 8675001.0 8675000.0 0.112874555062 0.09340041338 0.111568052188 0.133695086348
Herato17 Herato1701 8725001.0 8725000.0 0.17116681072 0.154548369806 0.171715650288 0.189110149583
Herato17 Herato1701 8775001.0 8775000.0 0.14948397298 0.1381272711 0.15018287722 0.15990637078
Herato17 Herato1701 8825001.0 8825000.0 0.150678667615 0.140848695387 0.150800789897 0.162485679418
Herato17 Herato1701 8875001.0 8875000.0 0.12898677159 0.113685268044 0.128564627036 0.146925117
Herato17 Herato1701 8925001.0 8925000.0 0.0630534090488 0.0549188071995 0.0620434921644 0.076173154721
Herato17 Herato1701 8975001.0 8975000.0 0.090042426928 0.07655562333 0.088914944384 0.108504093952
Herato17 Herato1701 9025001.0 9025000.0 0.04891862715 0.04147533529 0.049027794466 0.055876114866
Herato17 Herato1701 9075001.0 9075000.0 0.08396789058 0.062962933446 0.08328304919 0.108393140136
Herato17 Herato1701 9125001.0 9125000.0 0.1164452441 0.107338300932 0.116219349606 0.127018014752
Herato17 Herato1701 9175001.0 9175000.0 0.10376570882 0.091532484444 0.10264199206 0.11953841646
Herato17 Herato1701 9225001.0 9225000.0 0.086981252804 0.077448794138 0.086793379484 0.09742612026
Herato17 Herato1701 9275001.0 9275000.0 0.0416435812312 0.0375152157917 0.041171306674 0.046289707252
Herato17 Herato1701 9325001.0 9325000.0 0.039802483542 0.0341251926 0.039088954518 0.047507372236
Herato17 Herato1701 9375001.0 9375000.0 0.0608708404634 0.0410880433626 0.0596694912941 0.0899006386424
Herato17 Herato1701 9425001.0 9425000.0 0.0389206799475 0.0303394926394 0.037709093009 0.0587668020932
Herato17 Herato1701 9475001.0 9475000.0 0.036133968628 0.029678471661 0.034380261528 0.048638079602
Herato17 Herato1701 9525001.0 9525000.0 0.084062486254 0.0739507207 0.083406888552 0.09698172458
Herato17 Herato1701 9575001.0 9575000.0 0.041348088188 0.036073759598 0.041206693584 0.047207410264
Herato17 Herato1701 9625001.0 9625000.0 0.026583997604 0.023219092444 0.026459712508 0.03073449067
Herato17 Herato1701 9675001.0 9675000.0 0.04853468266 0.037288768124 0.047411653512 0.061977361408
Herato17 Herato1701 9725001.0 9725000.0 0.0451498366392 0.0406162295033 0.0449675907624 0.0498815222368
Herato17 Herato1701 9775001.0 9775000.0 0.031528708192 0.026385745975 0.0312992973084 0.0386732018452
Herato17 Herato1701 9825001.0 9825000.0 0.063130631254 0.05701306842 0.06290361313 0.070496446964
Herato17 Herato1701 9875001.0 9875000.0 0.085026266467 0.0695774245597 0.085365807578 0.10111604926
Herato17 Herato1701 9925001.0 9925000.0 0.065825011428 0.058974568166 0.064017673278 0.074964959816
Herato17 Herato1701 9975001.0 9975000.0 0.1071992885 0.10497372748 0.10704528712 0.11116946192
Herato17 Herato1701 10025001.0 10025000.0 0.12205642178 0.11143747252 0.12115169234 0.1352098602
Herato17 Herato1701 10075001.0 10075000.0 0.098966901496 0.089714741704 0.098819774342 0.10789697605
Herato17 Herato1701 10125001.0 10125000.0 0.13334707418 0.119876228778 0.13295606694 0.1474352603
Herato17 Herato1701 10175001.0 10175000.0 0.124389999882 0.111359358662 0.122868199606 0.145126085446
Herato17 Herato1701 10225001.0 10225000.0 0.13307312598 0.11785159278 0.1333697525 0.1487531435
Herato17 Herato1701 10275001.0 10275000.0 0.15730450758 0.147714169856 0.1575848453 0.16698067138
Herato17 Herato1701 10325001.0 10325000.0 0.1461962076 0.1408724886 0.1455630188 0.1532525894
Herato17 Herato1701 10375001.0 10375000.0 0.107508808732 0.101183247544 0.107248657498 0.115393372604
Herato17 Herato1701 10425001.0 10425000.0 0.13223061198 0.12122880518 0.13210820492 0.14298866378
Herato17 Herato1701 10475001.0 10475000.0 0.167785353564 0.155547823982 0.167885171216 0.17663144134
Herato17 Herato1701 10525001.0 10525000.0 0.079156928074 0.068722541884 0.07849379761 0.091688181954
Herato17 Herato1701 10575001.0 10575000.0 0.14301361888 0.12572976168 0.14394204536 0.15536931112
Herato17 Herato1701 10625001.0 10625000.0 0.17861385548 0.16698216298 0.17652670194 0.19276351334
Herato17 Herato1701 10675001.0 10675000.0 0.086665564192 0.078230684822 0.086411893094 0.095170620898
Herato17 Herato1701 10725001.0 10725000.0 0.1075221809 0.0964581699 0.10716784422 0.12031325908
Herato17 Herato1701 10775001.0 10775000.0 0.1150783884 0.106395909657 0.115718477924 0.125026983
Herato17 Herato1701 10825001.0 10825000.0 0.11462111923 0.105249805061 0.11381997557 0.127891724862
Herato17 Herato1701 10875001.0 10875000.0 0.0995276956202 0.0938577135826 0.0996405347848 0.106933869342
Herato17 Herato1701 10925001.0 10925000.0 0.13049116036 0.11467418364 0.12981091826 0.15194939792
Herato17 Herato1701 10975001.0 10975000.0 0.103925798765 0.0979188204497 0.10339625935 0.111497518882
Herato17 Herato1701 11025001.0 11025000.0 0.096274354598 0.084345657864 0.096431682164 0.107460583654
Herato17 Herato1701 11075001.0 11075000.0 0.1157540508 0.104998452504 0.114132596314 0.131786050024
Herato17 Herato1701 11125001.0 11125000.0 0.09773380228 0.0843583732 0.09614516596 0.11520050784
Herato17 Herato1701 11175001.0 11175000.0 0.05342586526 0.048818136256 0.053463785294 0.058166700334
Herato17 Herato1701 11225001.0 11225000.0 0.076176163134 0.070001236538 0.075866620568 0.083678643732
Herato17 Herato1701 11275001.0 11275000.0 0.079355612256 0.068931754938 0.07947472943 0.090190539772
Herato17 Herato1701 11325001.0 11325000.0 0.0374260736522 0.0334467092523 0.0371674880856 0.0424888218972
Herato17 Herato1701 11375001.0 11375000.0 0.02911852616 0.0270095731162 0.029104573132 0.031610159356
Herato17 Herato1701 11425001.0 11425000.0 0.047247180586 0.0385416178102 0.04621259596 0.064383175658
Herato17 Herato1701 11459039.5 11475000.0 0.0840425844443 0.0691404651657 0.0833363872324 0.102452904907
Herato17 Herato1702 11493079.0 25000.0 0.118253769025 0.105245576544 0.117921286609 0.13237365922
Herato17 Herato1702 11543079.0 75000.0 0.116969967114 0.108273262298 0.117114274852 0.126316535616
Herato17 Herato1702 11578860.5 125000.0 0.126970287298 0.114905879428 0.124243859899 0.149292546561
Herato17 Herato1703 11614643.0 25000.0 0.0993842376718 0.0827194028172 0.0971092507428 0.115161226765
Herato17 Herato1703 11664643.0 75000.0 0.152679351148 0.137174180882 0.153332033306 0.169117401146
Herato17 Herato1703 11714643.0 125000.0 0.156522389314 0.137173972148 0.155419729356 0.182033711574
Herato17 Herato1703 11764643.0 175000.0 0.13386065282 0.115652434708 0.132394240606 0.165690631088
Herato17 Herato1703 11814643.0 225000.0 0.1623104415 0.1335053156 0.16149739724 0.1949398904
Herato17 Herato1703 11864643.0 275000.0 0.15023362022 0.135672310328 0.150464878778 0.165305577684
Herato17 Herato1703 11914643.0 325000.0 0.17987489524 0.165388996978 0.178702571358 0.19589319402
Herato17 Herato1703 11964643.0 375000.0 0.11359264926 0.09849564578 0.1133064481 0.13038947998
Herato17 Herato1703 12014643.0 425000.0 0.141465632454 0.132414678987 0.141557813546 0.150778384102
Herato17 Herato1703 12064643.0 475000.0 0.187968018975 0.147128743468 0.187584114935 0.233850217491
Herato17 Herato1703 12114643.0 525000.0 0.14445653412 0.13698429038 0.14488868492 0.15339374388
Herato17 Herato1703 12164643.0 575000.0 0.14895828698 0.13968117066 0.14933158004 0.15919487318
Herato17 Herato1703 12214643.0 625000.0 0.154669325994 0.13211622337 0.154841428454 0.175821838402
Herato17 Herato1703 12264643.0 675000.0 0.166614418618 0.152183544624 0.166241674 0.181711448886
Herato17 Herato1703 12314643.0 725000.0 0.099552866088 0.0826453381938 0.099142200986 0.122484528678
Herato17 Herato1703 12364643.0 775000.0 0.0340498288586 0.0305506625814 0.0340538629258 0.037837509953
Herato17 Herato1703 12414643.0 825000.0 0.117587167936 0.107133776598 0.117073681828 0.12513810044
Herato17 Herato1703 12464643.0 875000.0 0.21009065328 0.17904668926 0.2103687711 0.23289969998
Herato17 Herato1703 12514643.0 925000.0 0.139636902412 0.128688119297 0.1392378557 0.153075788117
Herato17 Herato1703 12564643.0 975000.0 0.15443237492 0.14608950168 0.15397457992 0.16654187538
Herato17 Herato1703 12614643.0 1025000.0 0.0737712011992 0.0685431469237 0.0736129159324 0.0806377709872
Herato17 Herato1703 12664643.0 1075000.0 0.1105991584 0.100703326836 0.110498111256 0.12222520766
Herato17 Herato1703 12714643.0 1125000.0 0.092419060194 0.08578957303 0.092352810662 0.099506592898
Herato17 Herato1703 12764643.0 1175000.0 0.0886417574 0.08143270744 0.08856127432 0.09624876528
Herato17 Herato1703 12814643.0 1225000.0 0.0899970219146 0.0806843508982 0.088873275645 0.102140742014
Herato17 Herato1703 12864643.0 1275000.0 0.13353241153 0.120921794844 0.13465308289 0.144448718418
Herato17 Herato1703 12914643.0 1325000.0 0.11608553252 0.104070080928 0.11599483336 0.1315011709
Herato17 Herato1703 12964643.0 1375000.0 0.0613234092088 0.0473874673526 0.0586440411252 0.0873563656844
Herato17 Herato1703 13014643.0 1425000.0 0.047957127128 0.039817599101 0.0490327283346 0.057896659596
Herato17 Herato1703 13064643.0 1475000.0 0.0297038005248 0.0259387523986 0.0294949865182 0.0341822498434
Herato17 Herato1703 13114643.0 1525000.0 0.0464834649626 0.0426060774896 0.0462814708498 0.051015542852
Herato17 Herato1703 13164643.0 1575000.0 0.0712531224556 0.0612234466311 0.0716181894148 0.084167819814
Herato17 Herato1703 13214643.0 1625000.0 0.10687199556 0.0935971841834 0.106635173972 0.120907300736
Herato17 Herato1703 13264643.0 1675000.0 0.087974064014 0.0782680883 0.086580844948 0.107422002498
Herato17 Herato1703 13314643.0 1725000.0 0.07920029576 0.074796226904 0.078994087246 0.08449524436
Herato17 Herato1703 13364643.0 1775000.0 0.072891432636 0.066261653324 0.07265996997 0.08017383108
Herato17 Herato1703 13414643.0 1825000.0 0.054228937868 0.047275485494 0.054276628944 0.060684130472
Herato17 Herato1703 13464643.0 1875000.0 0.087267408172 0.0798057683362 0.0874943689492 0.094502317534
Herato17 Herato1703 13514643.0 1925000.0 0.11821520202 0.10468779868 0.11744054184 0.1330477976
Herato17 Herato1703 13564643.0 1975000.0 0.14977854428 0.12213323858 0.146913523 0.19093989762
Herato17 Herato1703 13614643.0 2025000.0 0.133042372153 0.121810965632 0.133854819373 0.143817423288
Herato17 Herato1703 13664643.0 2075000.0 0.138487447886 0.127487932856 0.138412431282 0.148236792794
Herato17 Herato1703 13714643.0 2125000.0 0.0718808340008 0.0643829177473 0.0729389949732 0.078608589452
Herato17 Herato1703 13764643.0 2175000.0 0.0736404057 0.06999964674 0.07370599802 0.0779138894
Herato17 Herato1703 13814643.0 2225000.0 0.153299527639 0.144991297865 0.152784693614 0.165924869869
Herato17 Herato1703 13864643.0 2275000.0 0.1656945418 0.1605086032 0.1648061466 0.178496742
Herato17 Herato1703 13914643.0 2325000.0 0.166520550252 0.160386182366 0.165809325788 0.175149861698
Herato17 Herato1703 13959218.0 2375000.0 0.145529726437 0.141316830396 0.145390193103 0.150504585185
Herato17 Herato1704 14003794.0 25000.0 0.0820075420898 0.0739128395632 0.0819585366156 0.0913559991368
Herato17 Herato1704 14053794.0 75000.0 0.053193885056 0.048777215138 0.053320810342 0.05754134028
Herato17 Herato1704 14103794.0 125000.0 0.104782459208 0.096615705052 0.105350314042 0.11162285732
Herato17 Herato1704 14153794.0 175000.0 0.06750759776 0.06387788794 0.0673549279 0.07200082672
Herato17 Herato1704 14203794.0 225000.0 0.106556353054 0.0949595947588 0.106284324758 0.120869659432
Herato17 Herato1704 14250428.0 275000.0 0.112379882014 0.106679393524 0.112136682491 0.11996508103
Herato17 Herato1705 14297063.0 25000.0 0.085323898842 0.066940468436 0.083030256494 0.116750138896
Herato17 Herato1705 14347063.0 75000.0 0.13205346464 0.125261481986 0.132205786644 0.13797106036
Herato17 Herato1705 14397063.0 125000.0 0.108069382939 0.103574237185 0.108228045791 0.113312452977
Herato17 Herato1705 14447063.0 175000.0 0.08235062186 0.07682632452 0.08266531704 0.08801353216
Herato17 Herato1705 14497063.0 225000.0 0.06758869202 0.0632373318 0.06771787214 0.07197526408
Herato17 Herato1705 14547063.0 275000.0 0.09221529984 0.084267761838 0.09296534558 0.10120726808
Herato17 Herato1705 14597063.0 325000.0 0.100990220822 0.0932600217124 0.10086475095 0.110419807028
Herato17 Herato1705 14647063.0 375000.0 0.11645876202 0.10423200804 0.11631528592 0.13045206252
Herato17 Herato1705 14697063.0 425000.0 0.0938244779818 0.0838469054542 0.0943053460447 0.103555166356
Herato17 Herato1705 14747063.0 475000.0 0.11394031352 0.10471426474 0.11644476196 0.12204644456
Herato17 Herato1705 14797063.0 525000.0 0.127952873998 0.116518085428 0.127494928747 0.142543962278
Herato17 Herato1705 14847063.0 575000.0 0.0869227665296 0.0787708293085 0.0868258547017 0.0956996156216
Herato17 Herato1705 14897063.0 625000.0 0.12342989262 0.118280304373 0.122377597925 0.134288635728
Herato17 Herato1705 14947063.0 675000.0 0.105076145884 0.096589409385 0.105579747346 0.11458400826
Herato17 Herato1705 14997063.0 725000.0 0.0696726085244 0.06434200835 0.069525530378 0.0757761296584
Herato17 Herato1705 15047063.0 775000.0 0.0585765582162 0.053174086567 0.0582103555685 0.0650094779528
Herato17 Herato1705 15097063.0 825000.0 0.11525553928 0.10810844896 0.11447215304 0.12369253712
Herato17 Herato1705 15147063.0 875000.0 0.114449366564 0.101124658992 0.114225107315 0.1288183044
Herato17 Herato1705 15197063.0 925000.0 0.163861212189 0.146839179189 0.163500320273 0.183686041491
Herato17 Herato1705 15247063.0 975000.0 0.172602164242 0.164857666272 0.172125029773 0.182802044464
Herato17 Herato1705 15297063.0 1025000.0 0.181617449 0.1751544322 0.180102236 0.190560148
Herato17 Herato1705 15347063.0 1075000.0 0.141904428374 0.134402474108 0.141091639424 0.15149671472
Herato17 Herato1705 15397063.0 1125000.0 0.15387217472 0.14394429058 0.1533512947 0.16620758564
Herato17 Herato1705 15447063.0 1175000.0 0.130032121964 0.125916706518 0.12978415193 0.136940999992
Herato17 Herato1705 15497063.0 1225000.0 0.072356566942 0.0581704497458 0.071451011962 0.100776564686
Herato17 Herato1705 15547063.0 1275000.0 0.065678981858 0.057933588474 0.065250055336 0.074964689446
Herato17 Herato1705 15597063.0 1325000.0 0.071157626447 0.062005681371 0.0714146981586 0.079493279329
Herato17 Herato1705 15647063.0 1375000.0 0.061681972328 0.05340071805 0.061502043338 0.072230046682
Herato17 Herato1705 15697063.0 1425000.0 0.0287946752162 0.017408665769 0.0277377065964 0.047794703427
Herato17 Herato1705 15747063.0 1475000.0 0.035536579586 0.0193393427146 0.033937480967 0.0606203201108
Herato17 Herato1705 15797063.0 1525000.0 0.0374778742732 0.0334134208684 0.0371846824254 0.0422126339998
Herato17 Herato1705 15847063.0 1575000.0 0.0300299517489 0.025697483208 0.0299670349135 0.0348389628874
Herato17 Herato1705 15897063.0 1625000.0 0.0535493733617 0.0482728386117 0.0534491436182 0.0590497094822
Herato17 Herato1705 15947063.0 1675000.0 0.047782366164 0.0402051538514 0.04718299813 0.057947164086
Herato17 Herato1705 15997063.0 1725000.0 0.05206801896 0.043004488212 0.051138974076 0.065143788334
Herato17 Herato1705 16047063.0 1775000.0 0.05074418423 0.046964988178 0.050773738268 0.054938609696
Herato17 Herato1705 16097063.0 1825000.0 0.076797506616 0.0640552066786 0.075911358214 0.094835760936
Herato17 Herato1705 16147063.0 1875000.0 0.032686357998 0.030503945336 0.032635531732 0.03469977535
Herato17 Herato1705 16197063.0 1925000.0 0.0756453692 0.0666663668 0.07527206782 0.08644325312
Herato17 Herato1705 16247063.0 1975000.0 0.10508494808 0.1010531781 0.10489942772 0.11035561422
Herato17 Herato1705 16297063.0 2025000.0 0.0588083955343 0.0422916239781 0.0570766124407 0.0822200130562
Herato17 Herato1705 16347063.0 2075000.0 0.058824389183 0.0476135307659 0.0581016020816 0.074725350728
Herato17 Herato1705 16397063.0 2125000.0 0.066055379146 0.0563055657788 0.066064117849 0.075820073234
Herato17 Herato1705 16447063.0 2175000.0 0.066740078362 0.056803303456 0.06630734844 0.079592062164
Herato17 Herato1705 16497063.0 2225000.0 0.0835353677434 0.0475350825983 0.0709100987332 0.16871035752
Herato17 Herato1705 16547063.0 2275000.0 0.04737331218 0.042559294476 0.047044322404 0.053608018092
Herato17 Herato1705 16597063.0 2325000.0 0.046965840374 0.040449674792 0.04581902065 0.058972435504
Herato17 Herato1705 16647063.0 2375000.0 0.063807014678 0.057055490454 0.063511918698 0.071610619594
Herato17 Herato1705 16697063.0 2425000.0 0.06507954779 0.0603226890622 0.064927693434 0.070072660418
Herato17 Herato1705 16747063.0 2475000.0 0.0709206340724 0.0620396971045 0.0710559186872 0.0794991778112
Herato17 Herato1705 16797063.0 2525000.0 0.052999724776 0.047488614114 0.052394530184 0.060313565628
Herato17 Herato1705 16847063.0 2575000.0 0.048296668351 0.0448817900504 0.048544545058 0.05186522585
Herato17 Herato1705 16897063.0 2625000.0 0.092201945642 0.0888650374273 0.0923211829706 0.0952640828774
Herato17 Herato1705 16947063.0 2675000.0 0.088425747214 0.074941982276 0.087265679702 0.10598477206
Herato17 Herato1705 16997063.0 2725000.0 0.0809742754938 0.0694454772077 0.080118584553 0.0964853498
Herato17 Herato1705 17029764.5 2775000.0 0.0514926910342 0.0465288919691 0.0515837034344 0.0566268809323
Herato17 Herato1706 17062467.0 25000.0 0.0613983753 0.058755407068 0.06127880144 0.06486223196
Herato17 Herato1706 17112467.0 75000.0 0.062261161444 0.055140316864 0.0620523092 0.070850296316
Herato17 Herato1706 17144716.5 125000.0 0.181175969294 0.114753076736 0.174207542417 0.293898733616
Herato17 Herato1707 17176967.0 25000.0 0.0590651543874 0.044626073546 0.0591167106543 0.0724510086644
Herato17 Herato1707 17226967.0 75000.0 0.126282198782 0.116023504068 0.126540317906 0.13613449458
Herato17 Herato1707 17276967.0 125000.0 0.06265760702 0.055016628594 0.06238914115 0.071199929964
Herato17 Herato1707 17326967.0 175000.0 0.060941253082 0.050243642982 0.05998496582 0.07727529844
Herato17 Herato1707 17376967.0 225000.0 0.06060907772 0.05553288598 0.0602779855 0.06736402248
Herato17 Herato1707 17421122.5 275000.0 0.0831365731054 0.0591075251489 0.0817506550223 0.124051825321
Herato17 Herato1708 17465279.0 25000.0 0.080059360556 0.076530702548 0.080214264256 0.082979920744
Herato17 Herato1708 17515279.0 75000.0 0.078193305172 0.073067791982 0.077823315518 0.084425991234
Herato17 Herato1708 17565279.0 125000.0 0.09214221072 0.08087413476 0.09213187622 0.10009053722
Herato17 Herato1708 17615279.0 175000.0 0.120902358738 0.11603647439 0.120818439388 0.1270754412
Herato17 Herato1708 17665279.0 225000.0 0.06923520345 0.056955167572 0.069686791368 0.08387699202
Herato17 Herato1708 17715279.0 275000.0 0.064219793612 0.0574782009382 0.0640216550652 0.072011777336
Herato17 Herato1708 17765279.0 325000.0 0.0573821996026 0.0412133977658 0.056277736735 0.084927370032
Herato17 Herato1708 17815279.0 375000.0 0.0769777033197 0.0513327112257 0.073875508843 0.120024381502
Herato17 Herato1708 17865279.0 425000.0 0.0176825432664 0.0147339824373 0.0173777751263 0.0220092172514
Herato17 Herato1708 17915279.0 475000.0 0.0772838185678 0.039348775981 0.0741455075728 0.133316346956
Herato17 Herato1708 17965279.0 525000.0 0.064656623756 0.060094366632 0.064822862438 0.0681866762
Herato17 Herato1708 18015279.0 575000.0 0.0631813569052 0.0572741219375 0.0631991788312 0.069381824956
Herato17 Herato1708 18065279.0 625000.0 0.09054227064 0.08240735108 0.09027329194 0.09952335656
Herato17 Herato1708 18115279.0 675000.0 0.061364021288 0.054768599826 0.060575826374 0.069250086094
Herato17 Herato1708 18165279.0 725000.0 0.098110393044 0.090094011466 0.098401413774 0.107061145944
Herato17 Herato1708 18215279.0 775000.0 0.10999865662 0.10210886408 0.11055389736 0.11737822562
Herato17 Herato1708 18265279.0 825000.0 0.08265754073 0.0774739949673 0.082523746114 0.088520067272
Herato17 Herato1708 18315279.0 875000.0 0.065148797978 0.0577396313205 0.064840361265 0.07296667654
Herato17 Herato1708 18365279.0 925000.0 0.102169204031 0.0826264663245 0.101350908329 0.127066772666
Herato17 Herato1708 18415279.0 975000.0 0.0564679305104 0.0472430307274 0.0553815813814 0.0690737381624
Herato17 Herato1708 18465279.0 1025000.0 0.08833331769 0.078119652062 0.088502364694 0.0969962968
Herato17 Herato1708 18515279.0 1075000.0 0.1341607097 0.12226177938 0.13399089356 0.14593640098
Herato17 Herato1708 18565279.0 1125000.0 0.072447416686 0.0642140024572 0.072486060232 0.085025291334
Herato17 Herato1708 18615279.0 1175000.0 0.0840432917868 0.0780213829711 0.0834964507936 0.0911659764648
Herato17 Herato1708 18665279.0 1225000.0 0.10907903564 0.09719102962 0.10879093716 0.12405044964
Herato17 Herato1708 18715279.0 1275000.0 0.12013362045 0.112278332129 0.120077693962 0.129010966722
Herato17 Herato1708 18765279.0 1325000.0 0.093329562856 0.087547015428 0.093595633772 0.098800690044
Herato17 Herato1708 18815279.0 1375000.0 0.08954504756 0.08168676578 0.0899301361 0.09808552014
Herato17 Herato1708 18865279.0 1425000.0 0.046870795186 0.034467943346 0.047072629842 0.062536801078
Herato17 Herato1708 18915279.0 1475000.0 0.0476912521944 0.0398180924662 0.0475129668872 0.0567476819112
Herato17 Herato1708 18965279.0 1525000.0 0.076200480638 0.069095277898 0.07636169699 0.083762290362
Herato17 Herato1708 19015279.0 1575000.0 0.053540290936 0.044781026288 0.052616618168 0.066931167406
Herato17 Herato1708 19065279.0 1625000.0 0.043795150706 0.027954942552 0.040878351186 0.072855487494
Herato17 Herato1708 19115279.0 1675000.0 0.0267850986946 0.023423713836 0.0267591726588 0.030110592916
Herato17 Herato1708 19165279.0 1725000.0 0.03266899331 0.029493795616 0.032509340854 0.036496861956
Herato17 Herato1708 19215279.0 1775000.0 0.0146780664214 0.0135023554361 0.0146140757797 0.0159411828332
Herato17 Herato1708 19265279.0 1825000.0 0.0356495797617 0.0319824698888 0.0356419028727 0.0395057113752
Herato17 Herato1708 19315279.0 1875000.0 0.062730285134 0.0505821985464 0.0622053722516 0.0785947190032
Herato17 Herato1708 19365279.0 1925000.0 0.00703861204 0.005258873388 0.005781232416 0.01984175904
Herato17 Herato1708 19415279.0 1975000.0 0.013404109356 0.01077407819 0.012717438808 0.022009220596
Herato17 Herato1708 19465279.0 2025000.0 0.0533960211012 0.0465535635535 0.053476755261 0.060507721342
Herato17 Herato1708 19515279.0 2075000.0 0.029738898036 0.0242645207888 0.02938237111 0.036440873384
Herato17 Herato1708 19565279.0 2125000.0 0.04232076987 0.023012594402 0.043003147454 0.060455094014
Herato17 Herato1708 19615279.0 2175000.0 0.131990852795 0.0513780068102 0.120434573542 0.274270230153
Herato17 Herato1708 19665279.0 2225000.0 0.0428808215388 0.0361614185698 0.0425544635374 0.052170257169
Herato17 Herato1708 19715279.0 2275000.0 0.024674162252 0.020999575872 0.024570772766 0.028514575684
Herato17 Herato1708 19765279.0 2325000.0 0.041302229022 0.036368520304 0.041133715942 0.047404270754
Herato17 Herato1708 19815279.0 2375000.0 0.025140221782 0.0221745833203 0.0250329071942 0.028469180171
Herato17 Herato1708 19865279.0 2425000.0 0.032784362618 0.026474433766 0.032970584946 0.04077169993
Herato17 Herato1708 19915279.0 2475000.0 0.0224805418648 0.0205969906246 0.0224435876948 0.0244250740184
Herato17 Herato1708 19961555.5 2525000.0 0.038002089284 0.0284249871384 0.0364409579372 0.0505705871713
Herato17 Herato1709 19984369.5 25000.0 0.0152001094696 0.00757420413277 0.0121384661243 0.0416732357306
Herato17 Herato1710 19998178.5 25000.0 0.0734226668814 0.0633989151394 0.0731147032425 0.0849989217211
Herato17 Herato1711 20023390.5 25000.0 0.0990910420484 0.0540505432154 0.10109418696 0.142995013837
Herato17 Herato1712 20061331.0 25000.0 0.0739049314884 0.0554057321003 0.0725817140091 0.0978366817248
Herato17 Herato1712 20111331.0 75000.0 0.11320681432 0.09114554534 0.11085378227 0.148917298428
Herato17 Herato1712 20139786.0 125000.0 0.0295392228654 0.0243515745297 0.0291310144718 0.0386218596237
Herato17 Herato1713 20168242.0 25000.0 0.0623702654892 0.0527922271637 0.062330559682 0.073024818482
Herato17 Herato1713 20218242.0 75000.0 0.057966978092 0.040931861912 0.058326138046 0.08585949752
Herato17 Herato1713 20254834.0 125000.0 0.0735137125285 0.0654053773031 0.0733036847861 0.0837775160973
