chrom scaffold Cposition position mean p0025 p0500 p0975
Herato05 Herato0501 25001.0 25000.0 0.04023026132 0.03589604808 0.04063937584 0.04354318868
Herato05 Herato0501 75001.0 75000.0 0.06905320354 0.06368015845 0.06768384452 0.07883354588
Herato05 Herato0501 125001.0 125000.0 0.08602769726 0.082393386902 0.08552323332 0.09134344202
Herato05 Herato0501 175001.0 175000.0 0.10586249174 0.09808309326 0.10632820582 0.11252400144
Herato05 Herato0501 225001.0 225000.0 0.06229155586 0.05967698036 0.06224609912 0.06407019406
Herato05 Herato0501 275001.0 275000.0 0.06199399076 0.0602318104 0.06190321648 0.06375745424
Herato05 Herato0501 325001.0 325000.0 0.06575547114 0.062255538852 0.0657397848 0.069443210178
Herato05 Herato0501 375001.0 375000.0 0.06862734578 0.06453912773 0.06832599914 0.07319149306
Herato05 Herato0501 425001.0 425000.0 0.0416813172 0.03972737496 0.04173131088 0.0430487264
Herato05 Herato0501 475001.0 475000.0 0.03400732594 0.031381779202 0.0339571676 0.036689712168
Herato05 Herato0501 525001.0 525000.0 0.078897364528 0.0705960339255 0.0795608501862 0.085504405436
Herato05 Herato0501 575001.0 575000.0 0.051711550938 0.045097825334 0.051459764492 0.060803386842
Herato05 Herato0501 625001.0 625000.0 0.08810132956 0.083472064448 0.086969238972 0.095996889386
Herato05 Herato0501 675001.0 675000.0 0.07838617944 0.074325796024 0.07772554246 0.08458626866
Herato05 Herato0501 725001.0 725000.0 0.0617947809128 0.0558383318162 0.061369342897 0.0707214693782
Herato05 Herato0501 775001.0 775000.0 0.05448340308 0.051457009576 0.054715413032 0.057521856118
Herato05 Herato0501 825001.0 825000.0 0.07637911076 0.07297784354 0.07662162856 0.079722292
Herato05 Herato0501 875001.0 875000.0 0.06343202514 0.05980233938 0.06347513988 0.06736509876
Herato05 Herato0501 925001.0 925000.0 0.071496642352 0.066264984726 0.071296585504 0.077696055072
Herato05 Herato0501 975001.0 975000.0 0.102132548 0.0999739736 0.1013930364 0.1078087992
Herato05 Herato0501 1025001.0 1025000.0 0.065851419344 0.060483213342 0.065630666102 0.072286829528
Herato05 Herato0501 1075001.0 1075000.0 0.033519457996 0.0294078880162 0.03342355136 0.038019183172
Herato05 Herato0501 1125001.0 1125000.0 0.033034701378 0.0264272757139 0.032950105974 0.04088947713
Herato05 Herato0501 1175001.0 1175000.0 0.05265733644 0.04908903052 0.05249983092 0.05631669416
Herato05 Herato0501 1225001.0 1225000.0 0.065580839718 0.062000357496 0.064797937114 0.069627135538
Herato05 Herato0501 1257436.5 1275000.0 0.0935073179342 0.0870037875731 0.0910012507565 0.101457080896
Herato05 Herato0502 1289873.0 25000.0 0.0939753144 0.08621455328 0.09226844832 0.1015411848
Herato05 Herato0502 1339873.0 75000.0 0.0427629617182 0.0356432934792 0.0420828052726 0.0509481341342
Herato05 Herato0502 1389873.0 125000.0 0.0565901626474 0.0507120300256 0.056411932029 0.063956518708
Herato05 Herato0502 1439873.0 175000.0 0.0929982953872 0.0808906382544 0.0932534501012 0.105974397039
Herato05 Herato0502 1481817.5 225000.0 0.0959400766473 0.0863102872791 0.0961331877482 0.105749838573
Herato05 Herato0503 1523763.0 25000.0 0.05320652814 0.05006780076 0.05286113572 0.05740519858
Herato05 Herato0503 1573763.0 75000.0 0.06729120714 0.06355536008 0.06755737132 0.07118904534
Herato05 Herato0503 1623763.0 125000.0 0.042545534598 0.040084993082 0.042543543804 0.045177865312
Herato05 Herato0503 1673763.0 175000.0 0.050941369934 0.04680499814 0.051442185722 0.05567944712
Herato05 Herato0503 1723763.0 225000.0 0.049760110772 0.030132172356 0.049011920256 0.07508750202
Herato05 Herato0503 1773763.0 275000.0 0.0496646038337 0.0450134250228 0.0496956094653 0.053963161484
Herato05 Herato0503 1823763.0 325000.0 0.0830320635 0.07744917612 0.08265302034 0.09197343698
Herato05 Herato0503 1873763.0 375000.0 0.0784613508036 0.0750236516056 0.0781836937148 0.0827172667044
Herato05 Herato0503 1923763.0 425000.0 0.06515516298 0.059508535032 0.064809009022 0.07253794479
Herato05 Herato0503 1973763.0 475000.0 0.062070976272 0.057410181776 0.062220329118 0.067007791944
Herato05 Herato0503 2023763.0 525000.0 0.06747715776 0.06672667776 0.06715595232 0.06991271552
Herato05 Herato0503 2073763.0 575000.0 0.05207372282 0.04893310916 0.0520691104 0.0562457081
Herato05 Herato0503 2123763.0 625000.0 0.0595007828261 0.0530538565753 0.0593269154111 0.0669009284184
Herato05 Herato0503 2173763.0 675000.0 0.10338970034 0.096732417334 0.10326301787 0.110874038224
Herato05 Herato0503 2223763.0 725000.0 0.096241491052 0.090744736422 0.096654051558 0.10213610554
Herato05 Herato0503 2273763.0 775000.0 0.08919109784 0.084235383 0.08938243212 0.09443999468
Herato05 Herato0503 2323763.0 825000.0 0.0611628557578 0.0558529138818 0.0611159622844 0.068959875212
Herato05 Herato0503 2373763.0 875000.0 0.082076372124 0.075651731504 0.081336009584 0.090574215624
Herato05 Herato0503 2423763.0 925000.0 0.0817933275732 0.0715333302604 0.0808370009184 0.0959002464084
Herato05 Herato0503 2473763.0 975000.0 0.0632378836532 0.0588627356332 0.0629208706968 0.0688286929124
Herato05 Herato0503 2523763.0 1025000.0 0.058790249583 0.0551836884435 0.058793730006 0.0629579244886
Herato05 Herato0503 2573763.0 1075000.0 0.05798472392 0.05430657162 0.0582655804 0.06184319284
Herato05 Herato0503 2623763.0 1125000.0 0.055783628296 0.051732724208 0.055752655914 0.06047877474
Herato05 Herato0503 2673763.0 1175000.0 0.091647026086 0.085332831188 0.09159252259 0.097677557136
Herato05 Herato0503 2723763.0 1225000.0 0.08210303724 0.07890078786 0.08224415422 0.08452051858
Herato05 Herato0503 2773763.0 1275000.0 0.07842889508 0.07518009696 0.077923976 0.08259792224
Herato05 Herato0503 2823763.0 1325000.0 0.0738649872 0.0700110607 0.0737239975 0.0780540433
Herato05 Herato0503 2873763.0 1375000.0 0.041700309932 0.039421927824 0.041767210224 0.044233088974
Herato05 Herato0503 2923763.0 1425000.0 0.08242743228 0.0757862081904 0.082085234674 0.090854286448
Herato05 Herato0503 2973763.0 1475000.0 0.07322849824 0.0702746714 0.0729804288 0.0769665446
Herato05 Herato0503 3023763.0 1525000.0 0.08261229216 0.077099569094 0.082424085212 0.08939024876
Herato05 Herato0503 3073763.0 1575000.0 0.07173680884 0.06620309102 0.0714541683 0.07841930356
Herato05 Herato0503 3123763.0 1625000.0 0.0759151533636 0.0476189160889 0.0666002513347 0.135356840022
Herato05 Herato0503 3173763.0 1675000.0 0.05691071966 0.05226932154 0.05562219112 0.06350057726
Herato05 Herato0503 3223763.0 1725000.0 0.0837871023 0.0745122804 0.08362801762 0.09349492356
Herato05 Herato0503 3273763.0 1775000.0 0.044874414026 0.037901891888 0.04447700429 0.053816216292
Herato05 Herato0503 3323763.0 1825000.0 0.029364481974 0.026886809268 0.029471575718 0.031618761104
Herato05 Herato0503 3373763.0 1875000.0 0.063631291916 0.0547500795584 0.06395364998 0.071402394
Herato05 Herato0503 3423763.0 1925000.0 0.040815814432 0.0363960522928 0.040099331632 0.045624218998
Herato05 Herato0503 3473763.0 1975000.0 0.10074059156 0.09322220362 0.09983073322 0.11660300238
Herato05 Herato0503 3523763.0 2025000.0 0.13520234292 0.12953861888 0.13526520498 0.14271839252
Herato05 Herato0503 3573763.0 2075000.0 0.0661712060618 0.0516767894552 0.0655103339738 0.085491321038
Herato05 Herato0503 3623763.0 2125000.0 0.095215605448 0.0836229927867 0.0953222399394 0.10501879274
Herato05 Herato0503 3673763.0 2175000.0 0.083648602546 0.077537314884 0.083522005862 0.089338922136
Herato05 Herato0503 3723763.0 2225000.0 0.084903207078 0.075423765116 0.08445347852 0.094675528182
Herato05 Herato0503 3773763.0 2275000.0 0.0785369053 0.06505992516 0.07823362356 0.0931948276
Herato05 Herato0503 3823763.0 2325000.0 0.096217551 0.08572165724 0.09594149472 0.10877355228
Herato05 Herato0503 3873763.0 2375000.0 0.0421136337 0.03897258162 0.0420670076 0.04570721182
Herato05 Herato0503 3923763.0 2425000.0 0.0664064429902 0.0590467204208 0.066527406286 0.0765864079372
Herato05 Herato0503 3973763.0 2475000.0 0.056405076488 0.0490670471 0.055976528688 0.065240332478
Herato05 Herato0503 4023763.0 2525000.0 0.072238469006 0.06468336977 0.072065747066 0.081765670832
Herato05 Herato0503 4073763.0 2575000.0 0.07587783548 0.0625187073181 0.0738981259522 0.09574884316
Herato05 Herato0503 4123763.0 2625000.0 0.0687092148516 0.0600578396185 0.0678196482379 0.0824954882331
Herato05 Herato0503 4173763.0 2675000.0 0.08571279886 0.07382169535 0.08600054994 0.0973874852
Herato05 Herato0503 4223763.0 2725000.0 0.07846683613 0.069001367786 0.078276162664 0.087823623302
Herato05 Herato0503 4273763.0 2775000.0 0.0744021829656 0.0693248973932 0.0740442279124 0.080440725492
Herato05 Herato0503 4323763.0 2825000.0 0.066680411148 0.060632635102 0.067116798476 0.07212783042
Herato05 Herato0503 4373763.0 2875000.0 0.0697608802 0.06633781866 0.0695214711 0.0742217069
Herato05 Herato0503 4423763.0 2925000.0 0.0942951958 0.09267074414 0.0937840397 0.0982762079
Herato05 Herato0503 4473763.0 2975000.0 0.10015829836 0.09597147904 0.09979189802 0.10633138482
Herato05 Herato0503 4523763.0 3025000.0 0.05427706246 0.05153361674 0.05438084564 0.05746337
Herato05 Herato0503 4573763.0 3075000.0 0.0808583967884 0.0693279850636 0.0802170423506 0.097038340032
Herato05 Herato0503 4623763.0 3125000.0 0.08267876008 0.07635617858 0.0825519844 0.09026661158
Herato05 Herato0503 4673763.0 3175000.0 0.0981877886 0.0896037373 0.101395954 0.1048146242
Herato05 Herato0503 4723763.0 3225000.0 0.06117370023 0.055925640464 0.062684779598 0.065663557662
Herato05 Herato0503 4773763.0 3275000.0 0.11298105062 0.0987396863885 0.1131735403 0.1263055805
Herato05 Herato0503 4823763.0 3325000.0 0.08846093072 0.0830318809 0.08853121488 0.09418198394
Herato05 Herato0503 4873763.0 3375000.0 0.09627782183 0.089998119106 0.096267736798 0.101587990796
Herato05 Herato0503 4923763.0 3425000.0 0.139846356406 0.107354468294 0.134078719556 0.20279348164
Herato05 Herato0503 4973763.0 3475000.0 0.102561865456 0.0923926241631 0.102453684241 0.112393334842
Herato05 Herato0503 5023763.0 3525000.0 0.122876868464 0.096624997816 0.123299976764 0.1377909428
Herato05 Herato0503 5073763.0 3575000.0 0.11754859256 0.10989436174 0.11695313494 0.12608121246
Herato05 Herato0503 5123763.0 3625000.0 0.060840816618 0.055083835154 0.06107005331 0.066073212206
Herato05 Herato0503 5173763.0 3675000.0 0.08718866308 0.07983335108 0.08696210774 0.09447904954
Herato05 Herato0503 5223763.0 3725000.0 0.10880513788 0.098173931805 0.108336987372 0.11961282794
Herato05 Herato0503 5273763.0 3775000.0 0.0351488004808 0.0321809749244 0.0349848091712 0.0384722121265
Herato05 Herato0503 5323763.0 3825000.0 0.06354217728 0.0606158928 0.06366738752 0.06750548528
Herato05 Herato0503 5373763.0 3875000.0 0.08652113048 0.0808399782 0.08668976212 0.09292721148
Herato05 Herato0503 5423763.0 3925000.0 0.09693832969 0.088686244586 0.096968566718 0.103664985824
Herato05 Herato0503 5473763.0 3975000.0 0.082431961 0.0684170143 0.08226128698 0.09462406654
Herato05 Herato0503 5523763.0 4025000.0 0.0850597945 0.0817672808 0.0848665973 0.0902110944
Herato05 Herato0503 5573763.0 4075000.0 0.10289181234 0.09767020748 0.10247959124 0.11038418984
Herato05 Herato0503 5623763.0 4125000.0 0.1065237558 0.097465195656 0.10599912116 0.1178295798
Herato05 Herato0503 5673763.0 4175000.0 0.08502163136 0.07937405454 0.08457166478 0.091538351
Herato05 Herato0503 5723763.0 4225000.0 0.0765976869722 0.0713172344072 0.0771768709854 0.08121355155
Herato05 Herato0503 5773763.0 4275000.0 0.1045216696 0.0975898772 0.1043928664 0.1118262156
Herato05 Herato0503 5823763.0 4325000.0 0.0609998478 0.05630813962 0.06054735582 0.06548716462
Herato05 Herato0503 5873763.0 4375000.0 0.070205935328 0.065415549174 0.070329646724 0.07542126859
Herato05 Herato0503 5923763.0 4425000.0 0.08451414048 0.08017862028 0.08463315476 0.0882705912
Herato05 Herato0503 5973763.0 4475000.0 0.092791518 0.08759314578 0.09226553358 0.098917554
Herato05 Herato0503 6023763.0 4525000.0 0.09996870724 0.0944023958 0.09930227164 0.1069960312
Herato05 Herato0503 6073763.0 4575000.0 0.126578656 0.120393608 0.126518704 0.133503112
Herato05 Herato0503 6123763.0 4625000.0 0.080915748734 0.073494478592 0.080767830582 0.088702708496
Herato05 Herato0503 6173763.0 4675000.0 0.085732583532 0.076874365313 0.085535814984 0.096736632104
Herato05 Herato0503 6223763.0 4725000.0 0.071971788361 0.065159052362 0.0713533872782 0.0791267204176
Herato05 Herato0503 6273763.0 4775000.0 0.06175842478 0.05734663332 0.061902264254 0.066728833358
Herato05 Herato0503 6323763.0 4825000.0 0.06688891274 0.05521937167 0.066025413944 0.084576862942
Herato05 Herato0503 6373763.0 4875000.0 0.07306003228 0.06912918902 0.07294112828 0.07709904606
Herato05 Herato0503 6423763.0 4925000.0 0.07035512532 0.06771429316 0.070188513 0.07397438728
Herato05 Herato0503 6473763.0 4975000.0 0.092536529868 0.083092289578 0.092797713628 0.103618755
Herato05 Herato0503 6523763.0 5025000.0 0.069136218454 0.062011770528 0.06917569144 0.07639717711
Herato05 Herato0503 6573763.0 5075000.0 0.085758480682 0.074730124666 0.086177790088 0.098878752732
Herato05 Herato0503 6623763.0 5125000.0 0.0823324141462 0.0776658087869 0.0818047837383 0.0900314834286
Herato05 Herato0503 6673763.0 5175000.0 0.0720367636 0.0693802756 0.0714754018 0.077265269
Herato05 Herato0503 6723763.0 5225000.0 0.111271479596 0.103250523006 0.110545881854 0.121247630744
Herato05 Herato0503 6773763.0 5275000.0 0.07411055292 0.06519649218 0.07365878024 0.08525747686
Herato05 Herato0503 6823763.0 5325000.0 0.09796201942 0.08439892912 0.09822164736 0.10191879816
Herato05 Herato0503 6873763.0 5375000.0 0.0588153791799 0.0528140358298 0.0587958499402 0.0663128922423
Herato05 Herato0503 6923763.0 5425000.0 0.0775432149611 0.0713607634666 0.0777284443742 0.0814911841081
Herato05 Herato0503 6973763.0 5475000.0 0.057052864359 0.0520103223206 0.057189189752 0.060653272752
Herato05 Herato0503 7023763.0 5525000.0 0.0894689407062 0.084975379807 0.0891446303988 0.09650386377
Herato05 Herato0503 7073763.0 5575000.0 0.08226945024 0.07798721664 0.08259601664 0.08741339776
Herato05 Herato0503 7123763.0 5625000.0 0.0735112467 0.0705323022 0.0734367677 0.07764859974
Herato05 Herato0503 7173763.0 5675000.0 0.065949139674 0.0587758766274 0.0653386206434 0.0752285478192
Herato05 Herato0503 7223763.0 5725000.0 0.0516363757668 0.0446057905998 0.0513663033232 0.0601854232838
Herato05 Herato0503 7273763.0 5775000.0 0.06389866808 0.05331494079 0.063365038966 0.077746927276
Herato05 Herato0503 7323763.0 5825000.0 0.0408383489274 0.035453035209 0.0406988880127 0.0481191271642
Herato05 Herato0503 7373763.0 5875000.0 0.051915486086 0.0476452668068 0.0517997019786 0.056556840016
Herato05 Herato0503 7423763.0 5925000.0 0.0715542880162 0.0589897354595 0.0712047655532 0.086439235082
Herato05 Herato0503 7473763.0 5975000.0 0.08279870108 0.0788436148 0.08287882176 0.08752824788
Herato05 Herato0503 7523763.0 6025000.0 0.08981090468 0.08137541922 0.08971267128 0.09946095048
Herato05 Herato0503 7573763.0 6075000.0 0.07491670537 0.04941438007 0.076683352378 0.095466435424
Herato05 Herato0503 7623763.0 6125000.0 0.0260405605808 0.0219375177755 0.0251547574992 0.034766418932
Herato05 Herato0503 7673763.0 6175000.0 0.041337708074 0.0388451492476 0.041333750118 0.04400666526
Herato05 Herato0503 7723763.0 6225000.0 0.076690424612 0.069205443248 0.076953865512 0.081923226526
Herato05 Herato0503 7773763.0 6275000.0 0.06967121737 0.062487562856 0.068735764938 0.08028925153
Herato05 Herato0503 7823763.0 6325000.0 0.06514373168 0.06188020238 0.06516944298 0.0672259775
Herato05 Herato0503 7873763.0 6375000.0 0.05782874592 0.05573808048 0.0579957192 0.05892956976
Herato05 Herato0503 7923763.0 6425000.0 0.06433772262 0.06000538456 0.06412156218 0.06914889372
Herato05 Herato0503 7973763.0 6475000.0 0.096133050004 0.086797786248 0.09605800006 0.106056620794
Herato05 Herato0503 8023763.0 6525000.0 0.10490678356 0.09910067228 0.10516126124 0.11113425464
Herato05 Herato0503 8073763.0 6575000.0 0.10095205542 0.09137283616 0.10060171086 0.11392870876
Herato05 Herato0503 8123763.0 6625000.0 0.02208872458 0.020325743772 0.02200961086 0.02432085864
Herato05 Herato0503 8173763.0 6675000.0 0.070652126248 0.062866889928 0.070505313656 0.078796034974
Herato05 Herato0503 8223763.0 6725000.0 0.070088927056 0.065537657674 0.070143690322 0.075097213814
Herato05 Herato0503 8273763.0 6775000.0 0.06320109058 0.052162008244 0.062747227592 0.07721824508
Herato05 Herato0503 8323763.0 6825000.0 0.048392131906 0.043146550174 0.048402703034 0.054335531252
Herato05 Herato0503 8373763.0 6875000.0 0.03334437514 0.0293195459017 0.033241551013 0.0374305191856
Herato05 Herato0503 8423763.0 6925000.0 0.023932135596 0.0214609175548 0.02382769865 0.027259509274
Herato05 Herato0503 8473763.0 6975000.0 0.0295789685632 0.0277061574 0.0294298061858 0.032429359426
Herato05 Herato0503 8523763.0 7025000.0 0.036659138532 0.031028465548 0.0367530073 0.043630144022
Herato05 Herato0503 8573763.0 7075000.0 0.0243202193073 0.0209485779088 0.0243040846175 0.0279801915455
Herato05 Herato0503 8623763.0 7125000.0 0.075685881182 0.07055628922 0.075350310694 0.084238025672
Herato05 Herato0503 8673763.0 7175000.0 0.08136648 0.07664716962 0.08127761044 0.08759030956
Herato05 Herato0503 8723763.0 7225000.0 0.10508204846 0.09806437948 0.10445442988 0.1143819318
Herato05 Herato0503 8773763.0 7275000.0 0.1088655658 0.0957332613 0.1097032194 0.12147350096
Herato05 Herato0503 8823763.0 7325000.0 0.049713242362 0.044921235326 0.04986374653 0.054991484382
Herato05 Herato0503 8873763.0 7375000.0 0.06870653916 0.06737682644 0.06812453724 0.07263202086
Herato05 Herato0503 8923763.0 7425000.0 0.04987562848 0.047081999823 0.04970686607 0.05344479325
Herato05 Herato0503 8973763.0 7475000.0 0.068072706614 0.051122648401 0.067329490875 0.089602855068
Herato05 Herato0503 9023763.0 7525000.0 0.070355477846 0.0401470458793 0.0671271505386 0.112245478398
Herato05 Herato0503 9073763.0 7575000.0 0.0105612342421 0.00849476534339 0.0104002728025 0.0130591042685
Herato05 Herato0503 9123763.0 7625000.0 0.0413378302836 0.0354550840843 0.0419366012719 0.049065564128
Herato05 Herato0503 9173763.0 7675000.0 0.08786121642 0.08067690756 0.08707459122 0.09827760456
Herato05 Herato0503 9223763.0 7725000.0 0.08215586496 0.07687635088 0.08187466844 0.0879660949
Herato05 Herato0503 9273763.0 7775000.0 0.08429053092 0.07806142216 0.08420755742 0.0912868844
Herato05 Herato0503 9323763.0 7825000.0 0.094281770906 0.08127708321 0.095421213336 0.10644289292
Herato05 Herato0503 9373763.0 7875000.0 0.0714189492 0.052327238704 0.07274196898 0.09655886002
Herato05 Herato0503 9423763.0 7925000.0 0.07624196492 0.0682013434 0.07532435048 0.0843195709
Herato05 Herato0503 9473763.0 7975000.0 0.0669931753052 0.0608972108799 0.0669128244965 0.0739192739288
Herato05 Herato0503 9523763.0 8025000.0 0.0928750541988 0.0840213230191 0.0923837272358 0.102225689384
Herato05 Herato0503 9573763.0 8075000.0 0.09585865056 0.08663272224 0.09531479956 0.10658469726
Herato05 Herato0503 9623763.0 8125000.0 0.07446151338 0.07024421264 0.0746727514 0.07774485028
Herato05 Herato0503 9673763.0 8175000.0 0.0516934537709 0.0443860180737 0.0514268604036 0.0605932105885
Herato05 Herato0503 9723763.0 8225000.0 0.056018322416 0.052442183318 0.055572791392 0.061397577134
Herato05 Herato0503 9773763.0 8275000.0 0.06356229654 0.056275093768 0.0638004077 0.07089066562
Herato05 Herato0503 9823763.0 8325000.0 0.084444129464 0.0758065539192 0.0839433885996 0.09507734636
Herato05 Herato0503 9873763.0 8375000.0 0.0755506336284 0.0670443983113 0.075162417274 0.0853896260172
Herato05 Herato0503 9923763.0 8425000.0 0.11766877222 0.10199744538 0.11748422872 0.13281202096
Herato05 Herato0503 9973763.0 8475000.0 0.09878195694 0.09151422058 0.09869783302 0.106834525
Herato05 Herato0503 10023763.0 8525000.0 0.09989816566 0.091362731368 0.10009671044 0.10845827748
Herato05 Herato0503 10073763.0 8575000.0 0.09331361984 0.08846146956 0.09307180606 0.0998692953
Herato05 Herato0503 10123763.0 8625000.0 0.09717097096 0.08757734448 0.0930161272 0.1103184154
Herato05 Herato0503 10173763.0 8675000.0 0.08122884822 0.06850313434 0.0847049608 0.09144898552
Herato05 Herato0503 10223763.0 8725000.0 0.077965096792 0.071225552316 0.078188881592 0.084911528376
Herato05 Herato0503 10273763.0 8775000.0 0.090520595742 0.07971897065 0.091085948284 0.101356780968
Herato05 Herato0503 10323763.0 8825000.0 0.0630943484022 0.0575146054309 0.063042706054 0.0686529802412
Herato05 Herato0503 10373763.0 8875000.0 0.08253570888 0.0765582872 0.08284256028 0.08736903152
Herato05 Herato0503 10423763.0 8925000.0 0.063449284592 0.0566417497508 0.063238857418 0.071353530198
Herato05 Herato0503 10467462.5 8975000.0 0.0762518845237 0.0661764860644 0.0760712679491 0.08824306672
Herato05 Herato0504 10505353.0 25000.0 0.0336635727983 0.0308059454117 0.0335857448671 0.0370696496873
Herato05 Herato0505 10549544.0 25000.0 0.012105954192 0.00977680868961 0.01183133763 0.015966804942
Herato05 Herato0505 10577784.5 75000.0 0.0204701586792 0.0133217044592 0.0188036425243 0.0320182431723
Herato05 Herato0506 10598506.5 25000.0 0.0397855172621 0.0334224131175 0.0398146814164 0.0469494199537
Herato05 Herato0507 10640988.0 25000.0 0.021983360654 0.019414864362 0.021971074482 0.025896281512
Herato05 Herato0507 10690988.0 75000.0 0.0269027210902 0.023606470373 0.0268908567802 0.0311947006142
Herato05 Herato0507 10740988.0 125000.0 0.0301112490238 0.0273817139818 0.0300565729986 0.0331232038238
Herato05 Herato0507 10790988.0 175000.0 0.039579949832 0.032142417574 0.039228547272 0.047807191198
Herato05 Herato0507 10831239.0 225000.0 0.0855726392942 0.0579942392756 0.0821679432234 0.130173612165
Herato05 Herato0508 10871491.0 25000.0 0.0289126298 0.024866180428 0.028696262798 0.033833838292
Herato05 Herato0508 10921491.0 75000.0 0.03073954913 0.026297904018 0.03062400347 0.03489962976
Herato05 Herato0508 10971491.0 125000.0 0.022306450628 0.021075221034 0.022264483398 0.02373388243
Herato05 Herato0508 11021491.0 175000.0 0.05394928952 0.05204758356 0.053263756 0.05724204892
Herato05 Herato0508 11071491.0 225000.0 0.078331724642 0.071245804039 0.077899400796 0.0854813471
Herato05 Herato0508 11121491.0 275000.0 0.047364465988 0.042021378122 0.0468224729908 0.054253630204
Herato05 Herato0508 11171491.0 325000.0 0.06151736708 0.05961030968 0.06107689188 0.06447255524
Herato05 Herato0508 11221491.0 375000.0 0.049652717168 0.048048085754 0.049481235342 0.052045948888
Herato05 Herato0508 11271491.0 425000.0 0.0856398778 0.081589266738 0.08566154264 0.08941395194
Herato05 Herato0508 11321491.0 475000.0 0.02803452756 0.02597885744 0.0280024263 0.031004088
Herato05 Herato0508 11371491.0 525000.0 0.08912557964 0.07841255792 0.08861347722 0.10365390896
Herato05 Herato0508 11421491.0 575000.0 0.0688645748 0.0662124441 0.06922145944 0.07197626118
Herato05 Herato0508 11471491.0 625000.0 0.060364643874 0.055810506702 0.059966099926 0.065138172024
Herato05 Herato0508 11521491.0 675000.0 0.0602013917462 0.0488712086252 0.0599849214548 0.073730836396
Herato05 Herato0508 11571491.0 725000.0 0.068266903942 0.061687660632 0.068175003324 0.075776425286
Herato05 Herato0508 11621491.0 775000.0 0.07091124412 0.0651903949 0.07117604966 0.07619164356
Herato05 Herato0508 11671491.0 825000.0 0.097015184806 0.0886980094722 0.097302420154 0.106469255436
Herato05 Herato0508 11721491.0 875000.0 0.0635001831747 0.0571845734101 0.0634880909372 0.0702158574524
Herato05 Herato0508 11771491.0 925000.0 0.106892119432 0.097286575426 0.107794810468 0.116103412564
Herato05 Herato0508 11821491.0 975000.0 0.07474383974 0.06509801218 0.07391394708 0.08771133404
Herato05 Herato0508 11871491.0 1025000.0 0.0646669957582 0.060479923622 0.0647893327307 0.06916196687
Herato05 Herato0508 11921491.0 1075000.0 0.07799546904 0.07360720646 0.0776751752 0.08367465014
Herato05 Herato0508 11971491.0 1125000.0 0.04824401496 0.040183383062 0.0482647833 0.06252438552
Herato05 Herato0508 12021491.0 1175000.0 0.0765175297 0.07390614976 0.07664445096 0.07939174658
Herato05 Herato0508 12071491.0 1225000.0 0.0912435098 0.09006336452 0.09126707532 0.09316764796
Herato05 Herato0508 12121491.0 1275000.0 0.09129365854 0.086580351529 0.091437127172 0.095557895428
Herato05 Herato0508 12171491.0 1325000.0 0.09040319372 0.08537920384 0.09053100504 0.09469945608
Herato05 Herato0508 12221491.0 1375000.0 0.10794831384 0.10112074152 0.10808495072 0.1148247268
Herato05 Herato0508 12271491.0 1425000.0 0.13191580848 0.09545801749 0.12144014175 0.19505220742
Herato05 Herato0508 12321491.0 1475000.0 0.07249573696 0.0678108347012 0.072399937336 0.077407669488
Herato05 Herato0508 12371491.0 1525000.0 0.075481110824 0.0673708788436 0.075453341772 0.082827353812
Herato05 Herato0508 12421491.0 1575000.0 0.062249047688 0.057719059652 0.062623873476 0.06653673178
Herato05 Herato0508 12471491.0 1625000.0 0.08000271522 0.07520499646 0.08024580818 0.08341127952
Herato05 Herato0508 12521491.0 1675000.0 0.0816519314582 0.069543512934 0.079103887932 0.0981719655592
Herato05 Herato0508 12571491.0 1725000.0 0.065806813344 0.060708623112 0.0660017089 0.069816349208
Herato05 Herato0508 12621491.0 1775000.0 0.064132353512 0.0598651233 0.064182444158 0.06834864426
Herato05 Herato0508 12671491.0 1825000.0 0.047594103532 0.040406916616 0.04740938376 0.057216566244
Herato05 Herato0508 12721491.0 1875000.0 0.065957658 0.058068738 0.067616562 0.069183192
Herato05 Herato0508 12771491.0 1925000.0 0.041516531856 0.038000047264 0.04117957383 0.047525733328
Herato05 Herato0508 12821491.0 1975000.0 0.0829148080478 0.0672442874692 0.0817025027664 0.116210156062
Herato05 Herato0508 12871491.0 2025000.0 0.07017434862 0.0656779712 0.06992185858 0.07483993046
Herato05 Herato0508 12921491.0 2075000.0 0.07766435412 0.07387895228 0.07742958372 0.08184762814
Herato05 Herato0508 12971491.0 2125000.0 0.025924254128 0.020672924132 0.025903662774 0.03282644403
Herato05 Herato0508 13021491.0 2175000.0 0.0722124885978 0.0656103572706 0.0717716308764 0.082423475007
Herato05 Herato0508 13071491.0 2225000.0 0.05819187868 0.0551240449 0.05806092846 0.06051999366
Herato05 Herato0508 13121491.0 2275000.0 0.05619738402 0.05176179286 0.05586801872 0.0614786342
Herato05 Herato0508 13171491.0 2325000.0 0.088147605 0.08063215138 0.08838649638 0.095355313
Herato05 Herato0508 13221491.0 2375000.0 0.06499309724 0.06079674758 0.06479812142 0.0693423455
Herato05 Herato0508 13271491.0 2425000.0 0.07624413106 0.07172737974 0.07592888538 0.08010803356
Herato05 Herato0508 13321491.0 2475000.0 0.064318104424 0.058969640604 0.064477976008 0.068377315044
Herato05 Herato0508 13371491.0 2525000.0 0.07462380224 0.07060487408 0.07515005472 0.07701294848
Herato05 Herato0508 13421491.0 2575000.0 0.102099255015 0.0948503008663 0.101268043896 0.10940340124
Herato05 Herato0508 13471491.0 2625000.0 0.0594124822696 0.0541429065039 0.060113937326 0.0646516960684
Herato05 Herato0508 13506525.0 2675000.0 0.0721929543891 0.0411121213715 0.0775246980591 0.0976012629669
Herato05 Herato0509 13541560.0 25000.0 0.0665620852612 0.0446159979066 0.0653070043728 0.100140252233
Herato05 Herato0509 13591560.0 75000.0 0.0442965053546 0.0277025007805 0.0445774724275 0.0663087952614
Herato05 Herato0509 13641560.0 125000.0 0.09899290018 0.084757766678 0.0977220818 0.11708889838
Herato05 Herato0509 13691560.0 175000.0 0.071370434284 0.0631737698 0.071564263334 0.078710396148
Herato05 Herato0509 13741560.0 225000.0 0.08066493806 0.06890718654 0.0786859478 0.10370851522
Herato05 Herato0509 13791560.0 275000.0 0.0558261072916 0.0500487299985 0.0557237401788 0.0616299279604
Herato05 Herato0509 13818972.0 325000.0 0.144503470149 0.123623308458 0.143345232172 0.167030667496
