chrom scaffold Cposition position mean p0025 p0500 p0975
Herato17 Herato1701 25001.0 25000.0 0.0143039920722 0.00755011953947 0.010958258584 0.0300154867966
Herato17 Herato1701 75001.0 75000.0 0.011409930581 0.0046888176781 0.0102357547143 0.0256914283515
Herato17 Herato1701 125001.0 125000.0 0.0340803209686 0.00696435403385 0.0299325580169 0.0876966081447
Herato17 Herato1701 175001.0 175000.0 0.0562109782116 0.0314456879158 0.0534403912158 0.0938100543107
Herato17 Herato1701 225001.0 225000.0 0.112608367122 0.0447344448708 0.105822385129 0.217847851013
Herato17 Herato1701 275001.0 275000.0 0.0405042157493 0.022097315498 0.037042673371 0.0790333496808
Herato17 Herato1701 325001.0 325000.0 0.0119925020883 0.0081886787699 0.0114885126386 0.018206598709
Herato17 Herato1701 375001.0 375000.0 0.0922841809216 0.0216601972149 0.0851726757838 0.217332743861
Herato17 Herato1701 425001.0 425000.0 0.0200725555873 0.0121916482347 0.0189253369198 0.034410907494
Herato17 Herato1701 475001.0 475000.0 0.0442893617064 0.0204373008028 0.0383501786102 0.104485955453
Herato17 Herato1701 525001.0 525000.0 0.0608229700865 0.034585713493 0.057744427967 0.107131319185
Herato17 Herato1701 575001.0 575000.0 0.0126443580159 0.00752591172369 0.0102428688741 0.0309256154255
Herato17 Herato1701 625001.0 625000.0 0.0242065398996 0.00924253268086 0.0217078803262 0.056064530961
Herato17 Herato1701 675001.0 675000.0 0.0918813576215 0.0359498991257 0.0785355432611 0.254980151803
Herato17 Herato1701 725001.0 725000.0 0.0137800898642 0.0112179204091 0.0136162187193 0.0174071460756
Herato17 Herato1701 775001.0 775000.0 0.0369061867455 0.0257979819978 0.0365595479604 0.0518012215402
Herato17 Herato1701 825001.0 825000.0 0.021940444652 0.0155349264909 0.0209876899688 0.036671747839
Herato17 Herato1701 875001.0 875000.0 0.042205061893 0.023124959497 0.0396114523394 0.0764571625282
Herato17 Herato1701 925001.0 925000.0 0.027728934066 0.020217983812 0.027237943254 0.037850618784
Herato17 Herato1701 975001.0 975000.0 0.0394669611808 0.0169339285038 0.0378666523224 0.072360921244
Herato17 Herato1701 1025001.0 1025000.0 0.0368239591601 0.0260264748751 0.0363558668518 0.052026787501
Herato17 Herato1701 1075001.0 1075000.0 0.0169811341749 0.0145959276102 0.0168113508456 0.0199620020343
Herato17 Herato1701 1125001.0 1125000.0 0.0236070756189 0.0168372215611 0.0234398750626 0.0287771656556
Herato17 Herato1701 1175001.0 1175000.0 0.0501196923713 0.0303299162786 0.0485696468955 0.0777902596894
Herato17 Herato1701 1225001.0 1225000.0 0.0154127103776 0.0118855269926 0.0151257126338 0.0203497238948
Herato17 Herato1701 1275001.0 1275000.0 0.0666457306087 0.0230739185545 0.0584555500059 0.165778668307
Herato17 Herato1701 1325001.0 1325000.0 0.0246716605184 0.0140388466633 0.023822503402 0.039459763042
Herato17 Herato1701 1375001.0 1375000.0 0.032679852946 0.0184310225421 0.0310251953395 0.0573627556488
Herato17 Herato1701 1425001.0 1425000.0 0.0271738823767 0.0194994062811 0.026265909211 0.0393655059426
Herato17 Herato1701 1475001.0 1475000.0 0.103245476394 0.0365439028262 0.089303755588 0.265846891964
Herato17 Herato1701 1525001.0 1525000.0 0.0276295096228 0.0228024937159 0.0275445792158 0.0334160469102
Herato17 Herato1701 1575001.0 1575000.0 0.0187340742396 0.0168854547171 0.0186740864448 0.0205640013472
Herato17 Herato1701 1625001.0 1625000.0 0.045814691589 0.0247486167535 0.0437517857656 0.081977376286
Herato17 Herato1701 1675001.0 1675000.0 0.072794432124 0.027586822761 0.0675122825694 0.150472752654
Herato17 Herato1701 1725001.0 1725000.0 0.01763540308 0.01572398915 0.0175440843382 0.020010180894
Herato17 Herato1701 1775001.0 1775000.0 0.0634485050763 0.035835155527 0.0611864434947 0.111000709297
Herato17 Herato1701 1825001.0 1825000.0 0.0248303915174 0.0133124687846 0.024870338426 0.0390699122636
Herato17 Herato1701 1875001.0 1875000.0 0.0134355088878 0.0119378222818 0.0134355044122 0.0150827901418
Herato17 Herato1701 1925001.0 1925000.0 0.039346332623 0.0168573843553 0.0368109456596 0.0657663430808
Herato17 Herato1701 1975001.0 1975000.0 0.02368124056 0.018297664234 0.025285230534 0.029467008924
Herato17 Herato1701 2025001.0 2025000.0 0.0114444651921 0.00804550460479 0.0111614057091 0.016484759824
Herato17 Herato1701 2075001.0 2075000.0 0.0559099093307 0.0292613489384 0.0518708567376 0.106910291275
Herato17 Herato1701 2125001.0 2125000.0 0.0242540535736 0.0201196993861 0.023703962182 0.029749496796
Herato17 Herato1701 2175001.0 2175000.0 0.0220691818953 0.0194148297982 0.0217946800083 0.0253741895608
Herato17 Herato1701 2225001.0 2225000.0 0.024980901516 0.020664064812 0.024907998776 0.02979342834
Herato17 Herato1701 2275001.0 2275000.0 0.0929093911726 0.0336983147276 0.0766667291895 0.252689418107
Herato17 Herato1701 2325001.0 2325000.0 0.0641876445708 0.0486798818966 0.0632165862456 0.0846263087012
Herato17 Herato1701 2375001.0 2375000.0 0.075673262722 0.062210712018 0.074349336218 0.09136970134
Herato17 Herato1701 2425001.0 2425000.0 0.084128823062 0.041639746745 0.0775483210364 0.160161073426
Herato17 Herato1701 2475001.0 2475000.0 0.0126117403638 0.0107657428505 0.0124593209337 0.0148858867904
Herato17 Herato1701 2525001.0 2525000.0 0.0322795810498 0.0161964642046 0.0307849665637 0.0609119956794
Herato17 Herato1701 2575001.0 2575000.0 0.00874137954166 0.00668203957926 0.00873138497394 0.0100978764436
Herato17 Herato1701 2625001.0 2625000.0 0.009688583666 0.00904199264 0.009695197448 0.01025425128
Herato17 Herato1701 2675001.0 2675000.0 0.0215632906616 0.0141135690532 0.0202456331744 0.035590656868
Herato17 Herato1701 2725001.0 2725000.0 0.0316571835286 0.0256264234896 0.0313460217002 0.0397026302972
Herato17 Herato1701 2775001.0 2775000.0 0.11851685282 0.0615088007544 0.112356216642 0.21530002626
Herato17 Herato1701 2825001.0 2825000.0 0.0224198328678 0.0186470536072 0.0222702436748 0.0269032216166
Herato17 Herato1701 2875001.0 2875000.0 0.0087564965806 0.00700866374582 0.0086945224011 0.0108657980655
Herato17 Herato1701 2925001.0 2925000.0 0.0283901533216 0.0104230770584 0.0231347185972 0.0759690107762
Herato17 Herato1701 2975001.0 2975000.0 0.0215165174012 0.0181542408669 0.0213069191858 0.025641156648
Herato17 Herato1701 3025001.0 3025000.0 0.0235513387708 0.0199068878173 0.0233632353651 0.028435362394
Herato17 Herato1701 3075001.0 3075000.0 0.05179078133 0.0340116468684 0.0523487874744 0.0726862362052
Herato17 Herato1701 3125001.0 3125000.0 0.0378430516386 0.0298400924513 0.0375895361232 0.0471188604406
Herato17 Herato1701 3175001.0 3175000.0 0.0871474444127 0.0257635855622 0.0702966107932 0.257633683371
Herato17 Herato1701 3225001.0 3225000.0 0.0416982140858 0.0226048422287 0.0376595602028 0.0839094393817
Herato17 Herato1701 3275001.0 3275000.0 0.016364725062 0.014503659432 0.016323680072 0.018284709034
Herato17 Herato1701 3325001.0 3325000.0 0.110286151388 0.0481964147131 0.0995719405214 0.241328066226
Herato17 Herato1701 3375001.0 3375000.0 0.00755897610006 0.00685588614932 0.00752042991352 0.00834623403
Herato17 Herato1701 3425001.0 3425000.0 0.0985031502527 0.0389472194873 0.0874005126705 0.22380962854
Herato17 Herato1701 3475001.0 3475000.0 0.0388230788532 0.0148995368001 0.0374292522035 0.0804119902786
Herato17 Herato1701 3525001.0 3525000.0 0.0280307798635 0.0110204093896 0.0254439811531 0.0546753377688
Herato17 Herato1701 3575001.0 3575000.0 0.0182216502352 0.0110288050172 0.0160345179142 0.032167819612
Herato17 Herato1701 3625001.0 3625000.0 0.0280423315801 0.0164581199927 0.0276100045337 0.0426551878905
Herato17 Herato1701 3675001.0 3675000.0 0.0308156305476 0.0275447803547 0.030578509384 0.034313417702
Herato17 Herato1701 3725001.0 3725000.0 0.0283786058034 0.0214658847787 0.0274166501681 0.0412444273696
Herato17 Herato1701 3775001.0 3775000.0 0.0376822404375 0.0283139318652 0.0366902268149 0.0519073367854
Herato17 Herato1701 3825001.0 3825000.0 0.0764626799218 0.0273516194255 0.0714964925758 0.141012682824
Herato17 Herato1701 3875001.0 3875000.0 0.0218097355752 0.0191009046459 0.0218888442066 0.0243596152402
Herato17 Herato1701 3925001.0 3925000.0 0.0583705330369 0.0233445579975 0.0519622919389 0.139248770926
Herato17 Herato1701 3975001.0 3975000.0 0.043237861664 0.0369925053135 0.043559306725 0.047374246499
Herato17 Herato1701 4025001.0 4025000.0 0.0109071301433 0.00834385897681 0.0108593330461 0.0134785747358
Herato17 Herato1701 4075001.0 4075000.0 0.0160383526239 0.013370658705 0.0158140453211 0.0194649762893
Herato17 Herato1701 4125001.0 4125000.0 0.0346089058223 0.0207509797844 0.0330487877246 0.0569150414304
Herato17 Herato1701 4175001.0 4175000.0 0.0598988419392 0.0358169416478 0.0563328849493 0.109992325628
Herato17 Herato1701 4225001.0 4225000.0 0.0359678351515 0.0219743959488 0.0320644321574 0.071755094366
Herato17 Herato1701 4275001.0 4275000.0 0.0261346439539 0.0221480189017 0.0260820151549 0.0306941501735
Herato17 Herato1701 4325001.0 4325000.0 0.0151057165096 0.0117368597408 0.0149780739625 0.0196734019306
Herato17 Herato1701 4375001.0 4375000.0 0.11029410607 0.0330401155919 0.105229816667 0.239905110928
Herato17 Herato1701 4425001.0 4425000.0 0.0292511981457 0.0209472796481 0.0275311813168 0.0500147836996
Herato17 Herato1701 4475001.0 4475000.0 0.0744962007251 0.0293473002204 0.0711744647844 0.135522666792
Herato17 Herato1701 4525001.0 4525000.0 0.0902602840384 0.0281827340463 0.0855122863694 0.184413613679
Herato17 Herato1701 4575001.0 4575000.0 0.0247994976198 0.0170418133752 0.0241868240044 0.037087193716
Herato17 Herato1701 4625001.0 4625000.0 0.027216645969 0.0165164855351 0.0257897587909 0.04166428
Herato17 Herato1701 4675001.0 4675000.0 0.04085177215 0.017551849418 0.031143048736 0.115118553148
Herato17 Herato1701 4725001.0 4725000.0 0.0312121049662 0.013345361045 0.0286500580765 0.0679491855692
Herato17 Herato1701 4775001.0 4775000.0 0.0817546616725 0.0126089239965 0.0739020628872 0.20031347719
Herato17 Herato1701 4825001.0 4825000.0 0.0278765122148 0.0175930285634 0.028389965162 0.0472424219188
Herato17 Herato1701 4875001.0 4875000.0 0.0442792801624 0.0217694231308 0.0421776155626 0.0845145640114
Herato17 Herato1701 4925001.0 4925000.0 0.0199336805584 0.017181475972 0.019774924912 0.0229520449678
Herato17 Herato1701 4975001.0 4975000.0 0.043516557753 0.0289979645159 0.0426043609628 0.0669115462602
Herato17 Herato1701 5025001.0 5025000.0 0.0431135325859 0.0301656382287 0.0405558388823 0.0681685831779
Herato17 Herato1701 5075001.0 5075000.0 0.0217784559916 0.0178990621368 0.0207753606878 0.0300532616154
Herato17 Herato1701 5125001.0 5125000.0 0.0400442225236 0.0196234022299 0.0373987415805 0.0755900417234
Herato17 Herato1701 5175001.0 5175000.0 0.0226110408944 0.0184391485804 0.0223893338476 0.0273789014182
Herato17 Herato1701 5225001.0 5225000.0 0.011823852145 0.00876813501752 0.0116436719102 0.0166434127988
Herato17 Herato1701 5275001.0 5275000.0 0.0167206634752 0.010100893901 0.015823297918 0.0281171022376
Herato17 Herato1701 5325001.0 5325000.0 0.0266752196156 0.0161479003862 0.0250998281512 0.0442656823456
Herato17 Herato1701 5375001.0 5375000.0 0.142635269088 0.0319028900099 0.13422977287 0.353061011888
Herato17 Herato1701 5425001.0 5425000.0 0.057757452543 0.0296036825003 0.0532070413294 0.105952297432
Herato17 Herato1701 5475001.0 5475000.0 0.0137772926244 0.0108470486693 0.0136744596145 0.0173201154213
Herato17 Herato1701 5525001.0 5525000.0 0.0468076681184 0.0223333421313 0.042762227836 0.0943190465802
Herato17 Herato1701 5575001.0 5575000.0 0.0394508617749 0.0353273646451 0.0393652678669 0.0448612304074
Herato17 Herato1701 5625001.0 5625000.0 0.0271800557067 0.0228366876327 0.0271484995446 0.0325275983102
Herato17 Herato1701 5675001.0 5675000.0 0.015220068323 0.0139468722783 0.0151781063835 0.0168262188146
Herato17 Herato1701 5725001.0 5725000.0 0.0703454703992 0.0305771467251 0.0631809655217 0.150731428058
Herato17 Herato1701 5775001.0 5775000.0 0.0728519432308 0.0354212010637 0.0683525005237 0.138164683375
Herato17 Herato1701 5825001.0 5825000.0 0.0689931303412 0.0129069995536 0.0617015222285 0.178074667188
Herato17 Herato1701 5875001.0 5875000.0 0.0565886174918 0.0234534942575 0.0496786423608 0.126987638085
Herato17 Herato1701 5925001.0 5925000.0 0.0192898909348 0.0179756266814 0.0192109761102 0.0205494987243
Herato17 Herato1701 5975001.0 5975000.0 0.0264679706195 0.0217127797308 0.0263357404202 0.0322766753902
Herato17 Herato1701 6025001.0 6025000.0 0.031020602337 0.026441672005 0.0308188094686 0.036635943938
Herato17 Herato1701 6075001.0 6075000.0 0.0243715744547 0.0205689830329 0.0243135219733 0.0285917341364
Herato17 Herato1701 6125001.0 6125000.0 0.0143741362667 0.0101792703439 0.0140265737845 0.0207726498316
Herato17 Herato1701 6175001.0 6175000.0 0.02068542198 0.018799917006 0.02055472924 0.0228895926
Herato17 Herato1701 6225001.0 6225000.0 0.02208843874 0.018749828148 0.021984013036 0.026265179926
Herato17 Herato1701 6275001.0 6275000.0 0.0343757726096 0.0162548965957 0.0325602434476 0.0627448502926
Herato17 Herato1701 6325001.0 6325000.0 0.0446691751981 0.0272754758293 0.0423417822083 0.074594354777
Herato17 Herato1701 6375001.0 6375000.0 0.410693868639 0.108896820822 0.348821075984 0.999981307176
Herato17 Herato1701 6425001.0 6425000.0 0.0272088073511 0.0171739799957 0.0246251996535 0.049188908489
Herato17 Herato1701 6475001.0 6475000.0 0.0389202531046 0.0285034948104 0.038510764014 0.0527918959578
Herato17 Herato1701 6525001.0 6525000.0 0.0739443371336 0.0228408246163 0.0655593246017 0.170971898285
Herato17 Herato1701 6575001.0 6575000.0 0.0220624335135 0.0120909266931 0.0207250240028 0.0427567378863
Herato17 Herato1701 6625001.0 6625000.0 0.0762387860063 0.0355455800083 0.0701456687975 0.150012332711
Herato17 Herato1701 6675001.0 6675000.0 0.101739311789 0.0487455264082 0.0944010230663 0.211489176868
Herato17 Herato1701 6725001.0 6725000.0 0.021906332026 0.0148668902932 0.021902604636 0.02832032619
Herato17 Herato1701 6775001.0 6775000.0 0.008878247374 0.006306525754 0.008767312376 0.011880298282
Herato17 Herato1701 6825001.0 6825000.0 0.0167973215198 0.0138481881054 0.0166215456457 0.0204651043826
Herato17 Herato1701 6875001.0 6875000.0 0.06191845626 0.01752517351 0.0312711111974 0.202181558736
Herato17 Herato1701 6925001.0 6925000.0 0.0222655723008 0.0144867918044 0.0189808725282 0.0398681514126
Herato17 Herato1701 6975001.0 6975000.0 0.017973094135 0.0143527580907 0.0176376799827 0.0237560646988
Herato17 Herato1701 7025001.0 7025000.0 0.0329565586526 0.0199867373118 0.0320437175026 0.0527939191133
Herato17 Herato1701 7075001.0 7075000.0 0.0190531700781 0.0181742918224 0.0190457447721 0.0199344215568
Herato17 Herato1701 7125001.0 7125000.0 0.0198136272 0.01926358022 0.01982954176 0.02026022954
Herato17 Herato1701 7175001.0 7175000.0 0.0477449015812 0.0415816403762 0.0477672908838 0.0542919625996
Herato17 Herato1701 7225001.0 7225000.0 0.0532239018089 0.0440837921288 0.0531678337465 0.0635525490109
Herato17 Herato1701 7275001.0 7275000.0 0.0205541222917 0.0170185804711 0.0203036662288 0.0252509950698
Herato17 Herato1701 7325001.0 7325000.0 0.02516002975 0.015341664118 0.02083198822 0.04496436471
Herato17 Herato1701 7375001.0 7375000.0 0.0829962835625 0.0308289800878 0.0712908756213 0.18847780128
Herato17 Herato1701 7425001.0 7425000.0 0.0799597790398 0.046579459301 0.073553917565 0.14939332908
Herato17 Herato1701 7475001.0 7475000.0 0.0263074049374 0.0165174707335 0.0246652067279 0.0452848638836
Herato17 Herato1701 7525001.0 7525000.0 0.0402376384779 0.0254853992779 0.0392421381495 0.0648758995449
Herato17 Herato1701 7575001.0 7575000.0 0.040646122372 0.0303878019071 0.0393381616567 0.0575291132665
Herato17 Herato1701 7625001.0 7625000.0 0.0109584589921 0.00961810948341 0.0109079263618 0.0126234268404
Herato17 Herato1701 7675001.0 7675000.0 0.185040641468 0.0162855402745 0.182537995034 0.460763834423
Herato17 Herato1701 7725001.0 7725000.0 0.0389683973945 0.0133108434344 0.0363865135903 0.0818802848898
Herato17 Herato1701 7775001.0 7775000.0 0.0570183802574 0.0315245851545 0.0511960422134 0.119169656772
Herato17 Herato1701 7825001.0 7825000.0 0.0146233867704 0.0103924438527 0.0138920533418 0.0235557698728
Herato17 Herato1701 7875001.0 7875000.0 0.00313287971638 0.00228780576198 0.00310837734726 0.0039587988282
Herato17 Herato1701 7925001.0 7925000.0 0.0155649841795 0.0102344618169 0.0154310184735 0.0231496786964
Herato17 Herato1701 7975001.0 7975000.0 0.055998702993 0.0175566335072 0.0508416487788 0.125375879751
Herato17 Herato1701 8025001.0 8025000.0 0.0388809114422 0.0227440555395 0.0359433971192 0.0720343180466
Herato17 Herato1701 8075001.0 8075000.0 0.0381632083045 0.0198202713742 0.0348257024136 0.0769759337202
Herato17 Herato1701 8125001.0 8125000.0 0.0502103662844 0.0166314639633 0.0446401474101 0.116732895613
Herato17 Herato1701 8175001.0 8175000.0 0.0248759170297 0.0187385070278 0.0242584447931 0.0347903093932
Herato17 Herato1701 8225001.0 8225000.0 0.0330819371764 0.0111541135249 0.0330700648661 0.0519529533804
Herato17 Herato1701 8275001.0 8275000.0 0.0165041127953 0.0129714537714 0.0158439043013 0.0233890876374
Herato17 Herato1701 8325001.0 8325000.0 0.0305990623414 0.0227173950375 0.030143630415 0.0415895416246
Herato17 Herato1701 8375001.0 8375000.0 0.0531851916919 0.032724418284 0.0501257854298 0.0906595425998
Herato17 Herato1701 8425001.0 8425000.0 0.0836952936987 0.0329807997898 0.0771018570565 0.178405911484
Herato17 Herato1701 8475001.0 8475000.0 0.0200488960806 0.0175667254164 0.0199256924465 0.0225390659386
Herato17 Herato1701 8525001.0 8525000.0 0.016274979495 0.0119712577172 0.0157425715512 0.022694799271
Herato17 Herato1701 8575001.0 8575000.0 0.0765852762408 0.049310533998 0.069556489901 0.12719838719
Herato17 Herato1701 8625001.0 8625000.0 0.0826760755464 0.0401418780321 0.078977644376 0.148316218758
Herato17 Herato1701 8675001.0 8675000.0 0.0205486324206 0.0155525925866 0.020210825977 0.027394291474
Herato17 Herato1701 8725001.0 8725000.0 0.0574738024674 0.0349017256072 0.0550724096052 0.096815320936
Herato17 Herato1701 8775001.0 8775000.0 0.0268922198252 0.0154059917279 0.0251421370679 0.0490855621464
Herato17 Herato1701 8825001.0 8825000.0 0.0627594891504 0.034233378255 0.0596145941057 0.104678543291
Herato17 Herato1701 8875001.0 8875000.0 0.0962666089616 0.0469520087031 0.0836775343542 0.204419293069
Herato17 Herato1701 8925001.0 8925000.0 0.101358031753 0.0361203506336 0.088704232949 0.239158143739
Herato17 Herato1701 8975001.0 8975000.0 0.015210674274 0.00864353428176 0.0149406408623 0.0249082898807
Herato17 Herato1701 9025001.0 9025000.0 0.0277265444837 0.0193221158352 0.0267049749591 0.0427718713749
Herato17 Herato1701 9075001.0 9075000.0 0.0173326605372 0.0149844212347 0.0173309671499 0.0201905135798
Herato17 Herato1701 9125001.0 9125000.0 0.0182740219092 0.0156024171833 0.0181774461 0.0212875112509
Herato17 Herato1701 9175001.0 9175000.0 0.0847563130644 0.0318315582145 0.0784126623692 0.176207595126
Herato17 Herato1701 9225001.0 9225000.0 0.0269899338495 0.0160966594744 0.0267871898106 0.043543845575
Herato17 Herato1701 9275001.0 9275000.0 0.0181031539766 0.0148622853074 0.0179789774212 0.022391312344
Herato17 Herato1701 9325001.0 9325000.0 0.0406199020931 0.0163534259648 0.0366711434688 0.0863183934496
Herato17 Herato1701 9375001.0 9375000.0 0.0240740498717 0.0155046265083 0.0230105780857 0.0388123749606
Herato17 Herato1701 9425001.0 9425000.0 0.0724886186065 0.0218882132379 0.0675080940055 0.152275550206
Herato17 Herato1701 9475001.0 9475000.0 0.0164440654884 0.00414119068165 0.014144465725 0.0452078604828
Herato17 Herato1701 9525001.0 9525000.0 0.0394589192097 0.0214334483282 0.0356541172386 0.0746808619113
Herato17 Herato1701 9575001.0 9575000.0 0.0192322752331 0.0129434948673 0.0190561403381 0.0259013920036
Herato17 Herato1701 9625001.0 9625000.0 0.0307574503672 0.02129229552 0.03038730762 0.042391517387
Herato17 Herato1701 9675001.0 9675000.0 0.0102177773578 0.00810672665997 0.0101027141655 0.0126025348597
Herato17 Herato1701 9725001.0 9725000.0 0.0606519177831 0.0347429942196 0.0580627458217 0.100116489778
Herato17 Herato1701 9775001.0 9775000.0 0.0384075754267 0.022837048034 0.0371394864644 0.0617269605407
Herato17 Herato1701 9825001.0 9825000.0 0.0206237485946 0.0151785953074 0.0205364445036 0.0306102015348
Herato17 Herato1701 9875001.0 9875000.0 0.00693568748308 0.0058718247218 0.0068730042557 0.00823471603284
Herato17 Herato1701 9925001.0 9925000.0 0.0125929279478 0.0101486095372 0.0124340260677 0.015759647754
Herato17 Herato1701 9975001.0 9975000.0 0.0504943194884 0.0141983470958 0.0442592422893 0.126052557282
Herato17 Herato1701 10025001.0 10025000.0 0.0433086428706 0.0250508664951 0.040292466269 0.0767309639686
Herato17 Herato1701 10075001.0 10075000.0 0.0263817656334 0.0176926086481 0.0253166345923 0.0412467014746
Herato17 Herato1701 10125001.0 10125000.0 0.0297916042609 0.0198268164754 0.0280543662148 0.0512641931268
Herato17 Herato1701 10175001.0 10175000.0 0.025897488162 0.0222775518172 0.02590683273 0.029695998092
Herato17 Herato1701 10225001.0 10225000.0 0.029456353707 0.0243415279992 0.0291484840398 0.0359959362274
Herato17 Herato1701 10275001.0 10275000.0 0.0499332497878 0.0370816536927 0.049262662236 0.0667070163964
Herato17 Herato1701 10325001.0 10325000.0 0.019153226659 0.0168979178336 0.0189587362497 0.0217911069292
Herato17 Herato1701 10375001.0 10375000.0 0.0485437714812 0.016079519156 0.0474122849963 0.0845980170508
Herato17 Herato1701 10425001.0 10425000.0 0.0714143836553 0.0353609382367 0.0646621067168 0.15029271266
Herato17 Herato1701 10475001.0 10475000.0 0.0501614446295 0.0275161252581 0.0471776038718 0.0948505642124
Herato17 Herato1701 10525001.0 10525000.0 0.0279295442298 0.0153022243277 0.0265558243498 0.0463525586083
Herato17 Herato1701 10575001.0 10575000.0 0.0569741824552 0.0332909618674 0.0530134548436 0.0952394802882
Herato17 Herato1701 10625001.0 10625000.0 0.015115028409 0.0123919926751 0.0150245837524 0.0189044154005
Herato17 Herato1701 10675001.0 10675000.0 0.0346088292989 0.019408825357 0.033014932275 0.0640343412383
Herato17 Herato1701 10725001.0 10725000.0 0.0499378685553 0.0297662477267 0.0462954928462 0.0846470980428
Herato17 Herato1701 10775001.0 10775000.0 0.0698926436295 0.012291459528 0.0550158916209 0.232002746881
Herato17 Herato1701 10825001.0 10825000.0 0.0717824278219 0.0274282028752 0.0629264923959 0.169178107089
Herato17 Herato1701 10875001.0 10875000.0 0.0725866094002 0.036110138321 0.0685520296537 0.137143530369
Herato17 Herato1701 10925001.0 10925000.0 0.0185549714177 0.0143047054804 0.0183477727708 0.0239133606575
Herato17 Herato1701 10975001.0 10975000.0 0.0178461557313 0.0134790794946 0.0179475726542 0.0232433599692
Herato17 Herato1701 11025001.0 11025000.0 0.251734873622 0.149780090369 0.239909025798 0.408158961123
Herato17 Herato1701 11075001.0 11075000.0 0.021708650944 0.0181334716299 0.0215370580952 0.0258551310988
Herato17 Herato1701 11125001.0 11125000.0 0.0275610778147 0.0237954637869 0.0273963076936 0.0322894210964
Herato17 Herato1701 11175001.0 11175000.0 0.0254771275142 0.017984394303 0.0238863371212 0.039948163153
Herato17 Herato1701 11225001.0 11225000.0 0.0386032690316 0.0189853329363 0.038091547641 0.0602337746632
Herato17 Herato1701 11275001.0 11275000.0 0.0169650585004 0.0109360756709 0.017037812073 0.0246013698124
Herato17 Herato1701 11325001.0 11325000.0 0.0207113412798 0.00855826979107 0.018711000574 0.0462285796625
Herato17 Herato1701 11375001.0 11375000.0 0.0182197451629 0.0158880090482 0.0179907648924 0.021711500873
Herato17 Herato1701 11425001.0 11425000.0 0.023154906076 0.0137957295293 0.0216873717393 0.041213758065
Herato17 Herato1701 11459039.5 11475000.0 0.0719356574702 0.0344889864575 0.0655439622841 0.155512301535
Herato17 Herato1702 11493079.0 25000.0 0.061000809445 0.046949022953 0.0599448006294 0.079399207353
Herato17 Herato1702 11543079.0 75000.0 0.0593062349455 0.033774889719 0.0555514627565 0.106879149386
Herato17 Herato1702 11578860.5 125000.0 0.0594380278259 0.038266960734 0.054135988458 0.100569153203
Herato17 Herato1703 11614643.0 25000.0 0.0615018161115 0.0387204349136 0.0578002568754 0.112699704487
Herato17 Herato1703 11664643.0 75000.0 0.0317254074414 0.0199949690561 0.0298374081506 0.0574022184851
Herato17 Herato1703 11714643.0 125000.0 0.0241316836592 0.0213016444435 0.0241130657876 0.0275040749972
Herato17 Herato1703 11764643.0 175000.0 0.0399101899139 0.0131885721947 0.0354590096461 0.132170160892
Herato17 Herato1703 11814643.0 225000.0 0.060368378914 0.0349031927052 0.0579266321316 0.102326813202
Herato17 Herato1703 11864643.0 275000.0 0.0476205642911 0.0246788149708 0.0452857174344 0.0872821013716
Herato17 Herato1703 11914643.0 325000.0 0.0108821259522 0.00960393017399 0.0107711916785 0.0126606517583
Herato17 Herato1703 11964643.0 375000.0 0.025616359944 0.0186914823686 0.024142034504 0.037963347476
Herato17 Herato1703 12014643.0 425000.0 0.0449878546234 0.0290981181996 0.042053504895 0.0774040723866
Herato17 Herato1703 12064643.0 475000.0 0.0601166922264 0.0364274859676 0.0571849030332 0.098864852998
Herato17 Herato1703 12114643.0 525000.0 0.0307185685228 0.0293117439121 0.0307027951274 0.0319901617396
Herato17 Herato1703 12164643.0 575000.0 0.0553581281209 0.030260002466 0.0529231046119 0.0916155110024
Herato17 Herato1703 12214643.0 625000.0 0.0347301310595 0.0192945161031 0.0334165854279 0.0632649515992
Herato17 Herato1703 12264643.0 675000.0 0.0308672409256 0.0201915674678 0.0290263603169 0.0501171259056
Herato17 Herato1703 12314643.0 725000.0 0.0240899853597 0.0165956805727 0.0230924070923 0.0355428298766
Herato17 Herato1703 12364643.0 775000.0 0.0690320006053 0.0179351810664 0.0642238753268 0.154390517994
Herato17 Herato1703 12414643.0 825000.0 0.012821031405 0.0118238509445 0.0128102730335 0.014200902468
Herato17 Herato1703 12464643.0 875000.0 0.0388434486341 0.0297384201137 0.0379108542477 0.0543367123614
Herato17 Herato1703 12514643.0 925000.0 0.0310219784158 0.0185365797915 0.031117217197 0.0488520757849
Herato17 Herato1703 12564643.0 975000.0 0.0630628624621 0.040141515541 0.0628330483021 0.0887967383884
Herato17 Herato1703 12614643.0 1025000.0 0.0441605030394 0.010741951112 0.0371160983245 0.110414362396
Herato17 Herato1703 12664643.0 1075000.0 0.0192771626576 0.0111138117641 0.0161814889713 0.0676824626279
Herato17 Herato1703 12714643.0 1125000.0 0.0643488198325 0.028098824209 0.0565731135826 0.151433510778
Herato17 Herato1703 12764643.0 1175000.0 0.0612616089192 0.0303953150556 0.0585712298842 0.11024339383
Herato17 Herato1703 12814643.0 1225000.0 0.0298003740412 0.0189926453503 0.0289098595203 0.0459517304744
Herato17 Herato1703 12864643.0 1275000.0 0.0092229245841 0.00780238594119 0.00916003092102 0.0113480743041
Herato17 Herato1703 12914643.0 1325000.0 0.113529994253 0.0483714845919 0.106711029563 0.216562851985
Herato17 Herato1703 12964643.0 1375000.0 0.017856560292 0.016576322386 0.017914203618 0.01906400356
Herato17 Herato1703 13014643.0 1425000.0 0.024090303616 0.021185824116 0.02397937877 0.027956128812
Herato17 Herato1703 13064643.0 1475000.0 0.046851865811 0.0408832727872 0.0469316800194 0.054906391973
Herato17 Herato1703 13114643.0 1525000.0 0.0102102968762 0.00934104820818 0.0101494378932 0.0113842627706
Herato17 Herato1703 13164643.0 1575000.0 0.077991936068 0.0103979511678 0.072685731181 0.167258124772
Herato17 Herato1703 13214643.0 1625000.0 0.0547735717208 0.0228548000429 0.0537558132038 0.09270241809
Herato17 Herato1703 13264643.0 1675000.0 0.0254241106584 0.0158532032826 0.0246409227579 0.041808852704
Herato17 Herato1703 13314643.0 1725000.0 0.08574165954 0.0362601109876 0.081728604812 0.165253577278
Herato17 Herato1703 13364643.0 1775000.0 0.0354792493443 0.0255790351521 0.0348403498631 0.0524171657632
Herato17 Herato1703 13414643.0 1825000.0 0.0233735620872 0.016631814935 0.0229191590141 0.0325589539215
Herato17 Herato1703 13464643.0 1875000.0 0.0222690828481 0.0150044324118 0.0207998249918 0.0380019774786
Herato17 Herato1703 13514643.0 1925000.0 0.0412765032206 0.0252674006005 0.0393808831932 0.067940680125
Herato17 Herato1703 13564643.0 1975000.0 0.033496924989 0.0198337166578 0.0318565170974 0.0574563469972
Herato17 Herato1703 13614643.0 2025000.0 0.0643974786186 0.0364044288314 0.0609415942832 0.111804525269
Herato17 Herato1703 13664643.0 2075000.0 0.0829561056114 0.0436612922008 0.0788742463979 0.156528934329
Herato17 Herato1703 13714643.0 2125000.0 0.0369416263872 0.0222851552659 0.034368266851 0.06796367548
Herato17 Herato1703 13764643.0 2175000.0 0.0266253368967 0.0162867407427 0.0265695554033 0.0428756988552
Herato17 Herato1703 13814643.0 2225000.0 0.036002804524 0.0199102099114 0.0342216136096 0.065900924926
Herato17 Herato1703 13864643.0 2275000.0 0.0315125334802 0.0270277944795 0.031282250219 0.039976994025
Herato17 Herato1703 13914643.0 2325000.0 0.0336289599878 0.0231928428523 0.0325424991819 0.058758187835
Herato17 Herato1703 13959218.0 2375000.0 0.086203209052 0.0495086512706 0.0807309712939 0.155379208925
Herato17 Herato1704 14003794.0 25000.0 0.0085911944092 0.00703894975211 0.00857776324482 0.0101364249705
Herato17 Herato1704 14053794.0 75000.0 0.0313443190906 0.0190101030088 0.029749456632 0.0514558102374
Herato17 Herato1704 14103794.0 125000.0 0.0222667541155 0.0191501306051 0.0221222179272 0.0259239350712
Herato17 Herato1704 14153794.0 175000.0 0.0083334866638 0.00732602027206 0.00825336248726 0.0094765148984
Herato17 Herato1704 14203794.0 225000.0 0.0475996920994 0.0332431150008 0.046804968281 0.0677878418368
Herato17 Herato1704 14250428.0 275000.0 0.0330179725025 0.0290547213917 0.0331156508964 0.0375875311507
Herato17 Herato1705 14297063.0 25000.0 0.0187971215822 0.0137155122208 0.0182670730398 0.027022758193
Herato17 Herato1705 14347063.0 75000.0 0.0524112335492 0.0201378531964 0.0456520778458 0.1181623541
Herato17 Herato1705 14397063.0 125000.0 0.0616753168049 0.0263009803495 0.0567258172657 0.128718802785
Herato17 Herato1705 14447063.0 175000.0 0.0172123177961 0.0157748378828 0.0172384732226 0.019008299206
Herato17 Herato1705 14497063.0 225000.0 0.0516796779858 0.0179321666112 0.0466937642986 0.119368982301
Herato17 Herato1705 14547063.0 275000.0 0.0281452906438 0.0130780937434 0.028300064219 0.048366257184
Herato17 Herato1705 14597063.0 325000.0 0.034143737083 0.0124718438763 0.0337019140262 0.069975885962
Herato17 Herato1705 14647063.0 375000.0 0.0491201422652 0.0367624810522 0.0477516773686 0.0669593990702
Herato17 Herato1705 14697063.0 425000.0 0.185456343627 0.0805648548998 0.163357892227 0.422557310732
Herato17 Herato1705 14747063.0 475000.0 0.113030494658 0.0499641667876 0.101975627054 0.245112273676
Herato17 Herato1705 14797063.0 525000.0 0.027345028562 0.0235536492396 0.0273262107432 0.031888210628
Herato17 Herato1705 14847063.0 575000.0 0.07510210286 0.0434155960325 0.0691642984546 0.134613428424
Herato17 Herato1705 14897063.0 625000.0 0.0583720497491 0.024473086088 0.0522176556545 0.102907524347
Herato17 Herato1705 14947063.0 675000.0 0.0310069429977 0.0167888402277 0.0285767907595 0.0620092285356
Herato17 Herato1705 14997063.0 725000.0 0.0383496413441 0.0261560629885 0.0374614770218 0.0533837895693
Herato17 Herato1705 15047063.0 775000.0 0.0229986324334 0.019342431731 0.0229688129334 0.0263384734289
Herato17 Herato1705 15097063.0 825000.0 0.044604155588 0.03747027246 0.043727237612 0.054587356652
Herato17 Herato1705 15147063.0 875000.0 0.0303382364497 0.0186194318499 0.0292631325149 0.0472438788166
Herato17 Herato1705 15197063.0 925000.0 0.0168890155168 0.0126846077836 0.0165248295981 0.0229481519435
Herato17 Herato1705 15247063.0 975000.0 0.06365840622 0.05348198312 0.06368353864 0.07420158524
Herato17 Herato1705 15297063.0 1025000.0 0.0374063875544 0.0299005301872 0.0369288639428 0.04895055246
Herato17 Herato1705 15347063.0 1075000.0 0.0422169175454 0.0278119592634 0.0406380452178 0.0662714069998
Herato17 Herato1705 15397063.0 1125000.0 0.025562561432 0.0157377781701 0.024957428623 0.0424133278408
Herato17 Herato1705 15447063.0 1175000.0 0.079502842701 0.0292825224297 0.0600349836254 0.244459417997
Herato17 Herato1705 15497063.0 1225000.0 0.0127621603288 0.00997396414703 0.0126934704143 0.0160087258597
Herato17 Herato1705 15547063.0 1275000.0 0.0190118553898 0.0105435695098 0.0179009173487 0.0343243885372
Herato17 Herato1705 15597063.0 1325000.0 0.0700955245065 0.0169156681767 0.0646998839164 0.151337599553
Herato17 Herato1705 15647063.0 1375000.0 0.0198011417744 0.0106420380847 0.0185106612037 0.0350431832551
Herato17 Herato1705 15697063.0 1425000.0 0.054185920286 0.0267520955207 0.0478005384755 0.10730346846
Herato17 Herato1705 15747063.0 1475000.0 0.049017825109 0.024860150774 0.0470294860402 0.0857695024482
Herato17 Herato1705 15797063.0 1525000.0 0.0595156689476 0.0250305055546 0.0566201881829 0.114842016926
Herato17 Herato1705 15847063.0 1575000.0 0.00852178921954 0.00637485698156 0.00843130303196 0.0113341253062
Herato17 Herato1705 15897063.0 1625000.0 0.03397215819 0.005865746626 0.016391386944 0.115474319348
Herato17 Herato1705 15947063.0 1675000.0 0.0225916005224 0.0196474457398 0.0223661260266 0.0262995237519
Herato17 Herato1705 15997063.0 1725000.0 0.031721867951 0.0147767392804 0.0287194280968 0.0614246619283
Herato17 Herato1705 16047063.0 1775000.0 0.0585061600051 0.0277654748701 0.0524228455893 0.14722022096
Herato17 Herato1705 16097063.0 1825000.0 0.0076416096031 0.00631406329482 0.00760301744778 0.0093276880908
Herato17 Herato1705 16147063.0 1875000.0 0.00621673746588 0.00527456159021 0.00623578483684 0.00732571275242
Herato17 Herato1705 16197063.0 1925000.0 0.0271038212508 0.0121872580889 0.0249286984587 0.0536059211955
Herato17 Herato1705 16247063.0 1975000.0 0.0410579827216 0.0324863770054 0.040405577397 0.0536333096184
Herato17 Herato1705 16297063.0 2025000.0 0.00911283843458 0.00719901322676 0.00910242431356 0.0112132774339
Herato17 Herato1705 16347063.0 2075000.0 0.0877225563268 0.0425596039079 0.0852466113933 0.151195655461
Herato17 Herato1705 16397063.0 2125000.0 0.0519216741025 0.0316940967854 0.0504517857528 0.0805582218854
Herato17 Herato1705 16447063.0 2175000.0 0.0488091771843 0.00937254429651 0.0156320872149 0.163896523436
Herato17 Herato1705 16497063.0 2225000.0 0.0791251081348 0.0458404889413 0.0751378308639 0.133009748919
Herato17 Herato1705 16547063.0 2275000.0 0.044618483509 0.0258969810847 0.040340886582 0.0880704970686
Herato17 Herato1705 16597063.0 2325000.0 0.0453724614381 0.016084095763 0.0407220425113 0.104237582274
Herato17 Herato1705 16647063.0 2375000.0 0.0212551774526 0.010146622517 0.0142876237313 0.0952472049922
Herato17 Herato1705 16697063.0 2425000.0 0.0111932469355 0.00891365847077 0.0111556244964 0.0137390863483
Herato17 Herato1705 16747063.0 2475000.0 0.132787834489 0.0577007063209 0.127043168113 0.266167411832
Herato17 Herato1705 16797063.0 2525000.0 0.00551031682936 0.00464015272743 0.00545850653918 0.00653444805624
Herato17 Herato1705 16847063.0 2575000.0 0.045872124206 0.0170045376641 0.0432386078314 0.089408416834
Herato17 Herato1705 16897063.0 2625000.0 0.0189980320579 0.0089129077948 0.0154484886563 0.0452594049934
Herato17 Herato1705 16947063.0 2675000.0 0.113815496624 0.0231043906414 0.106670619934 0.25349084329
Herato17 Herato1705 16997063.0 2725000.0 0.0153783514137 0.00950503325127 0.0149160454124 0.0233851605396
Herato17 Herato1705 17029764.5 2775000.0 0.015704325708 0.013010044167 0.0158066852719 0.0183546794676
Herato17 Herato1706 17062467.0 25000.0 0.0335784661775 0.0213803593 0.0331657890371 0.050883692808
Herato17 Herato1706 17112467.0 75000.0 0.110360699024 0.0494926454957 0.103987248521 0.212407244175
Herato17 Herato1706 17144716.5 125000.0 0.0816567297352 0.0425291799359 0.075877706436 0.145411169136
Herato17 Herato1707 17176967.0 25000.0 0.0385634303864 0.0201162994457 0.0379719991563 0.0671618569034
Herato17 Herato1707 17226967.0 75000.0 0.0355200024783 0.0116081821769 0.0331830995684 0.0815933148464
Herato17 Herato1707 17276967.0 125000.0 0.0363769164674 0.0204505916316 0.0323912735519 0.073041013229
Herato17 Herato1707 17326967.0 175000.0 0.0284609783167 0.00998926173687 0.029384229591 0.0529639559527
Herato17 Herato1707 17376967.0 225000.0 0.026949883252 0.010027159422 0.0201004603458 0.0738634567323
Herato17 Herato1707 17421122.5 275000.0 0.0503432024499 0.030866817442 0.0491300672465 0.0795991192946
Herato17 Herato1708 17465279.0 25000.0 0.00808908877642 0.00581727558231 0.00796807408084 0.0111708239429
Herato17 Herato1708 17515279.0 75000.0 0.0192855171066 0.013024800098 0.0185212742714 0.029792934654
Herato17 Herato1708 17565279.0 125000.0 0.0069311327428 0.00612236329793 0.0069221221348 0.00795278826
Herato17 Herato1708 17615279.0 175000.0 0.0196184269587 0.0139992019346 0.0191832952521 0.028517426593
Herato17 Herato1708 17665279.0 225000.0 0.00486779315688 0.00391313587072 0.00485476614061 0.00598379546174
Herato17 Herato1708 17715279.0 275000.0 0.0495471329429 0.0222717038395 0.0454340747702 0.114574917469
Herato17 Herato1708 17765279.0 325000.0 0.118579850201 0.0431673429252 0.0978038249721 0.300686563937
Herato17 Herato1708 17815279.0 375000.0 0.0333929126135 0.0157837763629 0.032160081517 0.0620573954434
Herato17 Herato1708 17865279.0 425000.0 0.0149906811999 0.00587403016946 0.0102045137038 0.0535855352268
Herato17 Herato1708 17915279.0 475000.0 0.0263910650614 0.0133226655163 0.0223524102558 0.0604548442588
Herato17 Herato1708 17965279.0 525000.0 0.023222961404 0.0153204534686 0.023055358519 0.0343316954743
Herato17 Herato1708 18015279.0 575000.0 0.063712856265 0.025232688736 0.0589268213385 0.137216839718
Herato17 Herato1708 18065279.0 625000.0 0.018625482119 0.0146475170763 0.018344806824 0.0238716232288
Herato17 Herato1708 18115279.0 675000.0 0.0449853946249 0.00611927770439 0.0436662605718 0.122526372856
Herato17 Herato1708 18165279.0 725000.0 0.0453183410341 0.0262093024352 0.0431274625292 0.0785661708356
Herato17 Herato1708 18215279.0 775000.0 0.0607991514886 0.0208135194004 0.0609200449297 0.113790184468
Herato17 Herato1708 18265279.0 825000.0 0.0129832096854 0.00807120736643 0.0095571903098 0.0397990756107
Herato17 Herato1708 18315279.0 875000.0 0.0480769431293 0.0217123572265 0.0396362083622 0.103011565647
Herato17 Herato1708 18365279.0 925000.0 0.02750646899 0.0231209361606 0.0261719461785 0.0336355063316
Herato17 Herato1708 18415279.0 975000.0 0.0219265209267 0.0180553776808 0.0217264302336 0.0271512260666
Herato17 Herato1708 18465279.0 1025000.0 0.114665872458 0.0317292258783 0.0954103923054 0.341545058355
Herato17 Herato1708 18515279.0 1075000.0 0.0257595274586 0.0137461606043 0.0225335306019 0.0611650476176
Herato17 Herato1708 18565279.0 1125000.0 0.0580057625549 0.0214944557671 0.0555922012122 0.106226488921
Herato17 Herato1708 18615279.0 1175000.0 0.00578683882176 0.00477356711949 0.0057633181257 0.00690851053744
Herato17 Herato1708 18665279.0 1225000.0 0.025422138694 0.0137135175434 0.0230296181626 0.0451136866596
Herato17 Herato1708 18715279.0 1275000.0 0.01336984367 0.0101473586383 0.0132096036702 0.0178789235926
Herato17 Herato1708 18765279.0 1325000.0 0.0811916353931 0.038642480827 0.0755431249667 0.157708599138
Herato17 Herato1708 18815279.0 1375000.0 0.0258821678228 0.0158664978342 0.0244618849248 0.0423349956832
Herato17 Herato1708 18865279.0 1425000.0 0.0526918989173 0.0133281816333 0.0439828499214 0.139069761859
Herato17 Herato1708 18915279.0 1475000.0 0.0104549143754 0.00765360164287 0.0101557788129 0.014636880519
Herato17 Herato1708 18965279.0 1525000.0 0.0189805304914 0.0130487417283 0.0183207454473 0.0278475969963
Herato17 Herato1708 19015279.0 1575000.0 0.0282277989084 0.0187988622702 0.0277564536244 0.0396063016545
Herato17 Herato1708 19065279.0 1625000.0 0.0195662602654 0.0169184181862 0.0194711860686 0.0228976600024
Herato17 Herato1708 19115279.0 1675000.0 0.0196625969204 0.0118291159689 0.0189778753758 0.0323861853133
Herato17 Herato1708 19165279.0 1725000.0 0.0272315373858 0.0165779200111 0.0264674726495 0.0454260391215
Herato17 Herato1708 19215279.0 1775000.0 0.0294197985142 0.00669887010692 0.0283353397548 0.063903769691
Herato17 Herato1708 19265279.0 1825000.0 0.0422099004273 0.02571203738 0.0404689319171 0.0680106456622
Herato17 Herato1708 19315279.0 1875000.0 0.008308090612 0.006658780382 0.007765983326 0.010436852456
Herato17 Herato1708 19365279.0 1925000.0 0.005498626068 0.005006529488 0.005458478574 0.006141512842
Herato17 Herato1708 19415279.0 1975000.0 0.0154027986633 0.0115225526231 0.0151184181261 0.0210355663874
Herato17 Herato1708 19465279.0 2025000.0 0.0299335860965 0.0200806815903 0.0292874162866 0.0461208189587
Herato17 Herato1708 19515279.0 2075000.0 0.0130457556939 0.0115953894874 0.0129912880528 0.015220483872
Herato17 Herato1708 19565279.0 2125000.0 0.046011495017 0.0284901111723 0.044089938494 0.0730216647431
Herato17 Herato1708 19615279.0 2175000.0 0.0308655414648 0.0169632056722 0.0294323886863 0.0617024381022
Herato17 Herato1708 19665279.0 2225000.0 0.013285112009 0.011341883552 0.0133190346446 0.0153269761162
Herato17 Herato1708 19715279.0 2275000.0 0.0156339924586 0.0114962146576 0.015321299021 0.0220233556977
Herato17 Herato1708 19765279.0 2325000.0 0.087546601169 0.0201591825594 0.0848597674584 0.206688687927
Herato17 Herato1708 19815279.0 2375000.0 0.0714871308569 0.0323571326432 0.0652586605251 0.141615731386
Herato17 Herato1708 19865279.0 2425000.0 0.0148837520811 0.00605070269104 0.0130567624268 0.0354780603709
Herato17 Herato1708 19915279.0 2475000.0 0.0279066995586 0.0108003870179 0.0223678234088 0.0817965991861
Herato17 Herato1708 19961555.5 2525000.0 0.0430947414166 0.0290198211933 0.0415004106491 0.0667413037847
Herato17 Herato1709 19984369.5 25000.0 0.00579007243736 0.00467965235926 0.0057310730231 0.00713451578262
Herato17 Herato1710 19998178.5 25000.0 0.015560710418 0.0110886017831 0.0144170186447 0.0256965633517
Herato17 Herato1711 20023390.5 25000.0 0.0256687239847 0.0230767542177 0.0258271140925 0.0279338757294
Herato17 Herato1712 20061331.0 25000.0 0.0345266756602 0.0263020956334 0.0341648339924 0.045380891716
Herato17 Herato1712 20111331.0 75000.0 0.04544078862 0.031647684137 0.0454774437082 0.0640078770668
Herato17 Herato1712 20139786.0 125000.0 0.00384065166425 0.00356419204052 0.00378699667149 0.00418690824891
Herato17 Herato1713 20168242.0 25000.0 0.0717895872214 0.0507814546757 0.0703172201044 0.105737675311
Herato17 Herato1713 20218242.0 75000.0 0.0587575620438 0.0330018305598 0.0586837491851 0.0899777358024
Herato17 Herato1713 20254834.0 125000.0 0.0643443986762 0.0466047510145 0.0627635137524 0.0933339516192
