chrom scaffold Cposition position mean p0025 p0500 p0975
Herato19 Herato1901 25001.0 25000.0 0.0202422679836 0.0114131196148 0.0199000054296 0.028763932185
Herato19 Herato1901 75001.0 75000.0 0.0117587691457 0.00817992299471 0.01155981443 0.0166717173124
Herato19 Herato1901 125001.0 125000.0 0.00122198153232 0.000936399912187 0.00122578835777 0.00149683126613
Herato19 Herato1901 175001.0 175000.0 0.0392743101943 0.0196355381143 0.0388161903257 0.0649783335958
Herato19 Herato1901 225001.0 225000.0 0.0142950964653 0.00926986028868 0.0141005110277 0.0205247975394
Herato19 Herato1901 275001.0 275000.0 0.00484783966814 0.00301166749881 0.00486695159368 0.007509893184
Herato19 Herato1901 325001.0 325000.0 0.0423672363123 0.016462415651 0.0353320339229 0.112549103349
Herato19 Herato1901 375001.0 375000.0 0.053096654269 0.0125649632036 0.051370839502 0.127898796164
Herato19 Herato1901 425001.0 425000.0 0.00277267204244 0.00210688483782 0.00271220209104 0.0036609308527
Herato19 Herato1901 475001.0 475000.0 0.0027172222501 0.00214712555872 0.00264854374862 0.00353749123116
Herato19 Herato1901 525001.0 525000.0 0.0172816877356 0.013746376489 0.0170254022388 0.0220054963961
Herato19 Herato1901 575001.0 575000.0 0.0439092000097 0.0320869595956 0.043558317009 0.0598026780886
Herato19 Herato1901 625001.0 625000.0 0.0147982390832 0.0113088555344 0.0143659394632 0.02058810661
Herato19 Herato1901 675001.0 675000.0 0.0331487307032 0.0193307395172 0.0326939071987 0.0523908228258
Herato19 Herato1901 725001.0 725000.0 0.0561131988058 0.0432337554362 0.0558195084085 0.0721504552681
Herato19 Herato1901 775001.0 775000.0 0.0101382083563 0.00800713673208 0.0100628428668 0.0126759599831
Herato19 Herato1901 825001.0 825000.0 0.0063890018219 0.00523951937263 0.00633869713504 0.00774731088184
Herato19 Herato1901 875001.0 875000.0 0.013736489024 0.0100134585746 0.0135991973772 0.018249539724
Herato19 Herato1901 925001.0 925000.0 0.0442766380676 0.0217826232152 0.0424738772692 0.0760960602984
Herato19 Herato1901 975001.0 975000.0 0.043558255491 0.0217988802379 0.0404440199867 0.0852129661828
Herato19 Herato1901 1025001.0 1025000.0 0.0039085266006 0.00311148772495 0.00389730112676 0.00487890150034
Herato19 Herato1901 1075001.0 1075000.0 0.0712820572864 0.0353726486605 0.062634024629 0.149830616861
Herato19 Herato1901 1125001.0 1125000.0 0.0274135256633 0.019599055552 0.0269395868283 0.0386941676219
Herato19 Herato1901 1175001.0 1175000.0 0.0354374316533 0.0143725447388 0.0314926328984 0.0753591812906
Herato19 Herato1901 1225001.0 1225000.0 0.0183995477821 0.0119408312799 0.0180494367401 0.0278462304548
Herato19 Herato1901 1275001.0 1275000.0 0.0323354783371 0.0106587851705 0.0299367036278 0.0655515729537
Herato19 Herato1901 1325001.0 1325000.0 0.0456415588946 0.0250122057648 0.0445689112146 0.07410889328
Herato19 Herato1901 1375001.0 1375000.0 0.0213790643492 0.0182780968597 0.0212230111682 0.0249023943236
Herato19 Herato1901 1425001.0 1425000.0 0.0382359323384 0.0104428986414 0.0330213218031 0.0933299687028
Herato19 Herato1901 1475001.0 1475000.0 0.0164387867931 0.0137450284443 0.0161951727445 0.0197353552572
Herato19 Herato1901 1525001.0 1525000.0 0.0286708268754 0.0112268893233 0.026722860681 0.0603743735022
Herato19 Herato1901 1575001.0 1575000.0 0.0773040724287 0.039695240021 0.0731412384133 0.138185972843
Herato19 Herato1901 1625001.0 1625000.0 0.0396431600039 0.0178095453272 0.0362149286267 0.0907161210029
Herato19 Herato1901 1675001.0 1675000.0 0.00488478839962 0.00363593851521 0.00495747921216 0.00593175118352
Herato19 Herato1901 1725001.0 1725000.0 0.114959045624 0.0153890417996 0.107037936581 0.237762841504
Herato19 Herato1901 1775001.0 1775000.0 0.0849231638084 0.0319873433462 0.0777383635024 0.182092134758
Herato19 Herato1901 1825001.0 1825000.0 0.0523660128371 0.0270979562572 0.0485333568061 0.10021128008
Herato19 Herato1901 1875001.0 1875000.0 0.0821492272155 0.0340247952822 0.0744078283215 0.172325863031
Herato19 Herato1901 1925001.0 1925000.0 0.0329337446866 0.0136959479244 0.0316912229805 0.0595832988242
Herato19 Herato1901 1975001.0 1975000.0 0.082741411215 0.0417337465923 0.075480925216 0.166269216025
Herato19 Herato1901 2025001.0 2025000.0 0.007564998885 0.00644522165476 0.0075092551738 0.0089941406768
Herato19 Herato1901 2075001.0 2075000.0 0.152351407707 0.0592305562964 0.135410495229 0.33728616222
Herato19 Herato1901 2125001.0 2125000.0 0.0193197835251 0.0130618578177 0.0190853421134 0.0280646113418
Herato19 Herato1901 2175001.0 2175000.0 0.0615483198284 0.0417644993571 0.0610950941672 0.088023276558
Herato19 Herato1901 2225001.0 2225000.0 0.0167561735262 0.0125746192584 0.016914389177 0.0203564031288
Herato19 Herato1901 2275001.0 2275000.0 0.055397899003 0.0336216930889 0.0550555431351 0.0774318505062
Herato19 Herato1901 2325001.0 2325000.0 0.052078823629 0.0307953437832 0.0515304879568 0.0831801316638
Herato19 Herato1901 2375001.0 2375000.0 0.0795739967894 0.0318258320267 0.0744186077093 0.14792466223
Herato19 Herato1901 2425001.0 2425000.0 0.094380980683 0.0342040631803 0.0837653752203 0.208377131055
Herato19 Herato1901 2475001.0 2475000.0 0.0600764184291 0.0206991655254 0.0575288811292 0.115465707141
Herato19 Herato1901 2525001.0 2525000.0 0.0566656849218 0.0331771959475 0.0529502096871 0.0993707059626
Herato19 Herato1901 2575001.0 2575000.0 0.039943158823 0.0178425380771 0.0400867593924 0.061392029507
Herato19 Herato1901 2625001.0 2625000.0 0.0237593365006 0.0161039046797 0.0225107639434 0.0338353905284
Herato19 Herato1901 2675001.0 2675000.0 0.0918680048635 0.0197126314379 0.0816415886627 0.210979147699
Herato19 Herato1901 2725001.0 2725000.0 0.0369618368476 0.0176727403245 0.0363549988107 0.0579617786227
Herato19 Herato1901 2775001.0 2775000.0 0.0810029371035 0.0459952799122 0.0779792737723 0.137565828115
Herato19 Herato1901 2825001.0 2825000.0 0.0512151033881 0.02283011505 0.0479425600728 0.10101323444
Herato19 Herato1901 2875001.0 2875000.0 0.0325265151943 0.0179682351183 0.0297145647149 0.0613195670514
Herato19 Herato1901 2925001.0 2925000.0 0.11143420885 0.03787723285 0.0818403615851 0.320888010899
Herato19 Herato1901 2975001.0 2975000.0 0.027691116439 0.0182914299045 0.0273362194906 0.0397362697716
Herato19 Herato1901 3025001.0 3025000.0 0.0155823552023 0.0109637393279 0.0149846372473 0.023609200644
Herato19 Herato1901 3075001.0 3075000.0 0.00454693875742 0.0034745403754 0.0045553911086 0.00574433362336
Herato19 Herato1901 3125001.0 3125000.0 0.101787357214 0.0427728124725 0.084359046603 0.233135429111
Herato19 Herato1901 3175001.0 3175000.0 0.0485345490902 0.0360780647761 0.0475944738152 0.0682530186314
Herato19 Herato1901 3225001.0 3225000.0 0.0489404253772 0.0276711749944 0.046917713292 0.0833992167348
Herato19 Herato1901 3275001.0 3275000.0 0.00825410926876 0.00668056473156 0.00820654990836 0.0102219167584
Herato19 Herato1901 3325001.0 3325000.0 0.0436427678194 0.023609831956 0.043632912823 0.0718371913271
Herato19 Herato1901 3375001.0 3375000.0 0.106694758955 0.0299116749831 0.100694332243 0.260181700547
Herato19 Herato1901 3425001.0 3425000.0 0.203668091813 0.137809861944 0.195548341266 0.303168632392
Herato19 Herato1901 3455158.5 3475000.0 0.238374009113 0.158993398148 0.228044940795 0.359930040969
Herato19 Herato1902 3485317.0 25000.0 0.0136467267206 0.0118886259304 0.0136079933089 0.0156164701474
Herato19 Herato1902 3535317.0 75000.0 0.0558895093136 0.0298479548125 0.0538831250005 0.0950508992935
Herato19 Herato1902 3585317.0 125000.0 0.0144342985296 0.00663939094743 0.0128999716796 0.0302266446158
Herato19 Herato1902 3635317.0 175000.0 0.0148034270042 0.0113943404732 0.0145699999519 0.0193958516573
Herato19 Herato1902 3685317.0 225000.0 0.0546247824318 0.0191960502716 0.0491152729686 0.119079413515
Herato19 Herato1902 3735317.0 275000.0 0.022505035747 0.0120007340419 0.0250811251636 0.0355928363878
Herato19 Herato1902 3782195.5 325000.0 0.0185064816254 0.0112478214728 0.0183418445751 0.0268613149514
Herato19 Herato1903 3829075.0 25000.0 0.0151349408246 0.008163992156 0.0134604579416 0.041512547136
Herato19 Herato1903 3879075.0 75000.0 0.128040216352 0.053021162876 0.121334081199 0.271401219511
Herato19 Herato1903 3929075.0 125000.0 0.0396972307164 0.0193314794124 0.038453975102 0.0734233553324
Herato19 Herato1903 3979075.0 175000.0 0.0365998460348 0.0203544733095 0.0339464784326 0.0690089069408
Herato19 Herato1903 4029075.0 225000.0 0.0462270013045 0.024557657285 0.0437990390302 0.083478412966
Herato19 Herato1903 4079075.0 275000.0 0.0107690892311 0.00926271203899 0.0107370666194 0.012476438482
Herato19 Herato1903 4129075.0 325000.0 0.138818434518 0.0723718193885 0.122789926659 0.296526094665
Herato19 Herato1903 4179075.0 375000.0 0.0611747376585 0.0449106701508 0.0592682590647 0.0898500395141
Herato19 Herato1903 4217966.0 425000.0 0.0404736102916 0.034336043061 0.0400185989169 0.0495699172612
Herato19 Herato1904 4256858.0 25000.0 0.0567009875957 0.0199340131918 0.051250207023 0.15326219605
Herato19 Herato1904 4306858.0 75000.0 0.0083835602402 0.00730341421298 0.008362920816 0.0097869465566
Herato19 Herato1904 4356858.0 125000.0 0.0167220071053 0.0142729252799 0.0165957295036 0.0199353831259
Herato19 Herato1904 4406858.0 175000.0 0.0309934328584 0.0266395486446 0.0309445907096 0.0355172883096
Herato19 Herato1904 4456858.0 225000.0 0.0376125988968 0.0223475255646 0.034563090576 0.0710531516954
Herato19 Herato1904 4506858.0 275000.0 0.0205274221055 0.0123689386095 0.019561387259 0.034504620299
Herato19 Herato1904 4556858.0 325000.0 0.0440366414732 0.0198207044213 0.0367349560307 0.0985052288704
Herato19 Herato1904 4606858.0 375000.0 0.00306566090684 0.00262175018754 0.00303702424466 0.00358482706292
Herato19 Herato1904 4656858.0 425000.0 0.0339599868612 0.025623359051 0.0319636680364 0.0449588005267
Herato19 Herato1904 4706858.0 475000.0 0.049513073376 0.0120839908399 0.0331112501999 0.105957393626
Herato19 Herato1904 4756858.0 525000.0 0.0373020435136 0.0255740897696 0.0357718246809 0.05726197307
Herato19 Herato1904 4806858.0 575000.0 0.0117240683645 0.00946164548883 0.0116036361332 0.0148471883882
Herato19 Herato1904 4856858.0 625000.0 0.0141007671948 0.0107313170278 0.0139930884586 0.018285337876
Herato19 Herato1904 4906858.0 675000.0 0.0318992875722 0.018630733967 0.0318560265442 0.0447641340118
Herato19 Herato1904 4956858.0 725000.0 0.010955669725 0.00763179899651 0.0104004894751 0.0163080307988
Herato19 Herato1904 5006858.0 775000.0 0.0449144378286 0.024424798081 0.0428679697799 0.0760668936836
Herato19 Herato1904 5056858.0 825000.0 0.013151297981 0.00562671265481 0.012471246331 0.025818756478
Herato19 Herato1904 5106858.0 875000.0 0.00577722039384 0.00464986339352 0.00575297723032 0.00725353382214
Herato19 Herato1904 5156858.0 925000.0 0.0137386923672 0.0108235478853 0.0136647305897 0.017054382038
Herato19 Herato1904 5206858.0 975000.0 0.0435301531581 0.0160142110168 0.0416504684642 0.0996563735865
Herato19 Herato1904 5256858.0 1025000.0 0.0646798839826 0.0384517100328 0.0628424803562 0.104252615756
Herato19 Herato1904 5306858.0 1075000.0 0.103197229328 0.0419408434479 0.10379917506 0.188878013489
Herato19 Herato1904 5356858.0 1125000.0 0.0386486987279 0.0217184417004 0.0347919023226 0.0778042475557
Herato19 Herato1904 5406858.0 1175000.0 0.0062703179264 0.0056308087126 0.0062449539348 0.0070293879384
Herato19 Herato1904 5456858.0 1225000.0 0.00862510918376 0.00755921108939 0.00858566946956 0.009825067393
Herato19 Herato1904 5506858.0 1275000.0 0.021906269368 0.00912667989194 0.0201188252933 0.0486039916665
Herato19 Herato1904 5556858.0 1325000.0 0.0306945548484 0.0183755062319 0.0279308389988 0.0585961708298
Herato19 Herato1904 5606858.0 1375000.0 0.0286320926125 0.019993655075 0.0281809281268 0.0399199292078
Herato19 Herato1904 5656858.0 1425000.0 0.0198131656008 0.0128914614693 0.0177670076327 0.0394845162135
Herato19 Herato1904 5706858.0 1475000.0 0.0182205515464 0.00989753582425 0.0125567423561 0.0358484525954
Herato19 Herato1904 5756858.0 1525000.0 0.023059967286 0.0102743081948 0.021685765794 0.0443001171826
Herato19 Herato1904 5806858.0 1575000.0 0.0197067693828 0.0106490172343 0.0181188906572 0.0409852247064
Herato19 Herato1904 5856858.0 1625000.0 0.013147920048 0.00943597824508 0.012840320988 0.0198595526076
Herato19 Herato1904 5906858.0 1675000.0 0.060285928511 0.0264341047377 0.0552498098058 0.133748721569
Herato19 Herato1904 5956858.0 1725000.0 0.0118675095684 0.00734269692417 0.0123030164385 0.0151158714142
Herato19 Herato1904 6006858.0 1775000.0 0.029081841029 0.0171612325348 0.0278968916682 0.0456789195558
Herato19 Herato1904 6056858.0 1825000.0 0.0163529897354 0.01261544912 0.0161313030952 0.020159414863
Herato19 Herato1904 6106858.0 1875000.0 0.155876780766 0.0853453533132 0.151132908168 0.255261592794
Herato19 Herato1904 6156858.0 1925000.0 0.0585690975768 0.0125690086462 0.0467752407728 0.17382125431
Herato19 Herato1904 6206858.0 1975000.0 0.0343896578468 0.0265681815418 0.0340883265686 0.04432143766
Herato19 Herato1904 6256858.0 2025000.0 0.019907744178 0.016083650244 0.019836062956 0.024147780932
Herato19 Herato1904 6306858.0 2075000.0 0.0328293373234 0.0129612169313 0.0263836605429 0.0996539790627
Herato19 Herato1904 6356858.0 2125000.0 0.0427853262044 0.0249265338514 0.0408533895418 0.07197542035
Herato19 Herato1904 6406858.0 2175000.0 0.0448508869093 0.0262276769079 0.0420545836626 0.0871074505802
Herato19 Herato1904 6456858.0 2225000.0 0.0255232593273 0.015040865188 0.024476708792 0.0433386514576
Herato19 Herato1904 6506858.0 2275000.0 0.0260564527804 0.0122875528291 0.0261705772978 0.0438197654567
Herato19 Herato1904 6556858.0 2325000.0 0.0318305465058 0.0263047580462 0.0315651883676 0.0390682957352
Herato19 Herato1904 6606858.0 2375000.0 0.0188629218684 0.0134093388094 0.0183018803054 0.0263219564078
Herato19 Herato1904 6656858.0 2425000.0 0.0824286222779 0.0269966492123 0.0726712474962 0.208623854011
Herato19 Herato1904 6706858.0 2475000.0 0.0139754509422 0.00974005916132 0.0128869029955 0.0236664168071
Herato19 Herato1904 6756858.0 2525000.0 0.0141669287858 0.00898241034052 0.0134874813942 0.0228218721896
Herato19 Herato1904 6806858.0 2575000.0 0.00739959089304 0.00638176758899 0.00747604753502 0.00847952567318
Herato19 Herato1904 6856858.0 2625000.0 0.0361817998318 0.0157766199993 0.0343128343587 0.0739593264643
Herato19 Herato1904 6906858.0 2675000.0 0.132107730867 0.0335950338938 0.110900082492 0.349418147118
Herato19 Herato1904 6956858.0 2725000.0 0.0130996881297 0.0110478036895 0.0130747459073 0.0153067897911
Herato19 Herato1904 7006858.0 2775000.0 0.0209205621843 0.0167359361047 0.0208288849449 0.0257932195218
Herato19 Herato1904 7056858.0 2825000.0 0.00994651849928 0.0083711147256 0.00960593656502 0.0120463724099
Herato19 Herato1904 7106858.0 2875000.0 0.00504454723118 0.00445968001074 0.00505421924426 0.0056802232412
Herato19 Herato1904 7156858.0 2925000.0 0.0258604942248 0.0139834288178 0.0253539135705 0.0427175049436
Herato19 Herato1904 7206858.0 2975000.0 0.0189010348722 0.0110677151648 0.0177855107746 0.0317526051791
Herato19 Herato1904 7256858.0 3025000.0 0.0508838845722 0.0134209107843 0.0452105170096 0.135974722768
Herato19 Herato1904 7306858.0 3075000.0 0.0204652976397 0.0116212563785 0.0191510768218 0.0385287763093
Herato19 Herato1904 7356858.0 3125000.0 0.0285896000432 0.0138504661096 0.0266293694275 0.0584684057826
Herato19 Herato1904 7406858.0 3175000.0 0.0395193703343 0.0245123189448 0.037763022016 0.0657018364154
Herato19 Herato1904 7456858.0 3225000.0 0.0676912471308 0.0170211960848 0.0476964251001 0.222209561849
Herato19 Herato1904 7506858.0 3275000.0 0.0829988202978 0.0418200826686 0.0809584291136 0.14214328998
Herato19 Herato1904 7556858.0 3325000.0 0.0556423530252 0.0355925128545 0.0542605068008 0.0843446814104
Herato19 Herato1904 7606858.0 3375000.0 0.0119975846794 0.00901519314098 0.0120277425439 0.0162301257054
Herato19 Herato1904 7656858.0 3425000.0 0.0491236697313 0.0280200034842 0.0464589557073 0.0987951585686
Herato19 Herato1904 7706858.0 3475000.0 0.0287419627149 0.0145065154968 0.0228246005113 0.10099018166
Herato19 Herato1904 7756858.0 3525000.0 0.061761070467 0.0397269578252 0.0555402194204 0.113864940706
Herato19 Herato1904 7806858.0 3575000.0 0.0731375470246 0.0124205629338 0.0721899270623 0.148264767319
Herato19 Herato1904 7856858.0 3625000.0 0.0210304697576 0.0099727763557 0.016917555043 0.0529994052675
Herato19 Herato1904 7906858.0 3675000.0 0.0202336632279 0.0104982791221 0.0188797248764 0.0377574804534
Herato19 Herato1904 7956858.0 3725000.0 0.0327653155608 0.0144714081771 0.030326743902 0.0595528467554
Herato19 Herato1904 8006858.0 3775000.0 0.0734480407444 0.0219879800033 0.0672139228685 0.16041302494
Herato19 Herato1904 8056858.0 3825000.0 0.0253647813711 0.0101557985405 0.0237648901517 0.052534338957
Herato19 Herato1904 8106858.0 3875000.0 0.0343040773399 0.0100048188934 0.0331116730819 0.0675610372136
Herato19 Herato1904 8156858.0 3925000.0 0.0115901760784 0.00807374502477 0.0111878619553 0.0176525293632
Herato19 Herato1904 8206858.0 3975000.0 0.0276550042675 0.00834822945399 0.0220670413552 0.0795244663932
Herato19 Herato1904 8256858.0 4025000.0 0.0426871975053 0.0290038060731 0.0392685892754 0.074733878762
Herato19 Herato1904 8306858.0 4075000.0 0.01051818592 0.009446195748 0.010327124852 0.01171089524
Herato19 Herato1904 8356858.0 4125000.0 0.0457322969296 0.0269616496691 0.0431536086926 0.0799544998842
Herato19 Herato1904 8406858.0 4175000.0 0.0182658735332 0.0117248621077 0.0175370528121 0.0287571832849
Herato19 Herato1904 8456858.0 4225000.0 0.0175431834857 0.0135524030083 0.0174726445642 0.0212314616544
Herato19 Herato1904 8506858.0 4275000.0 0.0213199179512 0.0100887152031 0.0174123350495 0.0794757094493
Herato19 Herato1904 8556858.0 4325000.0 0.00866161040668 0.00622316440203 0.00865020208584 0.0111802742344
Herato19 Herato1904 8606858.0 4375000.0 0.118551497584 0.0330625076569 0.102932814684 0.299802958833
Herato19 Herato1904 8656858.0 4425000.0 0.0308677865911 0.018528197636 0.0292905685243 0.0537697935504
Herato19 Herato1904 8706858.0 4475000.0 0.0226919569 0.00985823745791 0.0221743028002 0.0383465926701
Herato19 Herato1904 8756858.0 4525000.0 0.0307019255324 0.0231183793266 0.0301852363949 0.0413700195148
Herato19 Herato1904 8806858.0 4575000.0 0.028149151231 0.0117959600118 0.0274386814943 0.0543836392644
Herato19 Herato1904 8856858.0 4625000.0 0.0247797935887 0.0192517874516 0.0244834592048 0.0322758647279
Herato19 Herato1904 8906858.0 4675000.0 0.0511607001106 0.0288352672669 0.0461007655532 0.0963965359016
Herato19 Herato1904 8956858.0 4725000.0 0.0142925480149 0.0114072269898 0.0142585669165 0.0175097002338
Herato19 Herato1904 9006858.0 4775000.0 0.0264344473994 0.0127412408429 0.0249287081505 0.0478213128038
Herato19 Herato1904 9056858.0 4825000.0 0.0159832458377 0.0122326002468 0.0151576583037 0.0222471555264
Herato19 Herato1904 9106858.0 4875000.0 0.0329359799551 0.0160562602308 0.0324482733949 0.05030086294
Herato19 Herato1904 9156858.0 4925000.0 0.0439276281235 0.0248187166437 0.0422974395891 0.0707063972707
Herato19 Herato1904 9206858.0 4975000.0 0.0461309628767 0.00774867700791 0.0394654404183 0.110064606907
Herato19 Herato1904 9256858.0 5025000.0 0.0253416431468 0.0172339041507 0.0240136811229 0.04167879992
Herato19 Herato1904 9306858.0 5075000.0 0.0242830028739 0.0123088469309 0.0229899961435 0.0425137590612
Herato19 Herato1904 9356858.0 5125000.0 0.0352483064132 0.0110501396212 0.029499348347 0.0896371475519
Herato19 Herato1904 9406858.0 5175000.0 0.0108912093764 0.0088821202524 0.0108617967345 0.0135400554728
Herato19 Herato1904 9456858.0 5225000.0 0.0851427879609 0.0502538861367 0.0809638225132 0.143573618573
Herato19 Herato1904 9506858.0 5275000.0 0.0080397824643 0.00682976295881 0.00801977980874 0.00933574593186
Herato19 Herato1904 9556858.0 5325000.0 0.0253284705088 0.0139291777449 0.0238969983995 0.0441659907381
Herato19 Herato1904 9606858.0 5375000.0 0.00528008170964 0.00473712800797 0.00529934866824 0.0057502994752
Herato19 Herato1904 9656858.0 5425000.0 0.049105603076 0.0286175262813 0.0464993714921 0.0826142795002
Herato19 Herato1904 9706858.0 5475000.0 0.0145483327917 0.0108436636775 0.0143407501605 0.0197076518081
Herato19 Herato1904 9756858.0 5525000.0 0.00694465792454 0.00641440195384 0.00684940897462 0.00781002407488
Herato19 Herato1904 9806858.0 5575000.0 0.0036458231902 0.00316211901182 0.00365058697672 0.00428062105208
Herato19 Herato1904 9856858.0 5625000.0 0.010129271401 0.0087214208156 0.010042001218 0.0121463791966
Herato19 Herato1904 9906858.0 5675000.0 0.00736975086622 0.00598675636954 0.00733114546456 0.00912835325078
Herato19 Herato1904 9956858.0 5725000.0 0.00935568527912 0.00534747701592 0.00956741578914 0.0149322471257
Herato19 Herato1904 10006858.0 5775000.0 0.076088949398 0.00514498784109 0.0637076155151 0.228304749971
Herato19 Herato1904 10056858.0 5825000.0 0.0637759460343 0.03590375883 0.0582138971861 0.113075490746
Herato19 Herato1904 10106858.0 5875000.0 0.118274381933 0.0520364592533 0.109820714698 0.233137223857
Herato19 Herato1904 10156858.0 5925000.0 0.107262463293 0.0548942938729 0.102808569298 0.181300956921
Herato19 Herato1904 10206858.0 5975000.0 0.0555770470131 0.0334140850079 0.0517081704747 0.100177231063
Herato19 Herato1904 10256858.0 6025000.0 0.0469749981949 0.0344156290002 0.0458490501196 0.0657686482899
Herato19 Herato1904 10306858.0 6075000.0 0.0224789103156 0.0190353878902 0.022293952362 0.0269970085482
Herato19 Herato1904 10356858.0 6125000.0 0.0365269322745 0.0288770247818 0.0363661597672 0.0443320598745
Herato19 Herato1904 10406858.0 6175000.0 0.0933316624468 0.0574497512123 0.0904666624946 0.150350562522
Herato19 Herato1904 10456858.0 6225000.0 0.0050634555531 0.00391733505549 0.00501771409374 0.0064975285932
Herato19 Herato1904 10506858.0 6275000.0 0.0026061153902 0.0022180658656 0.0026050939026 0.0030149205984
Herato19 Herato1904 10556858.0 6325000.0 0.0070520775104 0.00596013844914 0.0070166546182 0.008422798537
Herato19 Herato1904 10606858.0 6375000.0 0.00572041521394 0.00476328123948 0.00571957561816 0.0069793420942
Herato19 Herato1904 10656858.0 6425000.0 0.0048436791406 0.00389991873571 0.00475153983176 0.00634635917226
Herato19 Herato1904 10706858.0 6475000.0 0.0184935673971 0.00779713741258 0.0160634330071 0.0487175650201
Herato19 Herato1904 10756858.0 6525000.0 0.00393623233556 0.0033566542489 0.00391380170408 0.00463219379824
Herato19 Herato1904 10806858.0 6575000.0 0.0174520877516 0.00544703516237 0.0148371532747 0.0505388887955
Herato19 Herato1904 10856858.0 6625000.0 0.00741748714408 0.00221089751723 0.00289385007864 0.0222439266294
Herato19 Herato1904 10906858.0 6675000.0 0.0419872214552 0.0218841801103 0.0392412202324 0.0822330365362
Herato19 Herato1904 10956858.0 6725000.0 0.0160010132701 0.0122340646786 0.0156900860501 0.0225354710339
Herato19 Herato1904 11006858.0 6775000.0 0.0104294627683 0.00463041968277 0.00994608044376 0.0193863328826
Herato19 Herato1904 11056858.0 6825000.0 0.0232288449291 0.0129955870171 0.0218589620283 0.0422812333674
Herato19 Herato1904 11106858.0 6875000.0 0.0586239533207 0.0328079559475 0.0533643691908 0.107513122346
Herato19 Herato1904 11156858.0 6925000.0 0.0581402820284 0.0263778944766 0.05311912004 0.119007792773
Herato19 Herato1904 11206858.0 6975000.0 0.0398807987207 0.0145077702365 0.0393876831941 0.0731631281797
Herato19 Herato1904 11256858.0 7025000.0 0.0130459442233 0.00953799284484 0.0126367870087 0.0191028881259
Herato19 Herato1904 11306858.0 7075000.0 0.0875998381244 0.0462770366016 0.0807036318197 0.165124586882
Herato19 Herato1904 11356858.0 7125000.0 0.31336527957 0.145190076164 0.291547471431 0.651732597559
Herato19 Herato1904 11406858.0 7175000.0 0.00734505309984 0.00613328153983 0.00725478205748 0.0088897951128
Herato19 Herato1904 11456858.0 7225000.0 0.0478996581852 0.0341885447173 0.0465811134287 0.0670584376946
Herato19 Herato1904 11506858.0 7275000.0 0.0220603501459 0.013901466269 0.0210589133949 0.0362162311382
Herato19 Herato1904 11556858.0 7325000.0 0.1139537607 0.0258846910818 0.0737697695237 0.299624842525
Herato19 Herato1904 11606858.0 7375000.0 0.34959145992 0.188097941945 0.329893545911 0.622846659826
Herato19 Herato1904 11656858.0 7425000.0 0.0229382948404 0.0179007491509 0.0228735922992 0.0283993493944
Herato19 Herato1904 11706858.0 7475000.0 0.0784222583418 0.0375914254856 0.0715304056192 0.157242058387
Herato19 Herato1904 11756858.0 7525000.0 0.00706178751206 0.00408677094785 0.00561578446272 0.0136489760786
Herato19 Herato1904 11806858.0 7575000.0 0.0261438885927 0.013429870052 0.0249293159707 0.0453622527931
Herato19 Herato1904 11856858.0 7625000.0 0.0104147080026 0.00744247898702 0.0101198874116 0.0150873404608
Herato19 Herato1904 11906858.0 7675000.0 0.0404235951503 0.01881901083 0.0381604029944 0.0826501161038
Herato19 Herato1904 11956858.0 7725000.0 0.0120668309138 0.0102004904386 0.011998477655 0.0142744424238
Herato19 Herato1904 12006858.0 7775000.0 0.0540397134619 0.0202292991277 0.053851314374 0.0915999006155
Herato19 Herato1904 12056858.0 7825000.0 0.0502720526403 0.0130040702131 0.049310823069 0.0998892137733
Herato19 Herato1904 12106858.0 7875000.0 0.0118472119029 0.0071137262403 0.0115213413064 0.0197767472689
Herato19 Herato1904 12156858.0 7925000.0 0.0516851136505 0.0185531813224 0.0505660594546 0.104902859222
Herato19 Herato1904 12206858.0 7975000.0 0.0305808484262 0.02460963612 0.0305511002677 0.0376661729826
Herato19 Herato1904 12256858.0 8025000.0 0.0302279056287 0.0193240382315 0.0285009974097 0.0514739719063
Herato19 Herato1904 12306858.0 8075000.0 0.0436576548317 0.0198444586766 0.0408966260517 0.0917135050909
Herato19 Herato1904 12356858.0 8125000.0 0.0994472464692 0.0502432319617 0.0938729052372 0.182953945547
Herato19 Herato1904 12406858.0 8175000.0 0.0539397039231 0.0302113369852 0.0507817187492 0.0937102057338
Herato19 Herato1904 12456858.0 8225000.0 0.0293464935294 0.0147697320209 0.0257927375728 0.0601594759281
Herato19 Herato1904 12506858.0 8275000.0 0.0552584016778 0.0279024735374 0.0504777159187 0.107281457782
Herato19 Herato1904 12556858.0 8325000.0 0.0779913839406 0.0302871878793 0.0724450601953 0.153234086907
Herato19 Herato1904 12596711.0 8375000.0 0.00523505679627 0.00436345807042 0.00517870892884 0.00629706147108
Herato19 Herato1905 12636565.0 25000.0 0.00595850162122 0.00507963115109 0.00591254537584 0.0071041322373
Herato19 Herato1905 12686565.0 75000.0 0.0111838812404 0.00998004541334 0.011130868592 0.0127465487369
Herato19 Herato1905 12736565.0 125000.0 0.0919989070187 0.02921310431 0.0815527018722 0.204764985717
Herato19 Herato1905 12786565.0 175000.0 0.016126793338 0.0121003273432 0.01610504911 0.0218998877964
Herato19 Herato1905 12836565.0 225000.0 0.0494279791566 0.023449364512 0.0477069007679 0.0861749886954
Herato19 Herato1905 12886565.0 275000.0 0.09173555891 0.0372813384809 0.0816684158823 0.197933357814
Herato19 Herato1905 12927127.0 325000.0 0.128846371237 0.0291312719651 0.11331628657 0.299926877092
Herato19 Herato1906 12967690.0 25000.0 0.0592214099245 0.0285544020921 0.053973654191 0.118789705966
Herato19 Herato1906 13017690.0 75000.0 0.0226150658752 0.0189310630927 0.0223812681064 0.027134107929
Herato19 Herato1906 13067690.0 125000.0 0.0165948954392 0.0095860944006 0.0149931580952 0.0328084740176
Herato19 Herato1906 13117690.0 175000.0 0.0251470659458 0.0227873901422 0.0251587216523 0.027557999709
Herato19 Herato1906 13167690.0 225000.0 0.0469393309108 0.036483648022 0.0462110983022 0.063296551156
Herato19 Herato1906 13217690.0 275000.0 0.0610349846524 0.0199294834394 0.053833300419 0.15271937909
Herato19 Herato1906 13267690.0 325000.0 0.0635518953587 0.0401026736453 0.0616938865494 0.0976143989019
Herato19 Herato1906 13317690.0 375000.0 0.013831020756 0.0119527467426 0.0137804808896 0.0163933607046
Herato19 Herato1906 13367690.0 425000.0 0.0317538886122 0.0193435014329 0.0307726336765 0.0513738538568
Herato19 Herato1906 13417690.0 475000.0 0.0266280532884 0.0169626704535 0.0256726091238 0.0408579629336
Herato19 Herato1906 13467690.0 525000.0 0.0233189737024 0.0182705576786 0.0228351560803 0.030830653386
Herato19 Herato1906 13517690.0 575000.0 0.040137498565 0.0216807438399 0.0401411192205 0.0610182627756
Herato19 Herato1906 13567690.0 625000.0 0.0335518975404 0.0276501923041 0.033044021226 0.0427805704908
Herato19 Herato1906 13617690.0 675000.0 0.0238801536262 0.0110172422901 0.0218283800383 0.0442703972082
Herato19 Herato1906 13667690.0 725000.0 0.0836256188414 0.0178402952736 0.0688137089804 0.264957585219
Herato19 Herato1906 13717690.0 775000.0 0.0444999154981 0.0129142915944 0.0412020944069 0.103439517109
Herato19 Herato1906 13767690.0 825000.0 0.0353529042153 0.0190234387009 0.0371707052573 0.0607506467252
Herato19 Herato1906 13817690.0 875000.0 0.0404003699583 0.0192387792924 0.0384759849104 0.0736569409007
Herato19 Herato1906 13867690.0 925000.0 0.0248657551665 0.0131656136889 0.0268053631672 0.0424287880175
Herato19 Herato1906 13917690.0 975000.0 0.078168258035 0.03570451669 0.0736749471221 0.144931742623
Herato19 Herato1906 13967690.0 1025000.0 0.0211113787828 0.0154639884445 0.0204966503156 0.032982289839
Herato19 Herato1906 14017690.0 1075000.0 0.0128321327888 0.0117464088583 0.0128115084225 0.0139772934213
Herato19 Herato1906 14067690.0 1125000.0 0.0223126450747 0.0177348695994 0.0219148323184 0.0291129038141
Herato19 Herato1906 14117690.0 1175000.0 0.01304543959 0.00916261079976 0.0128894989102 0.0179827883849
Herato19 Herato1906 14167690.0 1225000.0 0.049225320495 0.0264947017208 0.0476068275344 0.0836380652735
Herato19 Herato1906 14217690.0 1275000.0 0.042191205336 0.0176116913821 0.032894196933 0.0991109209633
Herato19 Herato1906 14267690.0 1325000.0 0.0849767410993 0.0388277466065 0.0804260580945 0.16641248686
Herato19 Herato1906 14317690.0 1375000.0 0.017900854767 0.00815697855939 0.0134147740286 0.0516086072222
Herato19 Herato1906 14367399.5 1425000.0 0.0657224437423 0.0458163452255 0.063107981841 0.0970514710597
Herato19 Herato1907 14417110.0 25000.0 0.162524056712 0.0778284553919 0.158504297801 0.29251719068
Herato19 Herato1907 14452381.0 75000.0 0.0346153128371 0.0182970164263 0.034547359079 0.0517850874501
Herato19 Herato1908 14487653.0 25000.0 0.123122736447 0.095072841191 0.12108244686 0.162629268781
Herato19 Herato1908 14537653.0 75000.0 0.0302181038326 0.0164327698759 0.0276080001973 0.0562410810785
Herato19 Herato1908 14587653.0 125000.0 0.0442745075372 0.0249487353808 0.0399679807114 0.0789997485507
Herato19 Herato1908 14637653.0 175000.0 0.107468685053 0.040278460908 0.0940170676912 0.251475755559
Herato19 Herato1908 14687653.0 225000.0 0.0648599526715 0.0338463915798 0.0623620392854 0.113267707922
Herato19 Herato1908 14737653.0 275000.0 0.0415360582026 0.0251584989668 0.0406576338619 0.0659301817551
Herato19 Herato1908 14787653.0 325000.0 0.0391898821964 0.0191221549296 0.0370693817536 0.0756702336639
Herato19 Herato1908 14837653.0 375000.0 0.0164900701601 0.0132185535451 0.0161108147741 0.0214811066586
Herato19 Herato1908 14887653.0 425000.0 0.0337081474762 0.00711257800482 0.0310205967672 0.06599758975
Herato19 Herato1908 14937653.0 475000.0 0.0344371488538 0.0307423026992 0.0344249898622 0.0384835943722
Herato19 Herato1908 14987653.0 525000.0 0.0370816009693 0.0242432322841 0.0358895007331 0.0555717173097
Herato19 Herato1908 15037653.0 575000.0 0.010246599346 0.0091719551054 0.0101883276148 0.0117335989352
Herato19 Herato1908 15087653.0 625000.0 0.0112136877664 0.0076812286628 0.011113618455 0.0152437509806
Herato19 Herato1908 15137653.0 675000.0 0.0464703540387 0.033360635126 0.0456207819935 0.0650073667132
Herato19 Herato1908 15187653.0 725000.0 0.0879835998081 0.0528522801191 0.0874491489921 0.132382109143
Herato19 Herato1908 15237653.0 775000.0 0.033081104608 0.0188344852987 0.0319847002834 0.0547704549955
Herato19 Herato1908 15287653.0 825000.0 0.0953112467025 0.0393616030255 0.0863926777427 0.199891347366
Herato19 Herato1908 15337653.0 875000.0 0.0578344387892 0.0195101279935 0.0521861205481 0.139738318587
Herato19 Herato1908 15387653.0 925000.0 0.0198207397528 0.0134799012955 0.0194746190662 0.0284538484162
Herato19 Herato1908 15437653.0 975000.0 0.0127758930854 0.010425936198 0.0127278491741 0.0157789583111
Herato19 Herato1908 15487653.0 1025000.0 0.0464102521484 0.0212487247169 0.0417781219787 0.0999264788
Herato19 Herato1908 15537653.0 1075000.0 0.0563388909128 0.0338804679564 0.0548411887914 0.0866732749971
Herato19 Herato1908 15587653.0 1125000.0 0.0305583249026 0.0171182841308 0.0280007335132 0.0580916119584
Herato19 Herato1908 15637653.0 1175000.0 0.0221660496902 0.0141954338084 0.021696257926 0.0336628106781
Herato19 Herato1908 15687653.0 1225000.0 0.0427595847536 0.0208022189758 0.0386286990773 0.0806225156964
Herato19 Herato1908 15737653.0 1275000.0 0.0067910774764 0.0052124022938 0.006761216786 0.0088283714608
Herato19 Herato1908 15787653.0 1325000.0 0.0249026063606 0.0111034108743 0.0228330568642 0.0502835604982
Herato19 Herato1908 15837653.0 1375000.0 0.0342242846052 0.0174228621398 0.0318551851434 0.066522642704
Herato19 Herato1908 15887653.0 1425000.0 0.026502320427 0.0190519789875 0.0258245056798 0.0379173991474
Herato19 Herato1908 15937653.0 1475000.0 0.0269879760094 0.017503989856 0.0266639205293 0.0403826563222
Herato19 Herato1908 15987653.0 1525000.0 0.0178490244696 0.0140587810554 0.0179467827644 0.0238023890912
Herato19 Herato1908 16037653.0 1575000.0 0.0281874543579 0.0153762484766 0.0266438607785 0.049574962683
Herato19 Herato1908 16087653.0 1625000.0 0.00421641037651 0.00315209096264 0.00421060776775 0.00555975576272
Herato19 Herato1908 16137653.0 1675000.0 0.0618084637982 0.0272990600434 0.0570466330012 0.119529053276
Herato19 Herato1908 16187653.0 1725000.0 0.0338721464918 0.0266646110534 0.0335285913254 0.0422198162586
Herato19 Herato1908 16237653.0 1775000.0 0.0283110532272 0.0129710570814 0.0279359953006 0.0507642417964
Herato19 Herato1908 16287653.0 1825000.0 0.0160075195713 0.0130871039492 0.0158450481881 0.0197669519658
Herato19 Herato1908 16337653.0 1875000.0 0.0267892524917 0.0126382279044 0.0195556342812 0.0701535912733
Herato19 Herato1908 16387653.0 1925000.0 0.0272658857978 0.0128977393102 0.0269694064099 0.0422810070261
Herato19 Herato1908 16437653.0 1975000.0 0.0631275750692 0.010908093434 0.0507280626914 0.186978923241
Herato19 Herato1908 16487653.0 2025000.0 0.0185608670746 0.00964252654858 0.0152900326312 0.0462071501611
Herato19 Herato1908 16537653.0 2075000.0 0.0183343116368 0.0109889472773 0.0173362363592 0.0329848206232
Herato19 Herato1908 16587653.0 2125000.0 0.0677140164958 0.0194622643749 0.0613834971686 0.169885921057
Herato19 Herato1908 16637653.0 2175000.0 0.0354727626332 0.025360489937 0.0346520541286 0.0495617893926
Herato19 Herato1908 16687653.0 2225000.0 0.0490673661582 0.0103058578706 0.0448002197603 0.112575583899
Herato19 Herato1908 16737653.0 2275000.0 0.01703017008 0.0143715169049 0.0169897099877 0.0200016322504
Herato19 Herato1908 16787653.0 2325000.0 0.0181519958852 0.00355332676044 0.0174098293609 0.0474497442885
Herato19 Herato1908 16837653.0 2375000.0 0.113879113853 0.042987560771 0.0966329980472 0.286937377654
Herato19 Herato1908 16887653.0 2425000.0 0.00839410245145 0.0030602806631 0.00655138267631 0.0234447048359
Herato19 Herato1908 16937653.0 2475000.0 0.017605124727 0.0132151111866 0.017394701159 0.0233479306881
Herato19 Herato1908 16987653.0 2525000.0 0.0220883259772 0.0138857917943 0.0225965951126 0.0298749364515
Herato19 Herato1908 17037653.0 2575000.0 0.0564418156349 0.023398194975 0.0527162414572 0.120891256443
Herato19 Herato1908 17087653.0 2625000.0 0.0298903868812 0.0218227774778 0.0294886422642 0.0404380845928
Herato19 Herato1908 17137653.0 2675000.0 0.0465611160216 0.0309475893801 0.0441109134546 0.0757337622183
Herato19 Herato1908 17187653.0 2725000.0 0.0844724864136 0.0208851795023 0.076130289747 0.195375959278
Herato19 Herato1908 17216002.0 2775000.0 0.0201019274171 0.0130810679024 0.0162537906465 0.0695909275455
Herato19 Herato1909 17232544.0 25000.0 0.0322069352467 0.0248243470573 0.0313111098855 0.0477087405681
Herato19 Herato1910 17270737.0 25000.0 0.0886054581328 0.0362606799597 0.0815272438034 0.190685608556
Herato19 Herato1910 17320737.0 75000.0 0.01243303629 0.00517470212242 0.011402138454 0.0244956310207
Herato19 Herato1910 17370737.0 125000.0 0.006314832669 0.00411070621821 0.00624179652858 0.008345494962
Herato19 Herato1910 17420737.0 175000.0 0.0326638156502 0.0176199294192 0.0305197183657 0.0604277942406
Herato19 Herato1910 17470737.0 225000.0 0.0975970056863 0.0443005498283 0.0872935468631 0.204103174933
Herato19 Herato1910 17520737.0 275000.0 0.0857137886897 0.0401769004942 0.0719613321195 0.183791246136
Herato19 Herato1910 17570737.0 325000.0 0.0414635360329 0.0147336116056 0.0296031076406 0.124264254468
Herato19 Herato1910 17620737.0 375000.0 0.0049215202627 0.00426936114714 0.00489926148948 0.00566498340522
Herato19 Herato1910 17670737.0 425000.0 0.0339524680958 0.0118113695294 0.0232543691258 0.112095674617
Herato19 Herato1910 17720737.0 475000.0 0.0222273663856 0.0128524815156 0.0218071264813 0.0348368390272
Herato19 Herato1910 17770737.0 525000.0 0.0601966046531 0.0422455823012 0.0570644046327 0.0982351938262
Herato19 Herato1910 17820737.0 575000.0 0.0102837320448 0.00823372940704 0.0102462369537 0.0129958974404
Herato19 Herato1910 17870737.0 625000.0 0.0355354178486 0.0240459192361 0.0336951938629 0.0557981918302
Herato19 Herato1910 17920737.0 675000.0 0.00737866817 0.00604444725 0.00734542763 0.00911229822
Herato19 Herato1910 17970737.0 725000.0 0.0618110884653 0.0245697770437 0.0576439211067 0.124812942807
Herato19 Herato1910 18020737.0 775000.0 0.0347989351508 0.0214735481258 0.0337785975358 0.0518032713114
Herato19 Herato1910 18070737.0 825000.0 0.126554283625 0.0604128630095 0.120334659819 0.224368583354
Herato19 Herato1910 18120737.0 875000.0 0.0150799604671 0.0136831711416 0.0149850631451 0.0165872887664
Herato19 Herato1910 18170737.0 925000.0 0.0118907791461 0.0100107508625 0.0117965919816 0.0141647159934
Herato19 Herato1910 18220737.0 975000.0 0.0127845419518 0.0115266852317 0.0126501876424 0.0145030158104
Herato19 Herato1910 18270737.0 1025000.0 0.012951725543 0.011951089795 0.0128338304103 0.0141173297458
Herato19 Herato1910 18320737.0 1075000.0 0.0797747366082 0.0342870405187 0.0776664286589 0.12777547933
Herato19 Herato1910 18370737.0 1125000.0 0.0600399370642 0.0281735062562 0.0589558966706 0.110171238944
Herato19 Herato1910 18420737.0 1175000.0 0.0885105129824 0.0163953992184 0.0499059422545 0.41738850254
Herato19 Herato1910 18470737.0 1225000.0 0.007778060452 0.007286965514 0.007868108984 0.00813909258
Herato19 Herato1910 18520737.0 1275000.0 0.0478638491348 0.0203799001319 0.0440363729353 0.104582650939
Herato19 Herato1910 18570737.0 1325000.0 0.0632507083736 0.0342943586902 0.0624993473934 0.104158564468
Herato19 Herato1910 18620737.0 1375000.0 0.139849715978 0.0463490608313 0.133170463069 0.306697395881
Herato19 Herato1910 18670737.0 1425000.0 0.027830080325 0.0206355951513 0.0279383324984 0.0337104830634
Herato19 Herato1910 18720737.0 1475000.0 0.014613833359 0.0106022396422 0.0143505804336 0.0205236458568
Herato19 Herato1910 18770737.0 1525000.0 0.029574464366 0.025299931752 0.029579193996 0.037744070308
Herato19 Herato1910 18820737.0 1575000.0 0.042069908616 0.03192412946 0.041462930508 0.056001374226
Herato19 Herato1910 18870737.0 1625000.0 0.0173661949791 0.0151974802006 0.017277616599 0.0196788016953
Herato19 Herato1910 18920737.0 1675000.0 0.0278344771177 0.0156095819271 0.0270650097705 0.0472918777333
Herato19 Herato1910 18970737.0 1725000.0 0.0393265605009 0.013093859508 0.0305315816301 0.104743636115
Herato19 Herato1910 19020737.0 1775000.0 0.0319260019149 0.0153728543592 0.0294851156667 0.0658546823856
Herato19 Herato1910 19070737.0 1825000.0 0.0274189479888 0.0185466781675 0.0267499178872 0.0408569163238
Herato19 Herato1910 19120737.0 1875000.0 0.0536876976994 0.0169785530991 0.0439374631138 0.141790297325
Herato19 Herato1910 19170737.0 1925000.0 0.021438385155 0.0117162091373 0.0186035662336 0.0458985395272
Herato19 Herato1910 19220737.0 1975000.0 0.0328476027393 0.0200182111223 0.0305262913606 0.0666613004946
Herato19 Herato1910 19270737.0 2025000.0 0.0099509320452 0.00825518409054 0.0099190857922 0.0118035664469
Herato19 Herato1910 19320737.0 2075000.0 0.00629294761262 0.00394343765629 0.00637897715298 0.0077057121957
Herato19 Herato1910 19370737.0 2125000.0 0.00959417767612 0.00760719254228 0.00949602704338 0.0120353292724
Herato19 Herato1910 19420737.0 2175000.0 0.00986332695528 0.0078183437898 0.00973097026408 0.0123612956176
Herato19 Herato1910 19470737.0 2225000.0 0.0440842493586 0.0187149842731 0.0386249638557 0.110728974826
Herato19 Herato1910 19520737.0 2275000.0 0.0330296303538 0.0226535912866 0.0321110704613 0.0489127500534
Herato19 Herato1910 19570737.0 2325000.0 0.0424698319167 0.0294895396236 0.0420587098551 0.0597640655242
Herato19 Herato1910 19620737.0 2375000.0 0.0401806936472 0.0235239740667 0.0390643115942 0.060889644213
Herato19 Herato1910 19670737.0 2425000.0 0.0455220052988 0.017348429641 0.038067543369 0.128831646703
Herato19 Herato1910 19720737.0 2475000.0 0.011229283008 0.00851661580101 0.0107251642742 0.0168288410782
Herato19 Herato1910 19770737.0 2525000.0 0.0291571688852 0.0223964934047 0.0283339775544 0.0398736317154
Herato19 Herato1910 19820737.0 2575000.0 0.0651507673981 0.0236744500032 0.0660844671204 0.0857023623974
Herato19 Herato1910 19870737.0 2625000.0 0.019297677402 0.00899026159709 0.0189048779797 0.0299894290292
Herato19 Herato1910 19920737.0 2675000.0 0.00842766222342 0.00700917094619 0.0083621527415 0.0103328665592
Herato19 Herato1910 19970737.0 2725000.0 0.0649049163046 0.0310859959505 0.0607198645765 0.125259389417
Herato19 Herato1910 20020737.0 2775000.0 0.0875694999784 0.0447998663121 0.0846216452897 0.149252029144
Herato19 Herato1910 20070737.0 2825000.0 0.0110979450695 0.00934857486865 0.011052007193 0.0135253318372
Herato19 Herato1910 20120737.0 2875000.0 0.0115419498845 0.00803722358452 0.0114090674446 0.0159827982598
Herato19 Herato1910 20170737.0 2925000.0 0.0441436957741 0.0245078114385 0.043635635889 0.0765487101441
Herato19 Herato1910 20220737.0 2975000.0 0.0154041103195 0.0106038373199 0.0150896729556 0.0218295852562
Herato19 Herato1910 20270737.0 3025000.0 0.0194648853003 0.0139486352552 0.0193135228008 0.0260836469433
Herato19 Herato1910 20320737.0 3075000.0 0.0489751801082 0.035295965187 0.047233244022 0.0739693405594
Herato19 Herato1910 20370737.0 3125000.0 0.023703945543 0.0199689597987 0.0231799904086 0.0325069224966
Herato19 Herato1910 20420737.0 3175000.0 0.0291944835129 0.0207590775215 0.0290612065129 0.037038834673
Herato19 Herato1910 20470737.0 3225000.0 0.0183830503495 0.0093615868555 0.0169172324389 0.0356976091016
Herato19 Herato1910 20520737.0 3275000.0 0.0322261093715 0.0197687813655 0.0317616484911 0.0467402174574
Herato19 Herato1910 20570737.0 3325000.0 0.0269943820009 0.0172836112598 0.0259216091455 0.043313781082
Herato19 Herato1910 20620737.0 3375000.0 0.0140789152706 0.00954262224777 0.0141013379461 0.0195346316345
Herato19 Herato1910 20670737.0 3425000.0 0.0313735285812 0.0276993519686 0.0313743663484 0.0359197642791
Herato19 Herato1910 20720737.0 3475000.0 0.0284437436992 0.0201840433956 0.0277812016674 0.042212724967
Herato19 Herato1910 20770737.0 3525000.0 0.0958415118061 0.0428887881149 0.0892958624461 0.184017105695
Herato19 Herato1910 20820737.0 3575000.0 0.0116386458802 0.00921247383183 0.0116210987137 0.0148172205674
Herato19 Herato1910 20870737.0 3625000.0 0.0239709780136 0.0172681961767 0.0237000892031 0.0315180506452
Herato19 Herato1910 20920737.0 3675000.0 0.0241681389516 0.0159936130675 0.0235671027106 0.0346339582797
Herato19 Herato1910 20970737.0 3725000.0 0.139209668419 0.0580042146836 0.127665457935 0.286026641623
Herato19 Herato1910 21020737.0 3775000.0 0.0237930214374 0.0187806836981 0.0239577437059 0.0294332336882
Herato19 Herato1910 21070737.0 3825000.0 0.0192353991438 0.0138917198815 0.0183656624426 0.0290486403296
Herato19 Herato1910 21120737.0 3875000.0 0.0174488425588 0.0123639238889 0.0172617111433 0.0251601339678
Herato19 Herato1910 21170737.0 3925000.0 0.0215758420936 0.00947940887465 0.0195567932887 0.045263799561
Herato19 Herato1910 21220737.0 3975000.0 0.0379213850451 0.0168572666975 0.0354691607783 0.075974532068
Herato19 Herato1910 21270737.0 4025000.0 0.0411471466336 0.0216954847293 0.0393617221299 0.0704844419585
Herato19 Herato1910 21320737.0 4075000.0 0.014783641244 0.0102201699308 0.0135397372152 0.0259987862411
Herato19 Herato1910 21370737.0 4125000.0 0.0135010407486 0.0101247959352 0.0132810095565 0.0183916049946
Herato19 Herato1910 21420737.0 4175000.0 0.0721655278277 0.0387449755344 0.0713444238967 0.118921089342
Herato19 Herato1910 21470737.0 4225000.0 0.0495338222125 0.0255991813373 0.0483839547692 0.083177488994
Herato19 Herato1910 21520737.0 4275000.0 0.0532527105846 0.0342586839492 0.0517015451006 0.080008967967
Herato19 Herato1910 21570737.0 4325000.0 0.0556482794312 0.0212472127597 0.0473430295974 0.167110017676
Herato19 Herato1910 21620737.0 4375000.0 0.0196339192851 0.0115468049494 0.0191673196949 0.030830201056
Herato19 Herato1910 21670737.0 4425000.0 0.0248391409338 0.0182151289098 0.024194649394 0.0354182709853
Herato19 Herato1910 21720737.0 4475000.0 0.0597293692958 0.0380397808496 0.0564644676955 0.0964974202102
Herato19 Herato1910 21770737.0 4525000.0 0.0260861777028 0.0197423886343 0.0259583248886 0.0324148334385
Herato19 Herato1910 21820737.0 4575000.0 0.0157633228507 0.0126289148916 0.0156302352638 0.0197660906077
Herato19 Herato1910 21870737.0 4625000.0 0.0461187336167 0.027977552115 0.0441079528806 0.0768304049708
Herato19 Herato1910 21920737.0 4675000.0 0.0242742376086 0.0156831425943 0.0227815436106 0.0506044188903
Herato19 Herato1910 21970737.0 4725000.0 0.0739961263399 0.0247326331183 0.0577567269266 0.201523889129
Herato19 Herato1910 22020737.0 4775000.0 0.222151857505 0.0721565817807 0.199392098734 0.488727480162
Herato19 Herato1910 22070737.0 4825000.0 0.0155898750209 0.012872229325 0.0155468128643 0.0187114078138
Herato19 Herato1910 22120737.0 4875000.0 0.0394592319046 0.0300975754848 0.0390628059756 0.0508675525349
Herato19 Herato1910 22170737.0 4925000.0 0.0753722101274 0.036372758606 0.0705374212862 0.13951566582
Herato19 Herato1910 22220737.0 4975000.0 0.010318971542 0.00697890046872 0.0100848477495 0.015860717854
Herato19 Herato1910 22270737.0 5025000.0 0.0541019311353 0.00980549389369 0.0527723383822 0.10620239072
Herato19 Herato1910 22320737.0 5075000.0 0.0164793284517 0.012794830916 0.016337340961 0.021402921949
Herato19 Herato1910 22370737.0 5125000.0 0.0184630606151 0.0115273602167 0.0188369722475 0.0272115249344
Herato19 Herato1910 22420737.0 5175000.0 0.0873707633061 0.0370917226709 0.0826070810362 0.167922586131
Herato19 Herato1910 22470737.0 5225000.0 0.017246389845 0.00955570274219 0.0158675441246 0.0352513487894
Herato19 Herato1910 22520737.0 5275000.0 0.032657694513 0.0124179419527 0.028414467096 0.0778565089585
Herato19 Herato1910 22570737.0 5325000.0 0.0401821440311 0.0271819277335 0.0389268942352 0.05773425708
Herato19 Herato1910 22620737.0 5375000.0 0.0380025668587 0.0192949268961 0.0328172028523 0.0860241201572
Herato19 Herato1910 22670737.0 5425000.0 0.0704386592418 0.0388196739119 0.0661741231821 0.130106926627
Herato19 Herato1910 22720737.0 5475000.0 0.048669759608 0.04117394508 0.048349425212 0.058429395838
