chrom scaffold Cposition position mean p0025 p0500 p0975
Herato07 Herato0701 25001.0 25000.0 0.0231250561 0.014954538964 0.021985899528 0.03536838318
Herato07 Herato0701 75001.0 75000.0 0.011178392234 0.0099818580052 0.011195212786 0.012411770848
Herato07 Herato0701 125001.0 125000.0 0.0400600908789 0.0242512376539 0.0389602570075 0.0636567965198
Herato07 Herato0701 175001.0 175000.0 0.010432676966 0.009259967038 0.010476550568 0.011751279042
Herato07 Herato0701 225001.0 225000.0 0.027039389783 0.0200292794013 0.0267194042223 0.036745723546
Herato07 Herato0701 275001.0 275000.0 0.0976169931128 0.0149765248738 0.082799316599 0.23880504701
Herato07 Herato0701 325001.0 325000.0 0.00835313079842 0.00455903406155 0.00798908300671 0.0140882725737
Herato07 Herato0701 375001.0 375000.0 0.0312695434864 0.0149242833419 0.0288108230922 0.0640902322558
Herato07 Herato0701 425001.0 425000.0 0.0161461813918 0.00774494043974 0.0154661813626 0.0292042150386
Herato07 Herato0701 475001.0 475000.0 0.0119919606428 0.0109405428499 0.0120003462342 0.0133600359306
Herato07 Herato0701 525001.0 525000.0 0.0298073674488 0.0198451105108 0.0294798046642 0.04170689084
Herato07 Herato0701 575001.0 575000.0 0.0302754298518 0.0240418615669 0.0295122881893 0.041768740325
Herato07 Herato0701 625001.0 625000.0 0.02749574063 0.0145769124528 0.0170587820908 0.0741781363216
Herato07 Herato0701 675001.0 675000.0 0.0371333672715 0.0302607126302 0.0363242707866 0.0483692580364
Herato07 Herato0701 725001.0 725000.0 0.0548709452708 0.035711113144 0.0542749691842 0.0893475213296
Herato07 Herato0701 775001.0 775000.0 0.0305182373722 0.0222860766847 0.0298876440632 0.0416815980439
Herato07 Herato0701 825001.0 825000.0 0.0181146819958 0.0105761791231 0.0168008380345 0.034401767482
Herato07 Herato0701 875001.0 875000.0 0.0430644751189 0.0283296943776 0.0411856508918 0.070502861996
Herato07 Herato0701 925001.0 925000.0 0.0666159889618 0.0296266477405 0.0567432737544 0.15320158488
Herato07 Herato0701 975001.0 975000.0 0.01517613359 0.01364236043 0.015003931346 0.016942068
Herato07 Herato0701 1025001.0 1025000.0 0.05999797305 0.0296314916404 0.05427205872 0.11762495702
Herato07 Herato0701 1075001.0 1075000.0 0.0239998538855 0.0154504519628 0.0233185057391 0.0360393612908
Herato07 Herato0701 1125001.0 1125000.0 0.00634081136012 0.00584415738725 0.00633767138784 0.0068853888178
Herato07 Herato0701 1175001.0 1175000.0 0.0343688111 0.0216361810065 0.0336885914275 0.0518848969036
Herato07 Herato0701 1225001.0 1225000.0 0.0640442422717 0.0261268987785 0.0593749648014 0.13432591766
Herato07 Herato0701 1275001.0 1275000.0 0.0708106400967 0.0370146665776 0.0666634210453 0.130335512763
Herato07 Herato0701 1325001.0 1325000.0 0.0318574279664 0.0184214988991 0.0319171270606 0.0509628618294
Herato07 Herato0701 1375001.0 1375000.0 0.032640829588 0.027106702482 0.032510949972 0.038949049196
Herato07 Herato0701 1425001.0 1425000.0 0.0353783360754 0.0305762490491 0.0353242175566 0.040747008051
Herato07 Herato0701 1475001.0 1475000.0 0.0617162436168 0.0327214416461 0.0585023280311 0.111939011581
Herato07 Herato0701 1525001.0 1525000.0 0.039896937302 0.03025016148 0.038713154744 0.055180365372
Herato07 Herato0701 1575001.0 1575000.0 0.0652438035841 0.0434854128728 0.0614024105329 0.115579673851
Herato07 Herato0701 1625001.0 1625000.0 0.0203342553131 0.0177462752912 0.0203437452301 0.023557074775
Herato07 Herato0701 1675001.0 1675000.0 0.0490800364788 0.0273624902529 0.044943242568 0.0913089543194
Herato07 Herato0701 1725001.0 1725000.0 0.018019678054 0.014841205564 0.017015881668 0.023000438228
Herato07 Herato0701 1775001.0 1775000.0 0.0175626690696 0.0131752620922 0.015729574261 0.035901101422
Herato07 Herato0701 1825001.0 1825000.0 0.028682954548 0.0240002949416 0.0285377993528 0.033644760366
Herato07 Herato0701 1875001.0 1875000.0 0.023700868386 0.022094777394 0.023734092922 0.025460935474
Herato07 Herato0701 1925001.0 1925000.0 0.03430620868 0.029267722854 0.034254678284 0.03883773046
Herato07 Herato0701 1975001.0 1975000.0 0.0178560440246 0.0156622370826 0.017834345166 0.0201966805066
Herato07 Herato0701 2025001.0 2025000.0 0.0541953082134 0.0408476594876 0.0525966103898 0.0744767966126
Herato07 Herato0701 2075001.0 2075000.0 0.0199527089272 0.0145208744767 0.0194073380102 0.0291793973002
Herato07 Herato0701 2125001.0 2125000.0 0.0249374815228 0.0205135660788 0.024779528205 0.0300425000836
Herato07 Herato0701 2175001.0 2175000.0 0.032791497891 0.029274412076 0.0326692161012 0.0369703144402
Herato07 Herato0701 2225001.0 2225000.0 0.020706962173 0.0181681033444 0.0207077475347 0.0235781362838
Herato07 Herato0701 2275001.0 2275000.0 0.0965312795776 0.0184426483824 0.0918850518274 0.283354090554
Herato07 Herato0701 2325001.0 2325000.0 0.046227443144 0.0337314915851 0.0456982424326 0.0590047962
Herato07 Herato0701 2375001.0 2375000.0 0.0377483411438 0.0337348514266 0.0378361251744 0.0420549207364
Herato07 Herato0701 2425001.0 2425000.0 0.0229082849677 0.0208113790377 0.0229076863805 0.0248237178266
Herato07 Herato0701 2475001.0 2475000.0 0.020555927388 0.01972769759 0.020506968648 0.021595896962
Herato07 Herato0701 2525001.0 2525000.0 0.02784690628 0.0257691747 0.02781047502 0.03000746156
Herato07 Herato0701 2575001.0 2575000.0 0.033764028756 0.0305139365643 0.033645478745 0.0378062607192
Herato07 Herato0701 2625001.0 2625000.0 0.0226226060981 0.0193890206548 0.0224800216797 0.0272766854891
Herato07 Herato0701 2675001.0 2675000.0 0.0245588531188 0.0195158348534 0.0242459345534 0.0314666578296
Herato07 Herato0701 2725001.0 2725000.0 0.0299583741344 0.0164838640368 0.0282824238166 0.0527263839808
Herato07 Herato0701 2775001.0 2775000.0 0.0680088440896 0.0461023205433 0.0648770970775 0.108931475305
Herato07 Herato0701 2825001.0 2825000.0 0.027491046088 0.025495298164 0.027367181812 0.030576478492
Herato07 Herato0701 2875001.0 2875000.0 0.02672231754 0.0233658636948 0.0266195900658 0.0305799292682
Herato07 Herato0701 2925001.0 2925000.0 0.02610124782 0.023545455294 0.02602945006 0.0290653203
Herato07 Herato0701 2975001.0 2975000.0 0.0321604403832 0.0259510236676 0.0314379371206 0.04193501669
Herato07 Herato0701 3025001.0 3025000.0 0.0300648964328 0.0212724657442 0.0295565401013 0.0427736323878
Herato07 Herato0701 3075001.0 3075000.0 0.0461106755212 0.039500473691 0.0457967399878 0.0548383659734
Herato07 Herato0701 3125001.0 3125000.0 0.0308737021028 0.0280370654662 0.0307206343088 0.0341101901784
Herato07 Herato0701 3175001.0 3175000.0 0.0336200110328 0.0243766012798 0.0325764446444 0.047794647404
Herato07 Herato0701 3225001.0 3225000.0 0.047949235088 0.029356199438 0.047302817386 0.075231876306
Herato07 Herato0701 3275001.0 3275000.0 0.02869799491 0.026166614004 0.028668885414 0.031527897628
Herato07 Herato0701 3325001.0 3325000.0 0.0409849754916 0.0332879952428 0.040699673951 0.0496591748032
Herato07 Herato0701 3375001.0 3375000.0 0.037583235804 0.033830955742 0.037564829028 0.04162412587
Herato07 Herato0701 3425001.0 3425000.0 0.04797203282 0.04483668944 0.04784794578 0.05196129554
Herato07 Herato0701 3475001.0 3475000.0 0.0421892700404 0.0363891675378 0.0421044774882 0.049172110415
Herato07 Herato0701 3525001.0 3525000.0 0.0500513793136 0.0355830966047 0.0460789075786 0.0756297521026
Herato07 Herato0701 3575001.0 3575000.0 0.029203790215 0.0232172674966 0.0290156922066 0.0369284170366
Herato07 Herato0701 3625001.0 3625000.0 0.0380011768263 0.0249119485166 0.0374088481203 0.0582061017186
Herato07 Herato0701 3675001.0 3675000.0 0.0255421430319 0.0220812866214 0.0253572615179 0.0307345157503
Herato07 Herato0701 3725001.0 3725000.0 0.028659645292 0.02332252545 0.028240983556 0.036864570302
Herato07 Herato0701 3775001.0 3775000.0 0.0263220415898 0.0210747410577 0.0260432527674 0.0348344807754
Herato07 Herato0701 3825001.0 3825000.0 0.0231286484403 0.0168247595575 0.0221695877071 0.0361138871092
Herato07 Herato0701 3875001.0 3875000.0 0.00994906954294 0.00911151835377 0.00992361839688 0.0109219671283
Herato07 Herato0701 3925001.0 3925000.0 0.0222081996068 0.0138486460911 0.0216822396965 0.03395779843
Herato07 Herato0701 3975001.0 3975000.0 0.0140064770909 0.0102131003257 0.0136119099439 0.0204406226938
Herato07 Herato0701 4025001.0 4025000.0 0.016959673348 0.0146055118288 0.0168879079657 0.0195056307051
Herato07 Herato0701 4075001.0 4075000.0 0.0232354801496 0.0170545006497 0.0209791977662 0.0336881527168
Herato07 Herato0701 4125001.0 4125000.0 0.046666921624 0.0330272991417 0.0457737111838 0.064729708348
Herato07 Herato0701 4175001.0 4175000.0 0.0124362132146 0.00999046225646 0.0125359366924 0.0149353111932
Herato07 Herato0701 4225001.0 4225000.0 0.0154710813384 0.0115280190596 0.0146469259466 0.0310179104502
Herato07 Herato0701 4275001.0 4275000.0 0.036264378531 0.0250257834378 0.0355540227158 0.0519091215308
Herato07 Herato0701 4325001.0 4325000.0 0.0989281999717 0.0392330111506 0.09132592359 0.197123490989
Herato07 Herato0701 4375001.0 4375000.0 0.0349333781809 0.0138519805378 0.031646922754 0.076975074346
Herato07 Herato0701 4425001.0 4425000.0 0.011172633929 0.00963130057106 0.0110965195758 0.0132215611748
Herato07 Herato0701 4475001.0 4475000.0 0.026250716213 0.0177435589454 0.0244823721264 0.045863087829
Herato07 Herato0701 4525001.0 4525000.0 0.033501622292 0.0204253449968 0.0307824898162 0.060340476796
Herato07 Herato0701 4575001.0 4575000.0 0.0269033988002 0.020794220114 0.0263590181574 0.037951966479
Herato07 Herato0701 4625001.0 4625000.0 0.0271751424676 0.0242724801526 0.0271100134418 0.0306089298
Herato07 Herato0701 4675001.0 4675000.0 0.0396919147483 0.0228270329735 0.0379052429235 0.0652440826094
Herato07 Herato0701 4725001.0 4725000.0 0.103050052688 0.0537987496307 0.10030472711 0.169458059148
Herato07 Herato0701 4775001.0 4775000.0 0.0254596227193 0.0192268487676 0.0251523407839 0.0338204511896
Herato07 Herato0701 4825001.0 4825000.0 0.0339432975455 0.0227443519861 0.0327905227349 0.0503189814432
Herato07 Herato0701 4875001.0 4875000.0 0.0231373981821 0.0181366067844 0.0228486298984 0.0299832440154
Herato07 Herato0701 4925001.0 4925000.0 0.0300104169052 0.0205188705004 0.0230889730208 0.057088635478
Herato07 Herato0701 4975001.0 4975000.0 0.0459653307969 0.0230762049106 0.0426890380611 0.0864889172092
Herato07 Herato0701 5025001.0 5025000.0 0.04950602008 0.0234280063384 0.02995793415 0.159769713846
Herato07 Herato0701 5075001.0 5075000.0 0.0260196197005 0.0206937648889 0.0261942514986 0.032026591297
Herato07 Herato0701 5125001.0 5125000.0 0.025337951848 0.0189802237904 0.025064654642 0.0353020635
Herato07 Herato0701 5175001.0 5175000.0 0.0696280849575 0.0297760897953 0.0615362230306 0.143341035074
Herato07 Herato0701 5225001.0 5225000.0 0.0875775804553 0.0355985482691 0.0673068011531 0.223525690457
Herato07 Herato0701 5275001.0 5275000.0 0.0482500877454 0.03534164159 0.0477340486586 0.068745789544
Herato07 Herato0701 5325001.0 5325000.0 0.0270020651559 0.0205708649326 0.0267161834614 0.0356722323084
Herato07 Herato0701 5375001.0 5375000.0 0.033700061852 0.023252924242 0.032492022956 0.051373542336
Herato07 Herato0701 5425001.0 5425000.0 0.0257266854092 0.0217665118097 0.0255150866208 0.030826326588
Herato07 Herato0701 5475001.0 5475000.0 0.0239582427693 0.0185367186239 0.0235892667066 0.0307466193682
Herato07 Herato0701 5525001.0 5525000.0 0.012939139226 0.0098006490006 0.0128214542648 0.016916338264
Herato07 Herato0701 5575001.0 5575000.0 0.0756355717868 0.0330681080527 0.07059257396 0.152405606645
Herato07 Herato0701 5625001.0 5625000.0 0.0359302182991 0.027511195202 0.0351585611574 0.0479751670792
Herato07 Herato0701 5675001.0 5675000.0 0.00702259890212 0.00568407363385 0.0065018761368 0.0151188041876
Herato07 Herato0701 5725001.0 5725000.0 0.057858441615 0.0228451100303 0.0538643094763 0.117610433403
Herato07 Herato0701 5775001.0 5775000.0 0.028709586976 0.023821056102 0.028624520874 0.034635701152
Herato07 Herato0701 5825001.0 5825000.0 0.0455348182462 0.0264714389904 0.0422395511435 0.0861048826632
Herato07 Herato0701 5875001.0 5875000.0 0.0380973655885 0.0282706167827 0.0381437349052 0.0483333733959
Herato07 Herato0701 5925001.0 5925000.0 0.0331776858132 0.0274155221642 0.032469401679 0.042553559076
Herato07 Herato0701 5975001.0 5975000.0 0.02374492398 0.02255332926 0.0236269641 0.0250014966
Herato07 Herato0701 6025001.0 6025000.0 0.024443031374 0.020942334714 0.024465089362 0.027436369476
Herato07 Herato0701 6075001.0 6075000.0 0.037496654712 0.0256155181299 0.035997013724 0.05743546809
Herato07 Herato0701 6125001.0 6125000.0 0.0473975827368 0.0268903271 0.0444333776404 0.0814103481776
Herato07 Herato0701 6175001.0 6175000.0 0.018921225666 0.01575816443 0.01882947459 0.02275300873
Herato07 Herato0701 6225001.0 6225000.0 0.072570936225 0.0420005904127 0.0696390224069 0.123753325916
Herato07 Herato0701 6275001.0 6275000.0 0.033361006295 0.0212556736862 0.0315833433746 0.0561906204652
Herato07 Herato0701 6325001.0 6325000.0 0.0473267026536 0.0261840114655 0.0457038128169 0.0762423824764
Herato07 Herato0701 6375001.0 6375000.0 0.0299841217752 0.0205708188736 0.0304489855411 0.0441437847898
Herato07 Herato0701 6425001.0 6425000.0 0.0551701821856 0.0328783386687 0.0515367309414 0.0991678602074
Herato07 Herato0701 6475001.0 6475000.0 0.0184003857332 0.0168769868346 0.0183400607114 0.0200314059976
Herato07 Herato0701 6525001.0 6525000.0 0.027391310806 0.0133595076296 0.0245165497776 0.0551272816818
Herato07 Herato0701 6575001.0 6575000.0 0.0224343756476 0.0165518587937 0.0220026321576 0.0315865890534
Herato07 Herato0701 6625001.0 6625000.0 0.0299953641136 0.0254435461814 0.0298661533981 0.0351726189458
Herato07 Herato0701 6675001.0 6675000.0 0.0275069031461 0.0206598964807 0.0268548233776 0.0389762020472
Herato07 Herato0701 6725001.0 6725000.0 0.053769485844 0.041374282034 0.052136647968 0.07962861996
Herato07 Herato0701 6775001.0 6775000.0 0.0557106176768 0.0456852810708 0.0544106686772 0.071251524226
Herato07 Herato0701 6825001.0 6825000.0 0.02499790982 0.022895284994 0.024902619808 0.027021566024
Herato07 Herato0701 6875001.0 6875000.0 0.05044561182 0.04666079202 0.05062274532 0.05416462126
Herato07 Herato0701 6925001.0 6925000.0 0.0293845582067 0.0258925907958 0.0291470279184 0.0358938471888
Herato07 Herato0701 6975001.0 6975000.0 0.03357057143 0.029326353022 0.033630561536 0.038745521312
Herato07 Herato0701 7025001.0 7025000.0 0.041600843574 0.035422299948 0.041457576278 0.049277169042
Herato07 Herato0701 7075001.0 7075000.0 0.0284975347388 0.021374268061 0.0278548730602 0.0397408216807
Herato07 Herato0701 7125001.0 7125000.0 0.0150464536689 0.013355662569 0.0150993772017 0.0165957020712
Herato07 Herato0701 7175001.0 7175000.0 0.0353399504658 0.0319996685592 0.03529844411 0.0386546173914
Herato07 Herato0701 7225001.0 7225000.0 0.0323082076492 0.030820282285 0.032184991036 0.03430105942
Herato07 Herato0701 7275001.0 7275000.0 0.0353987176504 0.0300356391438 0.03576707752 0.0409688451224
Herato07 Herato0701 7325001.0 7325000.0 0.0410184426654 0.0230809950736 0.0388230325002 0.0750175121886
Herato07 Herato0701 7375001.0 7375000.0 0.0161198346376 0.0129732496376 0.0155426595954 0.021889167248
Herato07 Herato0701 7425001.0 7425000.0 0.025018136092 0.023274267328 0.025035742332 0.026856108424
Herato07 Herato0701 7475001.0 7475000.0 0.02166256926 0.02054233896 0.02176213792 0.02260637118
Herato07 Herato0701 7525001.0 7525000.0 0.0267631705966 0.0228724142786 0.0264593308202 0.0313215467614
Herato07 Herato0701 7575001.0 7575000.0 0.020392308761 0.0149342931623 0.0194464958616 0.0294677456833
Herato07 Herato0701 7625001.0 7625000.0 0.0368833815475 0.0339998454006 0.0368095818835 0.0398608095412
Herato07 Herato0701 7675001.0 7675000.0 0.020896317656 0.018347678066 0.0210449909 0.023842337298
Herato07 Herato0701 7725001.0 7725000.0 0.0340247691176 0.0159178100822 0.0308542138174 0.074604029709
Herato07 Herato0701 7775001.0 7775000.0 0.0402763251729 0.0310625222883 0.0399516524183 0.0519289836456
Herato07 Herato0701 7825001.0 7825000.0 0.034918646304 0.032164904974 0.034832674288 0.037806090024
Herato07 Herato0701 7875001.0 7875000.0 0.0221475081097 0.0202232919471 0.0221093601689 0.0241989235634
Herato07 Herato0701 7925001.0 7925000.0 0.0862767336666 0.0472876697819 0.0804484103559 0.154759509318
Herato07 Herato0701 7975001.0 7975000.0 0.024060434244 0.0207811635968 0.02392546129 0.028078516852
Herato07 Herato0701 8025001.0 8025000.0 0.0245437518526 0.0226465542172 0.0244546692864 0.026801319824
Herato07 Herato0701 8075001.0 8075000.0 0.0284880333952 0.0257389905972 0.028602901724 0.0309217532404
Herato07 Herato0701 8125001.0 8125000.0 0.0333333520872 0.0279942624464 0.0332134102492 0.038992305012
Herato07 Herato0701 8175001.0 8175000.0 0.0159408515221 0.0138296893844 0.0159727590804 0.0183112837008
Herato07 Herato0701 8225001.0 8225000.0 0.0117877914102 0.0107393657462 0.0118546469314 0.0130431853212
Herato07 Herato0701 8275001.0 8275000.0 0.0176690062481 0.0147635306277 0.0174229788027 0.0213346117276
Herato07 Herato0701 8325001.0 8325000.0 0.0148719759806 0.0113558139809 0.0149025379628 0.0184669093198
Herato07 Herato0701 8375001.0 8375000.0 0.04152094966 0.03665182447 0.041183049646 0.0467073879
Herato07 Herato0701 8425001.0 8425000.0 0.038363221922 0.032848488708 0.03803628048 0.045293879452
Herato07 Herato0701 8475001.0 8475000.0 0.0263217844415 0.021632261047 0.0260894249793 0.0327368241108
Herato07 Herato0701 8525001.0 8525000.0 0.0326177054284 0.0281226507123 0.0322359710163 0.0391272549708
Herato07 Herato0701 8575001.0 8575000.0 0.068419032502 0.0418668962781 0.06580181855 0.110929519516
Herato07 Herato0701 8625001.0 8625000.0 0.042528223816 0.033525665028 0.04115243904 0.06022018011
Herato07 Herato0701 8675001.0 8675000.0 0.029750514472 0.02541316348 0.03018420843 0.034080370784
Herato07 Herato0701 8725001.0 8725000.0 0.0328994475 0.0307091405 0.032856598 0.0351834255
Herato07 Herato0701 8775001.0 8775000.0 0.0334539272144 0.0261673933393 0.0324707668382 0.0450589275924
Herato07 Herato0701 8825001.0 8825000.0 0.0314974276332 0.0263590184935 0.030846872514 0.038235091819
Herato07 Herato0701 8875001.0 8875000.0 0.0330286929184 0.030384792212 0.0329539318924 0.035519939134
Herato07 Herato0701 8925001.0 8925000.0 0.034950265864 0.030524017298 0.034743231876 0.039935335188
Herato07 Herato0701 8975001.0 8975000.0 0.033784164782 0.032162331032 0.03403176426 0.035149678878
Herato07 Herato0701 9025001.0 9025000.0 0.0272476381756 0.0257854913675 0.0273920115108 0.0284974170512
Herato07 Herato0701 9075001.0 9075000.0 0.0230840219234 0.0164324830815 0.0232540604918 0.0325145810438
Herato07 Herato0701 9125001.0 9125000.0 0.0231602187258 0.0203896914147 0.0227655954206 0.0267700226594
Herato07 Herato0701 9175001.0 9175000.0 0.0322353674988 0.0261997520525 0.0319870499444 0.0409478839228
Herato07 Herato0701 9225001.0 9225000.0 0.037433794434 0.0310707488125 0.0360266617356 0.048617834034
Herato07 Herato0701 9275001.0 9275000.0 0.0587741622656 0.0394043749161 0.056416706183 0.0914652689738
Herato07 Herato0701 9325001.0 9325000.0 0.0350110916532 0.0241989744892 0.0345514175545 0.0470413235436
Herato07 Herato0701 9375001.0 9375000.0 0.0314760530418 0.0185328277836 0.0278996745323 0.0647901233122
Herato07 Herato0701 9425001.0 9425000.0 0.0637332786217 0.0437264658741 0.0617704948252 0.099309068844
Herato07 Herato0701 9475001.0 9475000.0 0.03089651156 0.0261353351514 0.030681324583 0.0366768254828
Herato07 Herato0701 9525001.0 9525000.0 0.0306883657474 0.0265788339096 0.0304757364126 0.0347521581074
Herato07 Herato0701 9575001.0 9575000.0 0.0371197744771 0.0342441711812 0.0372679800551 0.0391844593194
Herato07 Herato0701 9625001.0 9625000.0 0.0262492093528 0.0218808573183 0.026949644824 0.0307409196744
Herato07 Herato0701 9675001.0 9675000.0 0.03059617496 0.0271157739922 0.0304350450386 0.03476256916
Herato07 Herato0701 9725001.0 9725000.0 0.033383322686 0.030773634818 0.033535155126 0.035859925956
Herato07 Herato0701 9775001.0 9775000.0 0.0258486503342 0.0241837752993 0.025933563837 0.0272734907564
Herato07 Herato0701 9825001.0 9825000.0 0.0267809868723 0.0211323073141 0.0257744174552 0.0326531301584
Herato07 Herato0701 9875001.0 9875000.0 0.0633740523 0.037393555516 0.0575431632 0.12199833114
Herato07 Herato0701 9925001.0 9925000.0 0.0201761673686 0.0151492418082 0.0204565320652 0.0231718261763
Herato07 Herato0701 9975001.0 9975000.0 0.0274428660176 0.024244044139 0.0274530747236 0.031207219194
Herato07 Herato0701 10025001.0 10025000.0 0.0629933047364 0.0376471379976 0.0586999635432 0.111313298649
Herato07 Herato0701 10075001.0 10075000.0 0.029447440404 0.02581443486 0.029487752166 0.033975736994
Herato07 Herato0701 10125001.0 10125000.0 0.0193509196087 0.0172963542243 0.0192217290483 0.0221478081689
Herato07 Herato0701 10175001.0 10175000.0 0.0170374310194 0.0124594738225 0.0163714669974 0.0264581285361
Herato07 Herato0701 10225001.0 10225000.0 0.0384264466282 0.0309648266481 0.038387762231 0.0467045835377
Herato07 Herato0701 10275001.0 10275000.0 0.0269133148232 0.0211140003848 0.0269987105546 0.0324806900674
Herato07 Herato0701 10325001.0 10325000.0 0.036255679362 0.0304279741006 0.0364908218924 0.04037126115
Herato07 Herato0701 10375001.0 10375000.0 0.0545091338016 0.0321489001925 0.0526054452966 0.0866756432285
Herato07 Herato0701 10425001.0 10425000.0 0.0284249628612 0.0225436923569 0.027294177864 0.0420873169993
Herato07 Herato0701 10475001.0 10475000.0 0.0467744993392 0.0350028018722 0.0465341317929 0.0643983450632
Herato07 Herato0701 10525001.0 10525000.0 0.042017812355 0.0363647359919 0.04199553484 0.048403221214
Herato07 Herato0701 10575001.0 10575000.0 0.041726703215 0.0281978107611 0.0316662193086 0.0860662202804
Herato07 Herato0701 10625001.0 10625000.0 0.0332661854447 0.0259911214612 0.0325848909431 0.0454429658774
Herato07 Herato0701 10675001.0 10675000.0 0.0377767207442 0.0243411031342 0.036237402975 0.057506024858
Herato07 Herato0701 10725001.0 10725000.0 0.03118011212 0.0259476164325 0.030637847196 0.0391144741228
Herato07 Herato0701 10775001.0 10775000.0 0.0397891033164 0.0350716495688 0.0396007132098 0.0445275678814
Herato07 Herato0701 10825001.0 10825000.0 0.0339018588552 0.0269374679278 0.0335357032372 0.042984846286
Herato07 Herato0701 10875001.0 10875000.0 0.0182423591538 0.0158006988943 0.018063948226 0.0216621210948
Herato07 Herato0701 10925001.0 10925000.0 0.012194819684 0.0104600607685 0.0121762203762 0.0142830310362
Herato07 Herato0701 10975001.0 10975000.0 0.0083538896694 0.00717641701699 0.00830352483926 0.0097390214858
Herato07 Herato0701 11025001.0 11025000.0 0.0216717514516 0.0124391645989 0.0206672871591 0.0355503223874
Herato07 Herato0701 11075001.0 11075000.0 0.00802259925212 0.00665460704623 0.00797740634622 0.0100349902428
Herato07 Herato0701 11125001.0 11125000.0 0.0068742695426 0.00611071091354 0.00681783244506 0.007854119964
Herato07 Herato0701 11175001.0 11175000.0 0.0132254155062 0.00986814091434 0.0130929571225 0.0173975543888
Herato07 Herato0701 11225001.0 11225000.0 0.0237211736494 0.0218618402922 0.0237265508928 0.026103269542
Herato07 Herato0701 11275001.0 11275000.0 0.0425910430296 0.0261233292879 0.0408424948474 0.065268707
Herato07 Herato0701 11325001.0 11325000.0 0.0141214342618 0.011282503572 0.0140335427862 0.017507375534
Herato07 Herato0701 11375001.0 11375000.0 0.00758328652608 0.00606188479205 0.00731587066472 0.00997807751094
Herato07 Herato0701 11425001.0 11425000.0 0.0127670149526 0.00881829167934 0.0123457904983 0.018703987602
Herato07 Herato0701 11475001.0 11475000.0 0.027148031338 0.017642811288 0.024582853178 0.04506750452
Herato07 Herato0701 11525001.0 11525000.0 0.021156432342 0.019127694492 0.021242064292 0.023247457088
Herato07 Herato0701 11575001.0 11575000.0 0.022205846911 0.0199785775054 0.0222000714728 0.0246906869114
Herato07 Herato0701 11625001.0 11625000.0 0.0256742660871 0.0206514968012 0.0253041633689 0.0317759531984
Herato07 Herato0701 11675001.0 11675000.0 0.0245503804365 0.0149244875705 0.0245658560201 0.0337727921146
Herato07 Herato0701 11725001.0 11725000.0 0.0300059544422 0.016077347531 0.0291755771902 0.0466588399898
Herato07 Herato0701 11775001.0 11775000.0 0.0621943002479 0.0378330723891 0.0580963384389 0.112766843107
Herato07 Herato0701 11825001.0 11825000.0 0.0511003662729 0.0182917939023 0.0486877251031 0.106429155394
Herato07 Herato0701 11875001.0 11875000.0 0.026955790765 0.0177045709307 0.0263745458149 0.0392771056279
Herato07 Herato0701 11925001.0 11925000.0 0.01700668468 0.015194967956 0.01667557011 0.02000061021
Herato07 Herato0701 11975001.0 11975000.0 0.035398776882 0.029082249752 0.034969464448 0.043977441862
Herato07 Herato0701 12025001.0 12025000.0 0.0503452486155 0.0417886521716 0.0499335247259 0.0609092347402
Herato07 Herato0701 12075001.0 12075000.0 0.029379144978 0.024192511118 0.029141466604 0.036743854514
Herato07 Herato0701 12125001.0 12125000.0 0.0294519095856 0.0240272174426 0.02912141882 0.036793528364
Herato07 Herato0701 12175001.0 12175000.0 0.0619546333687 0.0270429302854 0.0561988788561 0.129928181975
Herato07 Herato0701 12225001.0 12225000.0 0.0255018359068 0.0237631575217 0.0255918984132 0.0279629449908
Herato07 Herato0701 12275001.0 12275000.0 0.0349779300576 0.0305551192562 0.0349122856389 0.039979696354
Herato07 Herato0701 12325001.0 12325000.0 0.028495441722 0.0239361519496 0.0269229509864 0.0344028712112
Herato07 Herato0701 12375001.0 12375000.0 0.0303541502636 0.0256189185104 0.0306107063118 0.0362893215072
Herato07 Herato0701 12425001.0 12425000.0 0.0147166963352 0.013596288615 0.014596052801 0.0165970373422
Herato07 Herato0701 12475001.0 12475000.0 0.035253270944 0.032165839604 0.035053860824 0.03927860014
Herato07 Herato0701 12525001.0 12525000.0 0.028312484123 0.0227153638507 0.027479408197 0.0376546902556
Herato07 Herato0701 12575001.0 12575000.0 0.0255876924017 0.0187779065519 0.0242686828762 0.0436559460937
Herato07 Herato0701 12625001.0 12625000.0 0.0206857945376 0.0190044351336 0.0207116599996 0.021992070845
Herato07 Herato0701 12675001.0 12675000.0 0.0319244246848 0.0262450358596 0.0315314479454 0.0399026131112
Herato07 Herato0701 12725001.0 12725000.0 0.0288467783138 0.0174994793186 0.0276764316033 0.0504942397166
Herato07 Herato0701 12775001.0 12775000.0 0.0363911448132 0.0205821099792 0.0334540599324 0.067396326246
Herato07 Herato0701 12825001.0 12825000.0 0.017732583594 0.0152131028792 0.0175558699408 0.0216258501416
Herato07 Herato0701 12875001.0 12875000.0 0.0227934237998 0.00731163675906 0.0102473035358 0.0752449713445
Herato07 Herato0701 12925001.0 12925000.0 0.022273613016 0.020340643456 0.022300957696 0.024673130218
Herato07 Herato0701 12975001.0 12975000.0 0.02570355934 0.0221477436 0.025641638238 0.030732853228
Herato07 Herato0701 13025001.0 13025000.0 0.0383768855632 0.0263834233376 0.0373927362132 0.0561975835708
Herato07 Herato0701 13075001.0 13075000.0 0.037975759156 0.03197864735 0.037428162914 0.046526927462
Herato07 Herato0701 13125001.0 13125000.0 0.04270195751 0.038310179225 0.0424295310836 0.0475911880516
Herato07 Herato0701 13175001.0 13175000.0 0.03964350176 0.0355922111 0.03910927848 0.04487849794
Herato07 Herato0701 13225001.0 13225000.0 0.0293560274418 0.024915892899 0.0292678511192 0.037981193368
Herato07 Herato0701 13275001.0 13275000.0 0.041921287316 0.036867650468 0.04199280754 0.047497739534
Herato07 Herato0701 13325001.0 13325000.0 0.0476337340066 0.0397896841653 0.0467367150642 0.0580106201138
Herato07 Herato0701 13375001.0 13375000.0 0.0355875133604 0.0291882318192 0.03505640484 0.043836868717
Herato07 Herato0701 13425001.0 13425000.0 0.029119378042 0.0201836406292 0.02869800766 0.04386913668
Herato07 Herato0701 13475001.0 13475000.0 0.03431125322 0.031668903066 0.03429541962 0.03719021868
Herato07 Herato0701 13525001.0 13525000.0 0.0360735482634 0.0327062742772 0.0357030363024 0.040533916538
Herato07 Herato0701 13575001.0 13575000.0 0.0230017237498 0.0207332060488 0.02299426234 0.025042813567
Herato07 Herato0701 13625001.0 13625000.0 0.02473785066 0.0231916132 0.02485548244 0.0258917427
Herato07 Herato0701 13675001.0 13675000.0 0.024512883694 0.021271410542 0.024461523652 0.028428499914
Herato07 Herato0701 13725001.0 13725000.0 0.06302400208 0.05449921966 0.06304140392 0.07173114944
Herato07 Herato0701 13775001.0 13775000.0 0.037754817304 0.034957962474 0.03783739376 0.040508622102
Herato07 Herato0701 13825001.0 13825000.0 0.04596067656 0.04434754752 0.04597467768 0.04696975728
Herato07 Herato0701 13875001.0 13875000.0 0.0551549628582 0.0461099763242 0.0549297204886 0.0682394513616
Herato07 Herato0701 13925001.0 13925000.0 0.02797994092 0.0215424280329 0.027318314638 0.035772181938
Herato07 Herato0701 13975001.0 13975000.0 0.0256824136276 0.0176677120048 0.025030783753 0.0367472361694
Herato07 Herato0701 14025001.0 14025000.0 0.020283062988 0.018369862116 0.020016564812 0.022653820926
Herato07 Herato0701 14075001.0 14075000.0 0.115862081369 0.0593104079628 0.108712492301 0.212009510073
Herato07 Herato0701 14125001.0 14125000.0 0.0387043647936 0.034741054489 0.0386352602238 0.0423324366938
Herato07 Herato0701 14175001.0 14175000.0 0.058942309658 0.051950059376 0.058559054676 0.066995175192
Herato07 Herato0701 14225001.0 14225000.0 0.0327993071924 0.0259020387715 0.0323033630502 0.0426572497698
Herato07 Herato0701 14275001.0 14275000.0 0.029566541392 0.0257593693186 0.0290840169294 0.034557055484
Herato07 Herato0701 14325001.0 14325000.0 0.0165590166685 0.0126898789732 0.016190828816 0.0243146419168
Herato07 Herato0701 14375001.0 14375000.0 0.0328566820646 0.0296187439735 0.0329255953556 0.0361413577346
Herato07 Herato0701 14425001.0 14425000.0 0.06273203552 0.05814330144 0.06297907504 0.06657164976
Herato07 Herato0701 14475001.0 14475000.0 0.072644822232 0.06407347385 0.07230697652 0.085899433736
Herato07 Herato0701 14525001.0 14525000.0 0.0823656207762 0.0755775662921 0.0820476961694 0.0919450050256
Herato07 Herato0701 14575001.0 14575000.0 0.0385356414564 0.033679224379 0.0384723507362 0.04446108988
Herato07 Herato0701 14625001.0 14625000.0 0.04959685338 0.043046756308 0.04959381496 0.05594616846
Herato07 Herato0701 14675001.0 14675000.0 0.0542167149548 0.0461731548195 0.054421479683 0.061596313318
Herato07 Herato0701 14725001.0 14725000.0 0.043485037546 0.040327792906 0.043345844778 0.047155599424
Herato07 Herato0701 14775001.0 14775000.0 0.0559709495173 0.0460070944792 0.0511725728569 0.0879732762608
Herato07 Herato0701 14825001.0 14825000.0 0.043065021098 0.039090156858 0.04293692201 0.046842024252
Herato07 Herato0701 14875001.0 14875000.0 0.03966119037 0.03330105979 0.039359763472 0.048054144776
Herato07 Herato0701 14925001.0 14925000.0 0.0335960522938 0.0316070112213 0.0333241069598 0.0363199081508
Herato07 Herato0701 14975001.0 14975000.0 0.030981020452 0.024565775974 0.030051666766 0.040374392282
Herato07 Herato0701 15025001.0 15025000.0 0.0321252294819 0.028817333348 0.0318995942291 0.0358483616096
Herato07 Herato0701 15075001.0 15075000.0 0.0374224102 0.032826746196 0.03739706806 0.04203176794
Herato07 Herato0701 15125001.0 15125000.0 0.0297509948364 0.0261397900039 0.0298141019799 0.033914964954
Herato07 Herato0701 15175001.0 15175000.0 0.0265581167705 0.0190328464881 0.0256230634102 0.0366213974448
Herato07 Herato0701 15225001.0 15225000.0 0.0327867100952 0.0298847867149 0.032520544049 0.0369093624974
Herato07 Herato0701 15275001.0 15275000.0 0.045884571222 0.0389537915806 0.045753300528 0.053841554524
Herato07 Herato0701 15325001.0 15325000.0 0.0387496894365 0.0349239658015 0.0386423640186 0.043867113239
Herato07 Herato0701 15375001.0 15375000.0 0.0286210811785 0.0246833639929 0.0288166561627 0.0333872324892
Herato07 Herato0701 15425001.0 15425000.0 0.02817707858 0.02708201944 0.02825071522 0.02972080184
Herato07 Herato0701 15475001.0 15475000.0 0.0355401419066 0.0333818209499 0.0355587742936 0.038203106369
Herato07 Herato0701 15525001.0 15525000.0 0.0219305224594 0.0188607348319 0.0217978675083 0.0276000946624
Herato07 Herato0701 15575001.0 15575000.0 0.036595384723 0.0270710098907 0.0353654717603 0.055850880088
Herato07 Herato0701 15625001.0 15625000.0 0.04031552574 0.03485288607 0.04022344408 0.04618353484
Herato07 Herato0701 15675001.0 15675000.0 0.031821972096 0.027013573078 0.03215458358 0.036238905672
Herato07 Herato0701 15725001.0 15725000.0 0.02845564044 0.02304012695 0.027982008938 0.037148645556
Herato07 Herato0701 15775001.0 15775000.0 0.0662934911298 0.0384149406237 0.0637673074088 0.100462158412
Herato07 Herato0701 15825001.0 15825000.0 0.0305663377629 0.0159917397423 0.0248421187234 0.0668003589742
Herato07 Herato0701 15875001.0 15875000.0 0.0345142169342 0.0269944237862 0.0313334487484 0.047684870481
Herato07 Herato0701 15925001.0 15925000.0 0.0215066188472 0.0149825515566 0.0188450225694 0.046023238542
Herato07 Herato0701 15975001.0 15975000.0 0.02909205509 0.024699752106 0.029122660738 0.03371846914
Herato07 Herato0701 16025001.0 16025000.0 0.026636624404 0.0110139508162 0.0196962691155 0.083396572279
Herato07 Herato0701 16075001.0 16075000.0 0.02545412566 0.0215100089464 0.0253726283342 0.0302936970092
Herato07 Herato0701 16125001.0 16125000.0 0.0360899956384 0.0283685684461 0.0358967975866 0.04490106743
Herato07 Herato0701 16175001.0 16175000.0 0.025178324089 0.020459575704 0.0249002954997 0.032630605878
Herato07 Herato0701 16225001.0 16225000.0 0.0344027446956 0.0230481484014 0.0331776574084 0.0551525555432
Herato07 Herato0701 16275001.0 16275000.0 0.0197484332664 0.00817202606087 0.0198801210404 0.0382942621397
Herato07 Herato0701 16325001.0 16325000.0 0.030916318652 0.028894577 0.030754269088 0.033370481664
Herato07 Herato0701 16375001.0 16375000.0 0.026849774888 0.02438225702 0.026466021954 0.03016701033
Herato07 Herato0701 16425001.0 16425000.0 0.0332741482492 0.0267514047067 0.0324204521944 0.0446900430312
Herato07 Herato0701 16475001.0 16475000.0 0.0820151743021 0.0331335204972 0.0743686492887 0.183029621531
Herato07 Herato0701 16525001.0 16525000.0 0.021867590916 0.0200424128969 0.021915872132 0.023541702016
Herato07 Herato0701 16575001.0 16575000.0 0.0320283406619 0.0256246139435 0.0325253120406 0.0407741129877
Herato07 Herato0701 16625001.0 16625000.0 0.0265911630012 0.0222654392538 0.026348335586 0.0326711102
Herato07 Herato0701 16675001.0 16675000.0 0.0871405776598 0.0464924049336 0.0831235262516 0.154012712446
Herato07 Herato0701 16725001.0 16725000.0 0.0186028123182 0.0152836424526 0.018437284297 0.0229596952246
Herato07 Herato0701 16775001.0 16775000.0 0.05231344709 0.0372498409456 0.050926394032 0.075805829046
Herato07 Herato0701 16825001.0 16825000.0 0.0309419507938 0.0239150576073 0.0299180827907 0.0436124990398
Herato07 Herato0701 16875001.0 16875000.0 0.061691870016 0.048227126232 0.05976725565 0.08270202168
Herato07 Herato0701 16925001.0 16925000.0 0.04552492538 0.03986687352 0.04538740426 0.0529809184
Herato07 Herato0701 16975001.0 16975000.0 0.0328698633282 0.0301042645853 0.032876442116 0.0359253376146
Herato07 Herato0701 17025001.0 17025000.0 0.0352154346054 0.0316053447229 0.03512575438 0.039386279254
Herato07 Herato0701 17075001.0 17075000.0 0.0405795932406 0.034188236715 0.0402948508796 0.0480957706438
Herato07 Herato0701 17125001.0 17125000.0 0.0303893883736 0.0244795288971 0.0300900210637 0.0386318159748
Herato07 Herato0701 17175001.0 17175000.0 0.100942953606 0.0492833070867 0.0924616045264 0.195984397325
Herato07 Herato0701 17225001.0 17225000.0 0.041205213188 0.036946929272 0.04108733331 0.045980302284
Herato07 Herato0701 17275001.0 17275000.0 0.0750087487907 0.0499795935069 0.0727151821152 0.115009593547
Herato07 Herato0701 17325001.0 17325000.0 0.0448305785698 0.0220606444938 0.027681291155 0.134675375919
Herato07 Herato0701 17375001.0 17375000.0 0.0313821331878 0.027135323921 0.0313549350588 0.0359902820066
Herato07 Herato0701 17425001.0 17425000.0 0.0400152764632 0.0344538539126 0.039666120205 0.0479585855822
Herato07 Herato0701 17475001.0 17475000.0 0.041313891872 0.03404177311 0.040472989256 0.050266524496
Herato07 Herato0701 17525001.0 17525000.0 0.0271505483272 0.0240043655155 0.0271623191511 0.0307198309116
Herato07 Herato0701 17575001.0 17575000.0 0.0592834066128 0.0425667501031 0.0580086570162 0.081619285722
Herato07 Herato0701 17625001.0 17625000.0 0.0893108228344 0.05249306129 0.084180090172 0.160212147096
Herato07 Herato0701 17675001.0 17675000.0 0.03433062036 0.0249395497404 0.0342799431468 0.043843032288
Herato07 Herato0701 17725001.0 17725000.0 0.0482305695028 0.0317570052222 0.0467567242706 0.0730689436904
Herato07 Herato0701 17775001.0 17775000.0 0.0415650893923 0.0230119943366 0.040156392852 0.0714208041794
Herato07 Herato0701 17825001.0 17825000.0 0.0231906722782 0.0212884523196 0.0231379333382 0.024998320728
Herato07 Herato0701 17875001.0 17875000.0 0.030473815234 0.024713807118 0.030072224398 0.038341324212
Herato07 Herato0701 17925001.0 17925000.0 0.039969655658 0.033080472164 0.039969935214 0.047455915378
Herato07 Herato0701 17975001.0 17975000.0 0.0293573721131 0.0235899594524 0.0287827630318 0.0382987201967
Herato07 Herato0701 18025001.0 18025000.0 0.0380600908456 0.0285208616644 0.03695735024 0.055507945948
Herato07 Herato0701 18075001.0 18075000.0 0.0388930501682 0.0275380857156 0.0365693683648 0.0603414425976
Herato07 Herato0701 18125001.0 18125000.0 0.0337225618526 0.0238810714772 0.0329289514462 0.048104051298
Herato07 Herato0701 18175001.0 18175000.0 0.0257567927142 0.0205314341698 0.025503110278 0.032074562968
Herato07 Herato0701 18225001.0 18225000.0 0.0233377663936 0.0157096634454 0.0224151811324 0.0402344671498
Herato07 Herato0701 18275001.0 18275000.0 0.017662657902 0.0148769649672 0.0174768325048 0.0216393687012
Herato07 Herato0701 18325001.0 18325000.0 0.0527480878783 0.0315130380673 0.050054558114 0.0903971476405
Herato07 Herato0701 18375001.0 18375000.0 0.0135641752088 0.00968867183658 0.0134842277626 0.0178654591124
Herato07 Herato0701 18425001.0 18425000.0 0.0142914288862 0.0113682681789 0.013587629558 0.0254779087542
Herato07 Herato0701 18475001.0 18475000.0 0.0269384530619 0.00867721192222 0.0258474501285 0.0551582314303
Herato07 Herato0701 18525001.0 18525000.0 0.0497864551905 0.0259466266142 0.0450404816962 0.101666606591
Herato07 Herato0701 18575001.0 18575000.0 0.0344053827606 0.012091375779 0.0324091406156 0.0692719517026
Herato07 Herato0701 18625001.0 18625000.0 0.020428175261 0.0136645530084 0.0199570924817 0.0305255925033
Herato07 Herato0701 18675001.0 18675000.0 0.0234854020506 0.0168156226495 0.0226098934346 0.0358938202746
Herato07 Herato0701 18725001.0 18725000.0 0.0247676077652 0.017867921174 0.0243179003492 0.0350280949503
Herato07 Herato0701 18775001.0 18775000.0 0.080256820232 0.0207264858752 0.0742740123321 0.183914041917
Herato07 Herato0701 18825001.0 18825000.0 0.0610179190878 0.0187992752228 0.0498101220963 0.173857586818
Herato07 Herato0701 18875001.0 18875000.0 0.0376126475209 0.0144032912491 0.0326666345817 0.0929536801417
Herato07 Herato0701 18925001.0 18925000.0 0.0084478735268 0.0072475414298 0.008479744038 0.0097329829548
Herato07 Herato0701 18975001.0 18975000.0 0.00259300353608 0.00208411804549 0.00259344435832 0.00320519039262
Herato07 Herato0701 19025001.0 19025000.0 0.216729490163 0.0564019931321 0.173877237179 0.627060974471
