chrom scaffold Cposition position mean p0025 p0500 p0975
Herato16 Herato1601 25001.0 25000.0 0.021586544164 0.0155843667032 0.0206102701502 0.032953598717
Herato16 Herato1601 75001.0 75000.0 0.0251967587917 0.0224991710456 0.0250889665835 0.0283803523886
Herato16 Herato1601 125001.0 125000.0 0.072470224783 0.05736153382 0.0734324269098 0.0911627491384
Herato16 Herato1601 175001.0 175000.0 0.058455397284 0.051967643076 0.057838977474 0.065549565866
Herato16 Herato1601 225001.0 225000.0 0.0573914619234 0.0472783398677 0.0571320020764 0.0698348913
Herato16 Herato1601 275001.0 275000.0 0.0732838422296 0.0609682725701 0.072658810213 0.0888611561218
Herato16 Herato1601 325001.0 325000.0 0.0632181351368 0.0494309564015 0.0619100732288 0.087692460066
Herato16 Herato1601 375001.0 375000.0 0.05068129314 0.0462157254 0.050745242844 0.05645771685
Herato16 Herato1601 425001.0 425000.0 0.033487613998 0.0274881390978 0.0335383830404 0.041101507462
Herato16 Herato1601 475001.0 475000.0 0.05202655216 0.0420036192984 0.05145352458 0.071180406024
Herato16 Herato1601 525001.0 525000.0 0.08139005852 0.06732425838 0.07993513642 0.10426878102
Herato16 Herato1601 575001.0 575000.0 0.0733611002352 0.0576437078526 0.0715026803142 0.0959534248738
Herato16 Herato1601 625001.0 625000.0 0.0540697536264 0.0508149112968 0.0544976094548 0.0559728705992
Herato16 Herato1601 675001.0 675000.0 0.0545602209116 0.0441139269548 0.0541727380146 0.065220592538
Herato16 Herato1601 725001.0 725000.0 0.0525332511844 0.042483785206 0.0522873965036 0.0662485347
Herato16 Herato1601 775001.0 775000.0 0.0833321551764 0.0771226588548 0.0830495620994 0.0917158971408
Herato16 Herato1601 825001.0 825000.0 0.0545631126776 0.0505807908203 0.0547751390038 0.0584285105968
Herato16 Herato1601 875001.0 875000.0 0.099197960017 0.0849169082288 0.098480613102 0.118818661174
Herato16 Herato1601 925001.0 925000.0 0.0779895408 0.07494307212 0.07750694928 0.08194577172
Herato16 Herato1601 975001.0 975000.0 0.08301232452 0.08015269338 0.08330297458 0.0850299514
Herato16 Herato1601 1025001.0 1025000.0 0.077711362662 0.0672834156398 0.0773669047526 0.090373104498
Herato16 Herato1601 1075001.0 1075000.0 0.097454703468 0.0763926588328 0.097416806464 0.118641844147
Herato16 Herato1601 1125001.0 1125000.0 0.082947356328 0.074229772102 0.082992032258 0.092341884176
Herato16 Herato1601 1175001.0 1175000.0 0.094400314648 0.0860975081666 0.093475839532 0.105270673578
Herato16 Herato1601 1225001.0 1225000.0 0.0929115863828 0.0878168896976 0.0929175470529 0.0974328102472
Herato16 Herato1601 1275001.0 1275000.0 0.093283087512 0.0799423138352 0.093242072872 0.11019295752
Herato16 Herato1601 1325001.0 1325000.0 0.08340059962 0.07800372676 0.08339579698 0.08817048398
Herato16 Herato1601 1375001.0 1375000.0 0.11219859928 0.1039869276 0.11237918694 0.12206568082
Herato16 Herato1601 1425001.0 1425000.0 0.143112450776 0.08830657998 0.140745963272 0.230056238412
Herato16 Herato1601 1475001.0 1475000.0 0.0326659772037 0.0261873495974 0.0318354851461 0.041927347646
Herato16 Herato1601 1525001.0 1525000.0 0.040776071779 0.0256632330677 0.0407563728999 0.056674384242
Herato16 Herato1601 1575001.0 1575000.0 0.0696718536296 0.06212660333 0.0695129360942 0.078215872206
Herato16 Herato1601 1625001.0 1625000.0 0.049326128552 0.04585351788 0.049422117092 0.052795596772
Herato16 Herato1601 1675001.0 1675000.0 0.089604984478 0.082399463874 0.08977420663 0.100534851714
Herato16 Herato1601 1725001.0 1725000.0 0.106256791264 0.0976104469875 0.105994660757 0.114195305462
Herato16 Herato1601 1775001.0 1775000.0 0.08875766 0.08522062958 0.0887724614 0.0923400316
Herato16 Herato1601 1825001.0 1825000.0 0.081308268992 0.07312863156 0.081550926168 0.087439814556
Herato16 Herato1601 1875001.0 1875000.0 0.0622538523944 0.0516865494008 0.0619450327936 0.075237472654
Herato16 Herato1601 1925001.0 1925000.0 0.0443420579924 0.0388399745592 0.0441105374488 0.05094437878
Herato16 Herato1601 1975001.0 1975000.0 0.046244032964 0.042542219606 0.046393904934 0.050173478856
Herato16 Herato1601 2025001.0 2025000.0 0.056075841986 0.05070824204 0.055995242086 0.06164740782
Herato16 Herato1601 2075001.0 2075000.0 0.05550145762 0.0455231804914 0.05560098334 0.06742792514
Herato16 Herato1601 2125001.0 2125000.0 0.0514225476318 0.0467267248334 0.0509588337992 0.0586167516246
Herato16 Herato1601 2175001.0 2175000.0 0.04955833524 0.04764626614 0.04972828978 0.0514075042
Herato16 Herato1601 2225001.0 2225000.0 0.06914807964 0.06255989864 0.06892003824 0.0752980613
Herato16 Herato1601 2275001.0 2275000.0 0.0890948971506 0.0725218967648 0.0877355154222 0.113155323606
Herato16 Herato1601 2325001.0 2325000.0 0.09584877834 0.08742983014 0.09557023176 0.10433187364
Herato16 Herato1601 2375001.0 2375000.0 0.045615721446 0.037831186188 0.04504478125 0.054483084488
Herato16 Herato1601 2425001.0 2425000.0 0.05181949222 0.04575406126 0.05176406376 0.05683121892
Herato16 Herato1601 2475001.0 2475000.0 0.08274230184 0.071371813644 0.081967938854 0.096740111784
Herato16 Herato1601 2525001.0 2525000.0 0.063762887964 0.058495473016 0.063207706938 0.07114627767
Herato16 Herato1601 2575001.0 2575000.0 0.08332212602 0.07829463262 0.0831945701 0.08840781548
Herato16 Herato1601 2625001.0 2625000.0 0.102871748405 0.0913177601515 0.102675446417 0.117280150882
Herato16 Herato1601 2675001.0 2675000.0 0.09833956214 0.08502372964 0.09719289788 0.11595836714
Herato16 Herato1601 2725001.0 2725000.0 0.063053432114 0.0581120985946 0.062702951641 0.0690852038464
Herato16 Herato1601 2775001.0 2775000.0 0.0865578305722 0.0807151828346 0.0863617915905 0.0934646081863
Herato16 Herato1601 2825001.0 2825000.0 0.106294341004 0.092381691942 0.10624209981 0.12135955058
Herato16 Herato1601 2875001.0 2875000.0 0.09663723682 0.06513307604 0.09542939048 0.14458558756
Herato16 Herato1601 2925001.0 2925000.0 0.0997766665 0.09874512306 0.09967945338 0.1023355751
Herato16 Herato1601 2975001.0 2975000.0 0.0766023082 0.071709735608 0.076981050902 0.081342976122
Herato16 Herato1601 3025001.0 3025000.0 0.08875643342 0.08246723882 0.08879311312 0.09803854488
Herato16 Herato1601 3075001.0 3075000.0 0.1041993086 0.09770235076 0.10420387948 0.11186369084
Herato16 Herato1601 3125001.0 3125000.0 0.080109103362 0.0705968488148 0.0801515572958 0.0910424178144
Herato16 Herato1601 3175001.0 3175000.0 0.0755338200736 0.0594771663885 0.0741104025552 0.095378509
Herato16 Herato1601 3225001.0 3225000.0 0.09360543924 0.0845437701336 0.093070735008 0.104145272936
Herato16 Herato1601 3275001.0 3275000.0 0.070940879264 0.065757684218 0.0709325501 0.075747925324
Herato16 Herato1601 3325001.0 3325000.0 0.064847936142 0.052100347928 0.064411388036 0.082758995216
Herato16 Herato1601 3375001.0 3375000.0 0.118127802292 0.0897248372032 0.116306978693 0.158335184474
Herato16 Herato1601 3425001.0 3425000.0 0.0790610694092 0.0729263033188 0.0789071928962 0.08643202715
Herato16 Herato1601 3475001.0 3475000.0 0.076793662972 0.056587979212 0.074078519402 0.122259486076
Herato16 Herato1601 3525001.0 3525000.0 0.07768141984 0.06730612494 0.07851821044 0.08600654968
Herato16 Herato1601 3575001.0 3575000.0 0.11291498113 0.084731651298 0.106989798846 0.16105986048
Herato16 Herato1601 3625001.0 3625000.0 0.047828821226 0.043732965116 0.047741455612 0.051881060954
Herato16 Herato1601 3675001.0 3675000.0 0.0718348759744 0.0622034963548 0.0711287327572 0.0845525222148
Herato16 Herato1601 3725001.0 3725000.0 0.11353677936 0.11160038044 0.11321294512 0.11727618748
Herato16 Herato1601 3775001.0 3775000.0 0.140135770334 0.135369647586 0.139355050298 0.14797418201
Herato16 Herato1601 3825001.0 3825000.0 0.136264075932 0.127358505543 0.136056793023 0.1457490447
Herato16 Herato1601 3875001.0 3875000.0 0.114929603164 0.106166420226 0.11452491733 0.12521582272
Herato16 Herato1601 3925001.0 3925000.0 0.052646235522 0.045941710146 0.053015508778 0.060294567676
Herato16 Herato1601 3975001.0 3975000.0 0.076804045048 0.068782439078 0.07628400944 0.085587775146
Herato16 Herato1601 4025001.0 4025000.0 0.087811858736 0.078108015516 0.087744975696 0.096838545576
Herato16 Herato1601 4075001.0 4075000.0 0.088367441728 0.080243066676 0.088052287828 0.095823955646
Herato16 Herato1601 4125001.0 4125000.0 0.075489417536 0.070550002954 0.074913361274 0.082968702114
Herato16 Herato1601 4175001.0 4175000.0 0.062056285414 0.048454377192 0.061404451478 0.083871325794
Herato16 Herato1601 4225001.0 4225000.0 0.0837146493744 0.0619494642208 0.0814845764253 0.115641553249
Herato16 Herato1601 4275001.0 4275000.0 0.081179268012 0.069621303488 0.080648581616 0.095045643268
Herato16 Herato1601 4325001.0 4325000.0 0.071828143412 0.060432821703 0.070268168464 0.091513790828
Herato16 Herato1601 4375001.0 4375000.0 0.05453989811 0.051777181168 0.054330016698 0.059111974096
Herato16 Herato1601 4425001.0 4425000.0 0.073910016 0.070007922 0.074036889 0.077430492
Herato16 Herato1601 4475001.0 4475000.0 0.067256673422 0.061720660268 0.067300637118 0.073674510734
Herato16 Herato1601 4525001.0 4525000.0 0.028071263902 0.021029510442 0.027783184348 0.038705964382
Herato16 Herato1601 4575001.0 4575000.0 0.090038725664 0.0782255043304 0.088711577729 0.10667863773
Herato16 Herato1601 4625001.0 4625000.0 0.09948105866 0.0967465482 0.09956238752 0.10423726332
Herato16 Herato1601 4675001.0 4675000.0 0.1047388886 0.09615983992 0.10421118934 0.11616026116
Herato16 Herato1601 4725001.0 4725000.0 0.08508035574 0.07679697204 0.08469908332 0.0946992045
Herato16 Herato1601 4775001.0 4775000.0 0.07762789154 0.07197602626 0.07814318908 0.08077212956
Herato16 Herato1601 4825001.0 4825000.0 0.09047392738 0.088197256766 0.09003861578 0.0959900838
Herato16 Herato1601 4875001.0 4875000.0 0.07254847844 0.07043151316 0.07233037016 0.07457304884
Herato16 Herato1601 4925001.0 4925000.0 0.06940625534 0.06679915348 0.06902301592 0.07272595546
Herato16 Herato1601 4975001.0 4975000.0 0.071679639798 0.067919238668 0.071260324092 0.077638973102
Herato16 Herato1601 5025001.0 5025000.0 0.101914537946 0.097458973864 0.101394400922 0.1085452608
Herato16 Herato1601 5075001.0 5075000.0 0.062702797364 0.050831391888 0.06175043114 0.078271931132
Herato16 Herato1601 5125001.0 5125000.0 0.0798682022824 0.072493821555 0.0794791177816 0.088631048449
Herato16 Herato1601 5175001.0 5175000.0 0.0411476902233 0.0358825057041 0.0409897564473 0.0469634669315
Herato16 Herato1601 5225001.0 5225000.0 0.0528033883285 0.0493092231495 0.0527578491167 0.0558412944573
Herato16 Herato1601 5275001.0 5275000.0 0.06737235532 0.06292160731 0.06709635066 0.07174891122
Herato16 Herato1601 5325001.0 5325000.0 0.068466561912 0.0620350832397 0.0683435209544 0.075825514804
Herato16 Herato1601 5375001.0 5375000.0 0.108519397348 0.085710496415 0.104219376177 0.157451311334
Herato16 Herato1601 5425001.0 5425000.0 0.0705976535 0.068504 0.070165222 0.0743927751
Herato16 Herato1601 5475001.0 5475000.0 0.061121472612 0.055112160706 0.060762557604 0.068882102804
Herato16 Herato1601 5525001.0 5525000.0 0.0409178589 0.03720119886 0.04086821462 0.04549730708
Herato16 Herato1601 5575001.0 5575000.0 0.0950696596622 0.0619251831945 0.0883349873478 0.145410885141
Herato16 Herato1601 5625001.0 5625000.0 0.04836163102 0.045236148616 0.04831875722 0.05061006482
Herato16 Herato1601 5675001.0 5675000.0 0.051299826948 0.0472049604836 0.051277106054 0.055610298186
Herato16 Herato1601 5725001.0 5725000.0 0.09398281358 0.06349238348 0.0896481315 0.14714204662
Herato16 Herato1601 5775001.0 5775000.0 0.089226237394 0.083016307716 0.0890396909 0.096404563914
Herato16 Herato1601 5825001.0 5825000.0 0.09086514756 0.08124676278 0.0910293745 0.10023361058
Herato16 Herato1601 5875001.0 5875000.0 0.081327379372 0.069475417386 0.080138412792 0.09423204282
Herato16 Herato1601 5916147.0 5925000.0 0.0510034493656 0.0451664098443 0.0508948207472 0.0577162127194
Herato16 Herato1602 5957294.0 25000.0 0.0546617551548 0.0470812012747 0.0547116499664 0.0594659361652
Herato16 Herato1602 6007294.0 75000.0 0.0549361530472 0.0457714333548 0.0539312551566 0.0714505809552
Herato16 Herato1602 6057294.0 125000.0 0.047855660426 0.043521552906 0.04710880845 0.052582079532
Herato16 Herato1602 6107294.0 175000.0 0.045700777638 0.040011190658 0.045624494804 0.052031012144
Herato16 Herato1602 6157294.0 225000.0 0.073711382036 0.0673071468926 0.0732169690322 0.08147833711
Herato16 Herato1602 6192024.5 275000.0 0.131576851087 0.118011260007 0.131100899132 0.147389698268
Herato16 Herato1603 6226756.0 25000.0 0.0532758373 0.0416783595658 0.05077430426 0.06267431944
Herato16 Herato1603 6276756.0 75000.0 0.1071510358 0.1048956114 0.1068695094 0.1114025596
Herato16 Herato1603 6326756.0 125000.0 0.094775379754 0.094332202408 0.094710930788 0.095402426888
Herato16 Herato1603 6376756.0 175000.0 0.05801888242 0.032716081182 0.055889985054 0.10107347132
Herato16 Herato1603 6426756.0 225000.0 0.0686547934588 0.0573731282898 0.0678831353482 0.080993198592
Herato16 Herato1603 6476756.0 275000.0 0.0620081330582 0.054749621727 0.0615273934418 0.070230082145
Herato16 Herato1603 6526756.0 325000.0 0.073605994174 0.06402173033 0.072864839462 0.084931749228
Herato16 Herato1603 6576756.0 375000.0 0.0634701198242 0.0529103776067 0.062429623255 0.079045860744
Herato16 Herato1603 6626756.0 425000.0 0.05190583241 0.0393475669392 0.052645240746 0.064606859602
Herato16 Herato1603 6676756.0 475000.0 0.062238889502 0.054835378042 0.06223053019 0.07117056356
Herato16 Herato1603 6726756.0 525000.0 0.0559452506444 0.0483422423554 0.0552389303034 0.0663870114352
Herato16 Herato1603 6776756.0 575000.0 0.04449271413 0.0419931926357 0.0443890588532 0.0475451352792
Herato16 Herato1603 6826756.0 625000.0 0.06923837794 0.06100405684 0.06881515132 0.07937709008
Herato16 Herato1603 6876756.0 675000.0 0.08466473066 0.07798383646 0.08477661 0.0913389407
Herato16 Herato1603 6926756.0 725000.0 0.03046525497 0.0236672285742 0.030488804218 0.038472004714
Herato16 Herato1603 6976756.0 775000.0 0.0293684271104 0.0214357557406 0.0282334140458 0.04459053738
Herato16 Herato1603 7026756.0 825000.0 0.054601661656 0.0344979473602 0.052763312416 0.084630010156
Herato16 Herato1603 7076756.0 875000.0 0.068614419962 0.060488020152 0.068311697736 0.0772350763
Herato16 Herato1603 7126756.0 925000.0 0.0790279104046 0.072336782754 0.0788096191194 0.08648791562
Herato16 Herato1603 7176756.0 975000.0 0.0977737174 0.08985495156 0.0984337285 0.10550806008
Herato16 Herato1603 7226756.0 1025000.0 0.0532771566538 0.0359639005761 0.0525677674169 0.0793613570055
Herato16 Herato1603 7276756.0 1075000.0 0.09511772904 0.08832754538 0.0955580853 0.10116258992
Herato16 Herato1603 7326756.0 1125000.0 0.0655631938768 0.0588589043364 0.0657537161656 0.072612718736
Herato16 Herato1603 7376756.0 1175000.0 0.08933412328 0.08329689336 0.08948842486 0.09508726418
Herato16 Herato1603 7426756.0 1225000.0 0.0686266463 0.0609220706 0.06840125704 0.07775288206
Herato16 Herato1603 7476756.0 1275000.0 0.07379917288 0.067619903722 0.07298943806 0.08558822006
Herato16 Herato1603 7526756.0 1325000.0 0.100114985794 0.086895329126 0.099852752752 0.11478243552
Herato16 Herato1603 7576756.0 1375000.0 0.0747068916504 0.070268710522 0.0745969504694 0.079883492718
Herato16 Herato1603 7626756.0 1425000.0 0.1204048914 0.11520126524 0.1196563236 0.1264722334
Herato16 Herato1603 7676756.0 1475000.0 0.126291545 0.119956775 0.126044385 0.132363245
Herato16 Herato1603 7726756.0 1525000.0 0.0997679335318 0.095692417564 0.0998949936504 0.103751602379
Herato16 Herato1603 7776756.0 1575000.0 0.076031802826 0.072051749586 0.07645397791 0.081946770578
Herato16 Herato1603 7826756.0 1625000.0 0.0387141530952 0.0257789120459 0.0377326993856 0.060779087578
Herato16 Herato1603 7876756.0 1675000.0 0.0163529346182 0.0144967116195 0.0162816840586 0.0187204128138
Herato16 Herato1603 7926756.0 1725000.0 0.0245982337974 0.0174858465368 0.023551717253 0.037772079177
Herato16 Herato1603 7976756.0 1775000.0 0.060825090484 0.052196825339 0.060834323016 0.072480862088
Herato16 Herato1603 8026756.0 1825000.0 0.080403015 0.06768653972 0.080235528962 0.09132673918
Herato16 Herato1603 8076756.0 1875000.0 0.0645042886234 0.0460999937704 0.061518763595 0.101057896375
Herato16 Herato1603 8126756.0 1925000.0 0.102986138998 0.0926749250108 0.101142835572 0.117693408876
Herato16 Herato1603 8176756.0 1975000.0 0.08476958854 0.07800863796 0.08446683498 0.09264547928
Herato16 Herato1603 8226756.0 2025000.0 0.06621625596 0.06164967166 0.06631763522 0.07108363222
Herato16 Herato1603 8276756.0 2075000.0 0.0866226989112 0.078223673521 0.0866744909392 0.093322274412
Herato16 Herato1603 8326756.0 2125000.0 0.09907479736 0.08300169629 0.09914268516 0.11475412658
Herato16 Herato1603 8376756.0 2175000.0 0.076179703361 0.0691639183857 0.0754113841336 0.08769064608
Herato16 Herato1603 8426756.0 2225000.0 0.0737166755295 0.0685667824916 0.0733185463267 0.0802291176342
Herato16 Herato1603 8476756.0 2275000.0 0.0835592897522 0.0765982966288 0.0834154277649 0.091804573958
Herato16 Herato1603 8526756.0 2325000.0 0.07811782646 0.07491535698 0.07839831102 0.08123746044
Herato16 Herato1603 8576756.0 2375000.0 0.0936571936378 0.0790226423233 0.0918879314646 0.110102055971
Herato16 Herato1603 8626756.0 2425000.0 0.074442213898 0.06042290095 0.072903641134 0.093878768842
Herato16 Herato1603 8676756.0 2475000.0 0.047662017398 0.0407517331092 0.047837644876 0.055111002864
Herato16 Herato1603 8726756.0 2525000.0 0.044860139088 0.043137387344 0.044714400486 0.047183491116
Herato16 Herato1603 8776756.0 2575000.0 0.07050043594 0.0655643312276 0.0698796917404 0.07644313492
Herato16 Herato1603 8826756.0 2625000.0 0.067939897618 0.0592175512354 0.0678719572762 0.076066433378
Herato16 Herato1603 8876756.0 2675000.0 0.08738147128 0.08365449182 0.08677071422 0.09276711686
Herato16 Herato1603 8926756.0 2725000.0 0.07803051364 0.07108510324 0.07768391374 0.08515296556
Herato16 Herato1603 8976756.0 2775000.0 0.11540973118 0.086936191373 0.112057043305 0.158008493518
Herato16 Herato1603 9026756.0 2825000.0 0.09011123318 0.08104470658 0.08981149368 0.09954550468
Herato16 Herato1603 9076756.0 2875000.0 0.09626192118 0.09018969328 0.09590639136 0.1023624745
Herato16 Herato1603 9126756.0 2925000.0 0.120698564483 0.0965173472875 0.117230411612 0.15272920981
Herato16 Herato1603 9176756.0 2975000.0 0.1321626875 0.1160480258 0.13229421536 0.15305898752
Herato16 Herato1603 9226756.0 3025000.0 0.09727701096 0.0912112124 0.09694061732 0.10353163248
Herato16 Herato1603 9276756.0 3075000.0 0.107741911742 0.099119712522 0.108191963747 0.116070016095
Herato16 Herato1603 9326756.0 3125000.0 0.09062377264 0.08736527896 0.091151252 0.09328230888
Herato16 Herato1603 9376756.0 3175000.0 0.09939695644 0.09424111654 0.0995532338 0.10330618878
Herato16 Herato1603 9426756.0 3225000.0 0.1012789924 0.09124110876 0.0960938548 0.116905196
Herato16 Herato1603 9476756.0 3275000.0 0.07995652572 0.0674709021 0.08342693038 0.09023849754
Herato16 Herato1603 9526756.0 3325000.0 0.10268823612 0.09634933662 0.10225311 0.10974697982
Herato16 Herato1603 9576756.0 3375000.0 0.10474408026 0.09417251562 0.1040459052 0.11701003738
Herato16 Herato1603 9626756.0 3425000.0 0.09226307754 0.08488884408 0.09181386076 0.10284169068
Herato16 Herato1603 9676756.0 3475000.0 0.06863514912 0.064194772946 0.06820236344 0.07366919436
Herato16 Herato1603 9726756.0 3525000.0 0.0486031238362 0.0421323998913 0.0474190788108 0.0576793764976
Herato16 Herato1603 9776756.0 3575000.0 0.090464563387 0.0610088016511 0.088246419096 0.137490655541
Herato16 Herato1603 9826756.0 3625000.0 0.058853715696 0.05277168262 0.058771057098 0.065784699666
Herato16 Herato1603 9876756.0 3675000.0 0.057928930994 0.0475857048045 0.0580315285198 0.066182971412
Herato16 Herato1603 9926756.0 3725000.0 0.06303643262 0.057974502174 0.06302531888 0.0709829673
Herato16 Herato1603 9976756.0 3775000.0 0.0621896670076 0.0592496539171 0.0618511633562 0.0657358339762
Herato16 Herato1603 10026756.0 3825000.0 0.107284940642 0.0956639300226 0.107242201364 0.120093282178
Herato16 Herato1603 10076756.0 3875000.0 0.09684079408 0.08988492698 0.09634256826 0.10440746324
Herato16 Herato1603 10126756.0 3925000.0 0.0964494222 0.08798411382 0.09643102016 0.10718240546
Herato16 Herato1603 10176756.0 3975000.0 0.108579871348 0.099302747176 0.108598773378 0.117731042678
Herato16 Herato1603 10224532.0 4025000.0 0.0755066757771 0.0712710619073 0.0756707707455 0.0791631209826
Herato16 Herato1604 10272309.0 25000.0 0.040095893782 0.033671406464 0.040499087754 0.045050667626
Herato16 Herato1604 10302211.0 75000.0 0.0581244810282 0.0500787042024 0.0576900193798 0.06711500612
Herato16 Herato1605 10332114.0 25000.0 0.070884015272 0.062929347396 0.070481158558 0.081013426884
Herato16 Herato1605 10382114.0 75000.0 0.08911024634 0.08153836908 0.0889554219 0.09730668638
Herato16 Herato1605 10432114.0 125000.0 0.06183103686 0.05425023042 0.06129929502 0.07113221044
Herato16 Herato1605 10482114.0 175000.0 0.0356674097195 0.0324696742973 0.0354949668822 0.0394650934802
Herato16 Herato1605 10532114.0 225000.0 0.063461599886 0.059066474168 0.063264769444 0.068285316306
Herato16 Herato1605 10582114.0 275000.0 0.060309190148 0.053958110642 0.059788496372 0.068227393488
Herato16 Herato1605 10632114.0 325000.0 0.07696928108 0.0733585814 0.07684132716 0.08111778708
Herato16 Herato1605 10682114.0 375000.0 0.064629696441 0.058742270183 0.0643675374582 0.0722780483896
Herato16 Herato1605 10732114.0 425000.0 0.061766214983 0.0557049132491 0.0618263072939 0.0681193478535
Herato16 Herato1605 10782114.0 475000.0 0.053250373498 0.04506659871 0.052978839084 0.061774036682
Herato16 Herato1605 10832114.0 525000.0 0.0626437627197 0.0519403475637 0.0621975965738 0.0804634655544
Herato16 Herato1605 10882114.0 575000.0 0.0853487782 0.074901592852 0.085900501472 0.094593856786
Herato16 Herato1605 10932114.0 625000.0 0.07858136492 0.072658996716 0.0788422541 0.08450837962
Herato16 Herato1605 10982114.0 675000.0 0.06741544202 0.058001142706 0.06641951916 0.08660594318
Herato16 Herato1605 11032114.0 725000.0 0.08298365232 0.08007341004 0.08265369744 0.086311368
Herato16 Herato1605 11082114.0 775000.0 0.094610919344 0.0878520827512 0.094062348454 0.103179273758
Herato16 Herato1605 11132114.0 825000.0 0.100002425958 0.087377827988 0.100186753472 0.115368516844
Herato16 Herato1605 11182114.0 875000.0 0.097705109032 0.077237685236 0.096514136258 0.124036584446
Herato16 Herato1605 11232114.0 925000.0 0.08270558124 0.0744553017 0.08208418474 0.0938965484
Herato16 Herato1605 11282114.0 975000.0 0.0940533916806 0.073923590249 0.0912558264386 0.128097484793
Herato16 Herato1605 11332114.0 1025000.0 0.091760593618 0.0809776938176 0.0919181945896 0.101802226706
Herato16 Herato1605 11382114.0 1075000.0 0.1083201796 0.102249732 0.1090361294 0.1127772192
Herato16 Herato1605 11432114.0 1125000.0 0.1021518538 0.099394192 0.1019921792 0.1058661706
Herato16 Herato1605 11482114.0 1175000.0 0.0711515206468 0.0623944404071 0.0701694662063 0.0870250797746
Herato16 Herato1605 11532114.0 1225000.0 0.10842902596 0.09467417394 0.10820670358 0.12559202608
Herato16 Herato1605 11582114.0 1275000.0 0.0885729200334 0.0628667306933 0.0884103203578 0.119508800486
Herato16 Herato1605 11632114.0 1325000.0 0.08985273898 0.084225361514 0.0903032643 0.09669333714
Herato16 Herato1605 11682114.0 1375000.0 0.09054168912 0.08235671736 0.0905486935 0.09882822046
Herato16 Herato1605 11732114.0 1425000.0 0.0635718258063 0.0511630001217 0.0632790854398 0.080163978492
Herato16 Herato1605 11782114.0 1475000.0 0.09253451356 0.08400467794 0.09449848336 0.09841799444
Herato16 Herato1605 11832114.0 1525000.0 0.093235481712 0.085989624626 0.091606788262 0.102277063832
Herato16 Herato1605 11882114.0 1575000.0 0.096574314588 0.0856044537216 0.0959703682614 0.112719209383
Herato16 Herato1605 11932114.0 1625000.0 0.0911464357364 0.0767859402742 0.092080960419 0.105254420324
Herato16 Herato1605 11982114.0 1675000.0 0.0768600090004 0.0678318989732 0.0764804924872 0.0882601194382
Herato16 Herato1605 12032114.0 1725000.0 0.07707992808 0.0711501575 0.07671443828 0.08332053048
Herato16 Herato1605 12082114.0 1775000.0 0.072465973384 0.0671759266644 0.0722267977374 0.078548394454
Herato16 Herato1605 12132114.0 1825000.0 0.058830815355 0.0526440119141 0.0588831754062 0.065143742254
Herato16 Herato1605 12182114.0 1875000.0 0.087178372796 0.07718097912 0.086546911892 0.099350497048
Herato16 Herato1605 12232114.0 1925000.0 0.090745975 0.07397441256 0.0894815167 0.11183716854
Herato16 Herato1605 12282114.0 1975000.0 0.0661224359398 0.0596931642527 0.0654866770983 0.0718239788318
Herato16 Herato1605 12332114.0 2025000.0 0.0762632960544 0.0665187082281 0.0758102803146 0.088439346358
Herato16 Herato1605 12382114.0 2075000.0 0.055231347076 0.0465904578095 0.0524297696338 0.068707585952
Herato16 Herato1605 12432114.0 2125000.0 0.06562875484 0.0623347465 0.06551969794 0.0698996937
Herato16 Herato1605 12482114.0 2175000.0 0.0976758526299 0.0929006951675 0.0970980711504 0.105326298748
Herato16 Herato1605 12532114.0 2225000.0 0.051039122998 0.047657862544 0.05082875632 0.055497139738
Herato16 Herato1605 12582114.0 2275000.0 0.07700117254 0.0750949992 0.07650598064 0.08120762702
Herato16 Herato1605 12632114.0 2325000.0 0.050394188186 0.045390994102 0.049242807614 0.056949386976
Herato16 Herato1605 12682114.0 2375000.0 0.084234942676 0.0651963207372 0.082048386926 0.119221573124
Herato16 Herato1605 12732114.0 2425000.0 0.071352782542 0.06615803566 0.071082269514 0.077149308204
Herato16 Herato1605 12782114.0 2475000.0 0.0991592060682 0.0808479107988 0.0981533681936 0.128128393876
Herato16 Herato1605 12832114.0 2525000.0 0.04930478394 0.0460235337 0.04912560022 0.05266187778
Herato16 Herato1605 12882114.0 2575000.0 0.058777861946 0.0545541088673 0.058604997312 0.063167040834
Herato16 Herato1605 12932114.0 2625000.0 0.065995962928 0.0607276706582 0.065806809574 0.071935456586
Herato16 Herato1605 12982114.0 2675000.0 0.03515004919 0.0283094897094 0.0339587959586 0.048721474952
Herato16 Herato1605 13032114.0 2725000.0 0.02741476983 0.025013661864 0.027255198864 0.030597390516
Herato16 Herato1605 13082114.0 2775000.0 0.06712072 0.058205323296 0.066976005782 0.077408594462
Herato16 Herato1605 13132114.0 2825000.0 0.066628725564 0.062234980204 0.066273723776 0.071713638536
Herato16 Herato1605 13182114.0 2875000.0 0.0707574294148 0.0640811842219 0.0702306040564 0.0793710091758
Herato16 Herato1605 13232114.0 2925000.0 0.08294305158 0.07218979994 0.08259668454 0.09686122664
Herato16 Herato1605 13282114.0 2975000.0 0.07450455368 0.07131383006 0.07440292546 0.07833221456
Herato16 Herato1605 13332114.0 3025000.0 0.06131401706 0.05199352996 0.06100723998 0.07061094158
Herato16 Herato1605 13382114.0 3075000.0 0.0638612253822 0.0554865888652 0.0632232289381 0.0764680116682
Herato16 Herato1605 13432114.0 3125000.0 0.06755285066 0.06229034236 0.06778421322 0.07065561156
Herato16 Herato1605 13482114.0 3175000.0 0.0697154972 0.0670139488 0.06974562238 0.0722955731
Herato16 Herato1605 13532114.0 3225000.0 0.0726935649548 0.0655148416432 0.0725949121634 0.0817417678016
Herato16 Herato1605 13582114.0 3275000.0 0.061707426114 0.0530664714534 0.061591099298 0.071088749186
Herato16 Herato1605 13632114.0 3325000.0 0.072318350858 0.062030432012 0.070748154266 0.088956572112
Herato16 Herato1605 13682114.0 3375000.0 0.0800657281708 0.0689501503866 0.0796884170522 0.0932269250844
Herato16 Herato1605 13732114.0 3425000.0 0.071514928862 0.068018535908 0.071109835942 0.075177787818
Herato16 Herato1605 13782114.0 3475000.0 0.0387160914299 0.0362052542845 0.0387738293865 0.0420109539027
Herato16 Herato1605 13832114.0 3525000.0 0.0582734934594 0.046878813238 0.0574324696254 0.0727769193626
Herato16 Herato1605 13882114.0 3575000.0 0.0667602887272 0.0614604201727 0.0660031065912 0.0727398169122
Herato16 Herato1605 13932114.0 3625000.0 0.049304006506 0.03615947354 0.046752844834 0.076012691322
Herato16 Herato1605 13982114.0 3675000.0 0.0478555480538 0.0424921614136 0.0476710675932 0.0546444093846
Herato16 Herato1605 14032114.0 3725000.0 0.100238249131 0.0551579617893 0.0995629029312 0.181701903226
Herato16 Herato1605 14082114.0 3775000.0 0.072254189524 0.068450076372 0.072159898856 0.075831544884
Herato16 Herato1605 14132114.0 3825000.0 0.0697288036 0.06484066788 0.06911244754 0.07797030484
Herato16 Herato1605 14182114.0 3875000.0 0.10290961496 0.09595285218 0.10348117454 0.10990412292
Herato16 Herato1605 14232114.0 3925000.0 0.084808147282 0.078275411518 0.084829662056 0.0923439574
Herato16 Herato1605 14282114.0 3975000.0 0.09663830472 0.089853418766 0.09664928593 0.10311446512
Herato16 Herato1605 14332114.0 4025000.0 0.061438009946 0.053858853852 0.061428450278 0.06850701322
Herato16 Herato1605 14382114.0 4075000.0 0.0635277659018 0.0571731309734 0.0634527928025 0.0703671377172
Herato16 Herato1605 14432114.0 4125000.0 0.0606033640388 0.0540247701949 0.0599816287378 0.0691964747086
Herato16 Herato1605 14482114.0 4175000.0 0.06193991781 0.0582962498248 0.0617748245442 0.0657555868
Herato16 Herato1605 14532114.0 4225000.0 0.0987410187177 0.0648155983217 0.094981453021 0.156299826062
Herato16 Herato1605 14582114.0 4275000.0 0.065791460596 0.0559693043458 0.064662504373 0.078814973126
Herato16 Herato1605 14632114.0 4325000.0 0.045855196532 0.033660544296 0.044437796314 0.066017347316
Herato16 Herato1605 14682114.0 4375000.0 0.054373959274 0.04882104168 0.053029895288 0.06337417722
Herato16 Herato1605 14732114.0 4425000.0 0.0640094640832 0.0564108391336 0.0636052724614 0.073230762791
Herato16 Herato1605 14782114.0 4475000.0 0.08149461404 0.07497531572 0.08138088796 0.08751588224
Herato16 Herato1605 14832114.0 4525000.0 0.056265093607 0.0508185265506 0.0559338939352 0.062429145065
Herato16 Herato1605 14882114.0 4575000.0 0.0649848833329 0.0518595966454 0.0639883259444 0.0846028753078
Herato16 Herato1605 14932114.0 4625000.0 0.06259437316 0.0554239765062 0.061999081951 0.073875244808
Herato16 Herato1605 14982114.0 4675000.0 0.0441615149557 0.0399934079241 0.0438896801783 0.0500668474044
Herato16 Herato1605 15032114.0 4725000.0 0.023911355794 0.01888398186 0.02355710507 0.031465966238
Herato16 Herato1605 15082114.0 4775000.0 0.0585936443378 0.0445368962713 0.0576363799158 0.0790601135312
Herato16 Herato1605 15132114.0 4825000.0 0.0507294242176 0.033782567305 0.0489764606454 0.0761625619898
