chrom scaffold Cposition position mean p0025 p0500 p0975
Herato21 Herato2101 25001.0 25000.0 0.0121563678842 0.009485210933 0.0120078253798 0.0159468065856
Herato21 Herato2101 75001.0 75000.0 0.0188029857348 0.0157899350374 0.0187698682532 0.0225443802962
Herato21 Herato2101 125001.0 125000.0 0.00198192061974 0.00148118900982 0.0019350696388 0.00272696237978
Herato21 Herato2101 175001.0 175000.0 0.0103575813755 0.0061233591481 0.00983673798699 0.0173775059386
Herato21 Herato2101 225001.0 225000.0 0.0179175601878 0.0143664644576 0.017687860323 0.0228185100384
Herato21 Herato2101 275001.0 275000.0 0.006005958892 0.005200070416 0.005964781866 0.007059079672
Herato21 Herato2101 325001.0 325000.0 0.0302205426372 0.00983853635916 0.0281733257538 0.0720619668958
Herato21 Herato2101 375001.0 375000.0 0.0024844184674 0.002034738161 0.002480916023 0.002960768604
Herato21 Herato2101 425001.0 425000.0 0.00183354272593 0.00160099005136 0.00180476489934 0.00212361634364
Herato21 Herato2101 475001.0 475000.0 0.0077622828336 0.00545462514044 0.007631210551 0.0109513194
Herato21 Herato2101 525001.0 525000.0 0.0988108452547 0.0288660569528 0.0852406550669 0.242032943122
Herato21 Herato2101 575001.0 575000.0 0.0370143740345 0.0209502705222 0.0355943064087 0.0615691110258
Herato21 Herato2101 625001.0 625000.0 0.001187427389 0.0009977040166 0.0011765267638 0.0014284687096
Herato21 Herato2101 675001.0 675000.0 0.0161813659412 0.0077089084718 0.0145640468058 0.0323933885646
Herato21 Herato2101 725001.0 725000.0 0.104306085763 0.0404669486835 0.0854591955246 0.250088773473
Herato21 Herato2101 775001.0 775000.0 0.0024559353868 0.0020936795082 0.002465117171 0.0027963334424
Herato21 Herato2101 825001.0 825000.0 0.12580880863 0.044930524238 0.120841821698 0.245439429008
Herato21 Herato2101 875001.0 875000.0 0.0148061803377 0.0102909480762 0.0147322305972 0.0192697719379
Herato21 Herato2101 925001.0 925000.0 0.036973014467 0.0186028463018 0.0359078705458 0.0627979371966
Herato21 Herato2101 975001.0 975000.0 0.0270465252003 0.00896858391591 0.025363077855 0.0496505643466
Herato21 Herato2101 1025001.0 1025000.0 0.0354177512221 0.00997169096804 0.0301561111891 0.0816809181099
Herato21 Herato2101 1075001.0 1075000.0 0.00798096076072 0.0047926500648 0.00751488412232 0.0174098338507
Herato21 Herato2101 1125001.0 1125000.0 0.0680802883028 0.0329721571439 0.0597195235663 0.152032182343
Herato21 Herato2101 1175001.0 1175000.0 0.0035009917486 0.00276248191299 0.00345948973006 0.00469932229964
Herato21 Herato2101 1225001.0 1225000.0 0.0195934812999 0.00907490540781 0.0173432920606 0.0453756499632
Herato21 Herato2101 1275001.0 1275000.0 0.00284397537036 0.0018426067942 0.0026065021582 0.00433756286432
Herato21 Herato2101 1325001.0 1325000.0 0.0143146808624 0.00199353018092 0.00336504631196 0.0521852899968
Herato21 Herato2101 1375001.0 1375000.0 0.0110343625346 0.0047607242568 0.0115255132206 0.022110544805
Herato21 Herato2101 1425001.0 1425000.0 0.0137530321351 0.00669328465074 0.0104944944606 0.0372559589459
Herato21 Herato2101 1475001.0 1475000.0 0.00156336476583 0.00138558197248 0.0015535936532 0.00172804672944
Herato21 Herato2101 1525001.0 1525000.0 0.0112125098968 0.00780156135389 0.0108991232683 0.015978469286
Herato21 Herato2101 1575001.0 1575000.0 0.0110774226763 0.00695393355298 0.0110841016388 0.0167526894014
Herato21 Herato2101 1625001.0 1625000.0 0.0482988427844 0.0195011524865 0.041686080091 0.113159363349
Herato21 Herato2101 1675001.0 1675000.0 0.00262223384234 0.00204674002203 0.00261809557834 0.00332303260278
Herato21 Herato2101 1725001.0 1725000.0 0.014700817263 0.00844673733416 0.0150341105728 0.0211703678808
Herato21 Herato2101 1775001.0 1775000.0 0.004634133478 0.00345394371 0.004181061972 0.007743642426
Herato21 Herato2101 1825001.0 1825000.0 0.0017260339 0.00162469238 0.00171762138 0.00183441846
Herato21 Herato2101 1875001.0 1875000.0 0.00279844523 0.0020855802192 0.002702076096 0.004172574266
Herato21 Herato2101 1925001.0 1925000.0 0.0039331630234 0.00258044358756 0.0039338601514 0.0055793840124
Herato21 Herato2101 1975001.0 1975000.0 0.00222501599724 0.00151915756381 0.00221529402686 0.00289149942386
Herato21 Herato2101 2025001.0 2025000.0 0.0358939439869 0.0162092978215 0.030608083571 0.084770737021
Herato21 Herato2101 2075001.0 2075000.0 0.0101629301996 0.00651501725733 0.00983642799512 0.0160154379532
Herato21 Herato2101 2125001.0 2125000.0 0.0149276722179 0.00994697195354 0.0143010378522 0.0234998739976
Herato21 Herato2101 2175001.0 2175000.0 0.0371385618916 0.0201561947118 0.0312492902007 0.095801490123
Herato21 Herato2101 2225001.0 2225000.0 0.0113171375937 0.00244855042068 0.0105065445197 0.0259995501056
Herato21 Herato2101 2275001.0 2275000.0 0.0111003881732 0.00631678810189 0.0103267708789 0.0208110111557
Herato21 Herato2101 2325001.0 2325000.0 0.0600944824374 0.00787272903691 0.0313623307102 0.251905899824
Herato21 Herato2101 2375001.0 2375000.0 0.0020342948602 0.00160246177036 0.00204254084659 0.00257929566686
Herato21 Herato2101 2425001.0 2425000.0 0.00339529273836 0.00273299654626 0.00336743571466 0.00437623262236
Herato21 Herato2101 2475001.0 2475000.0 0.0025078878806 0.001957407534 0.00248282874134 0.0032350142107
Herato21 Herato2101 2525001.0 2525000.0 0.0165691853043 0.0141992892288 0.0166068018549 0.0191738258415
Herato21 Herato2101 2575001.0 2575000.0 0.0124060500081 0.00773410196901 0.0121177088784 0.0185533191454
Herato21 Herato2101 2625001.0 2625000.0 0.0160548696704 0.0115653272769 0.0153083453896 0.0248411018178
Herato21 Herato2101 2675001.0 2675000.0 0.0412015370461 0.0180081413569 0.0390476043325 0.0815141707585
Herato21 Herato2101 2725001.0 2725000.0 0.00533499182539 0.00385661051655 0.00529330651066 0.00759675406086
Herato21 Herato2101 2775001.0 2775000.0 0.00785240416452 0.00529814028905 0.00730579772562 0.0129740703161
Herato21 Herato2101 2825001.0 2825000.0 0.005151026783 0.00426882294539 0.0051437253212 0.0060187023368
Herato21 Herato2101 2875001.0 2875000.0 0.00123972133712 0.000767946825938 0.00125274879372 0.00160868055724
Herato21 Herato2101 2925001.0 2925000.0 0.00892237146 0.0048050441092 0.008917693498 0.011425761616
Herato21 Herato2101 2975001.0 2975000.0 0.0291324856501 0.0115773270694 0.0248789293166 0.068421909634
Herato21 Herato2101 3025001.0 3025000.0 0.00879592648626 0.00274549326297 0.00673113488484 0.0303544256659
Herato21 Herato2101 3075001.0 3075000.0 0.00627128117456 0.00525299865835 0.00628026910958 0.00739506405336
Herato21 Herato2101 3125001.0 3125000.0 0.0190372913071 0.0156078924023 0.0187936036062 0.0240296212972
Herato21 Herato2101 3175001.0 3175000.0 0.010045024896 0.00773562992308 0.009872788178 0.013416235378
Herato21 Herato2101 3225001.0 3225000.0 0.0299882578259 0.0076306768841 0.0127213900462 0.143729326474
Herato21 Herato2101 3275001.0 3275000.0 0.0208837569695 0.0161331431818 0.0203727820426 0.0290838699047
Herato21 Herato2101 3325001.0 3325000.0 0.0034228812673 0.0029559510671 0.00342617493066 0.0039543438966
Herato21 Herato2101 3375001.0 3375000.0 0.121561098013 0.0241987045969 0.0431949606434 0.814763000536
Herato21 Herato2101 3425001.0 3425000.0 0.0216463735262 0.0112962615128 0.0190935647898 0.0449911619578
Herato21 Herato2101 3475001.0 3475000.0 0.0278318234082 0.0213210056082 0.0252331058952 0.0375144569678
Herato21 Herato2101 3525001.0 3525000.0 0.0425983361572 0.0284575815374 0.0411253348157 0.0637116470588
Herato21 Herato2101 3575001.0 3575000.0 0.00053282877192 0.00048659355194 0.00053584950004 0.00057965308336
Herato21 Herato2101 3625001.0 3625000.0 0.031777888502 0.0203013118898 0.0295583190132 0.056493307585
Herato21 Herato2101 3675001.0 3675000.0 0.0056265616828 0.0044165858854 0.0056046466448 0.0069550182376
Herato21 Herato2101 3725001.0 3725000.0 0.00638012393304 0.00580646086902 0.00633737571348 0.0071065421394
Herato21 Herato2101 3775001.0 3775000.0 0.0466574606427 0.0259030510618 0.0449904212123 0.0784632878409
Herato21 Herato2101 3825001.0 3825000.0 0.0106225030358 0.00871535821168 0.0105144678447 0.0129204175558
Herato21 Herato2101 3875001.0 3875000.0 0.01139891743 0.009596822548 0.0114325754526 0.013535463348
Herato21 Herato2101 3925001.0 3925000.0 0.0311138272189 0.00477512407128 0.0184934111217 0.107359755641
Herato21 Herato2101 3975001.0 3975000.0 0.0053154385607 0.00341772017997 0.00524914935778 0.00749489480906
Herato21 Herato2101 4025001.0 4025000.0 0.00126512820998 0.00110424129305 0.00126572815712 0.00158267874794
Herato21 Herato2101 4075001.0 4075000.0 0.018162038645 0.004167006088 0.0121268321456 0.064930151547
Herato21 Herato2101 4125001.0 4125000.0 0.08123126482 0.0412062571698 0.0761185591194 0.149796703854
Herato21 Herato2101 4175001.0 4175000.0 0.003920289841 0.00272753317433 0.003845115334 0.0054471412866
Herato21 Herato2101 4225001.0 4225000.0 0.102150633906 0.00406405923329 0.121082094746 0.208545403257
Herato21 Herato2101 4275001.0 4275000.0 0.0081357450437 0.00570222853224 0.00769617518956 0.0128809435593
Herato21 Herato2101 4325001.0 4325000.0 0.0460299470236 0.0199186368885 0.0448778613501 0.081968835895
Herato21 Herato2101 4375001.0 4375000.0 0.0558661078164 0.0209081865447 0.0500539577511 0.128309485832
Herato21 Herato2101 4425001.0 4425000.0 0.00423027227402 0.00379073368295 0.00422647226999 0.00473238954744
Herato21 Herato2101 4475001.0 4475000.0 0.0130361090304 0.0113725685638 0.0132511037204 0.0144392858192
Herato21 Herato2101 4525001.0 4525000.0 0.0032441978224 0.0029509696714 0.0032285320432 0.003572832967
Herato21 Herato2101 4575001.0 4575000.0 0.01795538363 0.002558935888 0.01186817036 0.067433824716
Herato21 Herato2101 4625001.0 4625000.0 0.0144673629688 0.00582575896345 0.0140619225286 0.0235220516006
Herato21 Herato2101 4675001.0 4675000.0 0.00222345113986 0.00176533407794 0.0022018661081 0.00280340067986
Herato21 Herato2101 4725001.0 4725000.0 0.00760227336 0.00601147825705 0.00751505265236 0.0097352621896
Herato21 Herato2101 4775001.0 4775000.0 0.0130335104844 0.00444583292183 0.0117587289793 0.0326321984453
Herato21 Herato2101 4825001.0 4825000.0 0.0273594482165 0.0137644239026 0.026163536987 0.0494553841884
Herato21 Herato2101 4875001.0 4875000.0 0.00563920339184 0.00456423919219 0.0056299137981 0.0069163191336
Herato21 Herato2101 4925001.0 4925000.0 0.00277257339068 0.0016684644861 0.00230070956192 0.0111660722847
Herato21 Herato2101 4975001.0 4975000.0 0.00365453065566 0.00312014622336 0.00363114637319 0.00433567877039
Herato21 Herato2101 5025001.0 5025000.0 0.010090384132 0.0065174409336 0.0094497439412 0.017037289826
Herato21 Herato2101 5075001.0 5075000.0 0.0647437537452 0.016150990488 0.0580723603089 0.159228789548
Herato21 Herato2101 5125001.0 5125000.0 0.00311666266484 0.00247859140999 0.0030747954322 0.00401858685072
Herato21 Herato2101 5175001.0 5175000.0 0.0131079269036 0.00941844698337 0.0126154484245 0.0191702157995
Herato21 Herato2101 5225001.0 5225000.0 0.0072315083194 0.00564536399915 0.00719526884604 0.0091991478486
Herato21 Herato2101 5275001.0 5275000.0 0.00541634720734 0.00385521448604 0.0051912537905 0.00866360584128
Herato21 Herato2101 5325001.0 5325000.0 0.0127425089274 0.00846826163057 0.0120036362855 0.0214431208464
Herato21 Herato2101 5375001.0 5375000.0 0.0871204185551 0.0370430729381 0.0795606363672 0.185155228795
Herato21 Herato2101 5425001.0 5425000.0 0.0112909381626 0.0036683341127 0.00864474820088 0.0309348356333
Herato21 Herato2101 5475001.0 5475000.0 0.00370935953822 0.00285058449618 0.00365551024712 0.0047396198059
Herato21 Herato2101 5525001.0 5525000.0 0.0116476367074 0.00733843104897 0.0111156491574 0.0188719989358
Herato21 Herato2101 5575001.0 5575000.0 0.0575205626301 0.00542685550354 0.045807751738 0.172903860683
Herato21 Herato2101 5625001.0 5625000.0 0.00869629608032 0.00597663235404 0.0084857326396 0.0113243159375
Herato21 Herato2101 5675001.0 5675000.0 0.041535368974 0.009266005557 0.0364155327338 0.101725603618
Herato21 Herato2101 5725001.0 5725000.0 0.00979659976742 0.00317143424127 0.0082204617554 0.0252806829877
Herato21 Herato2101 5775001.0 5775000.0 0.0193576276044 0.0085599776592 0.0175438375746 0.039521163328
Herato21 Herato2101 5825001.0 5825000.0 0.00607865368542 0.00487933708016 0.00596837381622 0.0084645015602
Herato21 Herato2101 5875001.0 5875000.0 0.0092480540835 0.00410093338157 0.00931681345566 0.0131650396929
Herato21 Herato2101 5925001.0 5925000.0 0.0428678840428 0.0210130235301 0.0435014750526 0.0719386453075
Herato21 Herato2101 5975001.0 5975000.0 0.00355494413432 0.00275734381315 0.00352901812636 0.00484689916396
Herato21 Herato2101 6025001.0 6025000.0 0.00280479187892 0.00249871640788 0.00281906177902 0.0030488952476
Herato21 Herato2101 6075001.0 6075000.0 0.00353630556358 0.00196603815101 0.0034979768127 0.00556327991936
Herato21 Herato2101 6125001.0 6125000.0 0.005475458848 0.0027543999012 0.004020154386 0.012284391224
Herato21 Herato2101 6175001.0 6175000.0 0.00154126968868 0.00133520776822 0.00154498087002 0.00173391528868
Herato21 Herato2101 6225001.0 6225000.0 0.0298153300178 0.00963456241845 0.0253743726558 0.073307596391
Herato21 Herato2101 6275001.0 6275000.0 0.0129500900133 0.00908157293458 0.0126441921827 0.018745650437
Herato21 Herato2101 6325001.0 6325000.0 0.0296376927816 0.004144486067 0.025463270853 0.0910987919718
Herato21 Herato2101 6375001.0 6375000.0 0.0333707821027 0.0041329916281 0.00796396227259 0.178341712587
Herato21 Herato2101 6425001.0 6425000.0 0.0133293312043 0.0119691043332 0.0133461750873 0.0149477071762
Herato21 Herato2101 6475001.0 6475000.0 0.00943305526519 0.00740193812373 0.00927268644204 0.0122448061788
Herato21 Herato2101 6525001.0 6525000.0 0.00370689882676 0.00317520774483 0.00369594754 0.00425979480518
Herato21 Herato2101 6575001.0 6575000.0 0.00850346913192 0.00381668453397 0.00621535571802 0.0275155618984
Herato21 Herato2101 6625001.0 6625000.0 0.0169076488545 0.0103069545244 0.0168215670046 0.0231575975979
Herato21 Herato2101 6675001.0 6675000.0 0.00423182338928 0.00350946742411 0.00427076793832 0.00503031296708
Herato21 Herato2101 6725001.0 6725000.0 0.00666313421942 0.00460601077362 0.00644867828558 0.00984409076084
Herato21 Herato2101 6775001.0 6775000.0 0.00587879854948 0.00371881830693 0.0055434434591 0.00974151851616
Herato21 Herato2101 6825001.0 6825000.0 0.025437005111 0.0122775874621 0.0251246409962 0.0479453491623
Herato21 Herato2101 6875001.0 6875000.0 0.0253228149491 0.00915818487305 0.0243142716358 0.0457847526466
Herato21 Herato2101 6925001.0 6925000.0 0.00363031883238 0.00235358416691 0.00283842227272 0.0163504646136
Herato21 Herato2101 6975001.0 6975000.0 0.0276244669667 0.0133943868155 0.0253734602384 0.0548935672166
Herato21 Herato2101 7025001.0 7025000.0 0.003683126026 0.003005471241 0.00365059699 0.004633140422
Herato21 Herato2101 7075001.0 7075000.0 0.0334114037444 0.007406526089 0.0311908551552 0.0779073027132
Herato21 Herato2101 7125001.0 7125000.0 0.108378495707 0.0361607591331 0.0920127420514 0.274805510024
Herato21 Herato2101 7175001.0 7175000.0 0.004176420762 0.00237732146256 0.00427543931852 0.00574736443526
Herato21 Herato2101 7225001.0 7225000.0 0.0009554796208 0.0007581637092 0.0009536850992 0.0013280036648
Herato21 Herato2101 7275001.0 7275000.0 0.0030601163902 0.0025502437648 0.0030936188594 0.003618679805
Herato21 Herato2101 7325001.0 7325000.0 0.0358790235336 0.00308502917197 0.0266781951382 0.119496128401
Herato21 Herato2101 7375001.0 7375000.0 0.00175812526558 0.00140802778099 0.00176020878016 0.00215839722038
Herato21 Herato2101 7425001.0 7425000.0 0.0058693711866 0.00516205415123 0.0058432238665 0.00675481837658
Herato21 Herato2101 7475001.0 7475000.0 0.0302940912832 0.0226648526558 0.029190195306 0.0502502254318
Herato21 Herato2101 7525001.0 7525000.0 0.0353782784714 0.0271021894522 0.0349611267402 0.0479860700436
Herato21 Herato2101 7575001.0 7575000.0 0.0045803127766 0.003473563336 0.0044490581078 0.0064831172464
Herato21 Herato2101 7625001.0 7625000.0 0.002729842192 0.002461199146 0.002728875534 0.002966146134
Herato21 Herato2101 7675001.0 7675000.0 0.0672999908883 0.0301663485614 0.0652598400478 0.124640934766
Herato21 Herato2101 7725001.0 7725000.0 0.00641657654306 0.00481857946963 0.00624617385148 0.00886124059118
Herato21 Herato2101 7775001.0 7775000.0 0.0255188932126 0.0062643382734 0.0100744718334 0.173626937303
Herato21 Herato2101 7825001.0 7825000.0 0.0298287629385 0.0147478761666 0.0227401104919 0.0716722161182
Herato21 Herato2101 7875001.0 7875000.0 0.0233004753714 0.0112619804147 0.0196840393293 0.0515923253392
Herato21 Herato2101 7925001.0 7925000.0 0.00887992517386 0.00715329314164 0.00880884510258 0.0112774704698
Herato21 Herato2101 7975001.0 7975000.0 0.0368365186286 0.0175573165225 0.0355913021888 0.0624112959594
Herato21 Herato2101 8025001.0 8025000.0 0.00608329649368 0.00458419349616 0.00586940660992 0.0086045502338
Herato21 Herato2101 8075001.0 8075000.0 0.0348744763379 0.0252827516907 0.0341652813122 0.0471399685088
Herato21 Herato2101 8125001.0 8125000.0 0.0008099381766 0.0007213659772 0.0008149689302 0.0008891931258
Herato21 Herato2101 8175001.0 8175000.0 0.0081133452122 0.00442739582719 0.00704310067448 0.017226783229
Herato21 Herato2101 8225001.0 8225000.0 0.0252404176708 0.0067156288777 0.0192183976826 0.0710565053723
Herato21 Herato2101 8275001.0 8275000.0 0.00452875838606 0.00354743046593 0.0044524813611 0.00570478411964
Herato21 Herato2101 8325001.0 8325000.0 0.0612057663608 0.0379533648361 0.0598910094509 0.0896484570031
Herato21 Herato2101 8375001.0 8375000.0 0.0264827821518 0.00669696552016 0.0250387056372 0.05007902124
Herato21 Herato2101 8425001.0 8425000.0 0.0011517418954 0.0009299856366 0.0011476067262 0.0014408172674
Herato21 Herato2101 8475001.0 8475000.0 0.00301567758004 0.00235431809411 0.00298304579776 0.00393381611898
Herato21 Herato2101 8525001.0 8525000.0 0.006676919599 0.0017524329542 0.0061401405212 0.017315617856
Herato21 Herato2101 8575001.0 8575000.0 0.0016413206778 0.00146197254655 0.00166892804496 0.0017727814594
Herato21 Herato2101 8625001.0 8625000.0 0.00093442688974 0.00086503158264 0.00095154513472 0.00097259940396
Herato21 Herato2101 8675001.0 8675000.0 0.00174159034938 0.00127672388814 0.00155664396628 0.0023719358299
Herato21 Herato2101 8725001.0 8725000.0 0.00230498334696 0.001853662 0.00227202973544 0.00284034196328
Herato21 Herato2101 8775001.0 8775000.0 0.0310936594704 0.0237437459797 0.0310352852777 0.0387963299056
Herato21 Herato2101 8825001.0 8825000.0 0.00239722302 0.0020386295092 0.002371765282 0.002869810648
Herato21 Herato2101 8875001.0 8875000.0 0.016740365196 0.0088573214214 0.0160071577088 0.02783355836
Herato21 Herato2101 8925001.0 8925000.0 0.00293109756 0.0021786029374 0.002779858026 0.00451952996
Herato21 Herato2101 8975001.0 8975000.0 0.0034410196212 0.00309897371789 0.0034468077912 0.00419956013186
Herato21 Herato2101 9025001.0 9025000.0 0.013570546131 0.00958933810429 0.0133071779943 0.0189927720694
Herato21 Herato2101 9075001.0 9075000.0 0.0206435037237 0.0121115965715 0.0197701737022 0.0341713796058
Herato21 Herato2101 9125001.0 9125000.0 0.00857513526224 0.00717151499286 0.00845788035008 0.0102188385891
Herato21 Herato2101 9175001.0 9175000.0 0.0028324383136 0.0025317925818 0.0028366126882 0.0031161391322
Herato21 Herato2101 9225001.0 9225000.0 0.00211440958568 0.00077723737378 0.00205797319072 0.00415307484664
Herato21 Herato2101 9275001.0 9275000.0 0.00194073023858 0.00143190124262 0.00185908157542 0.00287905087954
Herato21 Herato2101 9325001.0 9325000.0 0.0009626770524 0.0008936615662 0.000950968634 0.001061731828
Herato21 Herato2101 9375001.0 9375000.0 0.0270150788 0.009385891823 0.026052536286 0.0530518151
Herato21 Herato2101 9425001.0 9425000.0 0.027127225018 0.0082632573176 0.026324731254 0.043225833178
Herato21 Herato2101 9475001.0 9475000.0 0.000645874262 0.00051375458696 0.0006398084682 0.0008117723014
Herato21 Herato2101 9525001.0 9525000.0 0.002650257632 0.002318797824 0.002631279376 0.003054179872
Herato21 Herato2101 9575001.0 9575000.0 0.0231736425937 0.0134848070282 0.0228910007416 0.035099722553
Herato21 Herato2101 9625001.0 9625000.0 0.0045265140582 0.0036386816806 0.0044929997332 0.0055068693812
Herato21 Herato2101 9675001.0 9675000.0 0.019631794619 0.015804353399 0.0198902160138 0.0242418949384
Herato21 Herato2101 9725001.0 9725000.0 0.00450848294404 0.00274887583395 0.00433839640682 0.00662545856628
Herato21 Herato2101 9775001.0 9775000.0 0.00164666137158 0.00131439392995 0.00166148684266 0.00203081266592
Herato21 Herato2101 9825001.0 9825000.0 0.0160717605355 0.0114517825646 0.0149335900889 0.0241855732611
Herato21 Herato2101 9875001.0 9875000.0 0.003731150143 0.00347968708742 0.00371546815994 0.0040776844864
Herato21 Herato2101 9925001.0 9925000.0 0.00395500344752 0.00350340570432 0.00390384952118 0.0046157715406
Herato21 Herato2101 9975001.0 9975000.0 0.003354849216 0.003048218826 0.003326837748 0.003760879524
Herato21 Herato2101 10025001.0 10025000.0 0.000706754112 0.000642157382 0.000700853036 0.000792291068
Herato21 Herato2101 10075001.0 10075000.0 0.00807994231828 0.00594911437238 0.00789369133032 0.0115162364846
Herato21 Herato2101 10125001.0 10125000.0 0.00129523765036 0.0011118756079 0.00124644338342 0.00158088292128
Herato21 Herato2101 10175001.0 10175000.0 0.002802208742 0.001604071176 0.003026635232 0.004587955296
Herato21 Herato2101 10225001.0 10225000.0 0.016505443539 0.004066950441 0.014844189301 0.041298310688
Herato21 Herato2101 10275001.0 10275000.0 0.0008115969496 0.0007569411888 0.0008157166808 0.0008367411744
Herato21 Herato2101 10325001.0 10325000.0 0.00833760371426 0.00586291273059 0.00794309643674 0.0138998938569
Herato21 Herato2101 10375001.0 10375000.0 0.0202328003086 0.0128775645098 0.0180470259895 0.038737497488
Herato21 Herato2101 10425001.0 10425000.0 0.0362814767202 0.018992569262 0.0331681827138 0.072686758608
Herato21 Herato2101 10475001.0 10475000.0 0.0005558045346 0.0005033790276 0.0005523579666 0.0005998443486
Herato21 Herato2101 10525001.0 10525000.0 0.00146988442138 0.00124957128176 0.00146143253936 0.001691254841
Herato21 Herato2101 10575001.0 10575000.0 0.00245571516678 0.00209887966778 0.0024447020685 0.00286852089796
Herato21 Herato2101 10625001.0 10625000.0 0.0014910185107 0.00124302253118 0.001463873117 0.00185134129494
Herato21 Herato2101 10675001.0 10675000.0 0.0113125132218 0.0081335368552 0.0110392016862 0.015420981871
Herato21 Herato2101 10725001.0 10725000.0 0.00208446591972 0.0017085073197 0.0021127143591 0.00262978527514
Herato21 Herato2101 10775001.0 10775000.0 0.00330950325156 0.00226578036113 0.00332546775542 0.0047095672555
Herato21 Herato2101 10825001.0 10825000.0 0.116458520435 0.0237992506182 0.0982094722957 0.298150068625
Herato21 Herato2101 10875001.0 10875000.0 0.0011033424356 0.0009097847038 0.001096243986 0.0013455851948
Herato21 Herato2101 10925001.0 10925000.0 0.0188955670382 0.01401726875 0.0184851143288 0.0248577624264
Herato21 Herato2101 10975001.0 10975000.0 0.00179463942758 0.00153308109412 0.00179280970469 0.00213278162552
Herato21 Herato2101 11025001.0 11025000.0 0.0028114446668 0.00236948856626 0.00279597921958 0.0032628775764
Herato21 Herato2101 11075001.0 11075000.0 0.0132771977986 0.00231455483061 0.0108025503048 0.0390102449237
Herato21 Herato2101 11125001.0 11125000.0 0.022344180611 0.00619752754166 0.0209764041098 0.0490244135019
Herato21 Herato2101 11175001.0 11175000.0 0.0200613005588 0.0112224920947 0.0190440241478 0.0338496395404
Herato21 Herato2101 11225001.0 11225000.0 0.0113226923045 0.00647524151182 0.00961779833386 0.0243778702471
Herato21 Herato2101 11275001.0 11275000.0 0.00346140473204 0.00299704415956 0.00341211573278 0.00406081636214
Herato21 Herato2101 11325001.0 11325000.0 0.00273970252704 0.00226959119156 0.00274163036486 0.00326555094196
Herato21 Herato2101 11375001.0 11375000.0 0.001900195744 0.001668080374 0.001784279996 0.002959002262
Herato21 Herato2101 11425001.0 11425000.0 0.0264657658506 0.0162013188699 0.0258917173709 0.0380255144798
Herato21 Herato2101 11475001.0 11475000.0 0.0119038117286 0.006711857188 0.0114557503416 0.0200038451716
Herato21 Herato2101 11525001.0 11525000.0 0.0199281331771 0.0136680579047 0.0200666515671 0.0247984175336
Herato21 Herato2101 11575001.0 11575000.0 0.0087089658012 0.0063748912674 0.0087796999472 0.011278259816
Herato21 Herato2101 11625001.0 11625000.0 0.006776212964 0.004907882816 0.006663191516 0.009486873172
Herato21 Herato2101 11675001.0 11675000.0 0.00219150467344 0.00172164345793 0.00220669270862 0.00252580979244
Herato21 Herato2101 11725001.0 11725000.0 0.00322337257612 0.00291863489005 0.00321002519064 0.0036219280048
Herato21 Herato2101 11775001.0 11775000.0 0.0030902319306 0.00262063254141 0.00313327417832 0.00350091107388
Herato21 Herato2101 11825001.0 11825000.0 0.00592543938114 0.00207369033941 0.00378106122685 0.0255728922702
Herato21 Herato2101 11875001.0 11875000.0 0.0011784617116 0.000885363321121 0.00108589137006 0.0017622912412
Herato21 Herato2101 11925001.0 11925000.0 0.00642353024164 0.0037474918842 0.0061621656562 0.0118085429913
Herato21 Herato2101 11975001.0 11975000.0 0.003745044399 0.0030287587328 0.0037302378752 0.0045678314948
Herato21 Herato2101 12025001.0 12025000.0 0.00368509419786 0.00292188968068 0.00369358041812 0.00450384881684
Herato21 Herato2101 12075001.0 12075000.0 0.0166991751235 0.00926571032923 0.0155613490667 0.0309941911122
Herato21 Herato2101 12125001.0 12125000.0 0.00722104151088 0.00476120521761 0.00703696150008 0.0107493623676
Herato21 Herato2101 12175001.0 12175000.0 0.03947516146 0.0352292185317 0.03936842434 0.04368418224
Herato21 Herato2101 12225001.0 12225000.0 0.017273395149 0.0105473579746 0.0169549584174 0.0269747235998
Herato21 Herato2101 12275001.0 12275000.0 0.001793109839 0.0016875467576 0.0017920411608 0.0019577842728
Herato21 Herato2101 12325001.0 12325000.0 0.0042751833856 0.002028551305 0.004203761314 0.0072305142468
Herato21 Herato2101 12375001.0 12375000.0 0.00073279146928 0.00061712153196 0.00073164316812 0.00085072140136
Herato21 Herato2101 12425001.0 12425000.0 0.0132480431684 0.0110696874354 0.0131468035348 0.0157810048118
Herato21 Herato2101 12475001.0 12475000.0 0.0028361716614 0.00259282336941 0.002868163737 0.0030658650348
Herato21 Herato2101 12525001.0 12525000.0 0.0389886645665 0.017093297035 0.0351453582571 0.0754953970906
Herato21 Herato2101 12575001.0 12575000.0 0.0095407043839 0.00765594327277 0.009501341094 0.011808724676
Herato21 Herato2101 12625001.0 12625000.0 0.067058046197 0.0191387504487 0.0464584662754 0.192561125932
Herato21 Herato2101 12675001.0 12675000.0 0.0331575892167 0.0200168795993 0.0324949811151 0.0505405364846
Herato21 Herato2101 12725001.0 12725000.0 0.00444495662556 0.00314411569419 0.004226266152 0.00771432754448
Herato21 Herato2101 12775001.0 12775000.0 0.0120783378044 0.00596997602001 0.0110982181577 0.0238940786045
Herato21 Herato2101 12825001.0 12825000.0 0.0142820621679 0.00417099043188 0.0127877160171 0.0325087717654
Herato21 Herato2101 12875001.0 12875000.0 0.00423095192002 0.00374817650381 0.00422797358108 0.0048042135662
Herato21 Herato2101 12925001.0 12925000.0 0.0036922910676 0.0027462570968 0.0035981611168 0.005020576116
Herato21 Herato2101 12975001.0 12975000.0 0.0199018692252 0.0123116397268 0.0192130274743 0.0316497883983
Herato21 Herato2101 13025001.0 13025000.0 0.0145152953891 0.00924205676271 0.0138656863703 0.0218651843072
Herato21 Herato2101 13075001.0 13075000.0 0.11615827857 0.0366767483262 0.105125579075 0.256185808834
Herato21 Herato2101 13125001.0 13125000.0 0.04106612448 0.03630045018 0.04072130436 0.04589252182
Herato21 Herato2101 13175001.0 13175000.0 0.010274756196 0.0066208803 0.009979825688 0.015593606494
Herato21 Herato2101 13225001.0 13225000.0 0.0437041809235 0.0164843986338 0.0389928976826 0.103118098832
Herato21 Herato2101 13275001.0 13275000.0 0.055724688465 0.033176336468 0.0516265394853 0.098739083159
Herato21 Herato2101 13325001.0 13325000.0 0.0102900829325 0.00913139082479 0.010210539433 0.0116530236109
Herato21 Herato2101 13375001.0 13375000.0 0.0206047849376 0.00743934158731 0.0198867627065 0.0391296376518
Herato21 Herato2101 13425001.0 13425000.0 0.016809839804 0.00658444462609 0.0118323599438 0.0532261013909
Herato21 Herato2101 13475001.0 13475000.0 0.0268134908204 0.01458285225 0.0259954181715 0.0454404497497
Herato21 Herato2101 13525001.0 13525000.0 0.038355423265 0.0197579518774 0.0374261522871 0.0585679947652
Herato21 Herato2101 13575001.0 13575000.0 0.0219022388336 0.0142075283984 0.0212638139198 0.0322221454078
Herato21 Herato2101 13625001.0 13625000.0 0.0055602506332 0.0047800658602 0.005530505284 0.0063700423054
Herato21 Herato2101 13675001.0 13675000.0 0.0053528536564 0.00470757247198 0.00536576999762 0.00603837159368
Herato21 Herato2101 13725001.0 13725000.0 0.012132898004 0.00924928503 0.011968723148 0.015585627854
Herato21 Herato2101 13775001.0 13775000.0 0.0007642237916 0.000701026781 0.0007495353878 0.0008841288464
Herato21 Herato2101 13825001.0 13825000.0 0.0847414473534 0.028843888469 0.088724936226 0.167799719724
Herato21 Herato2101 13875001.0 13875000.0 0.00277180132786 0.0024576224931 0.00276518182924 0.0031325145646
Herato21 Herato2101 13925001.0 13925000.0 0.0034086819629 0.00250029564477 0.00342291790688 0.004410995116
Herato21 Herato2101 13975001.0 13975000.0 0.041079788483 0.0156216080538 0.0385919789749 0.0791716509156
Herato21 Herato2101 14025001.0 14025000.0 0.0105883404543 0.00501846148019 0.0105952219608 0.0177313565801
Herato21 Herato2101 14075001.0 14075000.0 0.00748868225718 0.00557387155583 0.00757099181264 0.00954742531294
Herato21 Herato2101 14125001.0 14125000.0 0.0054593437756 0.00498906157996 0.0054431764998 0.0060715616766
Herato21 Herato2101 14175001.0 14175000.0 0.118845034344 0.0408725766676 0.107566821168 0.268386669501
Herato21 Herato2101 14225001.0 14225000.0 0.00344513378604 0.00291317376429 0.0033403010471 0.00415697318082
Herato21 Herato2101 14275001.0 14275000.0 0.0200739176104 0.00597106627094 0.0201338614338 0.0442961353856
Herato21 Herato2101 14325001.0 14325000.0 0.0028793277927 0.00273124372864 0.00285490525488 0.0030902555784
Herato21 Herato2101 14375001.0 14375000.0 0.0085061625916 0.00649558120837 0.00837903762334 0.0110999222694
Herato21 Herato2101 14425001.0 14425000.0 0.00324428241222 0.00269221496778 0.00317166084514 0.00413064015112
Herato21 Herato2101 14475001.0 14475000.0 0.0240147269555 0.011445294892 0.0227479894787 0.0421743884538
Herato21 Herato2101 14525001.0 14525000.0 0.00571890245206 0.00333332124547 0.0056108814124 0.00890654491842
Herato21 Herato2101 14575001.0 14575000.0 0.00979206711976 0.00346917840759 0.00886134334828 0.0213305483075
Herato21 Herato2101 14625001.0 14625000.0 0.0147401751394 0.00375341924713 0.0123069720102 0.0388804471507
Herato21 Herato2101 14675001.0 14675000.0 0.00408239349 0.0038456259 0.00402248725 0.00450203276
Herato21 Herato2101 14725001.0 14725000.0 0.0139943906752 0.00787111885344 0.0133000772445 0.0235040810356
Herato21 Herato2101 14775001.0 14775000.0 0.0389276720182 0.0226312012168 0.0374686685751 0.0658864826277
Herato21 Herato2101 14825001.0 14825000.0 0.0206075363151 0.011475837375 0.019040376404 0.0394043161984
Herato21 Herato2101 14875001.0 14875000.0 0.00961420920904 0.00641312724427 0.00867957179294 0.0167978293645
Herato21 Herato2101 14925001.0 14925000.0 0.0352355746627 0.0278806967938 0.0355481741032 0.0439374214809
Herato21 Herato2101 14975001.0 14975000.0 0.004659679206 0.004185283596 0.004658705532 0.005032163604
Herato21 Herato2101 15025001.0 15025000.0 0.00508585951126 0.00403098303957 0.00502129763 0.00647551556284
Herato21 Herato2101 15075001.0 15075000.0 0.0144762869702 0.0107386279624 0.0141048685239 0.0204457357242
Herato21 Herato2101 15125001.0 15125000.0 0.0617122688578 0.0451784221484 0.061112913892 0.0818726765948
Herato21 Herato2101 15175001.0 15175000.0 0.0149965111127 0.011479214513 0.0148753777919 0.0190236328148
Herato21 Herato2101 15225001.0 15225000.0 0.010099970566 0.007897581174 0.010009082292 0.012688281712
Herato21 Herato2101 15275001.0 15275000.0 0.0112591166421 0.0075471050701 0.0111423770961 0.015631283603
Herato21 Herato2101 15325001.0 15325000.0 0.00334120161084 0.00306522259459 0.00330814292384 0.00371991798534
Herato21 Herato2101 15375001.0 15375000.0 0.00705093514564 0.00598703083079 0.00703715045714 0.0088833713864
Herato21 Herato2101 15425001.0 15425000.0 0.0953653866895 0.0361041579284 0.0871154621355 0.201387456136
Herato21 Herato2101 15475001.0 15475000.0 0.0468778793102 0.0302674236798 0.0447590177532 0.0731307702538
Herato21 Herato2101 15525001.0 15525000.0 0.0304560617224 0.0261343555042 0.030144792138 0.0345685260672
Herato21 Herato2101 15575001.0 15575000.0 0.002111082893 0.00181032002371 0.00209846887204 0.00246723055128
Herato21 Herato2101 15625001.0 15625000.0 0.0033944595584 0.00281699964996 0.0034609830568 0.0038440979
Herato21 Herato2101 15675001.0 15675000.0 0.0872150384123 0.0409079706637 0.0755296938278 0.201317363827
Herato21 Herato2101 15725001.0 15725000.0 0.0204064180626 0.0153521622178 0.0201123473856 0.026088344564
Herato21 Herato2101 15775001.0 15775000.0 0.0299831613752 0.0170081801227 0.0299580145744 0.039103758882
Herato21 Herato2101 15825001.0 15825000.0 0.019646981507 0.0168064877643 0.0196095858323 0.024140632712
Herato21 Herato2101 15875001.0 15875000.0 0.00736514439526 0.00538261608953 0.00718220345294 0.00979612307924
Herato21 Herato2101 15925001.0 15925000.0 0.0105825511115 0.00779510931802 0.010394862718 0.0142685104911
Herato21 Herato2101 15975001.0 15975000.0 0.00341478659504 0.00280708778275 0.0033900948205 0.00428722108708
Herato21 Herato2101 16025001.0 16025000.0 0.0168275582999 0.00779096288047 0.0145015378865 0.0388107974604
Herato21 Herato2101 16075001.0 16075000.0 0.00823621352552 0.00641464844556 0.00832054953998 0.0103871136686
Herato21 Herato2101 16125001.0 16125000.0 0.00664117518824 0.00546418651863 0.00660962125248 0.00799312306108
Herato21 Herato2101 16175001.0 16175000.0 0.00724779902164 0.00390033653192 0.00688058429672 0.013045576979
Herato21 Herato2101 16225001.0 16225000.0 0.010843544752 0.00538727540956 0.00820310963192 0.0296132311771
Herato21 Herato2101 16275001.0 16275000.0 0.00421743589478 0.00386525856017 0.00421866103206 0.004580413012
Herato21 Herato2101 16325001.0 16325000.0 0.002886621723 0.00238465663696 0.002862075377 0.0035548378573
Herato21 Herato2101 16375001.0 16375000.0 0.00315878881854 0.00227195563031 0.00313576439944 0.00424362225822
Herato21 Herato2101 16425001.0 16425000.0 0.000932110555412 0.000786344936265 0.000913086917742 0.00113799254916
Herato21 Herato2101 16475001.0 16475000.0 0.0151384064448 0.0103612206884 0.0151384116676 0.0208224525132
Herato21 Herato2101 16525001.0 16525000.0 0.00146323912224 0.00135705942596 0.0014514118904 0.0015933391626
Herato21 Herato2101 16575001.0 16575000.0 0.00598834676744 0.00490038817205 0.0059395445548 0.0074025105042
Herato21 Herato2101 16625001.0 16625000.0 0.00483382226918 0.00403893872598 0.00483062194908 0.00567629289522
Herato21 Herato2101 16675001.0 16675000.0 0.00505330000314 0.00416348841928 0.00503807163716 0.00601907366474
Herato21 Herato2101 16725001.0 16725000.0 0.0545045073006 0.0228387672953 0.0499074168136 0.114368715292
Herato21 Herato2101 16775001.0 16775000.0 0.0141387941218 0.011202429473 0.0140430013788 0.0177753442286
Herato21 Herato2101 16825001.0 16825000.0 0.00359222220628 0.00309733452212 0.00355854379883 0.0041342950782
Herato21 Herato2101 16875001.0 16875000.0 0.00411235700696 0.0034716694548 0.00411753052682 0.0047217539872
Herato21 Herato2101 16925001.0 16925000.0 0.0099044268252 0.00756090201516 0.00987114513416 0.0127660863888
Herato21 Herato2101 16975001.0 16975000.0 0.00792088739473 0.00389671403867 0.00684070538083 0.0182411134976
Herato21 Herato2101 17025001.0 17025000.0 0.0182797418263 0.00992763324164 0.0178368256449 0.0284403177299
Herato21 Herato2101 17075001.0 17075000.0 0.001257516945 0.00090525586032 0.0012340233482 0.0017655272408
Herato21 Herato2101 17125001.0 17125000.0 0.0221691185678 0.00475334555896 0.0229379762948 0.049268217133
Herato21 Herato2101 17175001.0 17175000.0 0.00093441048044 0.000700965161464 0.00093684201848 0.00112677090826
Herato21 Herato2101 17225001.0 17225000.0 0.00542240892768 0.00466225325031 0.00537401063342 0.00634942315516
Herato21 Herato2101 17275001.0 17275000.0 0.020061521087 0.00762152776238 0.0178301587179 0.043752042978
Herato21 Herato2101 17325001.0 17325000.0 0.0038444070286 0.00291197662856 0.0038302109323 0.0048211219872
Herato21 Herato2101 17375001.0 17375000.0 0.00342197783726 0.00270789460335 0.0034607855333 0.00415167467182
