chrom scaffold Cposition position mean p0025 p0500 p0975
Herato10 Herato1001 25001.0 25000.0 0.0605172027716 0.0481751275664 0.0594614278416 0.0784131683162
Herato10 Herato1001 75001.0 75000.0 0.010240328426 0.00736880107602 0.0099103522736 0.01458873627
Herato10 Herato1001 125001.0 125000.0 0.0166398275691 0.0124480758045 0.0165341400865 0.0219313858632
Herato10 Herato1001 175001.0 175000.0 0.0255161426882 0.0214555824943 0.025212917641 0.0309153773478
Herato10 Herato1001 225001.0 225000.0 0.0296614758228 0.0249110673061 0.0294465414432 0.0357867968292
Herato10 Herato1001 275001.0 275000.0 0.0728116002133 0.0486060370059 0.0691207022753 0.113148213503
Herato10 Herato1001 325001.0 325000.0 0.0381590048 0.0216075379489 0.0380651244784 0.06561287844
Herato10 Herato1001 375001.0 375000.0 0.036215732058 0.030586075675 0.0357785291444 0.043044922592
Herato10 Herato1001 425001.0 425000.0 0.0431867041652 0.0307191776332 0.0432735099353 0.055653910573
Herato10 Herato1001 475001.0 475000.0 0.034010139676 0.031693444096 0.034061949984 0.036145162906
Herato10 Herato1001 525001.0 525000.0 0.081992255428 0.0744292329141 0.081799884772 0.090570848352
Herato10 Herato1001 575001.0 575000.0 0.0469513197528 0.0445780803221 0.046700744915 0.0496365785234
Herato10 Herato1001 625001.0 625000.0 0.046321462456 0.031172187504 0.044439581398 0.069316988992
Herato10 Herato1001 675001.0 675000.0 0.04273341569 0.0402680377069 0.0428214614454 0.0461291372044
Herato10 Herato1001 725001.0 725000.0 0.049896742756 0.045596989814 0.049898896216 0.054377851834
Herato10 Herato1001 775001.0 775000.0 0.07012741668 0.06072575952 0.06971696678 0.08113837024
Herato10 Herato1001 825001.0 825000.0 0.084922495579 0.0762811648732 0.0842364219564 0.095722189699
Herato10 Herato1001 875001.0 875000.0 0.0693822584604 0.0621964107786 0.0694036412202 0.0774243158048
Herato10 Herato1001 925001.0 925000.0 0.057561554068 0.051659221916 0.057045973954 0.065128492916
Herato10 Herato1001 975001.0 975000.0 0.0470211519328 0.0324590242451 0.0448071433499 0.0758997483326
Herato10 Herato1001 1025001.0 1025000.0 0.030719617536 0.027727708514 0.030505663632 0.034594220744
Herato10 Herato1001 1075001.0 1075000.0 0.049449935646 0.03197956358 0.041903306304 0.08818478959
Herato10 Herato1001 1125001.0 1125000.0 0.0641743917418 0.0593518002911 0.0637786888348 0.0697145773934
Herato10 Herato1001 1175001.0 1175000.0 0.043886170464 0.036494721936 0.044391108982 0.05285579501
Herato10 Herato1001 1225001.0 1225000.0 0.04308458304 0.03979402534 0.0430718991 0.04653802184
Herato10 Herato1001 1275001.0 1275000.0 0.042092498618 0.0403660445699 0.0418459703694 0.0445641606094
Herato10 Herato1001 1325001.0 1325000.0 0.047142799796 0.043745451158 0.04703110788 0.050866540648
Herato10 Herato1001 1375001.0 1375000.0 0.0353826773204 0.031926439546 0.03559209906 0.03884141024
Herato10 Herato1001 1425001.0 1425000.0 0.02617811716 0.0201131656568 0.0260256568872 0.0338029215884
Herato10 Herato1001 1475001.0 1475000.0 0.0339997321284 0.0150516135388 0.0317409427024 0.07306777879
Herato10 Herato1001 1525001.0 1525000.0 0.0484318142108 0.0330317109646 0.0446445586841 0.0824613398346
Herato10 Herato1001 1575001.0 1575000.0 0.049986126668 0.04398020273 0.050151076006 0.056033294484
Herato10 Herato1001 1625001.0 1625000.0 0.057811272324 0.0549819054609 0.0578961858952 0.060290872
Herato10 Herato1001 1675001.0 1675000.0 0.057689535024 0.0522698334328 0.05730827587 0.064943189298
Herato10 Herato1001 1725001.0 1725000.0 0.075039113978 0.070127807664 0.075121916498 0.080234576034
Herato10 Herato1001 1775001.0 1775000.0 0.101371141564 0.089172369428 0.101018155924 0.11701443236
Herato10 Herato1001 1825001.0 1825000.0 0.06405227932 0.05827961976 0.06381940096 0.06987738246
Herato10 Herato1001 1875001.0 1875000.0 0.04013233767 0.036055119748 0.039760672912 0.046376592306
Herato10 Herato1001 1925001.0 1925000.0 0.056683351204 0.051291971512 0.056516540362 0.064879088458
Herato10 Herato1001 1975001.0 1975000.0 0.0657673721712 0.0613944067894 0.0658669995442 0.0699671239012
Herato10 Herato1001 2025001.0 2025000.0 0.0699015594064 0.0646574443368 0.0695633543992 0.0759496459594
Herato10 Herato1001 2075001.0 2075000.0 0.035308050966 0.030538341456 0.034865741524 0.04221983283
Herato10 Herato1001 2125001.0 2125000.0 0.0487295519564 0.0416361716478 0.0476259411596 0.058859014404
Herato10 Herato1001 2175001.0 2175000.0 0.070008347142 0.0609693556944 0.07008737423 0.077193681672
Herato10 Herato1001 2225001.0 2225000.0 0.0481965416 0.041050258994 0.047091478652 0.0602588599
Herato10 Herato1001 2275001.0 2275000.0 0.064304443499 0.0474335850243 0.0649412556646 0.088333674417
Herato10 Herato1001 2325001.0 2325000.0 0.0458709700197 0.0320898513326 0.044024183482 0.0689265656176
Herato10 Herato1001 2375001.0 2375000.0 0.039207797168 0.035518671812 0.039289524976 0.0431063922
Herato10 Herato1001 2425001.0 2425000.0 0.042921440412 0.0363416876706 0.0425762873716 0.051526150946
Herato10 Herato1001 2475001.0 2475000.0 0.0789118694472 0.0653217358035 0.0776963267606 0.0995028924554
Herato10 Herato1001 2525001.0 2525000.0 0.055462094164 0.0509324936237 0.0553994034744 0.0600936223672
Herato10 Herato1001 2575001.0 2575000.0 0.03912690344 0.03626996614 0.03855205934 0.04402769742
Herato10 Herato1001 2625001.0 2625000.0 0.0565714203334 0.0495682212075 0.056123111918 0.0670685318286
Herato10 Herato1001 2675001.0 2675000.0 0.087773892356 0.0741063940758 0.087267490528 0.10596524867
Herato10 Herato1001 2725001.0 2725000.0 0.0421821911883 0.037920746681 0.041891424567 0.0477698945044
Herato10 Herato1001 2775001.0 2775000.0 0.0284743010105 0.024916911347 0.0283946822914 0.0328206474568
Herato10 Herato1001 2825001.0 2825000.0 0.0513433154504 0.035943737924 0.0483515191622 0.077652463933
Herato10 Herato1001 2875001.0 2875000.0 0.0260369573114 0.0229557502446 0.0258712286368 0.0296751667502
Herato10 Herato1001 2925001.0 2925000.0 0.047944877435 0.030853563349 0.0456496162842 0.0821767453626
Herato10 Herato1001 2975001.0 2975000.0 0.0398906545164 0.032755246365 0.0392044855448 0.050228300936
Herato10 Herato1001 3025001.0 3025000.0 0.086056247934 0.051378550376 0.083184442794 0.140613371262
Herato10 Herato1001 3075001.0 3075000.0 0.0863612426824 0.0753970994543 0.0861703747274 0.099211685996
Herato10 Herato1001 3125001.0 3125000.0 0.0819010108992 0.0765273472299 0.081664087987 0.0882775033694
Herato10 Herato1001 3175001.0 3175000.0 0.0705140418932 0.0645648107398 0.0701060147722 0.0776516328868
Herato10 Herato1001 3225001.0 3225000.0 0.06633619964 0.06124889288 0.06595505744 0.07294428206
Herato10 Herato1001 3275001.0 3275000.0 0.07599062007 0.071078852872 0.075691329676 0.081313216062
Herato10 Herato1001 3325001.0 3325000.0 0.0534963228992 0.0472985016799 0.053674669296 0.060296600348
Herato10 Herato1001 3375001.0 3375000.0 0.073597044678 0.066732028652 0.07370396194 0.08009459988
Herato10 Herato1001 3425001.0 3425000.0 0.08751882852 0.07663324458 0.08649004996 0.10219834358
Herato10 Herato1001 3475001.0 3475000.0 0.09060218466 0.08387789408 0.0905229092 0.09818491712
Herato10 Herato1001 3525001.0 3525000.0 0.0786333819612 0.071612240579 0.0784831601186 0.085683582062
Herato10 Herato1001 3575001.0 3575000.0 0.09458781734 0.085917434356 0.094301299484 0.10536256226
Herato10 Herato1001 3625001.0 3625000.0 0.07859265708 0.07187761482 0.07841822226 0.08679544446
Herato10 Herato1001 3675001.0 3675000.0 0.037030582428 0.0305602429557 0.036369589955 0.046532702534
Herato10 Herato1001 3725001.0 3725000.0 0.0354025070208 0.0286455131757 0.0349606816032 0.0459451272886
Herato10 Herato1001 3775001.0 3775000.0 0.0554838482308 0.0487104125123 0.0551388508928 0.0637725192106
Herato10 Herato1001 3825001.0 3825000.0 0.028039961012 0.025675435504 0.02787808678 0.03064525524
Herato10 Herato1001 3875001.0 3875000.0 0.05736357742 0.05122783904 0.05666555046 0.06566758876
Herato10 Herato1001 3925001.0 3925000.0 0.0653679652252 0.0583351690983 0.0652279422312 0.0736252430584
Herato10 Herato1001 3975001.0 3975000.0 0.0600349912294 0.0558513167936 0.0600967599159 0.0643183979786
Herato10 Herato1001 4025001.0 4025000.0 0.05946602552 0.056333707542 0.05944243768 0.06341236592
Herato10 Herato1001 4075001.0 4075000.0 0.0422472350568 0.0363512007386 0.0416750048756 0.050632713746
Herato10 Herato1001 4125001.0 4125000.0 0.060750060536 0.0527625549 0.060553109618 0.07000823742
Herato10 Herato1001 4175001.0 4175000.0 0.112752689777 0.099695033167 0.112173858011 0.129235064996
Herato10 Herato1001 4225001.0 4225000.0 0.04930218123 0.044461627026 0.048263623892 0.057499923088
Herato10 Herato1001 4275001.0 4275000.0 0.073801778842 0.068695175356 0.073588253916 0.079784851734
Herato10 Herato1001 4325001.0 4325000.0 0.056020980024 0.0466353035784 0.055975912702 0.063979915226
Herato10 Herato1001 4375001.0 4375000.0 0.0481699825668 0.0382377383291 0.0474969234721 0.062847111492
Herato10 Herato1001 4425001.0 4425000.0 0.031649935078 0.0206905027332 0.030388904888 0.048459942118
Herato10 Herato1001 4475001.0 4475000.0 0.071970922878 0.038739222134 0.070004093942 0.12754213418
Herato10 Herato1001 4525001.0 4525000.0 0.0476150427786 0.0444227847619 0.0473798388624 0.051510913114
Herato10 Herato1001 4575001.0 4575000.0 0.044535382562 0.028193110378 0.039805267102 0.083346816584
Herato10 Herato1001 4625001.0 4625000.0 0.0367241780968 0.0236609402655 0.0352110048393 0.0614397398251
Herato10 Herato1001 4675001.0 4675000.0 0.062244338841 0.0269111177875 0.0563492379518 0.123272389434
Herato10 Herato1001 4725001.0 4725000.0 0.0238090984875 0.020550576831 0.0237543962604 0.0283196849584
Herato10 Herato1001 4775001.0 4775000.0 0.044803506493 0.0403178030044 0.0446772915935 0.0494411333368
Herato10 Herato1001 4825001.0 4825000.0 0.02710507278 0.0219336531504 0.0270866504784 0.03191451908
Herato10 Herato1001 4875001.0 4875000.0 0.0257143715324 0.0175859011734 0.0236721057146 0.042604217014
Herato10 Herato1001 4925001.0 4925000.0 0.0260157974232 0.0162792976208 0.0250902651134 0.043116602825
Herato10 Herato1001 4975001.0 4975000.0 0.021274443872 0.0159035688111 0.0204550187016 0.03152009883
Herato10 Herato1001 5025001.0 5025000.0 0.0234552802942 0.0205557346441 0.02333870379 0.0270732247086
Herato10 Herato1001 5075001.0 5075000.0 0.0196282610032 0.0174409410477 0.0194911112336 0.0222459281444
Herato10 Herato1001 5125001.0 5125000.0 0.0168158954278 0.0152302399996 0.0168477076232 0.0185151370044
Herato10 Herato1001 5175001.0 5175000.0 0.037403225598 0.02796474992 0.037051144864 0.051047241326
Herato10 Herato1001 5225001.0 5225000.0 0.020396964618 0.018180537854 0.020391091356 0.022895966174
Herato10 Herato1001 5275001.0 5275000.0 0.0265658600199 0.018530778165 0.0260585379711 0.0369564807746
Herato10 Herato1001 5325001.0 5325000.0 0.0336318729244 0.0304382973824 0.0335096829962 0.0370784525342
Herato10 Herato1001 5375001.0 5375000.0 0.0263294444804 0.0173923780796 0.0233358793796 0.0474687918818
Herato10 Herato1001 5425001.0 5425000.0 0.031152246926 0.02281411242 0.029708775992 0.045352235474
Herato10 Herato1001 5475001.0 5475000.0 0.0249325672114 0.0200711940462 0.0242221434666 0.0331897509582
Herato10 Herato1001 5525001.0 5525000.0 0.02306317646 0.01964079759 0.022914630294 0.027027823704
Herato10 Herato1001 5575001.0 5575000.0 0.0343573193234 0.0240367406531 0.032605223291 0.0525615564694
Herato10 Herato1001 5625001.0 5625000.0 0.0260009215216 0.0238289264002 0.0260098759964 0.028283801132
Herato10 Herato1001 5675001.0 5675000.0 0.0499898050377 0.0384051729776 0.0475316165796 0.0740754692222
Herato10 Herato1001 5725001.0 5725000.0 0.0470682031598 0.0243175919124 0.0487279308666 0.0858049616276
Herato10 Herato1001 5775001.0 5775000.0 0.029774981668 0.024838486898 0.029781157308 0.035781400748
Herato10 Herato1001 5825001.0 5825000.0 0.04462853588 0.040819786066 0.044803903414 0.048611955958
Herato10 Herato1001 5875001.0 5875000.0 0.0438693935086 0.0308339831889 0.0432205588238 0.062312740678
Herato10 Herato1001 5925001.0 5925000.0 0.036951246161 0.0304617289582 0.0367538670434 0.043668358275
Herato10 Herato1001 5975001.0 5975000.0 0.0194469754696 0.0150228475916 0.019099081495 0.026059517892
Herato10 Herato1001 6025001.0 6025000.0 0.0130008760934 0.0104414804878 0.0128371677374 0.0164938985994
Herato10 Herato1001 6075001.0 6075000.0 0.010762735726 0.0060240863166 0.00915109783 0.023163294954
Herato10 Herato1001 6109677.5 6125000.0 0.267566381631 0.0702514031659 0.212949051217 0.700830066382
Herato10 Herato1002 6144355.0 25000.0 0.0188045358348 0.0161484175155 0.017833413825 0.024365100412
Herato10 Herato1002 6194355.0 75000.0 0.0178123074854 0.0130628426632 0.0174101652404 0.0242760464476
Herato10 Herato1002 6244355.0 125000.0 0.035673693598 0.0319015797546 0.0354476456878 0.0400318306666
Herato10 Herato1002 6279028.5 175000.0 0.0307910364666 0.0233235036362 0.0304447538182 0.0401278950695
Herato10 Herato1003 6313703.0 25000.0 0.0324874048636 0.0288088949025 0.0323809282634 0.0365044427184
Herato10 Herato1003 6363703.0 75000.0 0.0570853100929 0.0363965481396 0.054710529421 0.0917303680748
Herato10 Herato1003 6413703.0 125000.0 0.06120821615 0.050054220466 0.06189208264 0.07444674374
Herato10 Herato1003 6463703.0 175000.0 0.076450301832 0.07036808355 0.075605406876 0.084866822048
Herato10 Herato1003 6513703.0 225000.0 0.058112024396 0.042908560296 0.05646672828 0.082383609966
Herato10 Herato1003 6563703.0 275000.0 0.039439407672 0.033339776326 0.039308064936 0.04700905278
Herato10 Herato1003 6613703.0 325000.0 0.03196665209 0.029847950152 0.031968464352 0.03456971571
Herato10 Herato1003 6663703.0 375000.0 0.035689931552 0.032022612438 0.035663389518 0.039772805182
Herato10 Herato1003 6713703.0 425000.0 0.05849407233 0.0534889067913 0.058363446942 0.064143455058
Herato10 Herato1003 6763703.0 475000.0 0.048093240808 0.0439694926324 0.047880145746 0.052959517144
Herato10 Herato1003 6813703.0 525000.0 0.060344577236 0.052175074464 0.060886847896 0.06830494177
Herato10 Herato1003 6863703.0 575000.0 0.068968700146 0.063222774304 0.069106893144 0.076313213656
Herato10 Herato1003 6913703.0 625000.0 0.0449529038384 0.044071974317 0.0447516700238 0.0472335303224
Herato10 Herato1003 6963703.0 675000.0 0.037967407368 0.031987145384 0.037157936386 0.046559910262
Herato10 Herato1003 7013703.0 725000.0 0.024269445566 0.0204381244953 0.0241309083896 0.0290595450204
Herato10 Herato1003 7063703.0 775000.0 0.042665339276 0.038239214836 0.042569294558 0.047768447408
Herato10 Herato1003 7113703.0 825000.0 0.061910081904 0.049096919632 0.059620170154 0.093765782924
Herato10 Herato1003 7163703.0 875000.0 0.037942593626 0.0329668528948 0.037495946694 0.044019117196
Herato10 Herato1003 7213703.0 925000.0 0.042230343988 0.03792100919 0.04196639178 0.048391639486
Herato10 Herato1003 7263703.0 975000.0 0.0402747123032 0.0372025428481 0.0401439394664 0.0440378861894
Herato10 Herato1003 7313703.0 1025000.0 0.137841669932 0.0697522410655 0.129727545071 0.25303195348
Herato10 Herato1003 7363703.0 1075000.0 0.145835819235 0.0329975042812 0.12505029254 0.387333159461
Herato10 Herato1003 7413703.0 1125000.0 0.0513949629312 0.0299317877505 0.0485468856056 0.0900112899332
Herato10 Herato1003 7463703.0 1175000.0 0.023920073574 0.02146016491 0.023783730562 0.026907439058
Herato10 Herato1003 7513703.0 1225000.0 0.016310630552 0.0146965559706 0.0162307079314 0.018027979428
Herato10 Herato1003 7563703.0 1275000.0 0.03668532733 0.032462331396 0.036690861042 0.04144648295
Herato10 Herato1003 7613703.0 1325000.0 0.043935019954 0.036248229438 0.04409780058 0.051067014514
Herato10 Herato1003 7663703.0 1375000.0 0.039506132232 0.02962577528 0.036545268164 0.060009882522
Herato10 Herato1003 7713703.0 1425000.0 0.0193540398234 0.0171651601299 0.019146296309 0.0221729891106
Herato10 Herato1003 7763703.0 1475000.0 0.030380858016 0.026827878092 0.030210042132 0.034803881678
Herato10 Herato1003 7813703.0 1525000.0 0.033710087432 0.029513232682 0.033561898602 0.039045015248
Herato10 Herato1003 7863703.0 1575000.0 0.0416494352224 0.0350401798852 0.0415721335129 0.0490964680256
Herato10 Herato1003 7913703.0 1625000.0 0.04175786271 0.030035916814 0.04145713586 0.055754470982
Herato10 Herato1003 7963703.0 1675000.0 0.04111011159 0.0383089448236 0.041198250928 0.044136173352
Herato10 Herato1003 8013703.0 1725000.0 0.0528464995558 0.0439729726652 0.0528358776233 0.06123018027
Herato10 Herato1003 8063703.0 1775000.0 0.044868818018 0.040255879042 0.045040432322 0.048820478662
Herato10 Herato1003 8113703.0 1825000.0 0.046278946886 0.041524228012 0.046136142226 0.051620935196
Herato10 Herato1003 8163703.0 1875000.0 0.051104536906 0.044723248686 0.051137029994 0.05691473461
Herato10 Herato1003 8213703.0 1925000.0 0.04281533775 0.03335525219 0.042312508984 0.056079391036
Herato10 Herato1003 8263703.0 1975000.0 0.049825364304 0.042919722986 0.049440609962 0.059514846462
Herato10 Herato1003 8313703.0 2025000.0 0.0283159635234 0.025077147618 0.0282068125815 0.0319210834416
Herato10 Herato1003 8363703.0 2075000.0 0.0415548463834 0.0325802460565 0.038917216164 0.057401586996
Herato10 Herato1003 8413703.0 2125000.0 0.0155030807252 0.0129575122783 0.015285740833 0.018715932529
Herato10 Herato1003 8463703.0 2175000.0 0.0474513418786 0.0414859531376 0.0475334907398 0.052915537979
Herato10 Herato1003 8513703.0 2225000.0 0.056797384966 0.050104758784 0.056674734262 0.063520274844
Herato10 Herato1003 8563703.0 2275000.0 0.03987709634 0.0364290300383 0.0398473168112 0.04407737513
Herato10 Herato1003 8613703.0 2325000.0 0.046414947746 0.040659757202 0.046331138608 0.052563589304
Herato10 Herato1003 8663703.0 2375000.0 0.049333450962 0.045550851596 0.049356824074 0.052379323928
Herato10 Herato1003 8713703.0 2425000.0 0.03198562022 0.027305486918 0.031762330028 0.038385676142
Herato10 Herato1003 8763703.0 2475000.0 0.031585055896 0.028601144876 0.031363532926 0.035041274852
Herato10 Herato1003 8813703.0 2525000.0 0.030338380502 0.027348050165 0.030282186508 0.03378471969
Herato10 Herato1003 8863703.0 2575000.0 0.0319252353472 0.0281937419499 0.0315075376544 0.0383884020268
Herato10 Herato1003 8913703.0 2625000.0 0.03750360168 0.0321290047144 0.037372141744 0.042896118354
Herato10 Herato1003 8963703.0 2675000.0 0.020400787282 0.01767503611 0.020128291002 0.02344626393
Herato10 Herato1003 9013703.0 2725000.0 0.04184082273 0.0363856015468 0.041896376792 0.04769156503
Herato10 Herato1003 9063703.0 2775000.0 0.048499140244 0.044508973962 0.04837865758 0.05305742553
Herato10 Herato1003 9113703.0 2825000.0 0.04539867008 0.04200363834 0.04525381348 0.05011925832
Herato10 Herato1003 9163703.0 2875000.0 0.045663443174 0.043244705556 0.045649209746 0.049446328812
Herato10 Herato1003 9213703.0 2925000.0 0.0534721935 0.0480092732 0.0535869272 0.05824305604
Herato10 Herato1003 9263703.0 2975000.0 0.0454418267256 0.0427177553646 0.0454847256522 0.0479574343826
Herato10 Herato1003 9313703.0 3025000.0 0.049229000072 0.04579492132 0.048872085268 0.05436434759
Herato10 Herato1003 9363703.0 3075000.0 0.043012680058 0.0321675565896 0.042236940322 0.05892137321
Herato10 Herato1003 9413703.0 3125000.0 0.042991815932 0.03729621788 0.043417758428 0.04865138358
Herato10 Herato1003 9463703.0 3175000.0 0.0544598502792 0.0438217541756 0.0536872777282 0.072190561476
Herato10 Herato1003 9513703.0 3225000.0 0.0403619589 0.036583208312 0.040183658154 0.04460050454
Herato10 Herato1003 9563703.0 3275000.0 0.0218151363728 0.0186992826001 0.0216279405964 0.0257590258142
Herato10 Herato1003 9613703.0 3325000.0 0.037208663313 0.0323553199603 0.0372123715602 0.043293784646
Herato10 Herato1003 9663703.0 3375000.0 0.030917539572 0.025507245018 0.030788734602 0.038680899874
Herato10 Herato1003 9713703.0 3425000.0 0.03696544656 0.0302735781103 0.0355626967104 0.0518512495656
Herato10 Herato1003 9763703.0 3475000.0 0.034929503626 0.0324081641 0.03515727853 0.03753533368
Herato10 Herato1003 9813703.0 3525000.0 0.0183883241304 0.0152621544068 0.0179196069003 0.0255822546976
Herato10 Herato1003 9863703.0 3575000.0 0.026552287634 0.02497664341 0.026550236396 0.028386194342
Herato10 Herato1003 9913703.0 3625000.0 0.031629465628 0.027321042184 0.031220653164 0.03808489972
Herato10 Herato1003 9963703.0 3675000.0 0.0389304936 0.03481298806 0.03881725548 0.04373945234
Herato10 Herato1003 10013703.0 3725000.0 0.039141996958 0.0338583429384 0.038811142258 0.046362666944
Herato10 Herato1003 10063703.0 3775000.0 0.030048548158 0.027800253464 0.030067493744 0.032458845246
Herato10 Herato1003 10113703.0 3825000.0 0.0339126284304 0.0276291945464 0.0335472534322 0.041130199332
Herato10 Herato1003 10163703.0 3875000.0 0.048190857912 0.036910927608 0.047817687502 0.06088171313
Herato10 Herato1003 10213703.0 3925000.0 0.036199882862 0.034619932982 0.036118577202 0.03821932157
Herato10 Herato1003 10263703.0 3975000.0 0.041801827266 0.034247252228 0.041124002376 0.053438448848
Herato10 Herato1003 10313703.0 4025000.0 0.032865664696 0.030080605972 0.032633436656 0.036067819198
Herato10 Herato1003 10363703.0 4075000.0 0.040146716744 0.033801709094 0.0400534741 0.048400699126
Herato10 Herato1003 10413703.0 4125000.0 0.04592371976 0.042801759054 0.045807942144 0.04975409738
Herato10 Herato1003 10463703.0 4175000.0 0.0406189902216 0.0322976052519 0.0409985056242 0.0528976528956
Herato10 Herato1003 10513703.0 4225000.0 0.026531770098 0.02511566229 0.02653597276 0.027667905112
Herato10 Herato1003 10563703.0 4275000.0 0.0222844501041 0.0204585581267 0.0222507499003 0.0240417636922
Herato10 Herato1003 10613703.0 4325000.0 0.0228092225444 0.0198524813705 0.0227252230298 0.0260294703942
Herato10 Herato1003 10663703.0 4375000.0 0.035088582544 0.0324515733614 0.035623734398 0.037557342688
Herato10 Herato1003 10713703.0 4425000.0 0.054670613099 0.0307690881926 0.05227388229 0.093541073807
Herato10 Herato1003 10763703.0 4475000.0 0.05333835653 0.0492892091106 0.053245190984 0.057410958254
Herato10 Herato1003 10813703.0 4525000.0 0.0361717884506 0.032287388862 0.0361638681186 0.040495539857
Herato10 Herato1003 10863703.0 4575000.0 0.05519836735 0.03405257007 0.05321292988 0.079940489842
Herato10 Herato1003 10913703.0 4625000.0 0.025628914832 0.022588683818 0.025463305712 0.030480919918
Herato10 Herato1003 10963703.0 4675000.0 0.04461743802 0.041237431244 0.044602105466 0.04826315389
Herato10 Herato1003 11013703.0 4725000.0 0.03942107354 0.03551680694 0.03953048234 0.04443352414
Herato10 Herato1003 11063703.0 4775000.0 0.048181868026 0.032772280674 0.048198666056 0.062214150928
Herato10 Herato1003 11113703.0 4825000.0 0.03660121463 0.026670149922 0.034473790672 0.053261515396
Herato10 Herato1003 11163703.0 4875000.0 0.030260874106 0.027757055108 0.030276176708 0.03272911393
Herato10 Herato1003 11213703.0 4925000.0 0.027047430848 0.022868918588 0.02671374121 0.031975339866
Herato10 Herato1003 11263703.0 4975000.0 0.044067241346 0.040875732946 0.043976727804 0.047788254826
Herato10 Herato1003 11313703.0 5025000.0 0.02376624436 0.022456049447 0.0235348546 0.025687870242
Herato10 Herato1003 11363703.0 5075000.0 0.0155113413263 0.0140422317503 0.0154492410922 0.017077801913
Herato10 Herato1003 11413703.0 5125000.0 0.0117912351811 0.00985236718045 0.0117448186562 0.0141514792456
Herato10 Herato1003 11463703.0 5175000.0 0.0220221196954 0.021282619478 0.0219365135647 0.0230773657024
Herato10 Herato1003 11513703.0 5225000.0 0.0243029690022 0.0199756989066 0.0243493804724 0.028280906703
Herato10 Herato1003 11563703.0 5275000.0 0.0431534615633 0.0319115510942 0.042548946816 0.0575517386116
Herato10 Herato1003 11613703.0 5325000.0 0.0285135117992 0.0221649819736 0.0282498589538 0.0376420897988
Herato10 Herato1003 11663703.0 5375000.0 0.04047797873 0.034677533408 0.04098661814 0.046325869124
Herato10 Herato1003 11713703.0 5425000.0 0.038825839982 0.031006416804 0.037861338678 0.050723044412
Herato10 Herato1003 11763703.0 5475000.0 0.0395153263172 0.0356632253458 0.0392827912 0.0443563081632
Herato10 Herato1003 11813703.0 5525000.0 0.0441202803206 0.0398006439658 0.0434292941928 0.0517597336216
Herato10 Herato1003 11863703.0 5575000.0 0.0295262977756 0.0261458338391 0.0293959879658 0.0334067384186
Herato10 Herato1003 11913703.0 5625000.0 0.0211735829552 0.0165954951562 0.019039057344 0.03451260878
Herato10 Herato1003 11963703.0 5675000.0 0.034862828392 0.0290473383694 0.0347324930062 0.0425400384892
Herato10 Herato1003 12013703.0 5725000.0 0.0556307939366 0.0408201225066 0.0537387731236 0.082715199218
Herato10 Herato1003 12063703.0 5775000.0 0.0220011747324 0.0191062390636 0.0220399341694 0.024676710501
Herato10 Herato1003 12113703.0 5825000.0 0.025536186566 0.0207070363952 0.025110116318 0.03244875617
Herato10 Herato1003 12163703.0 5875000.0 0.030590472414 0.0240676656301 0.0297767731574 0.0412512708412
Herato10 Herato1003 12213703.0 5925000.0 0.0126568990466 0.010835478285 0.0125672067358 0.0148611544062
Herato10 Herato1003 12263703.0 5975000.0 0.027144445922 0.023096660994 0.026964512684 0.032210526134
Herato10 Herato1003 12313703.0 6025000.0 0.03620268182 0.033902650954 0.03600947378 0.03910555012
Herato10 Herato1003 12363703.0 6075000.0 0.047543521088 0.04408284587 0.047423982062 0.051286061804
Herato10 Herato1003 12413703.0 6125000.0 0.050497080134 0.045418861362 0.050385186146 0.056364528936
Herato10 Herato1003 12463703.0 6175000.0 0.0647929714921 0.0564673066223 0.0649210823459 0.071493972898
Herato10 Herato1003 12513703.0 6225000.0 0.034240676874 0.030904183682 0.034095129496 0.038238607556
Herato10 Herato1003 12563703.0 6275000.0 0.039744691602 0.033116185188 0.039778392502 0.046650918406
Herato10 Herato1003 12613703.0 6325000.0 0.023110762614 0.020436454026 0.023061070466 0.025893729376
Herato10 Herato1003 12663703.0 6375000.0 0.038395906604 0.0346793518002 0.038338741598 0.0424330521
Herato10 Herato1003 12713703.0 6425000.0 0.0302523510968 0.0215886773287 0.0272461525374 0.047008228012
Herato10 Herato1003 12763703.0 6475000.0 0.0720030955064 0.0539072021552 0.0710305253904 0.0973195738182
Herato10 Herato1003 12813703.0 6525000.0 0.022397704388 0.019561482838 0.022249032556 0.025960243616
Herato10 Herato1003 12863703.0 6575000.0 0.0452765030268 0.0307262629342 0.044074136469 0.0679281370892
Herato10 Herato1003 12913703.0 6625000.0 0.0242867804274 0.0192884407402 0.0240897383882 0.0297681580432
Herato10 Herato1003 12963703.0 6675000.0 0.024191952675 0.0200681446732 0.0238636415448 0.0299657041012
Herato10 Herato1003 13013703.0 6725000.0 0.0159876724496 0.012900341837 0.0158463209324 0.020316999414
Herato10 Herato1003 13063703.0 6775000.0 0.032307461632 0.0259411164571 0.03159026525 0.042947092128
Herato10 Herato1003 13113703.0 6825000.0 0.033551622548 0.030573091746 0.0334433846 0.036899854536
Herato10 Herato1003 13163703.0 6875000.0 0.030907766394 0.028758737252 0.030758213382 0.033301182102
Herato10 Herato1003 13213703.0 6925000.0 0.040472028244 0.036121437582 0.040284634312 0.04643423868
Herato10 Herato1003 13263703.0 6975000.0 0.017298015138 0.0156077322832 0.01731854658 0.018931084262
Herato10 Herato1003 13313703.0 7025000.0 0.033373506452 0.028243454396 0.033005110298 0.040785441138
Herato10 Herato1003 13363703.0 7075000.0 0.034646519568 0.031604019484 0.03460497342 0.037763636672
Herato10 Herato1003 13413703.0 7125000.0 0.04086799208 0.03848271946 0.04065233892 0.04401537394
Herato10 Herato1003 13463703.0 7175000.0 0.051317084846 0.0342240582024 0.049652084362 0.068759825448
Herato10 Herato1003 13513703.0 7225000.0 0.0395141356882 0.0328730673271 0.038489954888 0.050284931084
Herato10 Herato1003 13563703.0 7275000.0 0.030222779836 0.02510040795 0.028708251026 0.049463891798
Herato10 Herato1003 13601912.5 7325000.0 0.0451888343427 0.0406530722397 0.044795785359 0.0509083481926
Herato10 Herato1004 13626627.0 25000.0 0.0832064121814 0.0584157970075 0.0814501278929 0.120736194914
Herato10 Herato1005 13663132.0 25000.0 0.02570802831 0.02387586877 0.025642693562 0.027783697764
Herato10 Herato1005 13713132.0 75000.0 0.0193793903666 0.0170104133529 0.019300415347 0.0220870724806
Herato10 Herato1005 13763132.0 125000.0 0.027116355102 0.0162694692946 0.0253167643802 0.0552577769658
Herato10 Herato1005 13813132.0 175000.0 0.026467412694 0.021750469078 0.02632321694 0.032050570112
Herato10 Herato1005 13863132.0 225000.0 0.03659459902 0.0310369336206 0.036607151004 0.04387490033
Herato10 Herato1005 13913132.0 275000.0 0.035385949898 0.02756044633 0.03454501231 0.051108552798
Herato10 Herato1005 13963132.0 325000.0 0.0382005846718 0.0343626880642 0.0377439446682 0.0431406942188
Herato10 Herato1005 14013132.0 375000.0 0.03697664428 0.032449304374 0.03662561601 0.042531608044
Herato10 Herato1005 14063132.0 425000.0 0.040502914192 0.035613754496 0.04034524625 0.046135683338
Herato10 Herato1005 14113132.0 475000.0 0.053787104644 0.050715367804 0.053765465394 0.05611018852
Herato10 Herato1005 14163132.0 525000.0 0.0565623252 0.0450923774554 0.0556132706176 0.075057382798
Herato10 Herato1005 14213132.0 575000.0 0.0334342322584 0.0271788646733 0.0330913957268 0.0432406985404
Herato10 Herato1005 14263132.0 625000.0 0.050612641324 0.0452277215129 0.050147978948 0.057513412076
Herato10 Herato1005 14313132.0 675000.0 0.11225402993 0.0595901201867 0.106371781945 0.202751933698
Herato10 Herato1005 14363132.0 725000.0 0.0117166226629 0.00900799379371 0.011655478434 0.0147048675254
Herato10 Herato1005 14413132.0 775000.0 0.00977600015184 0.00772585814536 0.00971999970534 0.0120980834641
Herato10 Herato1005 14463132.0 825000.0 0.025700470984 0.02368195234 0.025620044644 0.028312607652
Herato10 Herato1005 14513132.0 875000.0 0.0188723903114 0.0164099550314 0.0188331274762 0.021663282946
Herato10 Herato1005 14563132.0 925000.0 0.0222803834431 0.0181438287575 0.0221492246116 0.0273068409076
Herato10 Herato1005 14613132.0 975000.0 0.01910451929 0.016161696622 0.018701249368 0.023108018226
Herato10 Herato1005 14663132.0 1025000.0 0.029650268514 0.02560425932 0.029458582282 0.034331194092
Herato10 Herato1005 14713132.0 1075000.0 0.0392242322696 0.0329885118956 0.0392756871192 0.0462326967676
Herato10 Herato1005 14763132.0 1125000.0 0.02934731601 0.026787789628 0.02930794052 0.03203933742
Herato10 Herato1005 14813132.0 1175000.0 0.05028257218 0.047185657788 0.05046753988 0.05308991748
Herato10 Herato1005 14863132.0 1225000.0 0.070007177548 0.064207126256 0.070430639522 0.074401626054
Herato10 Herato1005 14913132.0 1275000.0 0.0493539879 0.04551763974 0.0493658248 0.0531282006
Herato10 Herato1005 14963132.0 1325000.0 0.063418779674 0.0545340555641 0.0634702112118 0.071746567526
Herato10 Herato1005 15013132.0 1375000.0 0.0515653284188 0.0436038426055 0.0508891549272 0.0613707465698
Herato10 Herato1005 15063132.0 1425000.0 0.033268437014 0.032010888448 0.033069525524 0.034945481156
Herato10 Herato1005 15113132.0 1475000.0 0.0317055139 0.028661507966 0.031865817114 0.033734625978
Herato10 Herato1005 15163132.0 1525000.0 0.034544128512 0.031058230108 0.03452855861 0.03863726087
Herato10 Herato1005 15213132.0 1575000.0 0.0481343890638 0.0419257546687 0.0478622023333 0.0558719404596
Herato10 Herato1005 15263132.0 1625000.0 0.04483951111 0.041064401894 0.044360243878 0.048940124098
Herato10 Herato1005 15313132.0 1675000.0 0.06527321148 0.056452856198 0.064527793648 0.07562509302
Herato10 Herato1005 15363132.0 1725000.0 0.0168776058954 0.0156630713009 0.0168208827064 0.0186234735765
Herato10 Herato1005 15413132.0 1775000.0 0.058874807622 0.052499711808 0.058306998566 0.067257110898
Herato10 Herato1005 15463132.0 1825000.0 0.048254276292 0.03844363096 0.049736056824 0.060867157644
Herato10 Herato1005 15513132.0 1875000.0 0.046571839434 0.043818279622 0.046740025692 0.048811655564
Herato10 Herato1005 15563132.0 1925000.0 0.0310710831236 0.027394165445 0.0310622528944 0.0343706443868
Herato10 Herato1005 15613132.0 1975000.0 0.045290189532 0.039556956302 0.045549717612 0.050014550216
Herato10 Herato1005 15663132.0 2025000.0 0.035254315594 0.031367772792 0.035253740682 0.039612642818
Herato10 Herato1005 15713132.0 2075000.0 0.034905656885 0.0318790687463 0.0351851618002 0.037860255777
Herato10 Herato1005 15763132.0 2125000.0 0.019560577734 0.017995861084 0.01949093344 0.021725827108
Herato10 Herato1005 15813132.0 2175000.0 0.026498764084 0.0211256147712 0.02636827744 0.032312830056
Herato10 Herato1005 15863132.0 2225000.0 0.04889875316 0.04615423208 0.04894884018 0.05226762484
Herato10 Herato1005 15913132.0 2275000.0 0.05046066074 0.04524812146 0.05020978162 0.05737816714
Herato10 Herato1005 15963132.0 2325000.0 0.051963735804 0.04134356113 0.051218786752 0.066846211652
Herato10 Herato1005 16013132.0 2375000.0 0.019863966044 0.018573951798 0.01980984127 0.02120906385
Herato10 Herato1005 16063132.0 2425000.0 0.037718107884 0.0279239361704 0.0370860189446 0.051486779076
Herato10 Herato1005 16113132.0 2475000.0 0.0155064502238 0.0129803282128 0.0155888271396 0.0179755594348
Herato10 Herato1005 16163132.0 2525000.0 0.028156638682 0.023973710398 0.027950256866 0.03334371885
Herato10 Herato1005 16213132.0 2575000.0 0.03946253457 0.020981074954 0.027652616394 0.127169033152
Herato10 Herato1005 16263132.0 2625000.0 0.023094146792 0.01983934301 0.023142430044 0.026348995354
Herato10 Herato1005 16313132.0 2675000.0 0.0135970044308 0.0116289721923 0.0135552500678 0.0158693204074
Herato10 Herato1005 16363132.0 2725000.0 0.0163702618828 0.00884956616286 0.0159602395903 0.026498997664
Herato10 Herato1005 16413132.0 2775000.0 0.0345730302609 0.0151493047979 0.0310432757722 0.078854870525
Herato10 Herato1005 16463132.0 2825000.0 0.024772286216 0.01816091429 0.024218965396 0.034862556594
Herato10 Herato1005 16513132.0 2875000.0 0.0286606830556 0.0260782560486 0.0284900832426 0.0322462869028
Herato10 Herato1005 16563132.0 2925000.0 0.05308819738 0.04691085084 0.05249635908 0.058705984
Herato10 Herato1005 16613132.0 2975000.0 0.030927078648 0.027654029994 0.030879389628 0.034237515452
Herato10 Herato1005 16663132.0 3025000.0 0.027030920312 0.0229965072142 0.027198957908 0.031950585644
Herato10 Herato1005 16713132.0 3075000.0 0.0244871615162 0.0202180058318 0.0246541382936 0.0292572640416
Herato10 Herato1005 16763132.0 3125000.0 0.035928848342 0.02942622462 0.035522762474 0.045364360714
Herato10 Herato1005 16813132.0 3175000.0 0.026564986438 0.02461566185 0.026604569976 0.0283061425
Herato10 Herato1005 16863132.0 3225000.0 0.0502237646 0.044220460736 0.049395363456 0.058750387996
Herato10 Herato1005 16913132.0 3275000.0 0.0299972054904 0.0261069834282 0.0300061963424 0.033778757948
Herato10 Herato1005 16963132.0 3325000.0 0.033090378134 0.03149144786 0.033157746798 0.034624088
Herato10 Herato1005 17013132.0 3375000.0 0.044504463404 0.038468702242 0.044405930152 0.051926442424
Herato10 Herato1005 17063132.0 3425000.0 0.027867424922 0.0248672662722 0.0276024237808 0.031956130588
Herato10 Herato1005 17113132.0 3475000.0 0.073848087118 0.064140990082 0.073136100038 0.08594103022
Herato10 Herato1005 17163132.0 3525000.0 0.067011884801 0.0591871515973 0.0659484376041 0.080031506265
Herato10 Herato1005 17213132.0 3575000.0 0.03400701586 0.03122368566 0.0339414793 0.03668140784
Herato10 Herato1005 17263132.0 3625000.0 0.060020779492 0.04905850934 0.059179685448 0.07628364188
Herato10 Herato1005 17313132.0 3675000.0 0.0469788912 0.0403159662824 0.04589722819 0.056776818164
Herato10 Herato1005 17363132.0 3725000.0 0.0370123856648 0.0297715686533 0.0370121680647 0.0445765780744
Herato10 Herato1005 17413132.0 3775000.0 0.030788575838 0.0249082788968 0.02955636108 0.048027198908
Herato10 Herato1005 17463132.0 3825000.0 0.0368737921754 0.0342254156016 0.0368380772616 0.039468751583
Herato10 Herato1005 17513132.0 3875000.0 0.02641881037 0.024177094282 0.026127913928 0.029837854598
Herato10 Herato1005 17563132.0 3925000.0 0.0345454237 0.028020311854 0.03554911644 0.04161987402
Herato10 Herato1005 17613132.0 3975000.0 0.04501383436 0.03788890688 0.04418011966 0.0559406286
Herato10 Herato1005 17663132.0 4025000.0 0.0318919909296 0.0234209732133 0.0309711432212 0.0469761185944
Herato10 Herato1005 17713132.0 4075000.0 0.051149741418 0.044470633919 0.0509622707956 0.0585574004942
Herato10 Herato1005 17763132.0 4125000.0 0.0552300905 0.05116601238 0.05502553396 0.06033798272
Herato10 Herato1005 17813132.0 4175000.0 0.038002253924 0.03480923574 0.037760498266 0.041765190568
Herato10 Herato1005 17863132.0 4225000.0 0.0318963057881 0.0293055697595 0.0316512895251 0.0344361456186
Herato10 Herato1005 17913132.0 4275000.0 0.0235820491085 0.0150950281499 0.0207234244705 0.0478730833007
Herato10 Herato1005 17963132.0 4325000.0 0.0215944951068 0.0181145465101 0.0217484684622 0.0253971909326
Herato10 Herato1005 18013132.0 4375000.0 0.0238435042298 0.0180929276934 0.0233629842855 0.032087671965
Herato10 Herato1005 18063132.0 4425000.0 0.0139178091158 0.0110296419967 0.0139386972767 0.0170112942556
Herato10 Herato1005 18113132.0 4475000.0 0.030802288574 0.019588983332 0.026048357024 0.068281852698
Herato10 Herato1005 18163132.0 4525000.0 0.033448282131 0.0293278099553 0.0330663389608 0.0403966107692
Herato10 Herato1005 18213132.0 4575000.0 0.045627820096 0.03659170799 0.048320114016 0.05612649177
Herato10 Herato1005 18250721.0 4625000.0 0.0409378393649 0.0352455830401 0.0404908493653 0.0487559640448
Herato10 Herato1006 18270047.5 25000.0 0.0404742259333 0.039468661768 0.0402608214948 0.0420013835078
Herato10 Herato1007 18301785.0 25000.0 0.041816512338 0.038269330384 0.04162165963 0.044903025636
Herato10 Herato1007 18351785.0 75000.0 0.030706955318 0.028922562498 0.030409354428 0.033240402942
Herato10 Herato1007 18401785.0 125000.0 0.053824013444 0.047196884994 0.053366840178 0.062219550576
Herato10 Herato1007 18451785.0 175000.0 0.05583646132 0.0497620546 0.05603338074 0.06177235534
Herato10 Herato1007 18501785.0 225000.0 0.0860484976184 0.0726670312354 0.0858060527126 0.101719448818
Herato10 Herato1007 18551785.0 275000.0 0.058680809026 0.05229589328 0.05843926386 0.066110162606
Herato10 Herato1007 18601785.0 325000.0 0.0415158288742 0.0387608305049 0.0411122757718 0.0468967193006
Herato10 Herato1007 18651785.0 375000.0 0.0420541085408 0.0396820372442 0.0420103613036 0.04439663092
Herato10 Herato1007 18701785.0 425000.0 0.04314925594 0.03999620158 0.04306560512 0.04631157786
Herato10 Herato1007 18751785.0 475000.0 0.0444080861352 0.0395328584814 0.0442925682052 0.0497277598504
Herato10 Herato1007 18801785.0 525000.0 0.044872255566 0.0408763038587 0.0449292348568 0.049038494106
Herato10 Herato1007 18851785.0 575000.0 0.04714492674 0.040195385598 0.04627477316 0.05642760558
Herato10 Herato1007 18901785.0 625000.0 0.0438947387 0.040392160306 0.04409158946 0.047197596082
Herato10 Herato1007 18951785.0 675000.0 0.0291379101009 0.0251102450172 0.0289969392411 0.0334843480056
Herato10 Herato1007 19001785.0 725000.0 0.0392609481462 0.0314697475306 0.0389318512636 0.049598288221
Herato10 Herato1007 19051785.0 775000.0 0.0417873670232 0.0367943708762 0.0417771686716 0.0476785928948
Herato10 Herato1007 19101785.0 825000.0 0.0456835273679 0.0393255707068 0.0455369265844 0.053675799511
Herato10 Herato1007 19151785.0 875000.0 0.0325444790732 0.0297604996925 0.0325100459008 0.035626237754
Herato10 Herato1007 19201785.0 925000.0 0.053893351058 0.051305513512 0.053573335122 0.0578127383
Herato10 Herato1007 19251785.0 975000.0 0.05415586649 0.048735686628 0.05426499385 0.05970148171
Herato10 Herato1007 19301785.0 1025000.0 0.0419869789 0.038262057268 0.041715068976 0.047798279484
Herato10 Herato1007 19351785.0 1075000.0 0.0369477194184 0.0255385191864 0.0378762630954 0.049738127314
Herato10 Herato1007 19401785.0 1125000.0 0.04615758406 0.0409325845 0.0461340197 0.05141359266
Herato10 Herato1007 19451785.0 1175000.0 0.0368504833304 0.0329623208116 0.0366587802568 0.0416858243322
Herato10 Herato1007 19501785.0 1225000.0 0.042461144056 0.03517933661 0.041569723292 0.052873043156
Herato10 Herato1007 19551785.0 1275000.0 0.034108020666 0.0319437332694 0.03428499992 0.036336496388
Herato10 Herato1007 19601785.0 1325000.0 0.028017529006 0.02585816799 0.028006505034 0.030330638516
Herato10 Herato1007 19651785.0 1375000.0 0.024100150385 0.0191901554612 0.023711045315 0.0302510273484
Herato10 Herato1007 19701785.0 1425000.0 0.039340474548 0.034574916482 0.038991413656 0.045573297504
Herato10 Herato1007 19751785.0 1475000.0 0.0323949436469 0.0280842765445 0.0321434790706 0.0383019102538
Herato10 Herato1007 19801785.0 1525000.0 0.048251135113 0.0414192290136 0.0480402388664 0.056912743277
Herato10 Herato1007 19851785.0 1575000.0 0.0634796143748 0.0523377051506 0.0623007292028 0.0831633141356
Herato10 Herato1007 19901785.0 1625000.0 0.057315354616 0.053531819054 0.057091732292 0.06370268232
Herato10 Herato1007 19951785.0 1675000.0 0.06940288362 0.05960715228 0.06932079772 0.07814472352
Herato10 Herato1007 20001785.0 1725000.0 0.052463397598 0.0467642484588 0.052196324598 0.060041284618
Herato10 Herato1007 20051785.0 1775000.0 0.055414753472 0.047583868158 0.055462723582 0.06302097376
Herato10 Herato1007 20101785.0 1825000.0 0.035625620122 0.032095131294 0.035583597046 0.039039070746
Herato10 Herato1007 20151785.0 1875000.0 0.07144463805 0.0633027626316 0.071369515322 0.079041443688
Herato10 Herato1007 20201785.0 1925000.0 0.064460738136 0.057759052696 0.063913323274 0.072047117996
Herato10 Herato1007 20251785.0 1975000.0 0.0447618474643 0.0414837781936 0.0447707186643 0.0476617868884
Herato10 Herato1007 20301785.0 2025000.0 0.04746773832 0.033389934586 0.046043763754 0.071304033644
Herato10 Herato1007 20351785.0 2075000.0 0.05754584917 0.051401496534 0.056617397218 0.065707982024
Herato10 Herato1007 20401785.0 2125000.0 0.0449190657398 0.0401975756602 0.044872823808 0.0498991064912
Herato10 Herato1007 20451785.0 2175000.0 0.0612083365206 0.0551479629856 0.0612893159162 0.0668270916992
Herato10 Herato1007 20501785.0 2225000.0 0.0680829452326 0.0592441252009 0.0681564046868 0.0781833581322
Herato10 Herato1007 20551785.0 2275000.0 0.0515807416492 0.0472075442831 0.051583266216 0.056520013484
Herato10 Herato1007 20601785.0 2325000.0 0.045208408548 0.038833907904 0.044002380378 0.055128620076
Herato10 Herato1007 20651785.0 2375000.0 0.061864548 0.05677411778 0.06184373078 0.0681208329
Herato10 Herato1007 20701785.0 2425000.0 0.0588307332 0.056797775886 0.0586152872 0.06216707972
Herato10 Herato1007 20751785.0 2475000.0 0.0539680230684 0.0493120777498 0.0538329509384 0.060011476731
Herato10 Herato1007 20801785.0 2525000.0 0.0521756298 0.04897140871 0.05226550678 0.05520413044
Herato10 Herato1007 20851785.0 2575000.0 0.06912474864 0.0663786185 0.06913267978 0.07219627796
Herato10 Herato1007 20901785.0 2625000.0 0.0603243382 0.05979717912 0.06017087412 0.06232634688
Herato10 Herato1007 20951785.0 2675000.0 0.04578757088 0.04169301118 0.0454835671 0.0505343683
Herato10 Herato1007 21001785.0 2725000.0 0.04292882306 0.040056489456 0.0427794611 0.04587560128
Herato10 Herato1007 21051785.0 2775000.0 0.028413439736 0.021365423588 0.02865385656 0.036319453922
Herato10 Herato1007 21101785.0 2825000.0 0.0310878187444 0.0257184740332 0.030711385644 0.038535350094
Herato10 Herato1007 21151785.0 2875000.0 0.05416156148 0.049891649136 0.05383036604 0.06018297092
Herato10 Herato1007 21201785.0 2925000.0 0.0582638275878 0.0503891463071 0.0572502277796 0.06712439424
Herato10 Herato1007 21251785.0 2975000.0 0.04546485848 0.04111858055 0.045443145946 0.050274029992
Herato10 Herato1007 21301785.0 3025000.0 0.081561263872 0.056809140986 0.078447342374 0.12309814798
Herato10 Herato1007 21351785.0 3075000.0 0.030369147104 0.022437453025 0.029654792282 0.042020528606
Herato10 Herato1007 21401785.0 3125000.0 0.0326333602524 0.0280089942173 0.03232860693 0.0392767061184
Herato10 Herato1007 21451785.0 3175000.0 0.036943582242 0.033767197924 0.036759108496 0.040914794632
Herato10 Herato1007 21501785.0 3225000.0 0.0398053559088 0.0319425705814 0.0385020093821 0.052025055861
Herato10 Herato1007 21551785.0 3275000.0 0.03585341839 0.0324479860088 0.035856522148 0.039634347604
Herato10 Herato1007 21601785.0 3325000.0 0.028068351345 0.0241492587354 0.0278070478842 0.032887076099
Herato10 Herato1007 21651785.0 3375000.0 0.0175009838908 0.0158609879482 0.0174966630012 0.019636673554
Herato10 Herato1007 21701785.0 3425000.0 0.0742957754 0.0687577751 0.07402545208 0.08055512476
Herato10 Herato1007 21751785.0 3475000.0 0.0637760721986 0.0569242538077 0.0635867791824 0.0714101818063
Herato10 Herato1007 21801785.0 3525000.0 0.069624143392 0.052329945826 0.067341827126 0.099737885432
Herato10 Herato1007 21851785.0 3575000.0 0.0513578800076 0.0477301663285 0.0511254332344 0.055379165068
Herato10 Herato1007 21901785.0 3625000.0 0.077656877054 0.071708751936 0.076837045912 0.08781557834
Herato10 Herato1007 21951785.0 3675000.0 0.055879345256 0.0510424583498 0.0556313062654 0.06197909166
Herato10 Herato1007 22001785.0 3725000.0 0.035041234556 0.031991675064 0.03496937769 0.038574084268
Herato10 Herato1007 22051785.0 3775000.0 0.054569156478 0.04835270926 0.054157396122 0.063613868104
Herato10 Herato1007 22101785.0 3825000.0 0.040095311576 0.035680121102 0.039721884854 0.045214562702
Herato10 Herato1007 22151785.0 3875000.0 0.027729558892 0.025890712292 0.027803240996 0.029557378356
Herato10 Herato1007 22201785.0 3925000.0 0.04067326226 0.036495531392 0.04036280056 0.046071967
Herato10 Herato1007 22251785.0 3975000.0 0.0221477498004 0.0161113552854 0.0206380653942 0.031926657244
Herato10 Herato1007 22301785.0 4025000.0 0.0106283473004 0.00826689556669 0.0104054092138 0.0139335846403
Herato10 Herato1007 22351785.0 4075000.0 0.0147715468292 0.013289903366 0.014699704062 0.0163753265282
Herato10 Herato1007 22401785.0 4125000.0 0.0203382216882 0.0151910124144 0.0199665744164 0.0271869747266
Herato10 Herato1007 22451785.0 4175000.0 0.044731981612 0.036926034978 0.044211790808 0.05544658245
Herato10 Herato1007 22501785.0 4225000.0 0.060514853968 0.05565420193 0.060427122306 0.066528356824
Herato10 Herato1007 22551785.0 4275000.0 0.045770861958 0.0310057355346 0.044256834365 0.068724367924
Herato10 Herato1007 22601785.0 4325000.0 0.04572390076 0.04290130752 0.04568910548 0.04891235286
Herato10 Herato1007 22651785.0 4375000.0 0.045218881016 0.040650745614 0.045145751034 0.049230191056
Herato10 Herato1007 22701785.0 4425000.0 0.0587536396821 0.0498244925066 0.0578189133394 0.0728759632712
Herato10 Herato1007 22751785.0 4475000.0 0.04613421616 0.040263777476 0.04562866416 0.0537410304
Herato10 Herato1007 22801785.0 4525000.0 0.0380738799348 0.0343782220356 0.0385908034756 0.041662244198
Herato10 Herato1007 22851785.0 4575000.0 0.0178423946952 0.0132676892692 0.0179026923699 0.023793659452
Herato10 Herato1007 22901785.0 4625000.0 0.055879083948 0.05046192199 0.055612579894 0.061526760048
Herato10 Herato1007 22951785.0 4675000.0 0.044917848856 0.038760721708 0.04468885415 0.052957930668
Herato10 Herato1007 23001785.0 4725000.0 0.0604599911887 0.043151121577 0.0583795178594 0.089196419362
Herato10 Herato1007 23051785.0 4775000.0 0.025849352106 0.020625594206 0.02550683903 0.034267624084
Herato10 Herato1007 23101785.0 4825000.0 0.03422216153 0.028417830672 0.034130427886 0.041220578172
Herato10 Herato1007 23151785.0 4875000.0 0.0566988836415 0.050447563697 0.0563381768775 0.0644328543859
Herato10 Herato1007 23201785.0 4925000.0 0.0250810176736 0.0233352357458 0.024989497839 0.027172093184
Herato10 Herato1007 23251785.0 4975000.0 0.037366418256 0.034162853462 0.037375806084 0.040514876004
Herato10 Herato1007 23301785.0 5025000.0 0.0380445410523 0.0349715978905 0.0379513686619 0.0413199403752
Herato10 Herato1007 23351785.0 5075000.0 0.023510124558 0.0226577345973 0.023506186133 0.025021540348
Herato10 Herato1007 23401785.0 5125000.0 0.01938026733 0.0168598483652 0.019304086562 0.022223861076
Herato10 Herato1007 23451785.0 5175000.0 0.0416022302222 0.01589190846 0.0381116356314 0.0905425896128
Herato10 Herato1007 23501785.0 5225000.0 0.018380080779 0.0124721842078 0.017608432301 0.02675289453
Herato10 Herato1007 23551785.0 5275000.0 0.0269627822088 0.0126120889198 0.0273489453952 0.0536189151916
Herato10 Herato1007 23601785.0 5325000.0 0.031438265554 0.021017854204 0.031046052416 0.046870691168
Herato10 Herato1007 23651785.0 5375000.0 0.02831124986 0.0187895169184 0.0273281031036 0.0452191448032
Herato10 Herato1007 23701785.0 5425000.0 0.0191829717593 0.0170659670595 0.0189571375877 0.021650844308
Herato10 Herato1007 23751785.0 5475000.0 0.0369014247539 0.0259771824071 0.0366830088103 0.053711161483
Herato10 Herato1007 23801785.0 5525000.0 0.0496763437288 0.0444168574657 0.0496751453288 0.0557741630618
Herato10 Herato1007 23851785.0 5575000.0 0.040517961768 0.026461275098 0.037550060026 0.069218765642
