chrom scaffold Cposition position mean p0025 p0500 p0975
Herato09 Herato0901 25001.0 25000.0 0.11143525758 0.0943620867512 0.11088097719 0.132528918445
Herato09 Herato0901 75001.0 75000.0 0.0546062678734 0.0461402374204 0.0541846665808 0.0660099862088
Herato09 Herato0901 125001.0 125000.0 0.048690792284 0.041218887582 0.04850900797 0.056405182842
Herato09 Herato0901 175001.0 175000.0 0.11075695791 0.101123518428 0.110703484836 0.120511152524
Herato09 Herato0901 225001.0 225000.0 0.103754123488 0.0888591688752 0.103496283209 0.120491677831
Herato09 Herato0901 275001.0 275000.0 0.06538755974 0.0625560802 0.0658467244 0.0680084019
Herato09 Herato0901 325001.0 325000.0 0.10720766427 0.096603030262 0.10646434402 0.120619230772
Herato09 Herato0901 375001.0 375000.0 0.0770796796192 0.069347781316 0.076741608315 0.0863328169446
Herato09 Herato0901 425001.0 425000.0 0.093989485892 0.090806963882 0.093333901544 0.10144509514
Herato09 Herato0901 475001.0 475000.0 0.0917495361274 0.0837982048106 0.0914826146672 0.102422840248
Herato09 Herato0901 525001.0 525000.0 0.145124127828 0.123162054494 0.143059525714 0.19263339196
Herato09 Herato0901 575001.0 575000.0 0.106271816714 0.0955308348414 0.105712589795 0.117331574612
Herato09 Herato0901 625001.0 625000.0 0.12453990946 0.11798426102 0.1247300725 0.13077362598
Herato09 Herato0901 675001.0 675000.0 0.112672477108 0.103781034042 0.113029755514 0.120785790348
Herato09 Herato0901 725001.0 725000.0 0.080596738208 0.073559190364 0.080096178474 0.088887618128
Herato09 Herato0901 775001.0 775000.0 0.0955709235203 0.0814069247828 0.095243833561 0.116192136102
Herato09 Herato0901 825001.0 825000.0 0.133991172516 0.117522027716 0.134305515982 0.149933876448
Herato09 Herato0901 875001.0 875000.0 0.172340480504 0.16150157817 0.173181392523 0.181941336576
Herato09 Herato0901 925001.0 925000.0 0.172533757314 0.153468445417 0.17293710591 0.193974238052
Herato09 Herato0901 975001.0 975000.0 0.175739538015 0.158336759441 0.175742981289 0.192908630656
Herato09 Herato0901 1025001.0 1025000.0 0.144980125777 0.129699896234 0.145163317818 0.164632019484
Herato09 Herato0901 1075001.0 1075000.0 0.159211050811 0.143109994369 0.160228583059 0.176857810658
Herato09 Herato0901 1125001.0 1125000.0 0.11055072814 0.10209592242 0.1101038379 0.1191236164
Herato09 Herato0901 1175001.0 1175000.0 0.11353048865 0.0934534079376 0.114535577978 0.133897162618
Herato09 Herato0901 1225001.0 1225000.0 0.125628822008 0.110418332918 0.123475263214 0.143313436122
Herato09 Herato0901 1275001.0 1275000.0 0.114899690718 0.104121134998 0.114636441737 0.126801494963
Herato09 Herato0901 1325001.0 1325000.0 0.13198697808 0.115397516896 0.130489789602 0.154753709601
Herato09 Herato0901 1375001.0 1375000.0 0.111420675222 0.102651930404 0.112050037999 0.119355041266
Herato09 Herato0901 1425001.0 1425000.0 0.182173402136 0.171121248356 0.181678015726 0.19846273057
Herato09 Herato0901 1475001.0 1475000.0 0.16773358485 0.140615031459 0.165248897015 0.201659020827
Herato09 Herato0901 1525001.0 1525000.0 0.168192351714 0.143566094244 0.162745514764 0.213669328241
Herato09 Herato0901 1575001.0 1575000.0 0.208904117838 0.196064077874 0.208496019417 0.224982895782
Herato09 Herato0901 1625001.0 1625000.0 0.17371153846 0.1683580579 0.17331625606 0.18061678544
Herato09 Herato0901 1675001.0 1675000.0 0.151087176397 0.139977783648 0.150272810026 0.164204518122
Herato09 Herato0901 1725001.0 1725000.0 0.1458863982 0.1396988454 0.1465869018 0.151217796
Herato09 Herato0901 1775001.0 1775000.0 0.180523334724 0.153636139132 0.177786404102 0.220115631218
Herato09 Herato0901 1825001.0 1825000.0 0.146373853557 0.122303844602 0.145320423019 0.178814217697
Herato09 Herato0901 1875001.0 1875000.0 0.13310717964 0.1179653649 0.13251951402 0.15254175686
Herato09 Herato0901 1925001.0 1925000.0 0.153240234218 0.134603508684 0.15133511004 0.183543727804
Herato09 Herato0901 1975001.0 1975000.0 0.128415857186 0.106876911396 0.128435624478 0.152993505702
Herato09 Herato0901 2025001.0 2025000.0 0.17717976512 0.161804072705 0.176977782455 0.192927627444
Herato09 Herato0901 2075001.0 2075000.0 0.153948184042 0.137052060647 0.15369791418 0.1706953177
Herato09 Herato0901 2125001.0 2125000.0 0.185179834208 0.162823736728 0.185444127556 0.20238259288
Herato09 Herato0901 2175001.0 2175000.0 0.17669654678 0.1586427415 0.17625679208 0.19497453904
Herato09 Herato0901 2225001.0 2225000.0 0.18224247456 0.164887487848 0.1810403387 0.21103406568
Herato09 Herato0901 2275001.0 2275000.0 0.181387313498 0.165906301944 0.181326719388 0.195645114106
Herato09 Herato0901 2325001.0 2325000.0 0.140390909903 0.123403520202 0.140060658932 0.160151375538
Herato09 Herato0901 2375001.0 2375000.0 0.159994600118 0.143437071273 0.159689466903 0.178416898564
Herato09 Herato0901 2425001.0 2425000.0 0.17389995597 0.160119040754 0.172861700309 0.188676594154
Herato09 Herato0901 2475001.0 2475000.0 0.159717420418 0.142382367833 0.160593290979 0.17840760213
Herato09 Herato0901 2525001.0 2525000.0 0.122921928346 0.10829465408 0.12193260394 0.142299939362
Herato09 Herato0901 2575001.0 2575000.0 0.125292672408 0.118014803242 0.1245658128 0.133487542288
Herato09 Herato0901 2625001.0 2625000.0 0.171821391342 0.161593280047 0.171318881634 0.181091685891
Herato09 Herato0901 2675001.0 2675000.0 0.11969970823 0.112299951425 0.119710895263 0.127588086789
Herato09 Herato0901 2725001.0 2725000.0 0.054358238806 0.041384150564 0.05293495011 0.074473826646
Herato09 Herato0901 2775001.0 2775000.0 0.160728763938 0.141569948876 0.1606680475 0.184633143816
Herato09 Herato0901 2825001.0 2825000.0 0.0868724681864 0.0802373104298 0.0863959118584 0.0943060716754
Herato09 Herato0901 2875001.0 2875000.0 0.0828903710564 0.0708243701446 0.081813220389 0.0978817787274
Herato09 Herato0901 2925001.0 2925000.0 0.160079964691 0.149776063088 0.159624172563 0.171536548583
Herato09 Herato0901 2975001.0 2975000.0 0.14337099966 0.13322144638 0.14317480036 0.15401801748
Herato09 Herato0901 3025001.0 3025000.0 0.16673194522 0.15048486862 0.16622285638 0.1837062845
Herato09 Herato0901 3075001.0 3075000.0 0.20046614148 0.18573183584 0.20144244958 0.21154990454
Herato09 Herato0901 3125001.0 3125000.0 0.185160133557 0.172651442191 0.184871360569 0.199020054097
Herato09 Herato0901 3175001.0 3175000.0 0.214734151416 0.204052899342 0.215211760494 0.226453491236
Herato09 Herato0901 3225001.0 3225000.0 0.20880463122 0.19340740214 0.20919086528 0.22516920714
Herato09 Herato0901 3275001.0 3275000.0 0.201058940114 0.189330657522 0.201364465524 0.213606337436
Herato09 Herato0901 3325001.0 3325000.0 0.196317331014 0.183376225765 0.196458160461 0.210151701648
Herato09 Herato0901 3375001.0 3375000.0 0.131905398044 0.111411979198 0.131314885653 0.15835035934
Herato09 Herato0901 3425001.0 3425000.0 0.137437988874 0.113802679523 0.13350018259 0.169302060624
Herato09 Herato0901 3475001.0 3475000.0 0.205699829726 0.19295676838 0.205874664562 0.21849844046
Herato09 Herato0901 3525001.0 3525000.0 0.125527876512 0.114402435742 0.125031222435 0.137629947995
Herato09 Herato0901 3575001.0 3575000.0 0.13293768862 0.12189833678 0.13239556888 0.14748473024
Herato09 Herato0901 3625001.0 3625000.0 0.19547767746 0.16964890888 0.19609052442 0.22658106108
Herato09 Herato0901 3675001.0 3675000.0 0.15281476724 0.145656974028 0.152186475929 0.165092379148
Herato09 Herato0901 3725001.0 3725000.0 0.20488520206 0.18253298158 0.2063466198 0.22761113622
Herato09 Herato0901 3775001.0 3775000.0 0.122855458504 0.111929063474 0.122673205132 0.134237131394
Herato09 Herato0901 3825001.0 3825000.0 0.0925404773782 0.0802887816347 0.0919290273624 0.105930894226
Herato09 Herato0901 3875001.0 3875000.0 0.0599801636194 0.0521495705531 0.0596146936316 0.0710244006392
Herato09 Herato0901 3925001.0 3925000.0 0.073232611571 0.0626324631394 0.0711292701418 0.110389986366
Herato09 Herato0901 3975001.0 3975000.0 0.087468560816 0.0757967284065 0.0871494595952 0.100638491629
Herato09 Herato0901 4025001.0 4025000.0 0.0541250583668 0.0478436266195 0.0540670168242 0.061368671459
Herato09 Herato0901 4075001.0 4075000.0 0.067368396147 0.0602960578794 0.0670616645583 0.0752129624208
Herato09 Herato0901 4125001.0 4125000.0 0.087275789862 0.0792135030894 0.0868176024284 0.096467645888
Herato09 Herato0901 4175001.0 4175000.0 0.0883785540884 0.0820958738527 0.0876218062262 0.096550478486
Herato09 Herato0901 4225001.0 4225000.0 0.0312563385481 0.0262111457046 0.0314777338777 0.0368251017232
Herato09 Herato0901 4275001.0 4275000.0 0.0541931951822 0.0473151878377 0.0538847386564 0.0621982640004
Herato09 Herato0901 4325001.0 4325000.0 0.07328530275 0.0643417946376 0.072373982706 0.083149358456
Herato09 Herato0901 4375001.0 4375000.0 0.083895420317 0.0734699527297 0.0840756230262 0.0961700296082
Herato09 Herato0901 4425001.0 4425000.0 0.14062427965 0.123183901309 0.138732850337 0.166064512966
Herato09 Herato0901 4475001.0 4475000.0 0.066402337832 0.061543057676 0.066187792256 0.071346266936
Herato09 Herato0901 4525001.0 4525000.0 0.0828488298532 0.0730924783529 0.0828939287286 0.094389586635
Herato09 Herato0901 4575001.0 4575000.0 0.0938900104095 0.0824170315975 0.0935285848202 0.107937450551
Herato09 Herato0901 4625001.0 4625000.0 0.0768447641852 0.0676911447066 0.0766529206922 0.0875292452496
Herato09 Herato0901 4675001.0 4675000.0 0.0968439833272 0.0820008032522 0.0962551741028 0.119106316452
Herato09 Herato0901 4725001.0 4725000.0 0.109954639514 0.098714403311 0.109420588415 0.123153042637
Herato09 Herato0901 4775001.0 4775000.0 0.102575298308 0.092515730906 0.103141710124 0.110527608102
Herato09 Herato0901 4825001.0 4825000.0 0.10585960299 0.102016663625 0.105285567416 0.11138670147
Herato09 Herato0901 4875001.0 4875000.0 0.109154937638 0.0968624477599 0.108654703511 0.125511559211
Herato09 Herato0901 4925001.0 4925000.0 0.110593332311 0.0932636630265 0.109800170706 0.130917153522
Herato09 Herato0901 4975001.0 4975000.0 0.0604703785293 0.0515083699848 0.0603988710214 0.070352090283
Herato09 Herato0901 5025001.0 5025000.0 0.0651090888287 0.0560090266176 0.0623379243503 0.0837342203637
Herato09 Herato0901 5075001.0 5075000.0 0.090780345013 0.0859432811489 0.0906057742708 0.0965082332798
Herato09 Herato0901 5125001.0 5125000.0 0.082376800913 0.0761526917039 0.0822238726804 0.0890146748852
Herato09 Herato0901 5175001.0 5175000.0 0.0761764677592 0.0689118476008 0.076025373743 0.0853110371096
Herato09 Herato0901 5225001.0 5225000.0 0.0957380882636 0.0890654536217 0.095292991785 0.104180722778
Herato09 Herato0901 5275001.0 5275000.0 0.112890954892 0.102390062502 0.112316709784 0.125469087
Herato09 Herato0901 5325001.0 5325000.0 0.128891125802 0.109296878745 0.129089247165 0.14803276476
Herato09 Herato0901 5375001.0 5375000.0 0.095650508194 0.084971707156 0.095195045442 0.1085470139
Herato09 Herato0901 5425001.0 5425000.0 0.0458038688754 0.0386358987778 0.0460596089064 0.0537381302852
Herato09 Herato0901 5475001.0 5475000.0 0.095697814072 0.084047432468 0.092069762494 0.11424605607
Herato09 Herato0901 5525001.0 5525000.0 0.07314845472 0.06944992983 0.072739455376 0.079520139032
Herato09 Herato0901 5575001.0 5575000.0 0.150327345018 0.138210561451 0.150821411462 0.160674839138
Herato09 Herato0901 5625001.0 5625000.0 0.143148883919 0.123012558767 0.142327978522 0.165664158899
Herato09 Herato0901 5675001.0 5675000.0 0.113015957311 0.0975243663658 0.111175314049 0.134803916101
Herato09 Herato0901 5725001.0 5725000.0 0.089853472792 0.078805837946 0.089619013862 0.103588435338
Herato09 Herato0901 5775001.0 5775000.0 0.0920453055354 0.0724724873482 0.0910676998966 0.120369043828
Herato09 Herato0901 5825001.0 5825000.0 0.0818707505442 0.0744890555754 0.0819014546591 0.0897305119516
Herato09 Herato0901 5875001.0 5875000.0 0.129451410254 0.1216405241 0.128982197587 0.14153584582
Herato09 Herato0901 5925001.0 5925000.0 0.119814057518 0.105961033328 0.12015628271 0.136281474084
Herato09 Herato0901 5975001.0 5975000.0 0.10871152996 0.094494732769 0.108279465652 0.125983988568
Herato09 Herato0901 6025001.0 6025000.0 0.132421460866 0.109521214979 0.133039292826 0.154005689332
Herato09 Herato0901 6075001.0 6075000.0 0.152538038099 0.135888721741 0.152366613692 0.171336466898
Herato09 Herato0901 6125001.0 6125000.0 0.14021771463 0.132056058286 0.139804016022 0.150934789742
Herato09 Herato0901 6175001.0 6175000.0 0.19630735787 0.177588220476 0.19605184503 0.218010465104
Herato09 Herato0901 6225001.0 6225000.0 0.17216318176 0.161723064792 0.17179163904 0.183144839
Herato09 Herato0901 6275001.0 6275000.0 0.195617945372 0.183285735716 0.195715155 0.209499103044
Herato09 Herato0901 6325001.0 6325000.0 0.137517756892 0.121590009108 0.137132245528 0.154989839588
Herato09 Herato0901 6375001.0 6375000.0 0.1483670299 0.13459279918 0.14776731192 0.16394121428
Herato09 Herato0901 6425001.0 6425000.0 0.05170454996 0.0458765929708 0.0515117034392 0.059023204812
Herato09 Herato0901 6475001.0 6475000.0 0.0919975479622 0.0784375713932 0.0916685363049 0.107771306454
Herato09 Herato0901 6525001.0 6525000.0 0.0955572177 0.085145572506 0.095262793302 0.10773028277
Herato09 Herato0901 6575001.0 6575000.0 0.0666603947215 0.0600616413777 0.0664126410073 0.0742384905153
Herato09 Herato0901 6625001.0 6625000.0 0.06870154095 0.0584068206602 0.068770496174 0.079816576112
Herato09 Herato0901 6675001.0 6675000.0 0.0668275225212 0.0607057602832 0.0660779485177 0.0733414618366
Herato09 Herato0901 6725001.0 6725000.0 0.04367114559 0.038374348748 0.04396273677 0.047948623462
Herato09 Herato0901 6775001.0 6775000.0 0.0404554632 0.03800511892 0.04030209952 0.04424443814
Herato09 Herato0901 6825001.0 6825000.0 0.0550861133193 0.0504941091423 0.0551191872001 0.05997187044
Herato09 Herato0901 6875001.0 6875000.0 0.05770704145 0.04932677057 0.058491232244 0.068710227714
Herato09 Herato0901 6925001.0 6925000.0 0.070732560366 0.0599518123785 0.071508850356 0.081977015236
Herato09 Herato0901 6975001.0 6975000.0 0.0945322525764 0.0879867036863 0.0944761719826 0.102035860317
Herato09 Herato0901 7025001.0 7025000.0 0.122022425476 0.119522323964 0.121866822598 0.126229272844
Herato09 Herato0901 7075001.0 7075000.0 0.09068662586 0.082800580302 0.090054686688 0.103623317776
Herato09 Herato0901 7125001.0 7125000.0 0.0758704385846 0.0641948633926 0.0756265300993 0.0898158118112
Herato09 Herato0901 7175001.0 7175000.0 0.074666183224 0.068047255574 0.074617954834 0.081064781692
Herato09 Herato0901 7225001.0 7225000.0 0.122636914714 0.11570564894 0.12228573789 0.131096898212
Herato09 Herato0901 7275001.0 7275000.0 0.16479824508 0.152129704724 0.1651024439 0.17760288096
Herato09 Herato0901 7325001.0 7325000.0 0.186542162793 0.172281848173 0.186117542649 0.202955429359
Herato09 Herato0901 7375001.0 7375000.0 0.128460041214 0.117844000444 0.128140329682 0.139306364566
Herato09 Herato0901 7425001.0 7425000.0 0.14121717276 0.122044454346 0.140050356208 0.167942666217
Herato09 Herato0901 7475001.0 7475000.0 0.149810421441 0.129802769683 0.148977467536 0.17422279371
Herato09 Herato0901 7525001.0 7525000.0 0.11180787538 0.0913172204052 0.111665959905 0.129339960356
Herato09 Herato0901 7575001.0 7575000.0 0.10250273206 0.090910058278 0.10220122348 0.11680793808
Herato09 Herato0901 7625001.0 7625000.0 0.082314604336 0.057846579672 0.079945439902 0.121955987358
Herato09 Herato0901 7675001.0 7675000.0 0.1401445353 0.12287136052 0.14235470146 0.15856697736
Herato09 Herato0901 7725001.0 7725000.0 0.09882343612 0.09367461398 0.09820622982 0.10576100122
Herato09 Herato0901 7775001.0 7775000.0 0.0997899683784 0.0871444708232 0.0988348368844 0.11666905745
Herato09 Herato0901 7825001.0 7825000.0 0.13367419236 0.120430113296 0.133229842988 0.149529316476
Herato09 Herato0901 7875001.0 7875000.0 0.193392737369 0.17555310439 0.193085533061 0.213215883859
Herato09 Herato0901 7925001.0 7925000.0 0.16747537743 0.151479200546 0.167071903994 0.186968360062
Herato09 Herato0901 7975001.0 7975000.0 0.157540335496 0.14848717282 0.156701059475 0.16920107891
Herato09 Herato0901 8025001.0 8025000.0 0.146690152262 0.13598273652 0.145938475706 0.15955705395
Herato09 Herato0901 8075001.0 8075000.0 0.149036733327 0.137916017938 0.147979615 0.163033444016
Herato09 Herato0901 8125001.0 8125000.0 0.175733306059 0.161144754519 0.174561370861 0.19295071496
Herato09 Herato0901 8175001.0 8175000.0 0.0916745454124 0.0857864075826 0.0911250189056 0.0974939789216
Herato09 Herato0901 8225001.0 8225000.0 0.0793061199326 0.0651173379093 0.0770532329159 0.11085817224
Herato09 Herato0901 8275001.0 8275000.0 0.14420517484 0.13250966178 0.14394270246 0.15508603674
Herato09 Herato0901 8325001.0 8325000.0 0.20407940527 0.172151829438 0.203030874921 0.237506818482
Herato09 Herato0901 8375001.0 8375000.0 0.13006098656 0.11600285915 0.13003960002 0.145900758268
Herato09 Herato0901 8425001.0 8425000.0 0.106953479543 0.0968825598403 0.10537844714 0.119836998454
Herato09 Herato0901 8475001.0 8475000.0 0.0586921879264 0.0424368659722 0.0590863714218 0.0831289511354
Herato09 Herato0901 8525001.0 8525000.0 0.069347654338 0.0578840929722 0.069128819378 0.086179001042
Herato09 Herato0901 8575001.0 8575000.0 0.172829378783 0.155456207832 0.172402506084 0.192869109285
Herato09 Herato0901 8625001.0 8625000.0 0.170590135444 0.148518215977 0.170577326776 0.195411699332
Herato09 Herato0901 8675001.0 8675000.0 0.206842117987 0.182267466092 0.207123835538 0.232265465776
Herato09 Herato0901 8725001.0 8725000.0 0.191436424944 0.180677513701 0.191026788661 0.204402427394
Herato09 Herato0901 8775001.0 8775000.0 0.161008967496 0.152221932978 0.16014787624 0.173980017572
Herato09 Herato0901 8825001.0 8825000.0 0.10403920156 0.0984816989025 0.103840658081 0.111731797703
Herato09 Herato0901 8875001.0 8875000.0 0.139028335785 0.118130112661 0.139071708472 0.158231319175
Herato09 Herato0901 8925001.0 8925000.0 0.093413676578 0.083368364206 0.092648885268 0.105964844334
Herato09 Herato0901 8975001.0 8975000.0 0.0861417475064 0.0691951678064 0.0851218858656 0.105912597091
Herato09 Herato0901 9025001.0 9025000.0 0.107974960773 0.090055937157 0.107244539426 0.12854777763
Herato09 Herato0901 9075001.0 9075000.0 0.11649533468 0.10486987022 0.1154830051 0.13220828742
Herato09 Herato0901 9125001.0 9125000.0 0.152561246692 0.144979321104 0.152470637016 0.160571551524
Herato09 Herato0901 9175001.0 9175000.0 0.145632571375 0.133579107439 0.14551938806 0.160497678994
Herato09 Herato0901 9225001.0 9225000.0 0.11435528214 0.10819608643 0.11397297146 0.12143063518
Herato09 Herato0901 9275001.0 9275000.0 0.129561084437 0.114693876882 0.129656815134 0.142975279942
Herato09 Herato0901 9325001.0 9325000.0 0.104013445565 0.0957298884794 0.10398442227 0.115718540581
Herato09 Herato0901 9375001.0 9375000.0 0.114712940382 0.0990263106903 0.114008317293 0.132329904561
Herato09 Herato0901 9425001.0 9425000.0 0.0988766104284 0.0780603920668 0.0977818754264 0.129335363978
Herato09 Herato0901 9475001.0 9475000.0 0.0646732602944 0.0480563061605 0.0629383578496 0.0884063010522
Herato09 Herato0901 9525001.0 9525000.0 0.1751592609 0.16353440046 0.17437397492 0.1908414253
Herato09 Herato0901 9575001.0 9575000.0 0.209422034228 0.18990616202 0.20844037942 0.230011656448
Herato09 Herato0901 9625001.0 9625000.0 0.11404929974 0.102679565522 0.113344772788 0.126315316684
Herato09 Herato0901 9675001.0 9675000.0 0.0708737153026 0.063782765915 0.0706531540039 0.079442657545
Herato09 Herato0901 9725001.0 9725000.0 0.116577726592 0.109989893514 0.116890402372 0.122135911684
Herato09 Herato0901 9775001.0 9775000.0 0.130826100016 0.124903604584 0.13006628374 0.13774873393
Herato09 Herato0901 9825001.0 9825000.0 0.122140009784 0.115880296898 0.121207478818 0.130083188968
Herato09 Herato0901 9875001.0 9875000.0 0.144796050722 0.130176357221 0.144129133061 0.159063971396
Herato09 Herato0901 9925001.0 9925000.0 0.104970077115 0.0921424183689 0.104269384928 0.119580092209
Herato09 Herato0901 9975001.0 9975000.0 0.0412334682 0.0363714738106 0.0412883567682 0.04665803494
Herato09 Herato0901 10025001.0 10025000.0 0.11247590578 0.10246051916 0.11298049508 0.12178806254
Herato09 Herato0901 10075001.0 10075000.0 0.129766902052 0.119789894705 0.129208801797 0.142073220016
Herato09 Herato0901 10125001.0 10125000.0 0.1741247724 0.15970732562 0.17352249188 0.19077305476
Herato09 Herato0901 10175001.0 10175000.0 0.0995244423 0.08716914862 0.0987739074 0.1180461678
Herato09 Herato0901 10225001.0 10225000.0 0.046320507318 0.042549527464 0.046157960482 0.05037840725
Herato09 Herato0901 10275001.0 10275000.0 0.05473469966 0.04975817824 0.0544998901 0.0589179632
Herato09 Herato0901 10325001.0 10325000.0 0.0505585338706 0.0436897448689 0.050504541075 0.0577341739522
Herato09 Herato0901 10375001.0 10375000.0 0.080537346088 0.066217926432 0.08014464604 0.096137496372
Herato09 Herato0901 10425001.0 10425000.0 0.0812622793296 0.073103729591 0.080587290494 0.09061233842
Herato09 Herato0901 10475001.0 10475000.0 0.0491691048314 0.0414217412976 0.0483332172684 0.060158797834
Herato09 Herato0901 10525001.0 10525000.0 0.10946211466 0.09130390654 0.10825267338 0.13404413362
Herato09 Herato0901 10575001.0 10575000.0 0.0620437734696 0.0568850435552 0.06146938342 0.0681918388552
Herato09 Herato0901 10625001.0 10625000.0 0.148257868622 0.12635964548 0.149170891404 0.166533250814
Herato09 Herato0901 10675001.0 10675000.0 0.180363536846 0.16819439233 0.179403280766 0.19630473907
Herato09 Herato0901 10725001.0 10725000.0 0.13542557104 0.12295162766 0.13558017698 0.14885780298
Herato09 Herato0901 10775001.0 10775000.0 0.14817189798 0.1346051869 0.14848077216 0.1621283109
Herato09 Herato0901 10825001.0 10825000.0 0.157338678593 0.142988007965 0.157172128856 0.173383051736
Herato09 Herato0901 10875001.0 10875000.0 0.138933639132 0.12967678637 0.138757154147 0.149841369454
Herato09 Herato0901 10925001.0 10925000.0 0.15217269996 0.1463063713 0.1517265976 0.15749255152
Herato09 Herato0901 10975001.0 10975000.0 0.138438899863 0.124999431492 0.137670870307 0.154969467656
Herato09 Herato0901 11025001.0 11025000.0 0.19369653546 0.18269548146 0.19329768022 0.20746568836
Herato09 Herato0901 11075001.0 11075000.0 0.232937783992 0.217184334067 0.232928067235 0.250486965008
Herato09 Herato0901 11125001.0 11125000.0 0.176733293898 0.145430468704 0.175784468744 0.215606734214
Herato09 Herato0901 11175001.0 11175000.0 0.2257596869 0.20770080744 0.22228823728 0.25267244954
Herato09 Herato0901 11225001.0 11225000.0 0.187256712958 0.167092700825 0.187328819911 0.208609666828
Herato09 Herato0901 11275001.0 11275000.0 0.166191703458 0.153204368507 0.165655839171 0.18257701274
Herato09 Herato0901 11325001.0 11325000.0 0.153543002698 0.141194791775 0.152847173792 0.172786453494
Herato09 Herato0901 11375001.0 11375000.0 0.238446074654 0.211612722304 0.238371693252 0.26399404108
Herato09 Herato0901 11425001.0 11425000.0 0.0931838387678 0.0838045257852 0.0928135806015 0.102415390637
Herato09 Herato0901 11475001.0 11475000.0 0.128725878406 0.121683911163 0.1282903926 0.137388262938
Herato09 Herato0901 11525001.0 11525000.0 0.120563798501 0.110194742607 0.120064279225 0.132998875204
Herato09 Herato0901 11575001.0 11575000.0 0.096290054192 0.083253023602 0.093692699228 0.114422839714
Herato09 Herato0901 11625001.0 11625000.0 0.16192704066 0.15615606846 0.1599270537 0.17367970084
Herato09 Herato0901 11675001.0 11675000.0 0.137488246859 0.122222163262 0.137675613834 0.152062267923
Herato09 Herato0901 11725001.0 11725000.0 0.103962577764 0.0894541240524 0.103336806946 0.121838665902
Herato09 Herato0901 11775001.0 11775000.0 0.18347119918 0.161760782244 0.182982141458 0.2090440427
Herato09 Herato0901 11825001.0 11825000.0 0.094114373193 0.081231555891 0.093207980677 0.112333974673
Herato09 Herato0901 11875001.0 11875000.0 0.172649578762 0.160370242848 0.172300508825 0.187583741002
Herato09 Herato0901 11925001.0 11925000.0 0.2227158724 0.2094260138 0.222921622 0.2359648866
Herato09 Herato0901 11975001.0 11975000.0 0.132958734424 0.125292950148 0.132901956646 0.141532530066
Herato09 Herato0901 12025001.0 12025000.0 0.0785935206262 0.0705446057406 0.078007191955 0.0888199715094
Herato09 Herato0901 12075001.0 12075000.0 0.123775622408 0.113576768477 0.123885019188 0.134876995258
Herato09 Herato0901 12125001.0 12125000.0 0.11776306638 0.0982050521619 0.117027730555 0.139239216821
Herato09 Herato0901 12175001.0 12175000.0 0.136632184912 0.125892217832 0.136179195355 0.148418759978
Herato09 Herato0901 12225001.0 12225000.0 0.132998432108 0.127490493936 0.132235221058 0.141305724342
Herato09 Herato0901 12275001.0 12275000.0 0.124201541124 0.113940459005 0.124039705142 0.136383907368
Herato09 Herato0901 12325001.0 12325000.0 0.11648263724 0.11097795924 0.1157781539 0.12411868758
Herato09 Herato0901 12375001.0 12375000.0 0.123750474644 0.111620161544 0.123560547024 0.13613723179
Herato09 Herato0901 12425001.0 12425000.0 0.0918185480046 0.0873918416197 0.0916342830848 0.0974272370498
Herato09 Herato0901 12475001.0 12475000.0 0.115318239095 0.105240825459 0.114923217789 0.125659981888
Herato09 Herato0901 12525001.0 12525000.0 0.0631821362138 0.0539848647906 0.0625905608362 0.0771677726708
Herato09 Herato0901 12560232.5 12575000.0 0.0452178933343 0.0379955220593 0.0454131413478 0.0531652670821
Herato09 Herato0902 12595465.0 25000.0 0.077593360836 0.0551446939212 0.077327044944 0.105705243196
Herato09 Herato0902 12622091.0 75000.0 0.0044055395449 0.00397931457565 0.00439815445879 0.00478438487085
Herato09 Herato0903 12648718.0 25000.0 0.0350083573327 0.0279467357645 0.0341993686791 0.0487424821751
Herato09 Herato0903 12677323.5 75000.0 0.0852705305783 0.0758898995978 0.0848804972958 0.0951377115518
Herato09 Herato0904 12705930.0 25000.0 0.0391752849942 0.0325578294057 0.0389041997419 0.0475549227908
Herato09 Herato0904 12755930.0 75000.0 0.0445553023948 0.0398555141704 0.0444037874946 0.0498924071458
Herato09 Herato0904 12805930.0 125000.0 0.093962744611 0.0855571279977 0.09393845217 0.102580002304
Herato09 Herato0904 12855930.0 175000.0 0.0717500820246 0.0648530490047 0.0715722536916 0.07990256235
Herato09 Herato0904 12905930.0 225000.0 0.176128910433 0.158132013332 0.175724263009 0.195244376574
Herato09 Herato0904 12955930.0 275000.0 0.0960988053797 0.0873474299921 0.096178773327 0.104482203307
Herato09 Herato0904 13005930.0 325000.0 0.113688180311 0.107014386796 0.113594582742 0.120474078264
Herato09 Herato0904 13055930.0 375000.0 0.10674887362 0.09897716088 0.10680941336 0.1156183042
Herato09 Herato0904 13105930.0 425000.0 0.0770162052968 0.0706898459565 0.076651405946 0.08557668126
