chrom scaffold Cposition position mean p0025 p0500 p0975
Herato08 Herato0801 25001.0 25000.0 0.129803635096 0.109653333688 0.128614574278 0.156035909657
Herato08 Herato0801 75001.0 75000.0 0.21095961196 0.190302848842 0.21125751992 0.23430388908
Herato08 Herato0801 125001.0 125000.0 0.14184027146 0.131767893458 0.14115349414 0.15689658942
Herato08 Herato0801 175001.0 175000.0 0.2212931936 0.2057249972 0.2207761674 0.2441547704
Herato08 Herato0801 225001.0 225000.0 0.2444415754 0.2251241704 0.2466206884 0.2679509818
Herato08 Herato0801 275001.0 275000.0 0.1679432598 0.1622810644 0.1681731234 0.174676088
Herato08 Herato0801 325001.0 325000.0 0.14501578898 0.125839616146 0.144059026036 0.1716087165
Herato08 Herato0801 375001.0 375000.0 0.122106439922 0.102429892291 0.122921674264 0.132978173586
Herato08 Herato0801 425001.0 425000.0 0.172788064666 0.159607278402 0.172653006458 0.185785664662
Herato08 Herato0801 475001.0 475000.0 0.0841547113383 0.0751829607759 0.0842169253248 0.0945095713478
Herato08 Herato0801 525001.0 525000.0 0.126652347977 0.109386581119 0.125863846744 0.151705810262
Herato08 Herato0801 575001.0 575000.0 0.122967918908 0.0938013110028 0.119362401968 0.168916166932
Herato08 Herato0801 625001.0 625000.0 0.11759928778 0.106178081028 0.11731829312 0.13104392902
Herato08 Herato0801 675001.0 675000.0 0.148113584081 0.124392334052 0.14713782624 0.177848428785
Herato08 Herato0801 725001.0 725000.0 0.165906472912 0.151185898753 0.16578744913 0.183911348876
Herato08 Herato0801 775001.0 775000.0 0.10570386725 0.09735248782 0.104696453672 0.11861468832
Herato08 Herato0801 825001.0 825000.0 0.1519581696 0.130063496852 0.151303237492 0.17639558604
Herato08 Herato0801 875001.0 875000.0 0.13041625098 0.11134807932 0.12692157768 0.15479646656
Herato08 Herato0801 925001.0 925000.0 0.161643157774 0.128236315548 0.164471975582 0.17927089792
Herato08 Herato0801 975001.0 975000.0 0.15980734925 0.152109272434 0.159545910154 0.17087428554
Herato08 Herato0801 1025001.0 1025000.0 0.1769199772 0.167973473 0.176840861 0.1888217836
Herato08 Herato0801 1075001.0 1075000.0 0.148622160484 0.136307635747 0.148022066994 0.16267044784
Herato08 Herato0801 1125001.0 1125000.0 0.12283291766 0.11342393336 0.12228190694 0.132930589
Herato08 Herato0801 1175001.0 1175000.0 0.1400213232 0.1354447178 0.1398487298 0.1437702462
Herato08 Herato0801 1225001.0 1225000.0 0.172903450539 0.163885605492 0.172358629824 0.182138716722
Herato08 Herato0801 1275001.0 1275000.0 0.09631889978 0.08891366086 0.09611350132 0.10481948356
Herato08 Herato0801 1325001.0 1325000.0 0.1894765056 0.17436908134 0.18741783226 0.20923712068
Herato08 Herato0801 1375001.0 1375000.0 0.113527471062 0.102027687756 0.11235183979 0.12702451391
Herato08 Herato0801 1425001.0 1425000.0 0.12709176868 0.119547165505 0.127406023699 0.13515340244
Herato08 Herato0801 1475001.0 1475000.0 0.149244452796 0.12671115323 0.149749600672 0.173956663136
Herato08 Herato0801 1525001.0 1525000.0 0.144166167928 0.132939246086 0.143906302655 0.158302889392
Herato08 Herato0801 1575001.0 1575000.0 0.1261436232 0.1207937112 0.126217736 0.1304108552
Herato08 Herato0801 1625001.0 1625000.0 0.132998139552 0.123667717084 0.132836189562 0.14313373446
Herato08 Herato0801 1675001.0 1675000.0 0.12466609542 0.116795684482 0.124135179684 0.13525802284
Herato08 Herato0801 1725001.0 1725000.0 0.09343952374 0.084005106552 0.0930318265 0.105559783764
Herato08 Herato0801 1775001.0 1775000.0 0.081630032018 0.0704327971941 0.0816239190916 0.092088786774
Herato08 Herato0801 1825001.0 1825000.0 0.0517700776301 0.0441245109083 0.051539918999 0.0613197869
Herato08 Herato0801 1875001.0 1875000.0 0.0635032726551 0.0584961900725 0.0634050459369 0.0680888743584
Herato08 Herato0801 1925001.0 1925000.0 0.08926953404 0.0834557449728 0.089395549054 0.09552074948
Herato08 Herato0801 1975001.0 1975000.0 0.101233418526 0.0878751617118 0.100642583229 0.120857792543
Herato08 Herato0801 2025001.0 2025000.0 0.14755363492 0.134505090862 0.145958414428 0.170191542744
Herato08 Herato0801 2075001.0 2075000.0 0.102561086004 0.0955515670066 0.102548521614 0.110167886322
Herato08 Herato0801 2125001.0 2125000.0 0.15308941704 0.137277163336 0.15289557256 0.16944417522
Herato08 Herato0801 2175001.0 2175000.0 0.191070566288 0.180042459521 0.191929034716 0.198964864792
Herato08 Herato0801 2225001.0 2225000.0 0.205706764 0.1932425876 0.2066620414 0.2122857424
Herato08 Herato0801 2275001.0 2275000.0 0.2048826734 0.2010165246 0.2042120794 0.2110995114
Herato08 Herato0801 2325001.0 2325000.0 0.1465610825 0.124469544293 0.144357010314 0.176730807706
Herato08 Herato0801 2375001.0 2375000.0 0.235584201538 0.188006273392 0.23224461787 0.30148634426
Herato08 Herato0801 2425001.0 2425000.0 0.26118177082 0.23810040502 0.2601741359 0.28574977196
Herato08 Herato0801 2475001.0 2475000.0 0.17212125418 0.15570569118 0.17287513572 0.190663419
Herato08 Herato0801 2525001.0 2525000.0 0.106597763966 0.098166669538 0.106730500016 0.114392556894
Herato08 Herato0801 2575001.0 2575000.0 0.12919970344 0.115409251688 0.127652948 0.15834805598
Herato08 Herato0801 2625001.0 2625000.0 0.18020991342 0.150676507586 0.179136411808 0.217695866584
Herato08 Herato0801 2675001.0 2675000.0 0.162382958 0.1554344514 0.1616568964 0.171413997
Herato08 Herato0801 2725001.0 2725000.0 0.178971190556 0.165604264259 0.17782817782 0.193743193794
Herato08 Herato0801 2775001.0 2775000.0 0.128759271386 0.123572094305 0.128300092926 0.135200623987
Herato08 Herato0801 2825001.0 2825000.0 0.172402400358 0.151166825637 0.171393412252 0.193867713868
Herato08 Herato0801 2875001.0 2875000.0 0.1568918892 0.1502283894 0.1562704884 0.1650898088
Herato08 Herato0801 2925001.0 2925000.0 0.19052190076 0.17826188586 0.19120693368 0.19861785312
Herato08 Herato0801 2975001.0 2975000.0 0.19508499381 0.188008787076 0.194848997918 0.20347058283
Herato08 Herato0801 3025001.0 3025000.0 0.13269069034 0.12539575034 0.13294838526 0.14017975038
Herato08 Herato0801 3075001.0 3075000.0 0.125378979556 0.111315288602 0.125388553194 0.142647543103
Herato08 Herato0801 3125001.0 3125000.0 0.145526468352 0.136811897142 0.144930589736 0.153934119184
Herato08 Herato0801 3175001.0 3175000.0 0.09936051004 0.094631294504 0.098927825736 0.10551211286
Herato08 Herato0801 3225001.0 3225000.0 0.100875237758 0.091401803462 0.100722426924 0.112229451592
Herato08 Herato0801 3275001.0 3275000.0 0.189266620532 0.176849607458 0.189350319762 0.202334326534
Herato08 Herato0801 3325001.0 3325000.0 0.17796465798 0.16354373388 0.17718234704 0.19697077646
Herato08 Herato0801 3375001.0 3375000.0 0.204934303744 0.160315194558 0.200549087189 0.275488287985
Herato08 Herato0801 3425001.0 3425000.0 0.13851056796 0.129765456555 0.1382502522 0.150472893428
Herato08 Herato0801 3475001.0 3475000.0 0.16018726678 0.14921813404 0.16067775582 0.17218679112
Herato08 Herato0801 3525001.0 3525000.0 0.176261329635 0.167479376073 0.176429449879 0.185433391607
Herato08 Herato0801 3575001.0 3575000.0 0.176191513896 0.166817483796 0.175945317718 0.18497444072
Herato08 Herato0801 3625001.0 3625000.0 0.086098513428 0.0752237821556 0.0855400094359 0.0993221980179
Herato08 Herato0801 3675001.0 3675000.0 0.069616904074 0.0628973032242 0.069320556678 0.077563172334
Herato08 Herato0801 3725001.0 3725000.0 0.102246083064 0.0928899881711 0.102151177353 0.112223327259
Herato08 Herato0801 3775001.0 3775000.0 0.103071769694 0.097267014599 0.102594385416 0.111190420834
Herato08 Herato0801 3825001.0 3825000.0 0.1528852236 0.146180922 0.153668515 0.1598622186
Herato08 Herato0801 3875001.0 3875000.0 0.13976276922 0.126947255892 0.14020992054 0.15059228886
Herato08 Herato0801 3925001.0 3925000.0 0.0669227295038 0.0608221908074 0.0667561255036 0.0732959149358
Herato08 Herato0801 3975001.0 3975000.0 0.0828669816669 0.0777929306736 0.0827280620263 0.0890104070603
Herato08 Herato0801 4025001.0 4025000.0 0.16032457562 0.13764014442 0.15881741616 0.19050896594
Herato08 Herato0801 4075001.0 4075000.0 0.179461561874 0.165757930272 0.177870186526 0.218557384268
Herato08 Herato0801 4125001.0 4125000.0 0.0850865510804 0.0561168584179 0.0813686777042 0.132737368498
Herato08 Herato0801 4175001.0 4175000.0 0.0414874838515 0.0242390540088 0.0406940749103 0.06985030369
Herato08 Herato0801 4225001.0 4225000.0 0.066341560764 0.061731091404 0.066490790086 0.071302703692
Herato08 Herato0801 4275001.0 4275000.0 0.08253597006 0.07811273816 0.08287456128 0.088059685
Herato08 Herato0801 4325001.0 4325000.0 0.088737963188 0.08010465999 0.08827034922 0.100157924064
Herato08 Herato0801 4375001.0 4375000.0 0.142823853122 0.13439478024 0.142164308106 0.1525520309
Herato08 Herato0801 4425001.0 4425000.0 0.159288619982 0.146334106682 0.158566708942 0.173093263634
Herato08 Herato0801 4475001.0 4475000.0 0.1498637451 0.1380187279 0.14972975118 0.16182846308
Herato08 Herato0801 4525001.0 4525000.0 0.14618939356 0.135940031076 0.14650902624 0.1564247355
Herato08 Herato0801 4575001.0 4575000.0 0.1289606369 0.114798227724 0.12839919652 0.14492633458
Herato08 Herato0801 4625001.0 4625000.0 0.118981311443 0.111198161204 0.118943364395 0.127331313919
Herato08 Herato0801 4675001.0 4675000.0 0.16141103505 0.130793507017 0.153208607001 0.217970076694
Herato08 Herato0801 4725001.0 4725000.0 0.15136896404 0.145335413502 0.15084955784 0.15954785892
Herato08 Herato0801 4775001.0 4775000.0 0.12842228444 0.12195009642 0.12827291992 0.13638894058
Herato08 Herato0801 4825001.0 4825000.0 0.12155092246 0.113769199396 0.121898682728 0.129654886896
Herato08 Herato0801 4875001.0 4875000.0 0.32264215091 0.275202837324 0.31709643345 0.378604787272
Herato08 Herato0801 4925001.0 4925000.0 0.423172 0.4108715734 0.4217194588 0.440662067
Herato08 Herato0801 4975001.0 4975000.0 0.429831717996 0.406797355838 0.430066009404 0.448630118946
Herato08 Herato0801 5025001.0 5025000.0 0.29356245608 0.27140766926 0.29267589472 0.31800016224
Herato08 Herato0801 5075001.0 5075000.0 0.345869037936 0.316928361516 0.343218083714 0.384988888884
Herato08 Herato0801 5125001.0 5125000.0 0.056038735288 0.050997358642 0.056018038074 0.061803537042
Herato08 Herato0801 5175001.0 5175000.0 0.109855929088 0.060174033812 0.104534964344 0.175410196648
Herato08 Herato0801 5225001.0 5225000.0 0.059671054314 0.0525136307544 0.058891042116 0.068694448394
Herato08 Herato0801 5275001.0 5275000.0 0.1097803612 0.10111209036 0.10982546748 0.11827554638
Herato08 Herato0801 5325001.0 5325000.0 0.115002910615 0.105732655236 0.114731189707 0.125929092861
Herato08 Herato0801 5375001.0 5375000.0 0.146825009936 0.137631145944 0.146807671198 0.155301864628
Herato08 Herato0801 5425001.0 5425000.0 0.0824655806896 0.0738453598835 0.0827147124566 0.09141034168
Herato08 Herato0801 5475001.0 5475000.0 0.073927323452 0.0639719143588 0.074325761904 0.082509015738
Herato08 Herato0801 5525001.0 5525000.0 0.0814376252596 0.0779207246725 0.0813246461144 0.0861007927844
Herato08 Herato0801 5575001.0 5575000.0 0.0975569860846 0.0915716124549 0.0978887314384 0.103363104956
Herato08 Herato0801 5625001.0 5625000.0 0.0947205866485 0.0891793381224 0.0942395477314 0.102715872143
Herato08 Herato0801 5675001.0 5675000.0 0.07028053474 0.060155384754 0.070133479358 0.07939268212
Herato08 Herato0801 5725001.0 5725000.0 0.0718729624082 0.0616908021062 0.0711873386228 0.0822518064296
Herato08 Herato0801 5775001.0 5775000.0 0.16221230722 0.14984540742 0.1618929662 0.17604060504
Herato08 Herato0801 5825001.0 5825000.0 0.2054520682 0.1982166754 0.205382173 0.2119978404
Herato08 Herato0801 5875001.0 5875000.0 0.1704222844 0.1647038486 0.170077547 0.178680482
Herato08 Herato0801 5925001.0 5925000.0 0.105535131093 0.0989257895207 0.105420771056 0.113048983216
Herato08 Herato0801 5975001.0 5975000.0 0.16330400552 0.152013824906 0.16382159756 0.170719089
Herato08 Herato0801 6025001.0 6025000.0 0.155033429232 0.142746409262 0.156104048206 0.16566239198
Herato08 Herato0801 6075001.0 6075000.0 0.1284469259 0.11785081394 0.12848756488 0.13999619158
Herato08 Herato0801 6125001.0 6125000.0 0.1704419447 0.147429085496 0.16711688939 0.2018087459
Herato08 Herato0801 6175001.0 6175000.0 0.102521866011 0.0932655954305 0.102110969784 0.113767977864
Herato08 Herato0801 6225001.0 6225000.0 0.133684107603 0.124645081796 0.133353497662 0.144054748156
Herato08 Herato0801 6275001.0 6275000.0 0.165850610582 0.155485397812 0.165127067288 0.17839326642
Herato08 Herato0801 6325001.0 6325000.0 0.170132751588 0.16032014551 0.169591438494 0.18159188898
Herato08 Herato0801 6375001.0 6375000.0 0.12988470272 0.117964083626 0.12904721502 0.14430077242
Herato08 Herato0801 6425001.0 6425000.0 0.0736013844152 0.0658691458327 0.0732638509044 0.0829114300264
Herato08 Herato0801 6475001.0 6475000.0 0.10318995946 0.09884761142 0.10307571328 0.10810248878
Herato08 Herato0801 6525001.0 6525000.0 0.0994004632598 0.0900735581547 0.0993487800994 0.109457191434
Herato08 Herato0801 6575001.0 6575000.0 0.0523316605206 0.0484815807113 0.0523249205497 0.0569679604618
Herato08 Herato0801 6625001.0 6625000.0 0.0845490972024 0.0430979671796 0.0727032058581 0.182223123578
Herato08 Herato0801 6675001.0 6675000.0 0.031319179412 0.0257760269135 0.0306308652262 0.04104460282
Herato08 Herato0801 6725001.0 6725000.0 0.13049145664 0.11903551572 0.12992424174 0.146513913
Herato08 Herato0801 6775001.0 6775000.0 0.12390639932 0.09962405298 0.12431840008 0.15134712644
Herato08 Herato0801 6825001.0 6825000.0 0.130568895092 0.122343203805 0.13064938261 0.138384393481
Herato08 Herato0801 6875001.0 6875000.0 0.1566788754 0.13310595584 0.15587133592 0.18528154986
Herato08 Herato0801 6925001.0 6925000.0 0.179463015502 0.165024130953 0.17985660278 0.19435107457
Herato08 Herato0801 6975001.0 6975000.0 0.24400757022 0.2267863829 0.24238944496 0.25931648964
Herato08 Herato0801 7025001.0 7025000.0 0.14647700354 0.1384535946 0.14587418166 0.15478422038
Herato08 Herato0801 7075001.0 7075000.0 0.1885264524 0.1818837828 0.1889806036 0.195286182
Herato08 Herato0801 7125001.0 7125000.0 0.16914718358 0.15856144092 0.16967488222 0.17814258846
Herato08 Herato0801 7175001.0 7175000.0 0.147286645092 0.139667114132 0.146820995934 0.157135636658
Herato08 Herato0801 7225001.0 7225000.0 0.167977703562 0.153425181868 0.166539092388 0.18627635681
Herato08 Herato0801 7275001.0 7275000.0 0.0854093077188 0.0779801876974 0.0851034881886 0.09429953797
Herato08 Herato0801 7325001.0 7325000.0 0.110735418368 0.1025512147 0.110572373457 0.12189455743
Herato08 Herato0801 7375001.0 7375000.0 0.11754432898 0.10425015008 0.11671042088 0.13296482824
Herato08 Herato0801 7425001.0 7425000.0 0.0905971312842 0.0773830031554 0.0910197750464 0.10453628651
Herato08 Herato0801 7475001.0 7475000.0 0.146333854309 0.133004086998 0.146540161599 0.161635534513
Herato08 Herato0801 7525001.0 7525000.0 0.1675403647 0.15806388342 0.16882069642 0.17613893666
Herato08 Herato0801 7575001.0 7575000.0 0.256002011358 0.217657216655 0.253129859269 0.308436145022
Herato08 Herato0801 7625001.0 7625000.0 0.102605532671 0.0931004945217 0.101538806084 0.12041602143
Herato08 Herato0801 7675001.0 7675000.0 0.148220064 0.1409099856 0.148508224 0.1529612944
Herato08 Herato0801 7725001.0 7725000.0 0.169525828788 0.146651933682 0.170877308296 0.190073684544
Herato08 Herato0801 7775001.0 7775000.0 0.120941363057 0.104176241919 0.120529489679 0.139317841936
Herato08 Herato0801 7825001.0 7825000.0 0.0946999333377 0.0842733773282 0.0944291551127 0.107496108287
Herato08 Herato0801 7875001.0 7875000.0 0.07484110315 0.0678950080582 0.075096181954 0.081966118788
Herato08 Herato0801 7925001.0 7925000.0 0.10976819492 0.10145398396 0.10928679268 0.11859563944
Herato08 Herato0801 7975001.0 7975000.0 0.0622773344472 0.0499758427522 0.0619483283396 0.073989152376
Herato08 Herato0801 8025001.0 8025000.0 0.08137069631 0.073917801348 0.082683099218 0.08615160296
Herato08 Herato0801 8075001.0 8075000.0 0.11756684175 0.101967714032 0.117590116928 0.13075283474
Herato08 Herato0801 8125001.0 8125000.0 0.105676959738 0.101086028856 0.105491860086 0.111469937938
Herato08 Herato0801 8175001.0 8175000.0 0.103716132286 0.089736730784 0.103838582248 0.112722040828
Herato08 Herato0801 8225001.0 8225000.0 0.066891229756 0.062057262454 0.067854571226 0.07091212254
Herato08 Herato0801 8275001.0 8275000.0 0.0709302478216 0.061397659516 0.069807968419 0.080099150662
Herato08 Herato0801 8325001.0 8325000.0 0.11130749045 0.0976867735506 0.110967614004 0.127927980524
Herato08 Herato0801 8375001.0 8375000.0 0.14135317138 0.1288996487 0.14048798294 0.15717501832
Herato08 Herato0801 8425001.0 8425000.0 0.068625620342 0.064404683176 0.06790792328 0.074990396332
Herato08 Herato0801 8475001.0 8475000.0 0.13855322676 0.1303732348 0.13814311558 0.14821424242
Herato08 Herato0801 8525001.0 8525000.0 0.124852805694 0.113301767661 0.124097612514 0.138793789368
Herato08 Herato0801 8575001.0 8575000.0 0.169650005096 0.157992499028 0.169366348364 0.18144228591
Herato08 Herato0801 8625001.0 8625000.0 0.11281298982 0.09744337932 0.1128931323 0.127580851
Herato08 Herato0801 8675001.0 8675000.0 0.2328590488 0.2228785348 0.2318053944 0.2454575088
Herato08 Herato0801 8725001.0 8725000.0 0.2374926144 0.2207248368 0.2411427504 0.2544720816
Herato08 Herato0801 8775001.0 8775000.0 0.2606477412 0.220941723 0.2585969008 0.3023783402
Herato08 Herato0801 8825001.0 8825000.0 0.2120825228 0.2028298972 0.2117473168 0.2217272926
Herato08 Herato0801 8875001.0 8875000.0 0.175843892289 0.165178875757 0.175665456311 0.183246544704
Herato08 Herato0801 8925001.0 8925000.0 0.12444780271 0.11254764701 0.123299999928 0.151266161994
Herato08 Herato0801 8975001.0 8975000.0 0.083712236976 0.07533595806 0.083289513234 0.09206225484
Herato08 Herato0801 9025001.0 9025000.0 0.082225990932 0.075662069398 0.081823715852 0.090321907682
Herato08 Herato0801 9075001.0 9075000.0 0.107695754514 0.086201954662 0.107896343014 0.130016542558
Herato08 Herato0801 9125001.0 9125000.0 0.15303342096 0.13018194484 0.1517188863 0.1810528398
Herato08 Herato0801 9175001.0 9175000.0 0.158907134272 0.132446253944 0.158175036466 0.192953422628
Herato08 Herato0801 9225001.0 9225000.0 0.268096934428 0.243574895424 0.267707767424 0.29213288702
Herato08 Herato0801 9260916.5 9275000.0 0.156548509322 0.13544454473 0.154020629701 0.185062950621
Herato08 Herato0802 9288035.5 25000.0 0.212302030551 0.194631638945 0.213972666564 0.232179984262
Herato08 Herato0803 9329239.0 25000.0 0.31362511866 0.29210484778 0.31378532706 0.33315242854
Herato08 Herato0803 9379239.0 75000.0 0.20250201152 0.19400183186 0.20003213522 0.22386664934
Herato08 Herato0803 9422168.5 125000.0 0.193878512781 0.189830611255 0.193083315949 0.203892707036
Herato08 Herato0804 9465099.0 25000.0 0.31340399121 0.296518831154 0.312580380118 0.332060745366
Herato08 Herato0804 9506176.0 75000.0 0.307534839242 0.286540260996 0.306846526855 0.327556691516
Herato08 Herato0805 9538053.0 25000.0 0.263253415919 0.230737815255 0.262869536498 0.304281233733
Herato08 Herato0806 9578853.0 25000.0 0.3521795994 0.340692478 0.3508624888 0.3787610486
Herato08 Herato0806 9622681.0 75000.0 0.313677271424 0.259903070595 0.309263694949 0.4129912039
Herato08 Herato0807 9666510.0 25000.0 0.309471524925 0.297253084719 0.307862153686 0.325582325825
Herato08 Herato0807 9716510.0 75000.0 0.207168056 0.187838699612 0.20432268298 0.23560479228
Herato08 Herato0807 9761164.0 125000.0 0.174075422372 0.159850936094 0.174320419357 0.192334928615
Herato08 Herato0808 9805819.0 25000.0 0.183408446318 0.160641590319 0.182850240151 0.209048213703
Herato08 Herato0808 9855819.0 75000.0 0.3113303396 0.296368676 0.3089080282 0.3350010672
Herato08 Herato0808 9896529.5 125000.0 0.312477928258 0.272792368295 0.312746917673 0.358007499437
Herato08 Herato0809 9937241.0 25000.0 0.13941531108 0.10742378858 0.13556608966 0.18998303526
Herato08 Herato0809 9969966.0 75000.0 0.221439558576 0.201500331068 0.220063356634 0.244206813592
Herato08 Herato0810 10001748.5 25000.0 0.240570928439 0.22682668468 0.238738923784 0.254352202523
Herato08 Herato0811 10044166.0 25000.0 0.266516000871 0.249313047903 0.263103014297 0.305511746405
Herato08 Herato0812 10087527.0 25000.0 0.18008062352 0.159857433731 0.179430216148 0.198746610088
Herato08 Herato0812 10112795.0 75000.0 0.102279272388 0.0900230559701 0.102339608209 0.110716231343
Herato08 Herato0813 10123852.5 25000.0 0.234454303193 0.195362377949 0.224638835334 0.290757466747
Herato08 Herato0814 10159642.0 25000.0 0.22806620607 0.198496541042 0.230607740506 0.266421118586
Herato08 Herato0814 10195527.0 75000.0 0.236094603904 0.20987827492 0.234753468213 0.273470930317
Herato08 Herato0815 10220911.5 25000.0 0.351374157444 0.28773319054 0.349322776004 0.420243009022
Herato08 Herato0816 10245516.5 25000.0 0.0997668065905 0.0872809535402 0.101034994805 0.106835855722
Herato08 Herato0817 10267897.0 25000.0 0.153530171725 0.138029193141 0.154008358829 0.168785897059
Herato08 Herato0818 10305172.0 25000.0 0.19057833522 0.16665367466 0.19100218374 0.21730842862
Herato08 Herato0818 10335979.5 75000.0 0.316485936289 0.302431743435 0.313910507964 0.339644670684
Herato08 Herato0819 10366788.0 25000.0 0.13881821204 0.11908976096 0.13792153046 0.16093698504
Herato08 Herato0819 10416557.5 75000.0 0.250907263885 0.232515638671 0.250440222459 0.270152998506
Herato08 Herato0820 10466328.0 25000.0 0.199138933054 0.17285783851 0.198863690531 0.229133698272
Herato08 Herato0820 10494503.0 75000.0 0.10751577811 0.0770356645669 0.0977235593701 0.240669210551
Herato08 Herato0821 10522679.0 25000.0 0.093716366272 0.081641981724 0.094523143806 0.105782270356
Herato08 Herato0821 10572679.0 75000.0 0.143315741994 0.139145774138 0.142630250894 0.1501916936
Herato08 Herato0821 10622679.0 125000.0 0.106976069828 0.0980592438041 0.107067533485 0.116286632282
Herato08 Herato0821 10672679.0 175000.0 0.09003183624 0.08201044372 0.09016828828 0.0980351571
Herato08 Herato0821 10722679.0 225000.0 0.083884693908 0.0767242126136 0.0830888608806 0.0926468872
Herato08 Herato0821 10772679.0 275000.0 0.112118294544 0.105310503714 0.111704300118 0.120444113486
Herato08 Herato0821 10822679.0 325000.0 0.125036116264 0.11525648883 0.125890484054 0.13348917605
Herato08 Herato0821 10872679.0 375000.0 0.1675895508 0.15030259672 0.16719724212 0.186346512
Herato08 Herato0821 10922679.0 425000.0 0.141613581024 0.130197559403 0.142299976956 0.151916684204
Herato08 Herato0821 10972679.0 475000.0 0.1127812204 0.109330332 0.1127469764 0.1153152836
Herato08 Herato0821 11022679.0 525000.0 0.1125785752 0.1084516332 0.1124975688 0.1165137088
Herato08 Herato0821 11072679.0 575000.0 0.121685835746 0.109943882546 0.120539007982 0.134500711024
Herato08 Herato0821 11122679.0 625000.0 0.0760638389499 0.0689315956246 0.0755156106904 0.0842096285896
Herato08 Herato0821 11172679.0 675000.0 0.0687711882136 0.0641636747016 0.068714091686 0.073989557012
Herato08 Herato0821 11222679.0 725000.0 0.119349314762 0.103782318726 0.119407790396 0.135849209442
Herato08 Herato0821 11272679.0 775000.0 0.083759291441 0.0729754839251 0.082539010905 0.102364042154
Herato08 Herato0821 11322679.0 825000.0 0.194660744812 0.188520700512 0.194200883812 0.203546808956
Herato08 Herato0821 11372679.0 875000.0 0.223055081706 0.207980382794 0.225482422267 0.239790031368
Herato08 Herato0821 11422679.0 925000.0 0.24130082204 0.21722203378 0.24008644136 0.2659189224
Herato08 Herato0821 11472679.0 975000.0 0.164017715916 0.154165877543 0.16338086978 0.175917690196
Herato08 Herato0821 11522679.0 1025000.0 0.2329339136 0.217224996626 0.23321258748 0.24910228006
Herato08 Herato0821 11572679.0 1075000.0 0.23272283522 0.21584436374 0.23321343346 0.24964871776
Herato08 Herato0821 11622679.0 1125000.0 0.244853045874 0.22923306785 0.24636527825 0.256243655091
Herato08 Herato0821 11672679.0 1175000.0 0.123370027521 0.109867315249 0.122902711233 0.139143913504
Herato08 Herato0821 11722679.0 1225000.0 0.130368082968 0.114872812705 0.129037299342 0.146918221638
Herato08 Herato0821 11772679.0 1275000.0 0.105541606647 0.0941983734723 0.104806029969 0.12034207713
Herato08 Herato0821 11822679.0 1325000.0 0.0584618588515 0.0506178423965 0.0581428558024 0.0680075738659
Herato08 Herato0821 11872679.0 1375000.0 0.126852605354 0.0922701883927 0.122737548236 0.174456167249
Herato08 Herato0821 11922679.0 1425000.0 0.0973433452 0.07816138394 0.0952099277 0.12653000242
Herato08 Herato0821 11972679.0 1475000.0 0.115438943662 0.077561938772 0.122275791616 0.160866385058
Herato08 Herato0821 12022679.0 1525000.0 0.07533009416 0.066026800592 0.0760124856 0.08637555124
Herato08 Herato0821 12072679.0 1575000.0 0.1690294186 0.156755768 0.1693358458 0.1805257796
Herato08 Herato0821 12122679.0 1625000.0 0.2103362892 0.198171956 0.210352437 0.2216740816
Herato08 Herato0821 12172679.0 1675000.0 0.174039618486 0.15053924776 0.172466867023 0.205390572422
Herato08 Herato0821 12222679.0 1725000.0 0.22854705831 0.206483115618 0.226858480882 0.255735802868
Herato08 Herato0821 12272679.0 1775000.0 0.2028465192 0.1951303126 0.2010258544 0.2142007724
Herato08 Herato0821 12322679.0 1825000.0 0.1746167748 0.1678617336 0.174094821 0.185025608
Herato08 Herato0821 12372679.0 1875000.0 0.1281185844 0.11727895388 0.1271424319 0.14120903176
Herato08 Herato0821 12422679.0 1925000.0 0.0900578171877 0.082112922341 0.0895928504234 0.0989920952348
Herato08 Herato0821 12472679.0 1975000.0 0.105248152534 0.0905384454252 0.105285537509 0.121124413956
Herato08 Herato0821 12522679.0 2025000.0 0.100791871598 0.084041414846 0.099985991188 0.121639430546
Herato08 Herato0821 12572679.0 2075000.0 0.179287380253 0.164724835054 0.178395149089 0.19560633134
Herato08 Herato0821 12622679.0 2125000.0 0.24067038 0.2293522258 0.2403530116 0.2556059188
Herato08 Herato0821 12672679.0 2175000.0 0.2723321676 0.2610584092 0.27303528 0.283656994
Herato08 Herato0821 12722679.0 2225000.0 0.2827945554 0.2685971092 0.2858074618 0.2956880962
Herato08 Herato0821 12772679.0 2275000.0 0.2670029994 0.2494382638 0.2698547824 0.279024845
Herato08 Herato0821 12822679.0 2325000.0 0.28163696134 0.26026408158 0.28426622374 0.29870406524
Herato08 Herato0821 12872679.0 2375000.0 0.25209280512 0.23819447942 0.25211910212 0.26831923152
Herato08 Herato0821 12922679.0 2425000.0 0.13504797713 0.122163483396 0.134350009826 0.15064001774
Herato08 Herato0821 12972679.0 2475000.0 0.160073850559 0.14882777187 0.158120217023 0.186111569344
Herato08 Herato0821 13022679.0 2525000.0 0.0985791201928 0.0840860536574 0.0985412185619 0.115872097496
Herato08 Herato0821 13072679.0 2575000.0 0.0957926599442 0.0800995315735 0.0959802767585 0.114540554596
Herato08 Herato0821 13122679.0 2625000.0 0.12536116516 0.10709630812 0.1254383651 0.14700002944
Herato08 Herato0821 13172679.0 2675000.0 0.145753161976 0.141778741358 0.14555824998 0.15183500158
Herato08 Herato0821 13222679.0 2725000.0 0.115758079563 0.108582611777 0.116118889669 0.123016030576
Herato08 Herato0821 13272679.0 2775000.0 0.117588316282 0.108827703016 0.116347411508 0.134660305762
Herato08 Herato0821 13322679.0 2825000.0 0.079028604702 0.07126584089 0.079417849068 0.088091561044
Herato08 Herato0821 13372679.0 2875000.0 0.10780561796 0.0986415007388 0.107580131224 0.118448083135
Herato08 Herato0821 13422679.0 2925000.0 0.125377808938 0.116298585606 0.12453445969 0.137475023762
Herato08 Herato0821 13472679.0 2975000.0 0.075090045026 0.070063403244 0.074851537612 0.080775786014
Herato08 Herato0821 13522679.0 3025000.0 0.08581571205 0.079833410298 0.086789903436 0.090812723038
Herato08 Herato0821 13572679.0 3075000.0 0.060298311032 0.050533656536 0.0600552089 0.071143436992
Herato08 Herato0821 13622679.0 3125000.0 0.117122333894 0.10599643741 0.117022777352 0.130295106374
Herato08 Herato0821 13672679.0 3175000.0 0.111470469984 0.098854454322 0.11181608317 0.124694189532
Herato08 Herato0821 13722679.0 3225000.0 0.109363211522 0.099276857298 0.108189896904 0.122649076576
Herato08 Herato0821 13772679.0 3275000.0 0.139228045408 0.119490629962 0.139056301344 0.160998347828
Herato08 Herato0821 13822679.0 3325000.0 0.1808419529 0.16966908604 0.18170894796 0.1940787464
Herato08 Herato0821 13872679.0 3375000.0 0.144966738572 0.129624669894 0.144770946732 0.163722283892
Herato08 Herato0821 13922679.0 3425000.0 0.15346791906 0.14512779812 0.15371375544 0.16111670018
