chrom scaffold Cposition position mean p0025 p0500 p0975
Herato20 Herato2001 25001.0 25000.0 0.0456720851078 0.0351987666541 0.0445149039408 0.062036517814
Herato20 Herato2001 75001.0 75000.0 0.031959448014 0.027677012632 0.03158145432 0.037787497844
Herato20 Herato2001 125001.0 125000.0 0.088589172037 0.0746395420993 0.0877531569304 0.105370183835
Herato20 Herato2001 175001.0 175000.0 0.099417400646 0.089487600896 0.098860827496 0.110650263508
Herato20 Herato2001 225001.0 225000.0 0.113362705401 0.0841362287485 0.110530073392 0.156986587872
Herato20 Herato2001 275001.0 275000.0 0.083867147939 0.0723632118943 0.0815294092784 0.104097516594
Herato20 Herato2001 325001.0 325000.0 0.0770582859816 0.0664702685129 0.0769596933106 0.0884350151712
Herato20 Herato2001 375001.0 375000.0 0.107601693248 0.096979647656 0.107510088612 0.119645319744
Herato20 Herato2001 425001.0 425000.0 0.097859605816 0.0893572548506 0.0975394951926 0.108230754148
Herato20 Herato2001 475001.0 475000.0 0.098453136972 0.087052041704 0.098043180238 0.1119528471
Herato20 Herato2001 525001.0 525000.0 0.081559091226 0.07216881813 0.0807011323 0.092091097568
Herato20 Herato2001 575001.0 575000.0 0.0557370023588 0.0506501376326 0.0554358368906 0.062686095158
Herato20 Herato2001 625001.0 625000.0 0.146604487435 0.094089013882 0.144470330233 0.189826968249
Herato20 Herato2001 675001.0 675000.0 0.109571462563 0.102849895997 0.109637944885 0.11788757076
Herato20 Herato2001 725001.0 725000.0 0.136114499428 0.125328234337 0.136456035756 0.147166761428
Herato20 Herato2001 775001.0 775000.0 0.066456123312 0.058983013724 0.066510574392 0.070814657382
Herato20 Herato2001 825001.0 825000.0 0.12615428049 0.117989777013 0.125987096695 0.134293260755
Herato20 Herato2001 875001.0 875000.0 0.13895437336 0.1244800686 0.13888941806 0.149670435
Herato20 Herato2001 925001.0 925000.0 0.12559178876 0.12056857342 0.12525884216 0.13273608258
Herato20 Herato2001 975001.0 975000.0 0.094360653786 0.0827654017494 0.093742080611 0.111285141726
Herato20 Herato2001 1025001.0 1025000.0 0.07906676344 0.07058349498 0.07888433282 0.08911231398
Herato20 Herato2001 1075001.0 1075000.0 0.11317422904 0.10533968274 0.11341787908 0.1206008694
Herato20 Herato2001 1125001.0 1125000.0 0.154368211078 0.118216551816 0.150303639106 0.214996739804
Herato20 Herato2001 1175001.0 1175000.0 0.09744215488 0.0847969019 0.0971702639 0.1112679555
Herato20 Herato2001 1225001.0 1225000.0 0.117056190852 0.105503801908 0.116812781106 0.131685668664
Herato20 Herato2001 1275001.0 1275000.0 0.194671437393 0.175389269534 0.194667771094 0.213931563986
Herato20 Herato2001 1325001.0 1325000.0 0.145628203223 0.131320339547 0.144494264469 0.162856053035
Herato20 Herato2001 1375001.0 1375000.0 0.103185633142 0.096906968132 0.10324337056 0.10979442414
Herato20 Herato2001 1425001.0 1425000.0 0.108340366596 0.1007017982 0.10836360859 0.11719916302
Herato20 Herato2001 1475001.0 1475000.0 0.148947754556 0.14113569829 0.14987059449 0.156179924748
Herato20 Herato2001 1525001.0 1525000.0 0.147755074388 0.133873130827 0.148368294255 0.164817932806
Herato20 Herato2001 1575001.0 1575000.0 0.06111080114 0.05654226996 0.0614656327 0.06566136458
Herato20 Herato2001 1625001.0 1625000.0 0.106488461716 0.087960468682 0.106155331736 0.12668480128
Herato20 Herato2001 1675001.0 1675000.0 0.0546565885806 0.0496096003585 0.0546589512674 0.060293895408
Herato20 Herato2001 1725001.0 1725000.0 0.114223749372 0.094492516896 0.115261420308 0.12803678828
Herato20 Herato2001 1775001.0 1775000.0 0.12959755047 0.120617939828 0.129718826047 0.139417353796
Herato20 Herato2001 1825001.0 1825000.0 0.0744944465 0.06932877002 0.07430181668 0.08122019004
Herato20 Herato2001 1875001.0 1875000.0 0.10816375982 0.10520991246 0.1082635246 0.1122511096
Herato20 Herato2001 1925001.0 1925000.0 0.06985857386 0.06456542482 0.06993834858 0.07479960398
Herato20 Herato2001 1975001.0 1975000.0 0.064821229 0.05953700426 0.0647420287 0.07134097968
Herato20 Herato2001 2025001.0 2025000.0 0.10490111893 0.096185096272 0.1047506366 0.11367303628
Herato20 Herato2001 2075001.0 2075000.0 0.069991198326 0.046852137758 0.06790172792 0.10463949944
Herato20 Herato2001 2125001.0 2125000.0 0.04984858355 0.0438273957336 0.04978081246 0.058530553512
Herato20 Herato2001 2175001.0 2175000.0 0.042256768484 0.035785699602 0.041854571644 0.04901893118
Herato20 Herato2001 2225001.0 2225000.0 0.075182858454 0.060238851616 0.076180237994 0.088913492058
Herato20 Herato2001 2275001.0 2275000.0 0.12146765816 0.11377743534 0.12102889886 0.13091061896
Herato20 Herato2001 2325001.0 2325000.0 0.10056616339 0.091640458936 0.100539400154 0.10929972984
Herato20 Herato2001 2375001.0 2375000.0 0.083879763882 0.0776684504478 0.0836592973276 0.090322711947
Herato20 Herato2001 2425001.0 2425000.0 0.14661635794 0.13758389754 0.146059849 0.1572135142
Herato20 Herato2001 2475001.0 2475000.0 0.100027233383 0.0915582998717 0.099425008417 0.110269256553
Herato20 Herato2001 2525001.0 2525000.0 0.100953822896 0.090699387066 0.101064662238 0.11125155544
Herato20 Herato2001 2575001.0 2575000.0 0.107543560372 0.092035152334 0.105672698824 0.128464614736
Herato20 Herato2001 2625001.0 2625000.0 0.067135678376 0.061836033162 0.066979552488 0.072996378812
Herato20 Herato2001 2675001.0 2675000.0 0.101541174612 0.0865925587054 0.101742131434 0.11716774967
Herato20 Herato2001 2725001.0 2725000.0 0.114685818823 0.108213860892 0.114684607184 0.12097316285
Herato20 Herato2001 2775001.0 2775000.0 0.10897948767 0.0946390192174 0.108296406632 0.125834297366
Herato20 Herato2001 2825001.0 2825000.0 0.121867409423 0.112287314391 0.121566332977 0.133152963534
Herato20 Herato2001 2875001.0 2875000.0 0.141953651222 0.12209853482 0.140722263166 0.166337612224
Herato20 Herato2001 2925001.0 2925000.0 0.143069515556 0.130419930698 0.142945326076 0.15689398964
Herato20 Herato2001 2975001.0 2975000.0 0.110176545652 0.0971794860947 0.110085439881 0.124366663092
Herato20 Herato2001 3025001.0 3025000.0 0.088323448128 0.076526797582 0.088338918776 0.102044241292
Herato20 Herato2001 3075001.0 3075000.0 0.12626463522 0.11987937372 0.12643927646 0.13210647076
Herato20 Herato2001 3125001.0 3125000.0 0.103590257481 0.0948089488873 0.10377815597 0.112502232664
Herato20 Herato2001 3175001.0 3175000.0 0.096838206154 0.086949981876 0.096553838316 0.10849911379
Herato20 Herato2001 3225001.0 3225000.0 0.111802828488 0.093944568228 0.111723304148 0.12928565724
Herato20 Herato2001 3275001.0 3275000.0 0.0962559717372 0.0773294022803 0.0950441959783 0.120378138348
Herato20 Herato2001 3325001.0 3325000.0 0.10882590093 0.093943063576 0.10815199035 0.131180683726
Herato20 Herato2001 3375001.0 3375000.0 0.082708649822 0.071499518372 0.082081889408 0.093297009134
Herato20 Herato2001 3425001.0 3425000.0 0.112553792037 0.101480710919 0.111774062708 0.125761913493
Herato20 Herato2001 3475001.0 3475000.0 0.09260512827 0.0736536701834 0.09229990204 0.115193036032
Herato20 Herato2001 3525001.0 3525000.0 0.0841484012 0.078407153604 0.08390731522 0.09073965114
Herato20 Herato2001 3575001.0 3575000.0 0.0816282629448 0.0746967511248 0.0812235156602 0.0911529678276
Herato20 Herato2001 3625001.0 3625000.0 0.090125190176 0.08306214008 0.090402454666 0.09534652322
Herato20 Herato2001 3675001.0 3675000.0 0.11742490426 0.103410287294 0.11651544695 0.130812080246
Herato20 Herato2001 3725001.0 3725000.0 0.045440358448 0.040669801758 0.045402762112 0.049904470872
Herato20 Herato2001 3775001.0 3775000.0 0.054136701178 0.045895592994 0.051928508726 0.066168880094
Herato20 Herato2001 3825001.0 3825000.0 0.0909480414286 0.0783964474599 0.090219009725 0.110155442234
Herato20 Herato2001 3875001.0 3875000.0 0.112536668986 0.10818232453 0.112354569648 0.11961043288
Herato20 Herato2001 3925001.0 3925000.0 0.156048603456 0.147465306412 0.156153325632 0.1656183993
Herato20 Herato2001 3975001.0 3975000.0 0.16494957004 0.15375879848 0.16493896232 0.17652027694
Herato20 Herato2001 4025001.0 4025000.0 0.11303857648 0.09605686271 0.1123049321 0.13490534178
Herato20 Herato2001 4075001.0 4075000.0 0.117796158958 0.102345766736 0.118001980443 0.132345699854
Herato20 Herato2001 4125001.0 4125000.0 0.0939535357544 0.0863232190526 0.0937503303022 0.10186105918
Herato20 Herato2001 4175001.0 4175000.0 0.131505365428 0.122463630956 0.131659338546 0.139144754592
Herato20 Herato2001 4225001.0 4225000.0 0.1631365476 0.156075486 0.1631096064 0.1699153884
Herato20 Herato2001 4275001.0 4275000.0 0.12475174508 0.110274381222 0.12446799306 0.13941699702
Herato20 Herato2001 4325001.0 4325000.0 0.117571758368 0.09900246315 0.117345216734 0.140883419074
Herato20 Herato2001 4375001.0 4375000.0 0.08591668724 0.08220090982 0.0856536119 0.09040941072
Herato20 Herato2001 4425001.0 4425000.0 0.09253898975 0.087530307562 0.092523004822 0.0981931805
Herato20 Herato2001 4475001.0 4475000.0 0.08990709506 0.08258713174 0.09006266216 0.09868390444
Herato20 Herato2001 4525001.0 4525000.0 0.0613137840188 0.055001655995 0.060763830595 0.070790088988
Herato20 Herato2001 4575001.0 4575000.0 0.1040532046 0.095127283998 0.103528997134 0.1169549626
Herato20 Herato2001 4625001.0 4625000.0 0.09467242454 0.08796785902 0.0943435849 0.10156000094
Herato20 Herato2001 4675001.0 4675000.0 0.12475980393 0.1106567481 0.124788190942 0.14116151252
Herato20 Herato2001 4725001.0 4725000.0 0.13392849841 0.123108859132 0.13347545609 0.145543841444
Herato20 Herato2001 4775001.0 4775000.0 0.10493735482 0.09357350192 0.10459504136 0.11858242482
Herato20 Herato2001 4825001.0 4825000.0 0.0973596270396 0.0872196910569 0.0976080434029 0.10982325973
Herato20 Herato2001 4875001.0 4875000.0 0.0819368638 0.076486035466 0.0820875981 0.08669057652
Herato20 Herato2001 4925001.0 4925000.0 0.1214993982 0.11533508864 0.12160889228 0.12666132404
Herato20 Herato2001 4975001.0 4975000.0 0.120079749272 0.103930987294 0.119374803854 0.142996704682
Herato20 Herato2001 5025001.0 5025000.0 0.136761401881 0.129565268748 0.137195563519 0.144107407391
Herato20 Herato2001 5075001.0 5075000.0 0.16076819184 0.14814642842 0.16138519288 0.17260367238
Herato20 Herato2001 5125001.0 5125000.0 0.17501485578 0.15572304998 0.17523608504 0.19260460234
Herato20 Herato2001 5175001.0 5175000.0 0.12926715162 0.121812542186 0.1293630433 0.1367624306
Herato20 Herato2001 5225001.0 5225000.0 0.146618941726 0.135444482018 0.148360695393 0.15918950848
Herato20 Herato2001 5275001.0 5275000.0 0.20484806455 0.181782738133 0.201425793618 0.230537903706
Herato20 Herato2001 5325001.0 5325000.0 0.13663463614 0.12998044262 0.13700214982 0.14288803932
Herato20 Herato2001 5375001.0 5375000.0 0.150209288886 0.14327955943 0.150286790892 0.157141299214
Herato20 Herato2001 5425001.0 5425000.0 0.130237345716 0.111839159289 0.130001879452 0.14863436334
Herato20 Herato2001 5475001.0 5475000.0 0.0955481465872 0.0889823318062 0.095159512272 0.10258733863
Herato20 Herato2001 5525001.0 5525000.0 0.132683203816 0.121049878194 0.132719111161 0.145311165538
Herato20 Herato2001 5575001.0 5575000.0 0.0777570546 0.070154550698 0.07693348434 0.08707470596
Herato20 Herato2001 5625001.0 5625000.0 0.08470317324 0.07603203912 0.08475605838 0.09429199684
Herato20 Herato2001 5675001.0 5675000.0 0.079008975854 0.070836380272 0.079139540856 0.087912186558
Herato20 Herato2001 5725001.0 5725000.0 0.110737053228 0.101339884491 0.110183131064 0.121101418272
Herato20 Herato2001 5775001.0 5775000.0 0.15439106242 0.14032830614 0.15472123082 0.17059407786
Herato20 Herato2001 5825001.0 5825000.0 0.077436693552 0.074801279288 0.076922777536 0.081388160432
Herato20 Herato2001 5875001.0 5875000.0 0.0893048229786 0.0757881872821 0.0875454361896 0.115743402412
Herato20 Herato2001 5925001.0 5925000.0 0.092024676796 0.084676198368 0.09175573639 0.101064652652
Herato20 Herato2001 5975001.0 5975000.0 0.034275292254 0.030258430783 0.034107494672 0.0403807777
Herato20 Herato2001 6025001.0 6025000.0 0.048657203506 0.041119683528 0.046559028108 0.061841551872
Herato20 Herato2001 6075001.0 6075000.0 0.08884694886 0.0838136695136 0.08917414308 0.094299198016
Herato20 Herato2001 6125001.0 6125000.0 0.09174886252 0.085034173922 0.091226830134 0.10121045764
Herato20 Herato2001 6175001.0 6175000.0 0.096546678134 0.082351048504 0.096369518896 0.111509341894
Herato20 Herato2001 6225001.0 6225000.0 0.101934026594 0.0866316402274 0.102725245889 0.120725299559
Herato20 Herato2001 6275001.0 6275000.0 0.099293766884 0.087720259698 0.098942565726 0.111954222778
Herato20 Herato2001 6325001.0 6325000.0 0.086387647198 0.0750694937082 0.086023106308 0.099880361626
Herato20 Herato2001 6375001.0 6375000.0 0.09098888812 0.08667362674 0.09062326228 0.09623805032
Herato20 Herato2001 6425001.0 6425000.0 0.066370569398 0.05925131617 0.066037904984 0.07488983082
Herato20 Herato2001 6475001.0 6475000.0 0.07855063542 0.07442810032 0.07868014638 0.08275440386
Herato20 Herato2001 6525001.0 6525000.0 0.16920062706 0.157987026086 0.16941269498 0.18141970466
Herato20 Herato2001 6575001.0 6575000.0 0.077557323276 0.0725553852947 0.0777414291428 0.08207373899
Herato20 Herato2001 6625001.0 6625000.0 0.0347407347936 0.0307071460886 0.0345777483754 0.0397198283098
Herato20 Herato2001 6675001.0 6675000.0 0.056091578114 0.052961549012 0.05610046446 0.059469258184
Herato20 Herato2001 6725001.0 6725000.0 0.10568760398 0.09110474616 0.10526139412 0.12235594004
Herato20 Herato2001 6775001.0 6775000.0 0.19071664626 0.1695577897 0.1904504561 0.21577127308
Herato20 Herato2001 6825001.0 6825000.0 0.087231547196 0.080235196158 0.087213897906 0.094447597452
Herato20 Herato2001 6875001.0 6875000.0 0.067936668458 0.05574566368 0.06829953007 0.082197974942
Herato20 Herato2001 6925001.0 6925000.0 0.0735692026 0.06050003556 0.07288561112 0.09067635982
Herato20 Herato2001 6975001.0 6975000.0 0.0516515995296 0.0452580934564 0.0514887336712 0.0596305525202
Herato20 Herato2001 7025001.0 7025000.0 0.055405237494 0.04984348106 0.05549912508 0.061173009958
Herato20 Herato2001 7075001.0 7075000.0 0.013015966214 0.0111787879154 0.0128816499602 0.0155357072406
Herato20 Herato2001 7125001.0 7125000.0 0.013759527507 0.00939601638591 0.0132914985374 0.0214475210394
Herato20 Herato2001 7175001.0 7175000.0 0.0319847296388 0.0278825804647 0.031883615294 0.0369368213972
Herato20 Herato2001 7225001.0 7225000.0 0.09386212993 0.0762264300914 0.093565271284 0.115432229796
Herato20 Herato2001 7275001.0 7275000.0 0.03777794641 0.031385810068 0.037845611208 0.044500611722
Herato20 Herato2001 7325001.0 7325000.0 0.0259817223 0.0234153936222 0.025967050324 0.028720004712
Herato20 Herato2001 7375001.0 7375000.0 0.075273044248 0.070234777888 0.07477681812 0.08269764626
Herato20 Herato2001 7425001.0 7425000.0 0.076517519048 0.071739918002 0.076176176038 0.082548584754
Herato20 Herato2001 7475001.0 7475000.0 0.0673974735662 0.0571091219335 0.0672647913626 0.079629877896
Herato20 Herato2001 7525001.0 7525000.0 0.06765002082 0.0449341603664 0.0691703047928 0.08995318279
Herato20 Herato2001 7575001.0 7575000.0 0.052771331058 0.0437124365224 0.052741218218 0.062229577598
Herato20 Herato2001 7625001.0 7625000.0 0.0388165171078 0.033570786934 0.0385816588198 0.046448173194
Herato20 Herato2001 7675001.0 7675000.0 0.050928870806 0.030877247688 0.048382590892 0.086465346452
Herato20 Herato2001 7725001.0 7725000.0 0.074325904192 0.06785229929 0.074740356946 0.080884859182
Herato20 Herato2001 7775001.0 7775000.0 0.08274974958 0.070832494378 0.08187514422 0.09750744712
Herato20 Herato2001 7825001.0 7825000.0 0.04579937196 0.031878888434 0.044682082332 0.066573299886
Herato20 Herato2001 7875001.0 7875000.0 0.0614058319618 0.0537114103236 0.0611711608724 0.0710099729398
Herato20 Herato2001 7925001.0 7925000.0 0.037614153836 0.0327960165752 0.037612714892 0.042638264006
Herato20 Herato2001 7975001.0 7975000.0 0.094504950149 0.0652228482006 0.090441075826 0.138543396097
Herato20 Herato2001 8025001.0 8025000.0 0.112104900075 0.105567337962 0.111471025014 0.119383292298
Herato20 Herato2001 8075001.0 8075000.0 0.0835766750462 0.0689971209238 0.0831651251688 0.0997005634632
Herato20 Herato2001 8125001.0 8125000.0 0.0708648416488 0.064469657069 0.0701332237274 0.0782303191056
Herato20 Herato2001 8175001.0 8175000.0 0.0538557287316 0.0483481992402 0.0533413385298 0.06058200028
Herato20 Herato2001 8225001.0 8225000.0 0.0386892953616 0.0303825233178 0.0383463715284 0.0498867996388
Herato20 Herato2001 8275001.0 8275000.0 0.060171541388 0.053737246158 0.059774653994 0.067205159066
Herato20 Herato2001 8325001.0 8325000.0 0.0666950636868 0.0585122052934 0.0662913170404 0.077287421886
Herato20 Herato2001 8375001.0 8375000.0 0.13539455972 0.11115286462 0.13593982854 0.16453020362
Herato20 Herato2001 8425001.0 8425000.0 0.094702273618 0.088287784654 0.09475141242 0.102042109108
Herato20 Herato2001 8475001.0 8475000.0 0.121922048654 0.115059855246 0.122049113708 0.129286492555
Herato20 Herato2001 8525001.0 8525000.0 0.131788617884 0.119479503874 0.131561547082 0.144475327852
Herato20 Herato2001 8575001.0 8575000.0 0.1272686393 0.11843339572 0.12708141076 0.13745943664
Herato20 Herato2001 8625001.0 8625000.0 0.12560886358 0.11309006188 0.12488241524 0.1421290971
Herato20 Herato2001 8675001.0 8675000.0 0.118121447778 0.106052861426 0.117455599658 0.133523887232
Herato20 Herato2001 8725001.0 8725000.0 0.090649284312 0.080601236732 0.090551505454 0.100992775402
Herato20 Herato2001 8775001.0 8775000.0 0.0954843181 0.08777861622 0.09537832776 0.10212849528
Herato20 Herato2001 8825001.0 8825000.0 0.110853665836 0.106392274336 0.110521156568 0.115139209516
Herato20 Herato2001 8875001.0 8875000.0 0.123807570588 0.105450859081 0.122601824031 0.145763531294
Herato20 Herato2001 8925001.0 8925000.0 0.075627708844 0.064899525926 0.07390341398 0.089236617584
Herato20 Herato2001 8975001.0 8975000.0 0.096606574152 0.085885000972 0.095841191444 0.110927964594
Herato20 Herato2001 9025001.0 9025000.0 0.093678516546 0.08646804231 0.093521643256 0.10223203891
Herato20 Herato2001 9075001.0 9075000.0 0.0903568928 0.076524149632 0.090408493564 0.106740103
Herato20 Herato2001 9125001.0 9125000.0 0.110707058832 0.09651790254 0.110514801776 0.11922189638
Herato20 Herato2001 9175001.0 9175000.0 0.1315833337 0.12495902222 0.1305598334 0.1420912593
Herato20 Herato2001 9225001.0 9225000.0 0.1140658843 0.10903113114 0.11373525278 0.12092759328
Herato20 Herato2001 9275001.0 9275000.0 0.1351454419 0.1269407778 0.13535082138 0.14312129468
Herato20 Herato2001 9325001.0 9325000.0 0.1223504714 0.1155527046 0.1227886678 0.1280652648
Herato20 Herato2001 9375001.0 9375000.0 0.17767148202 0.16179386814 0.17740962928 0.19947356918
Herato20 Herato2001 9425001.0 9425000.0 0.1763268784 0.168601572 0.175831584 0.1848130224
Herato20 Herato2001 9475001.0 9475000.0 0.13279398942 0.11537103674 0.13285093762 0.1525151398
Herato20 Herato2001 9525001.0 9525000.0 0.125340314242 0.113386844537 0.124382343428 0.139880927367
Herato20 Herato2001 9575001.0 9575000.0 0.1589102921 0.130594114754 0.1597814421 0.18813248332
Herato20 Herato2001 9625001.0 9625000.0 0.08161677916 0.07544743386 0.081664994 0.08803549536
Herato20 Herato2001 9675001.0 9675000.0 0.09967345004 0.08632160582 0.09976353618 0.1148524214
Herato20 Herato2001 9725001.0 9725000.0 0.084859127132 0.073200181686 0.084670556496 0.097433178048
Herato20 Herato2001 9775001.0 9775000.0 0.121134212853 0.107897621773 0.120970069704 0.135228511758
Herato20 Herato2001 9825001.0 9825000.0 0.0924255370558 0.0808366834191 0.0924433233354 0.105873861125
Herato20 Herato2001 9875001.0 9875000.0 0.0851755046636 0.069934805921 0.0842607010605 0.118947188976
Herato20 Herato2001 9925001.0 9925000.0 0.045712986204 0.0396089657928 0.0447905881432 0.054032671584
Herato20 Herato2001 9975001.0 9975000.0 0.120578213302 0.0979482986604 0.11907819723 0.156286470498
Herato20 Herato2001 10025001.0 10025000.0 0.12708081024 0.11827402136 0.12654191194 0.13668772476
Herato20 Herato2001 10075001.0 10075000.0 0.16006189148 0.14946411798 0.16032562566 0.17110609514
Herato20 Herato2001 10125001.0 10125000.0 0.144490022326 0.127125123931 0.143483723295 0.164097105174
Herato20 Herato2001 10175001.0 10175000.0 0.110643962586 0.10021263576 0.110632263506 0.122847692082
Herato20 Herato2001 10225001.0 10225000.0 0.12434315588 0.112529889465 0.123009032467 0.14010463268
Herato20 Herato2001 10275001.0 10275000.0 0.13983386193 0.130004023882 0.139463952102 0.15058782479
Herato20 Herato2001 10325001.0 10325000.0 0.15513209848 0.130964284714 0.15719284082 0.18161617446
Herato20 Herato2001 10375001.0 10375000.0 0.17943845078 0.16887831004 0.17769510348 0.1973671326
Herato20 Herato2001 10425001.0 10425000.0 0.082283912104 0.076504034846 0.082416416892 0.089388235084
Herato20 Herato2001 10475001.0 10475000.0 0.11996029894 0.11327085316 0.11976394708 0.12788328932
Herato20 Herato2001 10525001.0 10525000.0 0.111759885658 0.099699637888 0.111043836956 0.124693967994
Herato20 Herato2001 10575001.0 10575000.0 0.0759882882708 0.0535110508776 0.0738051024075 0.109861478737
Herato20 Herato2001 10625001.0 10625000.0 0.051311775138 0.040932603822 0.045491022876 0.07747653867
Herato20 Herato2001 10675001.0 10675000.0 0.105108054004 0.083898749732 0.105743677834 0.12079979351
Herato20 Herato2001 10725001.0 10725000.0 0.15027471298 0.132013928852 0.15092320792 0.1675909373
Herato20 Herato2001 10775001.0 10775000.0 0.175838407705 0.159354489291 0.173989506014 0.19466104295
Herato20 Herato2001 10825001.0 10825000.0 0.14955358314 0.14048879388 0.149658291 0.1602899854
Herato20 Herato2001 10875001.0 10875000.0 0.103312995428 0.0937071008141 0.103094094989 0.11321528452
Herato20 Herato2001 10925001.0 10925000.0 0.144693518102 0.12442306218 0.145566553329 0.163070374608
Herato20 Herato2001 10975001.0 10975000.0 0.089722300334 0.077881372612 0.08961025691 0.10171361369
Herato20 Herato2001 11025001.0 11025000.0 0.104089884624 0.091484892954 0.103805651278 0.118025342594
Herato20 Herato2001 11075001.0 11075000.0 0.078173589791 0.070509438756 0.077891639205 0.086685718257
Herato20 Herato2001 11125001.0 11125000.0 0.10183839048 0.091987870086 0.10157850448 0.11304011008
Herato20 Herato2001 11175001.0 11175000.0 0.0825498276 0.07596258328 0.08248796944 0.09225758702
Herato20 Herato2001 11225001.0 11225000.0 0.09254152814 0.08751761952 0.09214509642 0.0982137281
Herato20 Herato2001 11275001.0 11275000.0 0.070836393678 0.065450612836 0.070679711378 0.076810539932
Herato20 Herato2001 11325001.0 11325000.0 0.0427963551874 0.0308275907243 0.0370509820478 0.076739578154
Herato20 Herato2001 11375001.0 11375000.0 0.0265974848008 0.0232022377836 0.0265476997906 0.0309665325518
Herato20 Herato2001 11425001.0 11425000.0 0.08555249044 0.081569716254 0.08502038608 0.09584924718
Herato20 Herato2001 11475001.0 11475000.0 0.12859750832 0.11683140912 0.12927540386 0.13621088902
Herato20 Herato2001 11525001.0 11525000.0 0.1116952694 0.1060236005 0.11156365406 0.1182108598
Herato20 Herato2001 11575001.0 11575000.0 0.117831280874 0.114313260112 0.117394600042 0.12197966452
Herato20 Herato2001 11625001.0 11625000.0 0.11251618032 0.09988917268 0.11360386408 0.1231640597
Herato20 Herato2001 11675001.0 11675000.0 0.114113550562 0.101336355326 0.113661817898 0.12723175685
Herato20 Herato2001 11725001.0 11725000.0 0.0443104831189 0.0366043322863 0.0441041465634 0.0540532109907
Herato20 Herato2001 11775001.0 11775000.0 0.04433331419 0.039627433966 0.044255696932 0.0491500972
Herato20 Herato2001 11825001.0 11825000.0 0.0638957650984 0.0509502484149 0.0628698829308 0.0821414931904
Herato20 Herato2001 11875001.0 11875000.0 0.0543855772832 0.049102991278 0.0543200585328 0.0598903783532
Herato20 Herato2001 11925001.0 11925000.0 0.091159092666 0.082436080563 0.091259394624 0.099903985854
Herato20 Herato2001 11975001.0 11975000.0 0.0744753237606 0.0610625924784 0.0728476399561 0.0958811190776
Herato20 Herato2001 12025001.0 12025000.0 0.0973540906432 0.0830194190294 0.0966366479234 0.115529560038
Herato20 Herato2001 12075001.0 12075000.0 0.08738943042 0.07675658306 0.08726380134 0.1011552979
Herato20 Herato2001 12125001.0 12125000.0 0.122226835386 0.112419075084 0.122261305756 0.130727686474
Herato20 Herato2001 12175001.0 12175000.0 0.13542988302 0.1113290159 0.12285850752 0.18129577336
Herato20 Herato2001 12225001.0 12225000.0 0.16030222534 0.1463607311 0.16206917768 0.17224936952
Herato20 Herato2001 12275001.0 12275000.0 0.096294386784 0.0891907254301 0.0964672272796 0.102839372004
Herato20 Herato2001 12325001.0 12325000.0 0.104906192338 0.09484833618 0.105790000086 0.11654661442
Herato20 Herato2001 12375001.0 12375000.0 0.108534589742 0.0984934453856 0.10809241592 0.121346195508
Herato20 Herato2001 12425001.0 12425000.0 0.146803083747 0.133529794185 0.146503020894 0.16100619947
Herato20 Herato2001 12475001.0 12475000.0 0.0975547712 0.09208739016 0.09719804694 0.10567626958
Herato20 Herato2001 12525001.0 12525000.0 0.102554916055 0.0890798114166 0.102843227561 0.113126216363
Herato20 Herato2001 12575001.0 12575000.0 0.0856208492104 0.0770901307866 0.08545488995 0.09434256672
Herato20 Herato2001 12625001.0 12625000.0 0.059623628084 0.051732766962 0.05930961684 0.068377040148
Herato20 Herato2001 12675001.0 12675000.0 0.107112637515 0.0943930054525 0.106583568626 0.121826039147
Herato20 Herato2001 12725001.0 12725000.0 0.09452397742 0.08920127228 0.09470369344 0.10044880842
Herato20 Herato2001 12775001.0 12775000.0 0.024855450224 0.0220229426822 0.024796082604 0.02863561769
Herato20 Herato2001 12825001.0 12825000.0 0.0194048398398 0.0160047601493 0.0192541865092 0.0235253089532
Herato20 Herato2001 12875001.0 12875000.0 0.060988823264 0.0490153934446 0.06074937893 0.074430089826
Herato20 Herato2001 12925001.0 12925000.0 0.05217886038 0.0484787384822 0.0522247527972 0.0555511627114
Herato20 Herato2001 12975001.0 12975000.0 0.0235622951744 0.0216096756937 0.023534152642 0.025913312198
Herato20 Herato2001 13025001.0 13025000.0 0.0457595421388 0.040692245026 0.0456283172022 0.051820685204
Herato20 Herato2001 13075001.0 13075000.0 0.027315079932 0.023883085458 0.02731751116 0.031424676574
Herato20 Herato2001 13125001.0 13125000.0 0.0516729676696 0.0467599030585 0.0517432430688 0.0567428704936
Herato20 Herato2001 13175001.0 13175000.0 0.1076774203 0.09776760116 0.10806424838 0.11527430274
Herato20 Herato2001 13225001.0 13225000.0 0.104439138788 0.0857592592974 0.102203841616 0.132923140244
Herato20 Herato2001 13275001.0 13275000.0 0.082106130648 0.078248784202 0.081643610262 0.087369198544
Herato20 Herato2001 13325001.0 13325000.0 0.093584176984 0.08533091073 0.093608180946 0.102886903784
Herato20 Herato2001 13375001.0 13375000.0 0.121146268082 0.111034315749 0.120510195284 0.13571966708
Herato20 Herato2001 13425001.0 13425000.0 0.15383807006 0.12833464646 0.15319740344 0.18343664418
Herato20 Herato2001 13475001.0 13475000.0 0.134120152428 0.114592011948 0.133869529048 0.155949108128
Herato20 Herato2001 13525001.0 13525000.0 0.09883151038 0.08644828556 0.0988078526 0.11089640898
Herato20 Herato2001 13575001.0 13575000.0 0.095265527468 0.07990722258 0.095298892968 0.10845483848
Herato20 Herato2001 13625001.0 13625000.0 0.0278844490094 0.0263901421715 0.0279870492305 0.0292863622738
Herato20 Herato2001 13675001.0 13675000.0 0.038775654274 0.031877139214 0.037905759792 0.051834813254
Herato20 Herato2001 13725001.0 13725000.0 0.033213636204 0.029782832712 0.032915243262 0.038077148606
Herato20 Herato2001 13775001.0 13775000.0 0.0872943626096 0.0764104990728 0.0868223652164 0.102610965718
Herato20 Herato2001 13825001.0 13825000.0 0.063986741586 0.0557581428872 0.064161913416 0.072367148782
Herato20 Herato2001 13875001.0 13875000.0 0.04197359557 0.03842084675 0.041922628978 0.045734455362
Herato20 Herato2001 13925001.0 13925000.0 0.036423104654 0.030629881962 0.035800207174 0.045584977026
Herato20 Herato2001 13975001.0 13975000.0 0.12649400772 0.1086826507 0.12555058536 0.14703464008
Herato20 Herato2001 14025001.0 14025000.0 0.06713407798 0.0609699449363 0.0669490319557 0.074210648007
Herato20 Herato2001 14075001.0 14075000.0 0.048397756458 0.040840117258 0.048039140558 0.057391788436
Herato20 Herato2001 14125001.0 14125000.0 0.03303356338 0.024197171466 0.03258892461 0.04598409058
Herato20 Herato2001 14175001.0 14175000.0 0.07983889172 0.07222677018 0.0795176486 0.08879540604
Herato20 Herato2001 14225001.0 14225000.0 0.06988381456 0.064557635672 0.06922199806 0.07616057068
Herato20 Herato2001 14275001.0 14275000.0 0.066105812366 0.060069322118 0.065919715574 0.072025603706
Herato20 Herato2001 14325001.0 14325000.0 0.08359629474 0.076867464604 0.083263070216 0.09214668414
Herato20 Herato2001 14375001.0 14375000.0 0.0769255485356 0.0702591162124 0.0769298272162 0.0829879374708
Herato20 Herato2001 14425001.0 14425000.0 0.089005687872 0.075086617284 0.089744228986 0.104324368858
Herato20 Herato2001 14475001.0 14475000.0 0.089223740294 0.083591511688 0.088998853986 0.094734407498
Herato20 Herato2001 14525001.0 14525000.0 0.091726223444 0.0859309986784 0.091486935442 0.098822200152
Herato20 Herato2001 14575001.0 14575000.0 0.119761234634 0.108190750058 0.119398467718 0.133650358018
Herato20 Herato2001 14625001.0 14625000.0 0.03148148803 0.0280379418054 0.031439963044 0.035074433628
Herato20 Herato2001 14675001.0 14675000.0 0.0465672098234 0.038055522132 0.0460960138914 0.056560778907
Herato20 Herato2001 14725001.0 14725000.0 0.03395726014 0.03069706822 0.03389438154 0.0376574823
Herato20 Herato2001 14775001.0 14775000.0 0.0635707200192 0.0563125562688 0.0639670413148 0.071269029396
Herato20 Herato2001 14825001.0 14825000.0 0.06404453862 0.0587554829988 0.063859941316 0.070873952608
Herato20 Herato2001 14875001.0 14875000.0 0.0599637857595 0.0342477589593 0.0582644470698 0.100214316448
Herato20 Herato2001 14925001.0 14925000.0 0.065996537012 0.0583452856646 0.065861222454 0.075953593536
Herato20 Herato2001 14975001.0 14975000.0 0.0549613370564 0.0499363680786 0.054738818436 0.06082128743
Herato20 Herato2001 15025001.0 15025000.0 0.0553125441912 0.0394223027188 0.0541649720145 0.0755583418064
Herato20 Herato2001 15075001.0 15075000.0 0.078059459788 0.06386805245 0.0766013922898 0.0979163205832
Herato20 Herato2001 15125001.0 15125000.0 0.0379876933586 0.0296696129476 0.0369208789698 0.0515771834602
Herato20 Herato2001 15175001.0 15175000.0 0.05637273763 0.051052788164 0.056155248356 0.062642786226
Herato20 Herato2001 15225001.0 15225000.0 0.049738104952 0.0423581496284 0.049323042214 0.059556238036
Herato20 Herato2001 15275001.0 15275000.0 0.060549143912 0.05496349007 0.060490862764 0.06626110159
Herato20 Herato2001 15325001.0 15325000.0 0.0947875332816 0.0580055830643 0.0913110027656 0.156307243021
Herato20 Herato2001 15375001.0 15375000.0 0.056608529456 0.0516242892244 0.0563119631306 0.0623762411328
Herato20 Herato2001 15425001.0 15425000.0 0.065352229896 0.0594577497058 0.064880383372 0.072671470818
Herato20 Herato2001 15475001.0 15475000.0 0.0600864830146 0.0544749218995 0.060025161585 0.0662031067726
Herato20 Herato2001 15525001.0 15525000.0 0.062621560958 0.056360356244 0.062489373728 0.069859668278
Herato20 Herato2001 15575001.0 15575000.0 0.0432662727084 0.0366422009262 0.0429276822832 0.0515168942986
Herato20 Herato2001 15625001.0 15625000.0 0.066083743316 0.059726480188 0.065183215992 0.075375478832
Herato20 Herato2001 15675001.0 15675000.0 0.053354647006 0.0476261628668 0.053562490769 0.0581381839524
Herato20 Herato2001 15725001.0 15725000.0 0.0324004201 0.027310466557 0.032078326122 0.040445876828
Herato20 Herato2001 15775001.0 15775000.0 0.0314823764298 0.0288142360316 0.0314743206952 0.033977017926
Herato20 Herato2001 15825001.0 15825000.0 0.0550746658658 0.0471344486084 0.0549181888936 0.064044943896
Herato20 Herato2001 15875001.0 15875000.0 0.0406864275972 0.0372413796326 0.0405867945148 0.0448430187702
Herato20 Herato2001 15925001.0 15925000.0 0.039005679128 0.0344459085779 0.0388347010102 0.0435022149498
Herato20 Herato2001 15975001.0 15975000.0 0.0329497297102 0.0290483321946 0.0329199197458 0.0372315873084
Herato20 Herato2001 16025001.0 16025000.0 0.01702710248 0.01527298935 0.016987456506 0.019011652694
Herato20 Herato2001 16075001.0 16075000.0 0.035162642766 0.03090637163 0.03510498309 0.040398604464
Herato20 Herato2001 16125001.0 16125000.0 0.0327521379 0.029061366512 0.032660322856 0.036766984002
Herato20 Herato2001 16175001.0 16175000.0 0.043322706008 0.037825830666 0.0431285008 0.05008521828
Herato20 Herato2001 16225001.0 16225000.0 0.033690036498 0.029521457932 0.033506359846 0.038785329732
Herato20 Herato2001 16275001.0 16275000.0 0.058781712378 0.0506226337604 0.05866064633 0.06828133381
Herato20 Herato2001 16325001.0 16325000.0 0.046104966112 0.038428612622 0.045364314652 0.055913366434
Herato20 Herato2001 16375001.0 16375000.0 0.064317354886 0.0587528249084 0.064125997992 0.070434922304
Herato20 Herato2001 16425001.0 16425000.0 0.0559122536704 0.0511801746355 0.0557019121066 0.0622006817558
Herato20 Herato2001 16475001.0 16475000.0 0.05601656445 0.053037099894 0.0558474283 0.059305432638
Herato20 Herato2001 16525001.0 16525000.0 0.0645913879936 0.0596078846732 0.064145594382 0.071987314088
Herato20 Herato2001 16575001.0 16575000.0 0.08567101494 0.0748239291514 0.0840032418126 0.09795406388
Herato20 Herato2001 16625001.0 16625000.0 0.067252319456 0.061877592478 0.067118131246 0.073984223044
Herato20 Herato2001 16675001.0 16675000.0 0.07744998334 0.070619910216 0.076871226578 0.08590220576
Herato20 Herato2001 16725001.0 16725000.0 0.10055848296 0.090723175212 0.10013325012 0.11117080594
Herato20 Herato2001 16775001.0 16775000.0 0.097344291748 0.0848051334978 0.096074774668 0.111708413948
Herato20 Herato2001 16825001.0 16825000.0 0.07273732979 0.060319699848 0.071876442908 0.09011935551
Herato20 Herato2001 16875001.0 16875000.0 0.075055002048 0.07009127411 0.075061766024 0.080427224576
Herato20 Herato2001 16925001.0 16925000.0 0.07763059576 0.06988423096 0.07773402092 0.08549878836
Herato20 Herato2001 16975001.0 16975000.0 0.050785266814 0.045964256182 0.0506446107 0.056287879232
Herato20 Herato2001 17025001.0 17025000.0 0.041255775216 0.03667229307 0.041187324912 0.046081342522
Herato20 Herato2001 17075001.0 17075000.0 0.0421248485436 0.0385997224016 0.041939999529 0.046047649416
Herato20 Herato2001 17125001.0 17125000.0 0.05990998195 0.052355587738 0.059840103342 0.066791186634
Herato20 Herato2001 17175001.0 17175000.0 0.076747336234 0.07057638729 0.07671191091 0.084377665318
Herato20 Herato2001 17225001.0 17225000.0 0.062768570044 0.059640902542 0.06274867446 0.06685622546
Herato20 Herato2001 17275001.0 17275000.0 0.067123729312 0.0599115058607 0.0670468828914 0.074846086004
Herato20 Herato2001 17325001.0 17325000.0 0.0433644313272 0.0403183869193 0.043220061459 0.0470927675892
Herato20 Herato2001 17375001.0 17375000.0 0.0467691946412 0.0412488904112 0.0467518637556 0.053191201912
Herato20 Herato2001 17425001.0 17425000.0 0.0549799023196 0.0444846725677 0.0547684877454 0.0689069305358
Herato20 Herato2001 17475001.0 17475000.0 0.0703434078186 0.062292589689 0.0696948055034 0.0813236430122
Herato20 Herato2001 17525001.0 17525000.0 0.060706227498 0.054235614796 0.06062289704 0.067510697258
Herato20 Herato2001 17575001.0 17575000.0 0.0680524155996 0.0632143158222 0.0680219267574 0.0731744389424
Herato20 Herato2001 17625001.0 17625000.0 0.0588619828466 0.0552024997664 0.0587380770014 0.0628833435084
Herato20 Herato2001 17675001.0 17675000.0 0.071730617528 0.0622800608115 0.0693527566784 0.0836179519808
Herato20 Herato2001 17725001.0 17725000.0 0.087751463 0.08079309534 0.08688458696 0.0978251903
Herato20 Herato2001 17775001.0 17775000.0 0.070961980068 0.0630546420163 0.0702491565246 0.0808171729208
Herato20 Herato2001 17825001.0 17825000.0 0.081798546726 0.072864633491 0.08115631557 0.092171626832
Herato20 Herato2001 17875001.0 17875000.0 0.082350791194 0.0731502283665 0.0818289735434 0.0933673439386
Herato20 Herato2001 17925001.0 17925000.0 0.0826202270466 0.0690756871887 0.0811766587548 0.106977925508
Herato20 Herato2001 17975001.0 17975000.0 0.0583463059544 0.0530128663683 0.058203510039 0.0640705941132
Herato20 Herato2001 18025001.0 18025000.0 0.076787131888 0.058416797098 0.077917140054 0.095128009228
Herato20 Herato2001 18075001.0 18075000.0 0.0733166585048 0.0512917264938 0.0698553902598 0.109125399745
Herato20 Herato2001 18125001.0 18125000.0 0.091360520144 0.0822294257528 0.091332064568 0.101805306838
Herato20 Herato2001 18175001.0 18175000.0 0.075970441296 0.070215695986 0.076178815658 0.081938900344
Herato20 Herato2001 18225001.0 18225000.0 0.07896848905 0.0696517831499 0.0787692279472 0.0898247459664
Herato20 Herato2001 18275001.0 18275000.0 0.05125423413 0.046647912116 0.051211368172 0.055639383216
Herato20 Herato2001 18325001.0 18325000.0 0.05261346714 0.0451846877 0.05221764038 0.06161315476
Herato20 Herato2001 18375001.0 18375000.0 0.04428046737 0.041359721388 0.044086981914 0.0477687938
Herato20 Herato2001 18425001.0 18425000.0 0.0325656180418 0.0279906924002 0.0325264887082 0.0375895651174
Herato20 Herato2001 18475001.0 18475000.0 0.0497110391765 0.0425905376906 0.0493735053732 0.059330788825
Herato20 Herato2001 18525001.0 18525000.0 0.0757084285762 0.0697946888226 0.0752829814482 0.082374513876
Herato20 Herato2001 18575001.0 18575000.0 0.047511620966 0.042065297937 0.047019741672 0.056975765998
Herato20 Herato2001 18625001.0 18625000.0 0.0445716807894 0.0418804993505 0.0445772211328 0.0478396886166
Herato20 Herato2001 18675001.0 18675000.0 0.061572344376 0.0566184094678 0.061687965735 0.065030030394
Herato20 Herato2001 18725001.0 18725000.0 0.098858666136 0.091392070758 0.09885439668 0.107142127992
Herato20 Herato2001 18775001.0 18775000.0 0.0639922327508 0.0583823826932 0.063471836637 0.0707028366006
Herato20 Herato2001 18825001.0 18825000.0 0.060953362958 0.050376236336 0.060829330572 0.072726185218
Herato20 Herato2001 18875001.0 18875000.0 0.024871687252 0.021783037594 0.0247987446228 0.028325622322
Herato20 Herato2001 18925001.0 18925000.0 0.017767415306 0.016025217498 0.017726631714 0.01961699296
Herato20 Herato2001 18975001.0 18975000.0 0.0367544308822 0.0340745768406 0.0365740622862 0.0402390538518
Herato20 Herato2001 19025001.0 19025000.0 0.0354774897931 0.0282510684242 0.0347604987208 0.047146971515
Herato20 Herato2001 19075001.0 19075000.0 0.0535652168847 0.0463539997268 0.0533346457253 0.0621668872654
Herato20 Herato2001 19125001.0 19125000.0 0.042679106898 0.038463769144 0.042710837642 0.047134064138
Herato20 Herato2001 19175001.0 19175000.0 0.0656248602928 0.0557077740302 0.0653189455828 0.0779044839956
Herato20 Herato2001 19225001.0 19225000.0 0.0298985468708 0.0245677266388 0.0299064372096 0.0358182462
Herato20 Herato2001 19275001.0 19275000.0 0.035820456548 0.032777976514 0.03573841766 0.039628586556
