chrom scaffold Cposition position mean p0025 p0500 p0975
Herato01 Herato0101 25001.0 25000.0 0.0211164677293 0.0154326003687 0.0209319150193 0.0276231032605
Herato01 Herato0101 75001.0 75000.0 0.0247571818392 0.0140975647683 0.0238562111777 0.0408363711004
Herato01 Herato0101 125001.0 125000.0 0.0177647796421 0.0066183734524 0.0152388811816 0.042045827377
Herato01 Herato0101 175001.0 175000.0 0.0248521797502 0.0186890061562 0.0243765629953 0.0336923374739
Herato01 Herato0101 225001.0 225000.0 0.0146662538082 0.0081227087814 0.016527817804 0.0199926928246
Herato01 Herato0101 275001.0 275000.0 0.0480653450128 0.0225221974419 0.0430626329754 0.101367919584
Herato01 Herato0101 325001.0 325000.0 0.0125338159325 0.00839542501643 0.0113251488332 0.020375221453
Herato01 Herato0101 375001.0 375000.0 0.0171366201344 0.014950813843 0.0170327834385 0.0197980154683
Herato01 Herato0101 425001.0 425000.0 0.0172864777432 0.0125666399624 0.0169449734558 0.0241722635225
Herato01 Herato0101 475001.0 475000.0 0.0140045568574 0.0122668424428 0.0139124212562 0.0158377166476
Herato01 Herato0101 525001.0 525000.0 0.0281964379053 0.0196503917711 0.0275506775548 0.0414608908143
Herato01 Herato0101 575001.0 575000.0 0.0115054999 0.0102067970154 0.0115599218078 0.012908047812
Herato01 Herato0101 625001.0 625000.0 0.0159664782428 0.0135655659789 0.0158922095016 0.01830297414
Herato01 Herato0101 675001.0 675000.0 0.0124626427582 0.00654609462533 0.0127785010785 0.022333783055
Herato01 Herato0101 725001.0 725000.0 0.0177731815847 0.012880872317 0.0176507498328 0.0231635301156
Herato01 Herato0101 775001.0 775000.0 0.0362991166424 0.0219194378746 0.0346276912476 0.060138004091
Herato01 Herato0101 825001.0 825000.0 0.044544346899 0.0241363484086 0.0422490729112 0.0797468254722
Herato01 Herato0101 875001.0 875000.0 0.0766436822107 0.0282804897839 0.0645556233575 0.182882922134
Herato01 Herato0101 925001.0 925000.0 0.0470946392597 0.0288124461346 0.0458408185646 0.0754161126537
Herato01 Herato0101 975001.0 975000.0 0.0277560821167 0.0149497731342 0.0246899664027 0.061823716775
Herato01 Herato0101 1025001.0 1025000.0 0.0308650978693 0.0181867816412 0.0226014933028 0.0859113630282
Herato01 Herato0101 1075001.0 1075000.0 0.0420795713365 0.0264470484253 0.0404350124153 0.0665177905104
Herato01 Herato0101 1125001.0 1125000.0 0.0787651509808 0.0300361207448 0.0696471984027 0.179350741976
Herato01 Herato0101 1175001.0 1175000.0 0.0377319942834 0.0214197057312 0.0354852600486 0.0684840574413
Herato01 Herato0101 1225001.0 1225000.0 0.0608870805537 0.0343581226425 0.0585951750317 0.0976347833587
Herato01 Herato0101 1275001.0 1275000.0 0.124085829271 0.0455292348545 0.109055311826 0.285341775961
Herato01 Herato0101 1325001.0 1325000.0 0.00401034266394 0.00353477117149 0.00400974223922 0.00456842300466
Herato01 Herato0101 1375001.0 1375000.0 0.06760574988 0.015659464932 0.0637946734339 0.166772877353
Herato01 Herato0101 1425001.0 1425000.0 0.0167746616679 0.0135494827416 0.0164978652776 0.0211522953902
Herato01 Herato0101 1475001.0 1475000.0 0.0246386729203 0.0151131627318 0.0247806439616 0.0375255447835
Herato01 Herato0101 1525001.0 1525000.0 0.0118097245254 0.00781629719872 0.0115053108447 0.0183251480116
Herato01 Herato0101 1575001.0 1575000.0 0.0142811403267 0.0114975608225 0.0142364826302 0.0178275165039
Herato01 Herato0101 1625001.0 1625000.0 0.0513560002594 0.0274632801323 0.0476930006744 0.0981381509103
Herato01 Herato0101 1675001.0 1675000.0 0.0546763812543 0.012056085254 0.0264373301733 0.150957874297
Herato01 Herato0101 1725001.0 1725000.0 0.056120564541 0.018404931779 0.053731350111 0.114257826667
Herato01 Herato0101 1775001.0 1775000.0 0.0657757233306 0.0270859856944 0.0602157691356 0.149867161834
Herato01 Herato0101 1825001.0 1825000.0 0.0716103959311 0.0427299644097 0.0689093077689 0.115647990892
Herato01 Herato0101 1875001.0 1875000.0 0.0762271710702 0.0256436012885 0.0717318484338 0.156261057507
Herato01 Herato0101 1925001.0 1925000.0 0.0247352958213 0.0131642168288 0.0233084251771 0.0458074403792
Herato01 Herato0101 1975001.0 1975000.0 0.0246247633183 0.0188021734776 0.024167586192 0.0328665290088
Herato01 Herato0101 2025001.0 2025000.0 0.0504953276919 0.0133826696036 0.0503033688556 0.107268957757
Herato01 Herato0101 2075001.0 2075000.0 0.00777955520878 0.00504422399396 0.00765536386382 0.0117115537283
Herato01 Herato0101 2125001.0 2125000.0 0.0076805366064 0.00546688538273 0.00755241459034 0.010537457975
Herato01 Herato0101 2175001.0 2175000.0 0.0616194271672 0.0312608192193 0.0572817460459 0.117354161057
Herato01 Herato0101 2225001.0 2225000.0 0.0168512240749 0.0117414152266 0.0162451466817 0.0249140950569
Herato01 Herato0101 2275001.0 2275000.0 0.0146283265342 0.00956914104812 0.013457100058 0.0242179521372
Herato01 Herato0101 2325001.0 2325000.0 0.0161982574388 0.00916074730773 0.0153410246676 0.0312904517636
Herato01 Herato0101 2375001.0 2375000.0 0.010942599742 0.00892472646585 0.010793836847 0.0136190099336
Herato01 Herato0101 2425001.0 2425000.0 0.108329541293 0.0591676475864 0.101593603799 0.201324617789
Herato01 Herato0101 2475001.0 2475000.0 0.042366109891 0.0226151200991 0.0385808596898 0.0817677983038
Herato01 Herato0101 2525001.0 2525000.0 0.0290976624806 0.0147609193162 0.0273140240016 0.0578285056208
Herato01 Herato0101 2575001.0 2575000.0 0.023194133789 0.0127266322211 0.0225056888194 0.0419056212909
Herato01 Herato0101 2625001.0 2625000.0 0.0556802604137 0.0164463604815 0.047029523644 0.148945088487
Herato01 Herato0101 2675001.0 2675000.0 0.0411985895212 0.0207920146894 0.0385385764648 0.077487116326
Herato01 Herato0101 2725001.0 2725000.0 0.0279527409512 0.0179324709186 0.0269750720234 0.0432714206162
Herato01 Herato0101 2775001.0 2775000.0 0.0243355625916 0.01452403653 0.0235846910205 0.0395594457234
Herato01 Herato0101 2825001.0 2825000.0 0.0115664089025 0.00847418846305 0.0114327152224 0.0156966566351
Herato01 Herato0101 2875001.0 2875000.0 0.01945930484 0.0166438065404 0.0192339139644 0.022876611589
Herato01 Herato0101 2925001.0 2925000.0 0.0566872793552 0.0271429018473 0.0544836100138 0.112533064796
Herato01 Herato0101 2975001.0 2975000.0 0.0182502080873 0.0134488446167 0.0181352882614 0.0243990289482
Herato01 Herato0101 3025001.0 3025000.0 0.0229918901553 0.0133319701731 0.0206274310414 0.0446796555944
Herato01 Herato0101 3075001.0 3075000.0 0.0612368053575 0.0371922210986 0.0596108644779 0.0952004239688
Herato01 Herato0101 3125001.0 3125000.0 0.0263103740212 0.0149626959318 0.023546123592 0.0573753326744
Herato01 Herato0101 3175001.0 3175000.0 0.0144225943842 0.00611246145971 0.0147536851865 0.0264255430846
Herato01 Herato0101 3225001.0 3225000.0 0.0344053266775 0.0189243557723 0.0329604479452 0.0613001316456
Herato01 Herato0101 3275001.0 3275000.0 0.0270293175583 0.019339903623 0.0268948876067 0.0348340281539
Herato01 Herato0101 3325001.0 3325000.0 0.0281029514145 0.017707399556 0.0268755122318 0.0444465232616
Herato01 Herato0101 3375001.0 3375000.0 0.0594637126975 0.0254409679906 0.0513377266152 0.13131874907
Herato01 Herato0101 3425001.0 3425000.0 0.044356673753 0.0292538514962 0.043804588219 0.0629399446108
Herato01 Herato0101 3475001.0 3475000.0 0.104041117032 0.0563211406139 0.0955513488906 0.202660383468
Herato01 Herato0101 3525001.0 3525000.0 0.0301160539379 0.0198584369738 0.0276016731297 0.050892277638
Herato01 Herato0101 3575001.0 3575000.0 0.0193238829614 0.0139323141406 0.0189678066702 0.0259221884506
Herato01 Herato0101 3625001.0 3625000.0 0.0607705995654 0.0323475309327 0.0608113018648 0.0977001508674
Herato01 Herato0101 3675001.0 3675000.0 0.0419581685126 0.0245670282627 0.0389007710927 0.0712407759438
Herato01 Herato0101 3725001.0 3725000.0 0.0437969346976 0.0157193484688 0.0398597891404 0.100529933617
Herato01 Herato0101 3775001.0 3775000.0 0.0158862022994 0.0133916872998 0.0157168698234 0.018889744072
Herato01 Herato0101 3825001.0 3825000.0 0.0309993685608 0.0249842615107 0.0306352971363 0.0386174670638
Herato01 Herato0101 3875001.0 3875000.0 0.0226584758504 0.014531977781 0.0214065362218 0.0362536801062
Herato01 Herato0101 3925001.0 3925000.0 0.0341530071157 0.0194199746782 0.0315448644575 0.0623820810852
Herato01 Herato0101 3975001.0 3975000.0 0.0219579331311 0.0158308035134 0.0215555163592 0.0303841135514
Herato01 Herato0101 4025001.0 4025000.0 0.0306969674109 0.016028348817 0.0295509363338 0.04888457851
Herato01 Herato0101 4075001.0 4075000.0 0.0299439648563 0.0246312280871 0.0290058599663 0.0392999133802
Herato01 Herato0101 4125001.0 4125000.0 0.0399894036199 0.0299881192757 0.0390075105375 0.0542670035278
Herato01 Herato0101 4175001.0 4175000.0 0.0268772634102 0.0109848681655 0.025816705943 0.0492462199237
Herato01 Herato0101 4225001.0 4225000.0 0.0813689505807 0.037654333239 0.0748345308441 0.164834256052
Herato01 Herato0101 4275001.0 4275000.0 0.0879741600451 0.0358395220963 0.0803235793063 0.188180259202
Herato01 Herato0101 4325001.0 4325000.0 0.0310437388138 0.0199312657536 0.0305999944924 0.0439305433644
Herato01 Herato0101 4375001.0 4375000.0 0.0187012401229 0.0104667013874 0.0180767517891 0.0334249703366
Herato01 Herato0101 4425001.0 4425000.0 0.0201488589487 0.0130918302883 0.0198492049417 0.0300410642684
Herato01 Herato0101 4475001.0 4475000.0 0.0323376085436 0.00713276736055 0.0310998914676 0.0588092675015
Herato01 Herato0101 4525001.0 4525000.0 0.0354131016274 0.0244223511398 0.0345237722272 0.0508982643731
Herato01 Herato0101 4575001.0 4575000.0 0.0241769057001 0.0146057119428 0.023101028848 0.0404530560352
Herato01 Herato0101 4625001.0 4625000.0 0.0716369139922 0.0397053633692 0.0699061366841 0.122607662415
Herato01 Herato0101 4675001.0 4675000.0 0.0179173761025 0.0138468447185 0.0186530710806 0.0226977100426
Herato01 Herato0101 4725001.0 4725000.0 0.0169750521604 0.0149120463229 0.0168110155322 0.0193236204572
Herato01 Herato0101 4775001.0 4775000.0 0.0614190587661 0.043900470969 0.0613332282724 0.0901643936342
Herato01 Herato0101 4825001.0 4825000.0 0.0682604351396 0.0440055184121 0.0637901973324 0.118615487426
Herato01 Herato0101 4875001.0 4875000.0 0.0221799186825 0.0111580920228 0.0210426605644 0.0362678406448
Herato01 Herato0101 4925001.0 4925000.0 0.013600651508 0.012726787696 0.013623297954 0.014584472658
Herato01 Herato0101 4975001.0 4975000.0 0.0163155694137 0.0132465354473 0.0153263822479 0.0243580924848
Herato01 Herato0101 5025001.0 5025000.0 0.052697821038 0.0411999435534 0.0526380345616 0.0659296348988
Herato01 Herato0101 5075001.0 5075000.0 0.0232737747274 0.0180679547183 0.0231207139784 0.0305093421372
Herato01 Herato0101 5125001.0 5125000.0 0.0293036280731 0.0194228798302 0.0294875567833 0.0380899360704
Herato01 Herato0101 5175001.0 5175000.0 0.010848379916 0.00901387961 0.01021023332 0.01352524654
Herato01 Herato0101 5225001.0 5225000.0 0.0512831497004 0.0291113288714 0.048760737306 0.0812963770216
Herato01 Herato0101 5275001.0 5275000.0 0.0361927411092 0.0221261610625 0.0343774106449 0.0595896025651
Herato01 Herato0101 5325001.0 5325000.0 0.0326993591405 0.022377155884 0.0305386961483 0.0492059662834
Herato01 Herato0101 5375001.0 5375000.0 0.0273817250214 0.0212173725667 0.0276061145652 0.033873382834
Herato01 Herato0101 5425001.0 5425000.0 0.03033839512 0.0200181053234 0.0299789891876 0.0456742668524
Herato01 Herato0101 5475001.0 5475000.0 0.0667137527614 0.0224816160992 0.0654692040604 0.140660363687
Herato01 Herato0101 5525001.0 5525000.0 0.0673471603542 0.0404375084298 0.0645219502729 0.114315890625
Herato01 Herato0101 5575001.0 5575000.0 0.0420196811215 0.0179237057874 0.0401308750138 0.0774216328874
Herato01 Herato0101 5625001.0 5625000.0 0.00919900028606 0.00558412707041 0.00838798545976 0.0196504643979
Herato01 Herato0101 5675001.0 5675000.0 0.028208421398 0.0163451181339 0.0273676822343 0.0453417771636
Herato01 Herato0101 5725001.0 5725000.0 0.00366436066194 0.00311624625977 0.0036398459353 0.0043301091676
Herato01 Herato0101 5775001.0 5775000.0 0.0106425574597 0.00922108924987 0.0106127786811 0.0124361452685
Herato01 Herato0101 5825001.0 5825000.0 0.0353882061658 0.0247024498201 0.0345055411686 0.0506375107104
Herato01 Herato0101 5875001.0 5875000.0 0.0390734379426 0.0354604399422 0.0392222402358 0.042848637561
Herato01 Herato0101 5925001.0 5925000.0 0.0305637901536 0.0203563705263 0.0298418519154 0.0443273887544
Herato01 Herato0101 5975001.0 5975000.0 0.0127395155587 0.00872183628346 0.0120821822021 0.0217667885983
Herato01 Herato0101 6025001.0 6025000.0 0.0253207050983 0.0101902356757 0.0256153990064 0.0416542862191
Herato01 Herato0101 6075001.0 6075000.0 0.036732786316 0.0222423469868 0.03549479788 0.061098696742
Herato01 Herato0101 6125001.0 6125000.0 0.0533225791561 0.029714083762 0.0510394779339 0.0897544264028
Herato01 Herato0101 6175001.0 6175000.0 0.035140094995 0.0235438906025 0.0341776422028 0.0534211805792
Herato01 Herato0101 6225001.0 6225000.0 0.024726150897 0.0167906813524 0.0240733831963 0.0356485223774
Herato01 Herato0101 6275001.0 6275000.0 0.233061995836 0.055061363894 0.21704145315 0.437898149534
Herato01 Herato0101 6325001.0 6325000.0 0.0145490904169 0.0126090562606 0.0145242660011 0.0168487495916
Herato01 Herato0101 6375001.0 6375000.0 0.00545754573944 0.00473036640726 0.00536558013836 0.00643226786624
Herato01 Herato0101 6425001.0 6425000.0 0.00622675326104 0.00543135927915 0.00616941756238 0.00720636812486
Herato01 Herato0101 6475001.0 6475000.0 0.0588235970142 0.0228006047937 0.0523644081879 0.129391325522
Herato01 Herato0101 6525001.0 6525000.0 0.0649667092157 0.0201079043389 0.056381596495 0.172763996499
Herato01 Herato0101 6575001.0 6575000.0 0.0105022235059 0.00349614556335 0.00989472552564 0.0174343399645
Herato01 Herato0101 6625001.0 6625000.0 0.0310729510291 0.0159178167995 0.028455321227 0.0596961574121
Herato01 Herato0101 6675001.0 6675000.0 0.0625210574766 0.0307275740069 0.0589234216189 0.115352730489
Herato01 Herato0101 6725001.0 6725000.0 0.0292266297948 0.0193455404235 0.0285159359178 0.0436255244704
Herato01 Herato0101 6775001.0 6775000.0 0.00568588100448 0.00386947578942 0.00550046746974 0.00862599591784
Herato01 Herato0101 6825001.0 6825000.0 0.0981172243415 0.0376864665349 0.0882839064434 0.210171946472
Herato01 Herato0101 6875001.0 6875000.0 0.0311884954596 0.021608111513 0.0298798370549 0.0480207042562
Herato01 Herato0101 6925001.0 6925000.0 0.0272702141685 0.0112009296063 0.0264715164061 0.0546388463614
Herato01 Herato0101 6975001.0 6975000.0 0.0207712688657 0.0114683798792 0.0186818655736 0.0340804297588
Herato01 Herato0101 7025001.0 7025000.0 0.201398919578 0.106214622628 0.183241870116 0.400800833294
Herato01 Herato0101 7075001.0 7075000.0 0.00886942834368 0.00543641223728 0.00836276401846 0.0152617524278
Herato01 Herato0101 7125001.0 7125000.0 0.0574002454527 0.0327646241416 0.0528697191831 0.104894588449
Herato01 Herato0101 7175001.0 7175000.0 0.021990838442 0.016456449057 0.0219670126871 0.029320998281
Herato01 Herato0101 7225001.0 7225000.0 0.100070341492 0.0269913561377 0.0917051155097 0.235389951696
Herato01 Herato0101 7275001.0 7275000.0 0.0378847916242 0.0135700452518 0.0340822427452 0.0791614045589
Herato01 Herato0101 7325001.0 7325000.0 0.0125419263979 0.0111363830378 0.0124862657429 0.0141529523956
Herato01 Herato0101 7375001.0 7375000.0 0.0356474114811 0.0124171867469 0.0297540115533 0.0933448143067
Herato01 Herato0101 7425001.0 7425000.0 0.0237848555201 0.0130073721238 0.0213908150894 0.0477164202665
Herato01 Herato0101 7475001.0 7475000.0 0.0219148132878 0.0113316920544 0.0183815767747 0.0593429654932
Herato01 Herato0101 7525001.0 7525000.0 0.0308159928928 0.018693361452 0.0302672388082 0.0459374521633
Herato01 Herato0101 7575001.0 7575000.0 0.0180333476446 0.0138531480326 0.0175549419889 0.0233206016718
Herato01 Herato0101 7625001.0 7625000.0 0.0732156094341 0.0277484037251 0.0679322337769 0.164276866726
Herato01 Herato0101 7675001.0 7675000.0 0.0159950510856 0.0132946329299 0.0157735913484 0.0202153717642
Herato01 Herato0101 7725001.0 7725000.0 0.189886933619 0.0815006430539 0.184275150518 0.367782935572
Herato01 Herato0101 7775001.0 7775000.0 0.0365789406665 0.0267486498276 0.0355112260442 0.053054304192
Herato01 Herato0101 7825001.0 7825000.0 0.0526901998539 0.0366443237006 0.0518236808481 0.0727036990343
Herato01 Herato0101 7875001.0 7875000.0 0.0276137554932 0.0152245922796 0.0269809814561 0.0455239262761
Herato01 Herato0101 7925001.0 7925000.0 0.070761097734 0.0371702701459 0.0666132576963 0.119003377472
Herato01 Herato0101 7975001.0 7975000.0 0.0293926343206 0.0193782489655 0.0285998471618 0.0466787824476
Herato01 Herato0101 8025001.0 8025000.0 0.0698009113068 0.0435072122592 0.0663961463327 0.113185785199
Herato01 Herato0101 8075001.0 8075000.0 0.015685588542 0.0120250078848 0.0153875544364 0.0211247293476
Herato01 Herato0101 8125001.0 8125000.0 0.0652798987738 0.033811323593 0.0636306881281 0.111772493291
Herato01 Herato0101 8175001.0 8175000.0 0.0849057035949 0.0434723751723 0.0741463554096 0.187005273735
Herato01 Herato0101 8225001.0 8225000.0 0.0651026179503 0.0349437213003 0.0611357286923 0.116538752649
Herato01 Herato0101 8275001.0 8275000.0 0.0675437297918 0.0254595399557 0.0439045570667 0.201861216052
Herato01 Herato0101 8325001.0 8325000.0 0.0280086052084 0.0244506475496 0.0278921221796 0.032780787583
Herato01 Herato0101 8375001.0 8375000.0 0.0425043308781 0.0212332806109 0.0348777439239 0.0843440429666
Herato01 Herato0101 8425001.0 8425000.0 0.0326474818017 0.0138583657353 0.0316960989959 0.0632595851893
Herato01 Herato0101 8475001.0 8475000.0 0.00535365663604 0.00416668242259 0.00532948975534 0.0070009655175
Herato01 Herato0101 8525001.0 8525000.0 0.0732613397824 0.023630920459 0.0624619606114 0.178738204481
Herato01 Herato0101 8575001.0 8575000.0 0.0129677134584 0.0106533346726 0.0128400128736 0.0157477690186
Herato01 Herato0101 8625001.0 8625000.0 0.0776597061421 0.0300783783884 0.0705822286204 0.161010509063
Herato01 Herato0101 8675001.0 8675000.0 0.0336662961088 0.0236610360842 0.0326299974545 0.048314120344
Herato01 Herato0101 8725001.0 8725000.0 0.0413140139688 0.0371617225225 0.0410528139136 0.046949482888
Herato01 Herato0101 8775001.0 8775000.0 0.0288537903826 0.0209173559322 0.0277214788165 0.0423360038788
Herato01 Herato0101 8825001.0 8825000.0 0.0712421896114 0.0467615616317 0.0696151786994 0.10568445879
Herato01 Herato0101 8875001.0 8875000.0 0.0795127392251 0.0308373570904 0.0706669003269 0.183590348298
Herato01 Herato0101 8925001.0 8925000.0 0.00288219449964 0.00234497145976 0.00286900868978 0.00351671053924
Herato01 Herato0101 8975001.0 8975000.0 0.038474459985 0.0207261076201 0.0322607556222 0.0930345428388
Herato01 Herato0101 9025001.0 9025000.0 0.016797645707 0.0128608366686 0.0161976912608 0.022458601587
Herato01 Herato0101 9075001.0 9075000.0 0.0117536334356 0.00733929639588 0.0090077134934 0.0260723997894
Herato01 Herato0101 9125001.0 9125000.0 0.0141982188326 0.0112087019634 0.0140112588936 0.018795419052
Herato01 Herato0101 9175001.0 9175000.0 0.039564637452 0.0224893754714 0.0349198632124 0.086896491564
Herato01 Herato0101 9225001.0 9225000.0 0.0161366880447 0.0116928700766 0.0142305253345 0.0222479130736
Herato01 Herato0101 9275001.0 9275000.0 0.0224102682858 0.0160945312137 0.0215475051056 0.0401188067684
Herato01 Herato0101 9325001.0 9325000.0 0.0270190917343 0.0244834431865 0.0269073308582 0.0303863311819
Herato01 Herato0101 9375001.0 9375000.0 0.0430298130862 0.0307074883567 0.0423555164584 0.0590628909074
Herato01 Herato0101 9425001.0 9425000.0 0.0549088451408 0.0367883876117 0.0539613150663 0.0781519786334
Herato01 Herato0101 9475001.0 9475000.0 0.0320025298684 0.0283065377185 0.0317425687542 0.03614783208
Herato01 Herato0101 9525001.0 9525000.0 0.0119615741621 0.0101521353563 0.0118571671561 0.0140302350692
Herato01 Herato0101 9575001.0 9575000.0 0.0234001716426 0.0175788516925 0.0225964440623 0.0339813165388
Herato01 Herato0101 9625001.0 9625000.0 0.109007985364 0.0704748719817 0.105413424338 0.169713829728
Herato01 Herato0101 9675001.0 9675000.0 0.0463645315552 0.0227096117716 0.0443138453506 0.0942071581672
Herato01 Herato0101 9725001.0 9725000.0 0.0895928404297 0.0395707772254 0.0832297376963 0.175796778922
Herato01 Herato0101 9775001.0 9775000.0 0.0408318127898 0.0296963206371 0.0400980614684 0.0563636017272
Herato01 Herato0101 9825001.0 9825000.0 0.0173701501401 0.0131289424156 0.0169827298607 0.0233324690706
Herato01 Herato0101 9875001.0 9875000.0 0.0376922649406 0.0234974435871 0.0370105070566 0.059378741271
Herato01 Herato0101 9925001.0 9925000.0 0.0493993340446 0.0321701651873 0.0475464978062 0.0753486574968
Herato01 Herato0101 9975001.0 9975000.0 0.0300067088499 0.0193713332466 0.0291128906949 0.0448154886508
Herato01 Herato0101 10025001.0 10025000.0 0.0213049634085 0.0106612748139 0.0203619462117 0.0392746729699
Herato01 Herato0101 10075001.0 10075000.0 0.0126092140492 0.00615636011528 0.00755967618902 0.0396212356192
Herato01 Herato0101 10125001.0 10125000.0 0.024714415217 0.00898315971398 0.0234428950704 0.0500508632625
Herato01 Herato0101 10175001.0 10175000.0 0.0284030888261 0.0176143650861 0.0271520918786 0.0442892640942
Herato01 Herato0101 10225001.0 10225000.0 0.0418761650638 0.0228544922947 0.0382190010293 0.0886460378608
Herato01 Herato0101 10275001.0 10275000.0 0.0098408271112 0.00815748920057 0.00979824067714 0.0118765527437
Herato01 Herato0101 10325001.0 10325000.0 0.078513209426 0.0380711295274 0.0715968715803 0.156281279797
Herato01 Herato0101 10375001.0 10375000.0 0.0102617782664 0.00678776442036 0.00982311425832 0.0165577476446
Herato01 Herato0101 10425001.0 10425000.0 0.0619281272056 0.028064042414 0.0604424251327 0.111391544011
Herato01 Herato0101 10475001.0 10475000.0 0.0403881897151 0.0224590876236 0.0374857389729 0.0731242037725
Herato01 Herato0101 10525001.0 10525000.0 0.0454450077179 0.0193265571619 0.0390462609847 0.106580860614
Herato01 Herato0101 10575001.0 10575000.0 0.0514007958913 0.0231293950447 0.0463201054973 0.0938822164076
Herato01 Herato0101 10625001.0 10625000.0 0.024827844649 0.0205039505102 0.0247511277982 0.0294805503228
Herato01 Herato0101 10675001.0 10675000.0 0.0328611846936 0.0217557237189 0.0323082756111 0.0469928837582
Herato01 Herato0101 10725001.0 10725000.0 0.0388359184534 0.0238294849857 0.0371958068472 0.0635634753225
Herato01 Herato0101 10775001.0 10775000.0 0.0385183277298 0.0195302648599 0.0321024873252 0.0790859165317
Herato01 Herato0101 10825001.0 10825000.0 0.0834421181301 0.0288541833826 0.0813769488086 0.159028515314
Herato01 Herato0101 10875001.0 10875000.0 0.0231106208254 0.0177976595998 0.022990037554 0.0307324879943
Herato01 Herato0101 10925001.0 10925000.0 0.0455883768514 0.0311088194303 0.0443586428021 0.0677518756865
Herato01 Herato0101 10975001.0 10975000.0 0.082782970298 0.0530995298543 0.0814308445708 0.126916217043
Herato01 Herato0101 11025001.0 11025000.0 0.0155803886243 0.0110617881327 0.0157826966705 0.0210570656244
Herato01 Herato0101 11075001.0 11075000.0 0.0139983769985 0.012325429515 0.0139875913877 0.0158760630477
Herato01 Herato0101 11125001.0 11125000.0 0.0190395544677 0.0158872810856 0.0188656256177 0.0229126973112
Herato01 Herato0101 11175001.0 11175000.0 0.0329680863173 0.0171455461497 0.0307050007913 0.0625919146046
Herato01 Herato0101 11225001.0 11225000.0 0.025245032254 0.0131259873595 0.022488180392 0.0563415714771
Herato01 Herato0101 11275001.0 11275000.0 0.036753299533 0.0214917084855 0.0349758287426 0.061819762155
Herato01 Herato0101 11325001.0 11325000.0 0.0641915073834 0.031227942282 0.0613172824186 0.118356124047
Herato01 Herato0101 11375001.0 11375000.0 0.0692073903705 0.0309024369836 0.0587008626684 0.16556839465
Herato01 Herato0101 11425001.0 11425000.0 0.028905400839 0.0114730026585 0.0279613447745 0.0540470821218
Herato01 Herato0101 11475001.0 11475000.0 0.0338653753985 0.0194548052321 0.0327553434719 0.0578172070912
Herato01 Herato0101 11525001.0 11525000.0 0.0280414573421 0.0165900381783 0.0273498154871 0.0462368225252
Herato01 Herato0101 11575001.0 11575000.0 0.0048376138527 0.0040179104235 0.00481880923002 0.00581895464702
Herato01 Herato0101 11625001.0 11625000.0 0.0481113371852 0.0305212026415 0.0466148678005 0.0772651020733
Herato01 Herato0101 11675001.0 11675000.0 0.0328234938917 0.0219933002655 0.0318940634651 0.0491280266501
Herato01 Herato0101 11725001.0 11725000.0 0.0371953033476 0.0125864608444 0.0347248335105 0.0824306232506
Herato01 Herato0101 11775001.0 11775000.0 0.0392645671925 0.0268825129762 0.0384842495152 0.0569013462796
Herato01 Herato0101 11825001.0 11825000.0 0.0316032658819 0.0107630533787 0.0209143488864 0.102462289218
Herato01 Herato0101 11875001.0 11875000.0 0.0357961842813 0.0157263639351 0.0294720650113 0.081000293938
Herato01 Herato0101 11925001.0 11925000.0 0.0300555124669 0.0122794071154 0.0263449146569 0.0696524593698
Herato01 Herato0101 11975001.0 11975000.0 0.0354571076364 0.0221754253718 0.0330794284229 0.0607996890286
Herato01 Herato0101 12025001.0 12025000.0 0.0692371727925 0.0256743119488 0.057125920541 0.163919313263
Herato01 Herato0101 12075001.0 12075000.0 0.0299254915278 0.0216511001029 0.0293180808891 0.0427428294418
Herato01 Herato0101 12125001.0 12125000.0 0.0559890498462 0.0338614967066 0.0541553100585 0.0907893015054
Herato01 Herato0101 12175001.0 12175000.0 0.0130085799902 0.0103508007117 0.0129448327182 0.0160313246182
Herato01 Herato0101 12225001.0 12225000.0 0.0179397751529 0.0134807700496 0.0178664934253 0.0235243129507
Herato01 Herato0101 12275001.0 12275000.0 0.00931620806318 0.00746878634706 0.00923063221174 0.0117382404662
Herato01 Herato0101 12325001.0 12325000.0 0.027734327211 0.0158028192534 0.0252393111212 0.05377548041
Herato01 Herato0101 12375001.0 12375000.0 0.113359094737 0.0499710231571 0.0985376071534 0.259131265271
Herato01 Herato0101 12425001.0 12425000.0 0.0147146817572 0.00887657989657 0.0141614757751 0.0239538297629
Herato01 Herato0101 12475001.0 12475000.0 0.0267552009871 0.0147297809098 0.0259316954488 0.0414036564306
Herato01 Herato0101 12525001.0 12525000.0 0.0297089210542 0.0154496378004 0.0263573284246 0.0679299249512
Herato01 Herato0101 12575001.0 12575000.0 0.0270776853805 0.0133514802212 0.0250730473494 0.0524975276036
Herato01 Herato0101 12625001.0 12625000.0 0.0088118966664 0.00631939460466 0.00852966665994 0.0133238857659
Herato01 Herato0101 12675001.0 12675000.0 0.0241261836222 0.0197155754471 0.0238010140485 0.0304681011192
Herato01 Herato0101 12725001.0 12725000.0 0.0314805769553 0.0190089907304 0.0302819513728 0.0500878352351
Herato01 Herato0101 12775001.0 12775000.0 0.101237463196 0.0484406446417 0.0945638830523 0.188089515908
Herato01 Herato0101 12825001.0 12825000.0 0.0465925458783 0.0252944735132 0.0449841452905 0.084570088744
Herato01 Herato0101 12875001.0 12875000.0 0.050264960052 0.0307685399773 0.0477567284036 0.083900314225
Herato01 Herato0101 12925001.0 12925000.0 0.0208678287604 0.0131594976786 0.020822113794 0.0301044179766
Herato01 Herato0101 12975001.0 12975000.0 0.0299441815494 0.0149118570546 0.0274145610142 0.0608679731189
Herato01 Herato0101 13025001.0 13025000.0 0.0103539098719 0.00856057801398 0.0102947641475 0.0123124193753
Herato01 Herato0101 13075001.0 13075000.0 0.0148542318161 0.0124515678721 0.0147784860271 0.0177328052071
Herato01 Herato0101 13125001.0 13125000.0 0.0489354666593 0.0301228864556 0.0481414294197 0.0766972263976
Herato01 Herato0101 13175001.0 13175000.0 0.0332659666941 0.0123112144337 0.0319416805581 0.0622839389272
Herato01 Herato0101 13225001.0 13225000.0 0.0571327752814 0.0136823736752 0.0523538649861 0.119974769493
Herato01 Herato0101 13275001.0 13275000.0 0.0059251597282 0.005207493154 0.0059413985332 0.0067080038156
Herato01 Herato0101 13325001.0 13325000.0 0.01774083659 0.0144019612714 0.017550086307 0.0219977853862
Herato01 Herato0101 13375001.0 13375000.0 0.0061551782078 0.0045520241632 0.00610417568102 0.0078886383684
Herato01 Herato0101 13425001.0 13425000.0 0.00536383607704 0.00321289831106 0.00526456744094 0.00856596209704
Herato01 Herato0101 13475001.0 13475000.0 0.00421088317044 0.00379687756606 0.00419416289119 0.00468055871908
Herato01 Herato0101 13525001.0 13525000.0 0.0383958943921 0.0220658871921 0.0349134194888 0.0734910602137
Herato01 Herato0101 13575001.0 13575000.0 0.00768780788652 0.00561649586585 0.00763620435148 0.0101335226309
Herato01 Herato0101 13625001.0 13625000.0 0.0346327111717 0.016322946772 0.0311270459225 0.0713706642511
Herato01 Herato0101 13675001.0 13675000.0 0.0288895653056 0.0197083316379 0.0286645751685 0.0393422704899
Herato01 Herato0101 13725001.0 13725000.0 0.0317610509703 0.0156991461728 0.0309039551346 0.0525019452305
Herato01 Herato0101 13775001.0 13775000.0 0.0466848022896 0.0141975408645 0.0417824192121 0.108625095656
Herato01 Herato0101 13825001.0 13825000.0 0.0745798720876 0.0218584782951 0.0670283205335 0.174189068999
Herato01 Herato0101 13875001.0 13875000.0 0.0270772959891 0.00764523113234 0.0242781592008 0.0603146846
Herato01 Herato0101 13925001.0 13925000.0 0.019397942092 0.0105361238812 0.0192353958795 0.0283212420987
Herato01 Herato0101 13975001.0 13975000.0 0.0342149372982 0.00858345162324 0.0306214558665 0.0933325553558
Herato01 Herato0101 14025001.0 14025000.0 0.0387564238616 0.020564487054 0.0369716422406 0.0695019418229
Herato01 Herato0101 14075001.0 14075000.0 0.0279828970768 0.0207067473893 0.0274498323432 0.036975015109
Herato01 Herato0101 14125001.0 14125000.0 0.077910400524 0.0372010122731 0.0735202522633 0.146672968576
Herato01 Herato0101 14175001.0 14175000.0 0.0638007722389 0.0280773876869 0.0575035936296 0.139308642127
Herato01 Herato0101 14225001.0 14225000.0 0.0504720594484 0.0283630516446 0.048389023819 0.0863720140304
Herato01 Herato0101 14275001.0 14275000.0 0.0024796707327 0.00205481971281 0.00248354591813 0.0029116122512
Herato01 Herato0101 14325001.0 14325000.0 0.00759944557918 0.00606623953102 0.00755988144771 0.00919172657142
Herato01 Herato0101 14375001.0 14375000.0 0.0348812842407 0.01689961165 0.0306852237486 0.0704465365345
Herato01 Herato0101 14425001.0 14425000.0 0.0272698287396 0.0156397075806 0.0259020722301 0.045377108181
Herato01 Herato0101 14475001.0 14475000.0 0.0511719054501 0.0286400708554 0.0484505009987 0.0873232337448
Herato01 Herato0101 14525001.0 14525000.0 0.0169035530122 0.00971912269603 0.0159808131441 0.0290262949886
Herato01 Herato0101 14575001.0 14575000.0 0.0118830453644 0.00883653864885 0.0115394353808 0.0162901512326
Herato01 Herato0101 14625001.0 14625000.0 0.00392193219088 0.00290789287922 0.00382514000322 0.00520976333138
Herato01 Herato0101 14675001.0 14675000.0 0.0221075223409 0.0138136348656 0.0218160747284 0.0353471076323
Herato01 Herato0101 14725001.0 14725000.0 0.0472105898281 0.028331731332 0.044459846085 0.0791334616544
Herato01 Herato0101 14775001.0 14775000.0 0.101458504897 0.0470917472746 0.100662327634 0.193201247012
Herato01 Herato0101 14825001.0 14825000.0 0.0406861290968 0.0266079241805 0.0398780036066 0.0594755602351
Herato01 Herato0101 14875001.0 14875000.0 0.00581039718194 0.00447547247062 0.00584021397412 0.00741722985628
Herato01 Herato0101 14925001.0 14925000.0 0.0187562725012 0.00859551194124 0.0179707265323 0.0346429662774
Herato01 Herato0101 14975001.0 14975000.0 0.186373588881 0.0117941030051 0.185314009303 0.346360471228
Herato01 Herato0101 15025001.0 15025000.0 0.0401124540808 0.0176787190696 0.0377964219358 0.0754514082825
Herato01 Herato0101 15075001.0 15075000.0 0.0468755471475 0.0193488485809 0.0434221988623 0.102111146115
Herato01 Herato0101 15125001.0 15125000.0 0.00590782109928 0.00545450692643 0.00589225501694 0.00656969361054
Herato01 Herato0101 15175001.0 15175000.0 0.066937072741 0.0248387916133 0.0615960736565 0.150813295568
Herato01 Herato0101 15225001.0 15225000.0 0.0301515413284 0.0111930433077 0.0257569785836 0.073810006899
Herato01 Herato0101 15275001.0 15275000.0 0.0244895010751 0.0178879503313 0.02390812377 0.0347113485702
Herato01 Herato0101 15325001.0 15325000.0 0.0411573313508 0.01744112499 0.0355477252666 0.0994387203404
Herato01 Herato0101 15375001.0 15375000.0 0.0484910557641 0.0187133606914 0.0461364506491 0.0947165023122
Herato01 Herato0101 15425001.0 15425000.0 0.0037830052753 0.00258010466853 0.00364638404909 0.0055553055146
Herato01 Herato0101 15475001.0 15475000.0 0.00171095309436 0.00148103462294 0.00171677653662 0.00199152706566
Herato01 Herato0101 15525001.0 15525000.0 0.0152263948359 0.0123510003219 0.0151148847364 0.0191799965978
Herato01 Herato0101 15575001.0 15575000.0 0.0205476294467 0.0114819577456 0.0175938321531 0.0484254671334
Herato01 Herato0101 15625001.0 15625000.0 1.77594625e-06 1.56903942e-06 1.7572776e-06 1.9488131e-06
Herato01 Herato0101 15675001.0 15675000.0 0.00168996905318 0.00126058529861 0.00165431244743 0.00223521243678
Herato01 Herato0101 15725001.0 15725000.0 0.0058848808392 0.00281947524828 0.00533814658474 0.0121323106025
Herato01 Herato0101 15775001.0 15775000.0 0.038597862616 0.0178906012543 0.0333655052573 0.0824508496415
Herato01 Herato0101 15825001.0 15825000.0 0.00264280876764 0.00168507865102 0.0027820871607 0.00368205158674
Herato01 Herato0101 15875001.0 15875000.0 0.00841130680886 0.00517612684631 0.00792486596704 0.0141419252237
Herato01 Herato0101 15925001.0 15925000.0 0.0566143731408 0.0191863679391 0.0544488338134 0.113780038524
Herato01 Herato0101 15975001.0 15975000.0 0.0177110474651 0.012717055108 0.0173959309756 0.0251718834254
Herato01 Herato0101 16025001.0 16025000.0 0.00725787858782 0.00614314752949 0.0072079152777 0.0086154744139
Herato01 Herato0101 16075001.0 16075000.0 0.0317837361491 0.0153152823893 0.0296146934749 0.0642938944339
Herato01 Herato0101 16125001.0 16125000.0 0.0317716759178 0.0164438438323 0.029771858932 0.0574406257701
Herato01 Herato0101 16175001.0 16175000.0 0.0082474692845 0.00637062187108 0.0080584131223 0.0115656224361
Herato01 Herato0101 16225001.0 16225000.0 0.0292025531449 0.0146153373318 0.0280443366822 0.0523870440606
Herato01 Herato0101 16275001.0 16275000.0 0.0149393030404 0.00916613147585 0.0144071152818 0.0238555293161
Herato01 Herato0101 16325001.0 16325000.0 0.0200065035396 0.00877812359152 0.0184217099931 0.0395253761247
Herato01 Herato0101 16375001.0 16375000.0 0.0109732136105 0.00855396918676 0.0107651894696 0.014046095056
Herato01 Herato0101 16425001.0 16425000.0 0.0309060719616 0.0143855397495 0.0291277886833 0.0564810968482
Herato01 Herato0101 16475001.0 16475000.0 0.0174359902884 0.0121680684234 0.0169614277936 0.0255273078086
Herato01 Herato0101 16525001.0 16525000.0 0.0202586754882 0.0142302420795 0.0198899963238 0.0284096666264
Herato01 Herato0101 16575001.0 16575000.0 0.0547841319786 0.020616910042 0.0541389097021 0.0977255075145
Herato01 Herato0101 16625001.0 16625000.0 0.0399782007051 0.0218456160428 0.0377174028373 0.0709957705866
Herato01 Herato0101 16675001.0 16675000.0 0.0131857373796 0.0106270056988 0.0130081954257 0.0169102914132
Herato01 Herato0101 16725001.0 16725000.0 0.0264312633407 0.0162797041216 0.0258248757584 0.0416768114962
Herato01 Herato0101 16775001.0 16775000.0 0.0388564635056 0.0178440837855 0.0385322080549 0.063541258828
Herato01 Herato0101 16825001.0 16825000.0 0.0060758769888 0.00493123591455 0.0060395547096 0.0073990130576
Herato01 Herato0101 16875001.0 16875000.0 0.017431073873 0.0143869624262 0.0172357649306 0.0210952194028
Herato01 Herato0101 16925001.0 16925000.0 0.030900127607 0.01960765112 0.029421227168 0.0485636836438
Herato01 Herato0101 16975001.0 16975000.0 0.0279826126378 0.0148598295212 0.023741429194 0.0591034535694
Herato01 Herato0101 17025001.0 17025000.0 0.00497203707682 0.0038056282927 0.00493392279399 0.00614017628502
Herato01 Herato0101 17075001.0 17075000.0 0.0433957864713 0.0163454044765 0.0413268302896 0.106636875384
Herato01 Herato0101 17125001.0 17125000.0 0.0086045043854 0.0076444053322 0.0085891121328 0.0096375246648
Herato01 Herato0101 17175001.0 17175000.0 0.0188113116984 0.00930506990394 0.0125869170485 0.0399204752474
Herato01 Herato0101 17225001.0 17225000.0 0.0509189464704 0.0264826945162 0.0483741482344 0.0836160636198
Herato01 Herato0101 17275001.0 17275000.0 0.0694217847323 0.0393223951367 0.0674826400458 0.109728396404
Herato01 Herato0101 17325001.0 17325000.0 0.00667007552874 0.00425011737274 0.00544919264426 0.0124096908611
Herato01 Herato0101 17375001.0 17375000.0 0.0580475166237 0.0289325544786 0.050297881714 0.118884290441
Herato01 Herato0101 17425001.0 17425000.0 0.0129185228114 0.0104741496833 0.0127367207964 0.0161876459004
Herato01 Herato0101 17475001.0 17475000.0 0.0192654331392 0.0127621034437 0.0191674635199 0.0282185224714
Herato01 Herato0101 17525001.0 17525000.0 0.0091617635052 0.0052822544746 0.0074874611812 0.0195835183584
Herato01 Herato0101 17575001.0 17575000.0 0.00978617877884 0.00481574361442 0.00951928201835 0.0173241036364
Herato01 Herato0101 17625001.0 17625000.0 0.0451367573165 0.0200079665113 0.0387082576951 0.101076126197
Herato01 Herato0101 17675001.0 17675000.0 0.0236129573852 0.0186559058493 0.0235654993955 0.0292635496555
Herato01 Herato0101 17725001.0 17725000.0 0.0253724449536 0.0124164302048 0.0229755431345 0.052792214833
Herato01 Herato0101 17775001.0 17775000.0 0.0259173062844 0.0177467691664 0.0252209716924 0.038189307499
Herato01 Herato0101 17825001.0 17825000.0 0.0486325552154 0.0275279431433 0.0450774497637 0.0896016728041
Herato01 Herato0101 17875001.0 17875000.0 0.0152837300955 0.012818386571 0.0152113308474 0.0185977453074
Herato01 Herato0101 17925001.0 17925000.0 0.0258141070911 0.00520823328734 0.0220456510416 0.0626823903329
Herato01 Herato0101 17975001.0 17975000.0 0.0478836740992 0.0261284391448 0.0465171434822 0.0828380137811
Herato01 Herato0101 18025001.0 18025000.0 0.0396661835408 0.021742577055 0.0375172014513 0.0721539285775
Herato01 Herato0101 18075001.0 18075000.0 0.047074656171 0.0319072984407 0.0457979192289 0.0681255069472
Herato01 Herato0101 18125001.0 18125000.0 0.0408959741942 0.0260469541067 0.0382450076592 0.0720927309285
Herato01 Herato0101 18175001.0 18175000.0 0.0155537307701 0.0117639604446 0.0151823986463 0.0205456114096
Herato01 Herato0101 18225001.0 18225000.0 0.036730599559 0.0236318286043 0.0353549788427 0.059152083918
Herato01 Herato0101 18275001.0 18275000.0 0.0443297960776 0.0245499991786 0.041923048248 0.087646652808
Herato01 Herato0101 18325001.0 18325000.0 0.00428202477728 0.00336801324253 0.00423906886722 0.00536306317052
Herato01 Herato0101 18375001.0 18375000.0 0.0211159911216 0.0179844330013 0.0208810368382 0.0250654477334
Herato01 Herato0101 18425001.0 18425000.0 0.016655402974 0.0117204888756 0.0162151613844 0.0246925333192
Herato01 Herato0101 18475001.0 18475000.0 0.0359248854293 0.0230725054937 0.0348145205663 0.0568467525586
Herato01 Herato0101 18525001.0 18525000.0 0.0579312404416 0.0328861206575 0.0533803674368 0.106382831219
Herato01 Herato0101 18575001.0 18575000.0 0.0241507969146 0.0126119325617 0.0217621324469 0.047996448151
Herato01 Herato0101 18625001.0 18625000.0 0.00984285053814 0.00834522445864 0.00968917943958 0.0118092583741
Herato01 Herato0101 18675001.0 18675000.0 0.149756429742 0.0727919646292 0.137976062962 0.274819695696
Herato01 Herato0101 18725001.0 18725000.0 0.122142580466 0.035630771978 0.103385520546 0.327932235992
Herato01 Herato0101 18775001.0 18775000.0 0.0310200628558 0.0226267155307 0.0300347185125 0.0444062456961
Herato01 Herato0101 18825001.0 18825000.0 0.0234911929539 0.0189101041475 0.0232130468826 0.028794804658
Herato01 Herato0101 18875001.0 18875000.0 0.0145194473946 0.0102291705665 0.0139680634168 0.0220627309244
Herato01 Herato0101 18925001.0 18925000.0 0.03639734079 0.0234702293861 0.0320312701816 0.0585218771228
Herato01 Herato0101 18975001.0 18975000.0 0.0323971645897 0.0225424086697 0.0299672440826 0.0576422044636
Herato01 Herato0101 19025001.0 19025000.0 0.0234622977226 0.013930065249 0.0213583366059 0.0434576570076
Herato01 Herato0101 19075001.0 19075000.0 0.050099621829 0.0250673260769 0.04484018627 0.104006712261
Herato01 Herato0101 19125001.0 19125000.0 0.0371930850346 0.0252934546928 0.0356081606045 0.0556345771934
Herato01 Herato0101 19175001.0 19175000.0 0.0843519558649 0.0506763201835 0.0798405382781 0.14472146906
Herato01 Herato0101 19225001.0 19225000.0 0.00648212481612 0.00579416882513 0.00647628550922 0.0072387915306
Herato01 Herato0101 19275001.0 19275000.0 0.0787989698898 0.0368855618521 0.0748226171038 0.130681520861
Herato01 Herato0101 19325001.0 19325000.0 0.0577800504355 0.0380152653239 0.055981144577 0.0882289550789
Herato01 Herato0101 19375001.0 19375000.0 0.0906972420939 0.0502677356832 0.0905970331252 0.154627015007
Herato01 Herato0101 19425001.0 19425000.0 0.0468183304451 0.033146760479 0.0457046899039 0.0671684465898
Herato01 Herato0101 19475001.0 19475000.0 0.0358378086056 0.0246983288286 0.0344415236078 0.054116569559
Herato01 Herato0101 19525001.0 19525000.0 0.0472331647251 0.0108274703708 0.0462457221301 0.0899746502669
Herato01 Herato0101 19575001.0 19575000.0 0.0231968327406 0.0171401543285 0.0227847477472 0.0316712524726
Herato01 Herato0101 19625001.0 19625000.0 0.0791327595406 0.0474608685133 0.0754916425185 0.133002193785
Herato01 Herato0101 19675001.0 19675000.0 0.0765040397233 0.0350140994733 0.0716620402517 0.152458481978
Herato01 Herato0101 19725001.0 19725000.0 0.0254558117268 0.0178963482549 0.0246386160177 0.0389637075461
Herato01 Herato0101 19775001.0 19775000.0 0.171006853695 0.0710186331462 0.159773521321 0.341193216036
Herato01 Herato0101 19825001.0 19825000.0 0.057729254171 0.0365058834687 0.056366087831 0.0854563494852
Herato01 Herato0101 19875001.0 19875000.0 0.063764654897 0.0319672870251 0.0635822924423 0.105354922593
Herato01 Herato0101 19925001.0 19925000.0 0.0357537520791 0.0146848988231 0.0349926709141 0.066157404039
Herato01 Herato0101 19975001.0 19975000.0 0.053966536417 0.0200133985529 0.0520883158642 0.108856694807
Herato01 Herato0101 20025001.0 20025000.0 0.0490957037334 0.0296884173677 0.0477607671936 0.0785836348414
Herato01 Herato0101 20075001.0 20075000.0 0.0176038623542 0.013335721731 0.0172371546966 0.0243546182172
Herato01 Herato0101 20125001.0 20125000.0 0.0506829510922 0.0279069968473 0.04851034446 0.0860286044168
Herato01 Herato0101 20175001.0 20175000.0 0.0558546406749 0.0286768720537 0.0506709798869 0.112580330838
Herato01 Herato0101 20225001.0 20225000.0 0.0928177966394 0.0417170745112 0.0850548675167 0.18948007102
Herato01 Herato0101 20275001.0 20275000.0 0.0521788124434 0.0345704692704 0.050957138669 0.077686561025
Herato01 Herato0101 20325001.0 20325000.0 0.0204517922214 0.0122359460801 0.0196942094103 0.0345489993588
Herato01 Herato0101 20375001.0 20375000.0 0.0156762656135 0.00919212741229 0.0150007567613 0.0252694680968
Herato01 Herato0101 20425001.0 20425000.0 0.104785463989 0.0414554702476 0.0984132297728 0.222182301127
Herato01 Herato0101 20475001.0 20475000.0 0.0117066928037 0.00722368363224 0.0113736381511 0.0183894553178
Herato01 Herato0101 20525001.0 20525000.0 0.0231967581035 0.0128673202006 0.0196869807148 0.0552783658481
Herato01 Herato0101 20575001.0 20575000.0 0.0186591857994 0.0152134024604 0.0183935555026 0.0225929398077
Herato01 Herato0101 20625001.0 20625000.0 0.0188788806151 0.0142205886722 0.0185100802277 0.0252444809344
Herato01 Herato0101 20675001.0 20675000.0 0.0086256147914 0.00656283139308 0.00838245614816 0.012498439635
Herato01 Herato0101 20725001.0 20725000.0 0.0837105689053 0.0397141885914 0.079264242905 0.156947671995
Herato01 Herato0101 20775001.0 20775000.0 0.0265795905295 0.0166971499718 0.0254101601195 0.045231287679
Herato01 Herato0101 20825001.0 20825000.0 0.0234688421214 0.0108753992478 0.0224205783226 0.0382622023272
Herato01 Herato0101 20875001.0 20875000.0 0.03561863761 0.0105148183637 0.0320735047263 0.0797913669315
Herato01 Herato0101 20925001.0 20925000.0 0.0531907859462 0.0361743668449 0.0509134488108 0.0828150656434
Herato01 Herato0101 20975001.0 20975000.0 0.00761264410088 0.00643050920983 0.00757677663264 0.0090423306604
Herato01 Herato0101 21025001.0 21025000.0 0.015627614592 0.0136024024176 0.0155599999724 0.0178598090752
Herato01 Herato0101 21075001.0 21075000.0 0.0450866581116 0.0180123536107 0.0374378018563 0.0961473159114
Herato01 Herato0101 21125001.0 21125000.0 0.0138909839208 0.0116952187044 0.0137657058464 0.0165013985436
Herato01 Herato0101 21175001.0 21175000.0 0.0115351160819 0.00951821338323 0.011510697712 0.0136577860353
Herato01 Herato0101 21225001.0 21225000.0 0.0178335365014 0.003887419597 0.0149330282175 0.0517882836422
Herato01 Herato0101 21275001.0 21275000.0 0.104729902094 0.0688392154558 0.100855722019 0.163155154859
Herato01 Herato0101 21325001.0 21325000.0 0.0121608612483 0.00973431172675 0.0121178867687 0.0159638266569
Herato01 Herato0101 21375001.0 21375000.0 0.0537184854589 0.0361951757253 0.0521491405072 0.0792102806422
Herato01 Herato0101 21425001.0 21425000.0 0.0704114863879 0.038648414511 0.0685509789865 0.110783086774
Herato01 Herato0101 21475001.0 21475000.0 0.0746097124504 0.0366983926337 0.0730075717368 0.124113928178
Herato01 Herato0101 21525001.0 21525000.0 0.0151123153116 0.0119096899261 0.0149751435794 0.0189841059878
Herato01 Herato0101 21575001.0 21575000.0 0.057779275646 0.0260055781813 0.055841459615 0.0962161426444
Herato01 Herato0101 21625001.0 21625000.0 0.009655587279 0.0077569003172 0.0095859155786 0.0127309686764
Herato01 Herato0101 21675001.0 21675000.0 0.0162670532172 0.0114888781838 0.0160045475762 0.0231245841574
Herato01 Herato0101 21725001.0 21725000.0 0.0202113325727 0.0150031540145 0.019761375896 0.0283132807882
Herato01 Herato0101 21775001.0 21775000.0 0.0593311671508 0.0308930810569 0.0570543167803 0.103871217798
Herato01 Herato0101 21825001.0 21825000.0 0.0291274559991 0.018058363959 0.0279726977854 0.0452199099519
Herato01 Herato0101 21875001.0 21875000.0 0.0495719785262 0.0250743424674 0.0458046621329 0.0955006269998
Herato01 Herato0101 21925001.0 21925000.0 0.0123274370864 0.00840791208795 0.0121622487418 0.0170718458704
Herato01 Herato0101 21975001.0 21975000.0 0.0927028310837 0.0390810110295 0.0885471062554 0.170642988678
Herato01 Herato0101 22025001.0 22025000.0 0.0335398643826 0.0146164042167 0.0316995093251 0.0658856351681
Herato01 Herato0101 22075001.0 22075000.0 0.109398312974 0.0661471018018 0.106218385479 0.171785180842
Herato01 Herato0101 22125001.0 22125000.0 0.105543675884 0.0424739541524 0.101251163245 0.191409534302
Herato01 Herato0101 22175001.0 22175000.0 0.0048133792987 0.00393638364713 0.00476224230196 0.00591836229282
