chrom scaffold Cposition position mean p0025 p0500 p0975
Herato07 Herato0701 25001.0 25000.0 0.0641916651276 0.0541785419642 0.0636034749502 0.077445197528
Herato07 Herato0701 75001.0 75000.0 0.053609436106 0.045478228958 0.053662099406 0.061373028548
Herato07 Herato0701 125001.0 125000.0 0.068905441554 0.0568667961089 0.069039763528 0.084245691016
Herato07 Herato0701 175001.0 175000.0 0.041952988082 0.0352198303396 0.0416594104852 0.050445510658
Herato07 Herato0701 225001.0 225000.0 0.035797412156 0.031384618036 0.035780224556 0.040503535906
Herato07 Herato0701 275001.0 275000.0 0.06964456364 0.06375545844 0.06966563454 0.07504038566
Herato07 Herato0701 325001.0 325000.0 0.070860744436 0.066798665818 0.070806677436 0.074094173736
Herato07 Herato0701 375001.0 375000.0 0.056297077698 0.0482981912022 0.055950523734 0.065502749048
Herato07 Herato0701 425001.0 425000.0 0.0610359833 0.05811174382 0.06088936826 0.06460202064
Herato07 Herato0701 475001.0 475000.0 0.08894896736 0.0832822697 0.08911289524 0.0939413495
Herato07 Herato0701 525001.0 525000.0 0.078216008794 0.070867016596 0.077923730608 0.086752537796
Herato07 Herato0701 575001.0 575000.0 0.123129625688 0.112912138606 0.123459754384 0.132537726062
Herato07 Herato0701 625001.0 625000.0 0.07417097399 0.06653725623 0.074362464858 0.08311909086
Herato07 Herato0701 675001.0 675000.0 0.13148942782 0.12698783374 0.13123324468 0.13658337676
Herato07 Herato0701 725001.0 725000.0 0.1229775707 0.11572499112 0.12334203958 0.12891607226
Herato07 Herato0701 775001.0 775000.0 0.066310258854 0.05732667397 0.06655183402 0.077211291822
Herato07 Herato0701 825001.0 825000.0 0.120434013932 0.107366116438 0.119471912046 0.139368434416
Herato07 Herato0701 875001.0 875000.0 0.100387234418 0.088803553768 0.099894342042 0.115684578212
Herato07 Herato0701 925001.0 925000.0 0.101884190069 0.0889981922199 0.101557451152 0.116030666042
Herato07 Herato0701 975001.0 975000.0 0.12099073244 0.11113347226 0.12014878784 0.13407150256
Herato07 Herato0701 1025001.0 1025000.0 0.10722904632 0.10070040798 0.10709208142 0.1124097111
Herato07 Herato0701 1075001.0 1075000.0 0.08893061126 0.07534400328 0.08665998752 0.1093165636
Herato07 Herato0701 1125001.0 1125000.0 0.0809784934484 0.0705713871217 0.081106620264 0.0914885992926
Herato07 Herato0701 1175001.0 1175000.0 0.0696085621 0.06496340834 0.06970870722 0.07410984646
Herato07 Herato0701 1225001.0 1225000.0 0.0257445789358 0.0231396221272 0.025774269886 0.0287511576654
Herato07 Herato0701 1275001.0 1275000.0 0.059972105784 0.053377958622 0.060518925872 0.064817092594
Herato07 Herato0701 1325001.0 1325000.0 0.10367021506 0.093769512564 0.103942611512 0.11530258734
Herato07 Herato0701 1375001.0 1375000.0 0.16951697936 0.16334967348 0.1687838817 0.18105079062
Herato07 Herato0701 1425001.0 1425000.0 0.15705471414 0.140096847168 0.1596117144 0.17407428894
Herato07 Herato0701 1475001.0 1475000.0 0.105241380414 0.0973219207378 0.10579037818 0.111803867851
Herato07 Herato0701 1525001.0 1525000.0 0.151198852138 0.12282843999 0.140915287894 0.195535106488
Herato07 Herato0701 1575001.0 1575000.0 0.0705888472576 0.0625591636667 0.0696550118752 0.081278126288
Herato07 Herato0701 1625001.0 1625000.0 0.1106302116 0.10364184664 0.11040906726 0.11892182596
Herato07 Herato0701 1675001.0 1675000.0 0.087637886956 0.082274558068 0.087038030982 0.09490915628
Herato07 Herato0701 1725001.0 1725000.0 0.101985216406 0.0930411977962 0.102642738918 0.111354201696
Herato07 Herato0701 1775001.0 1775000.0 0.106528680114 0.094168262038 0.106166528314 0.118685797758
Herato07 Herato0701 1825001.0 1825000.0 0.133947509549 0.120665238013 0.133249278993 0.149778612292
Herato07 Herato0701 1875001.0 1875000.0 0.123410798216 0.117522425708 0.124537867412 0.128707394982
Herato07 Herato0701 1925001.0 1925000.0 0.05831004436 0.0531847377008 0.05831553058 0.06374470032
Herato07 Herato0701 1975001.0 1975000.0 0.070006446104 0.063626777274 0.069581343188 0.078980466768
Herato07 Herato0701 2025001.0 2025000.0 0.092922816828 0.081229461746 0.092263611086 0.105631368892
Herato07 Herato0701 2075001.0 2075000.0 0.059610755876 0.0519183284 0.059160025914 0.068536247552
Herato07 Herato0701 2125001.0 2125000.0 0.0567297385412 0.0520284220974 0.056637345024 0.061506146332
Herato07 Herato0701 2175001.0 2175000.0 0.121016441 0.1171209342 0.1215223046 0.1241177168
Herato07 Herato0701 2225001.0 2225000.0 0.09994703786 0.096230936104 0.09990488568 0.10364345128
Herato07 Herato0701 2275001.0 2275000.0 0.103352374452 0.0951452659182 0.10347508914 0.112750031736
Herato07 Herato0701 2325001.0 2325000.0 0.0913568219212 0.0824454092166 0.0911329051134 0.102913101694
Herato07 Herato0701 2375001.0 2375000.0 0.1527613233 0.13711431298 0.1531702671 0.16664067544
Herato07 Herato0701 2425001.0 2425000.0 0.136749032212 0.124097514886 0.136539625804 0.149582123308
Herato07 Herato0701 2475001.0 2475000.0 0.09804727452 0.09609853132 0.09775223364 0.10132768152
Herato07 Herato0701 2525001.0 2525000.0 0.08938449126 0.082274103868 0.08907201846 0.09852478172
Herato07 Herato0701 2575001.0 2575000.0 0.136400448836 0.129012312669 0.136518505173 0.143355801603
Herato07 Herato0701 2625001.0 2625000.0 0.0825451276132 0.0787252777305 0.082400390659 0.087082787664
Herato07 Herato0701 2675001.0 2675000.0 0.11787765676 0.10969574666 0.11822584188 0.12635233082
Herato07 Herato0701 2725001.0 2725000.0 0.055481292671 0.0490647400157 0.0542332487066 0.06369082849
Herato07 Herato0701 2775001.0 2775000.0 0.083423800864 0.0779327021868 0.083333369526 0.08966327986
Herato07 Herato0701 2825001.0 2825000.0 0.0689469515152 0.0598864698522 0.0687853089376 0.08146573919
Herato07 Herato0701 2875001.0 2875000.0 0.0948814808922 0.0905177707198 0.0944595685644 0.1005142558
Herato07 Herato0701 2925001.0 2925000.0 0.10533699352 0.10107856818 0.10526542038 0.10971667522
Herato07 Herato0701 2975001.0 2975000.0 0.112379862296 0.0970203606474 0.111316426214 0.13611407661
Herato07 Herato0701 3025001.0 3025000.0 0.0971924763 0.09099306346 0.097451117168 0.103539959922
Herato07 Herato0701 3075001.0 3075000.0 0.08292573023 0.074161052534 0.083096938596 0.09277952625
Herato07 Herato0701 3125001.0 3125000.0 0.093010962946 0.0844187850352 0.09247624189 0.10472005386
Herato07 Herato0701 3175001.0 3175000.0 0.09774144162 0.09406011886 0.09793911628 0.10199045762
Herato07 Herato0701 3225001.0 3225000.0 0.12466178214 0.117313634302 0.12513784146 0.1319054091
Herato07 Herato0701 3275001.0 3275000.0 0.10312238034 0.0960636455335 0.103112901281 0.111053895626
Herato07 Herato0701 3325001.0 3325000.0 0.12304923422 0.111112894695 0.122735887208 0.136849389796
Herato07 Herato0701 3375001.0 3375000.0 0.1796325158 0.164175260922 0.17956806624 0.1957135091
Herato07 Herato0701 3425001.0 3425000.0 0.212051534186 0.185197214466 0.214177140726 0.23809485764
Herato07 Herato0701 3475001.0 3475000.0 0.246310996396 0.211760041748 0.245502837228 0.286313530362
Herato07 Herato0701 3525001.0 3525000.0 0.13611976122 0.128178942974 0.136104493244 0.144670653928
Herato07 Herato0701 3575001.0 3575000.0 0.102025856266 0.0933844409452 0.10227205752 0.109890030726
Herato07 Herato0701 3625001.0 3625000.0 0.082641571506 0.07642107148 0.082491192336 0.08929297694
Herato07 Herato0701 3675001.0 3675000.0 0.11738252958 0.11110987148 0.11717360732 0.12660349454
Herato07 Herato0701 3725001.0 3725000.0 0.082346297116 0.06928249213 0.08078030194 0.104965716624
Herato07 Herato0701 3775001.0 3775000.0 0.071348571796 0.0590915534346 0.069407380878 0.096555341858
Herato07 Herato0701 3825001.0 3825000.0 0.043921875026 0.038568182672 0.04397591213 0.049696737196
Herato07 Herato0701 3875001.0 3875000.0 0.062044938132 0.058141914264 0.0617278374 0.0674960027
Herato07 Herato0701 3925001.0 3925000.0 0.1291017151 0.11848118188 0.12900910346 0.13973890232
Herato07 Herato0701 3975001.0 3975000.0 0.05590156886 0.053206392118 0.05596014462 0.058488068
Herato07 Herato0701 4025001.0 4025000.0 0.08246691952 0.06473021671 0.08263280658 0.09912034998
Herato07 Herato0701 4075001.0 4075000.0 0.07123771735 0.06094313774 0.070387946986 0.083293365766
Herato07 Herato0701 4125001.0 4125000.0 0.08425340411 0.0740132449034 0.082420933994 0.10928041997
Herato07 Herato0701 4175001.0 4175000.0 0.12532450516 0.11629695584 0.12589381472 0.13337605618
Herato07 Herato0701 4225001.0 4225000.0 0.062011735538 0.05529661844 0.061871213612 0.069015852538
Herato07 Herato0701 4275001.0 4275000.0 0.055681654796 0.049677769826 0.055605966184 0.06265647522
Herato07 Herato0701 4325001.0 4325000.0 0.045002118088 0.04205558692 0.04500308641 0.0485472191
Herato07 Herato0701 4375001.0 4375000.0 0.0538556714668 0.0397769566988 0.0504886754271 0.082989566888
Herato07 Herato0701 4425001.0 4425000.0 0.071087550008 0.0637168450284 0.070635635598 0.079570823788
Herato07 Herato0701 4475001.0 4475000.0 0.073699764176 0.063701763664 0.072951740802 0.087576151
Herato07 Herato0701 4525001.0 4525000.0 0.0749237978576 0.0693250545579 0.0743709832626 0.082467313066
Herato07 Herato0701 4575001.0 4575000.0 0.081689921728 0.076196662852 0.081576963212 0.08750290004
Herato07 Herato0701 4625001.0 4625000.0 0.15028004572 0.14084747752 0.14977745116 0.16230956812
Herato07 Herato0701 4675001.0 4675000.0 0.116228021678 0.099856180466 0.116185175724 0.136340941442
Herato07 Herato0701 4725001.0 4725000.0 0.0676968242275 0.0618032594265 0.0677072132229 0.0740529494696
Herato07 Herato0701 4775001.0 4775000.0 0.055888122533 0.0515519212365 0.0557589172564 0.061459777433
Herato07 Herato0701 4825001.0 4825000.0 0.09195325501 0.087371254926 0.09182033651 0.09705023843
Herato07 Herato0701 4875001.0 4875000.0 0.085556503712 0.0744283973678 0.0835575472254 0.106960085483
Herato07 Herato0701 4925001.0 4925000.0 0.113193766343 0.0879788644561 0.113498849985 0.12814003748
Herato07 Herato0701 4975001.0 4975000.0 0.0874399126 0.081677241306 0.08728395092 0.093523942506
Herato07 Herato0701 5025001.0 5025000.0 0.0580209308192 0.0535235514453 0.0576650962447 0.0636708922176
Herato07 Herato0701 5075001.0 5075000.0 0.11990885142 0.112754345736 0.119242737812 0.129930983444
Herato07 Herato0701 5125001.0 5125000.0 0.099388993064 0.0822338652 0.098512228654 0.119922594448
Herato07 Herato0701 5175001.0 5175000.0 0.057056798972 0.049023999306 0.054205204182 0.075209480992
Herato07 Herato0701 5225001.0 5225000.0 0.077863567406 0.072005580682 0.0770610523 0.08558641588
Herato07 Herato0701 5275001.0 5275000.0 0.11319847298 0.10466589982 0.11250777892 0.12260735912
Herato07 Herato0701 5325001.0 5325000.0 0.12519456512 0.112379717444 0.124863453436 0.139090093612
Herato07 Herato0701 5375001.0 5375000.0 0.089580930478 0.0844856371066 0.0894728254574 0.097091117208
Herato07 Herato0701 5425001.0 5425000.0 0.11786984168 0.104752442 0.11752365572 0.13375502256
Herato07 Herato0701 5475001.0 5475000.0 0.12362602479 0.10831395548 0.122944092334 0.148533324548
Herato07 Herato0701 5525001.0 5525000.0 0.082659030698 0.0675570926249 0.082299243804 0.101659575814
Herato07 Herato0701 5575001.0 5575000.0 0.0580824340456 0.0525645695668 0.0581861610314 0.064410269114
Herato07 Herato0701 5625001.0 5625000.0 0.122902555984 0.108867342478 0.122625338118 0.137341772072
Herato07 Herato0701 5675001.0 5675000.0 0.0593095895 0.0497191159 0.06120996048 0.06933640876
Herato07 Herato0701 5725001.0 5725000.0 0.0794934657812 0.06777738967 0.0782989653823 0.0960511651688
Herato07 Herato0701 5775001.0 5775000.0 0.16264030404 0.1462553796 0.16141500632 0.1847681594
Herato07 Herato0701 5825001.0 5825000.0 0.157225998803 0.145373473816 0.156780663571 0.168622245195
Herato07 Herato0701 5875001.0 5875000.0 0.182490563942 0.162309495392 0.182632846254 0.206887320664
Herato07 Herato0701 5925001.0 5925000.0 0.172542572954 0.134993253054 0.176387295489 0.19884789704
Herato07 Herato0701 5975001.0 5975000.0 0.115531308095 0.107100566833 0.114525871591 0.130300163261
Herato07 Herato0701 6025001.0 6025000.0 0.117993753991 0.11044842914 0.118200714059 0.125164163527
Herato07 Herato0701 6075001.0 6075000.0 0.113488326178 0.107565392488 0.113430210119 0.121267498248
Herato07 Herato0701 6125001.0 6125000.0 0.13067809052 0.11542232174 0.13321405682 0.14831087204
Herato07 Herato0701 6175001.0 6175000.0 0.159783244066 0.144779079934 0.159792979834 0.176402913708
Herato07 Herato0701 6225001.0 6225000.0 0.122620369352 0.11806131972 0.1220607422 0.12890732575
Herato07 Herato0701 6275001.0 6275000.0 0.14888323988 0.1253322774 0.15006224826 0.1642070402
Herato07 Herato0701 6325001.0 6325000.0 0.108322231142 0.10007414176 0.10845541001 0.120198681418
Herato07 Herato0701 6375001.0 6375000.0 0.091694397188 0.0822930739052 0.092515019194 0.101077203088
Herato07 Herato0701 6425001.0 6425000.0 0.10870567526 0.09478376598 0.10775463708 0.12646139312
Herato07 Herato0701 6475001.0 6475000.0 0.119159705764 0.102461011516 0.117582179198 0.138784960296
Herato07 Herato0701 6525001.0 6525000.0 0.06785411436 0.063357581068 0.06746734352 0.07443466334
Herato07 Herato0701 6575001.0 6575000.0 0.0760307065368 0.0724466558731 0.0758756424014 0.080513699524
Herato07 Herato0701 6625001.0 6625000.0 0.135882909573 0.123254504815 0.135944645984 0.149755397958
Herato07 Herato0701 6675001.0 6675000.0 0.0677800366 0.059211438816 0.06682880595 0.080625000704
Herato07 Herato0701 6725001.0 6725000.0 0.081265505863 0.0761376234489 0.0814467345724 0.086982168259
Herato07 Herato0701 6775001.0 6775000.0 0.114017681854 0.108693641287 0.114738493096 0.119536861088
Herato07 Herato0701 6825001.0 6825000.0 0.0940461669888 0.0888768055701 0.093534602896 0.101253770652
Herato07 Herato0701 6875001.0 6875000.0 0.107237341258 0.101924001554 0.106942455802 0.112967551796
Herato07 Herato0701 6925001.0 6925000.0 0.1384553724 0.12936637678 0.13829147036 0.1457897256
Herato07 Herato0701 6975001.0 6975000.0 0.11168233198 0.09872099349 0.1121078103 0.12363772496
Herato07 Herato0701 7025001.0 7025000.0 0.126400951288 0.117517210372 0.12653599844 0.13475590116
Herato07 Herato0701 7075001.0 7075000.0 0.07205863622 0.06343120054 0.07168594658 0.08430000362
Herato07 Herato0701 7125001.0 7125000.0 0.091966111628 0.084712118614 0.091630539302 0.099502230964
Herato07 Herato0701 7175001.0 7175000.0 0.159571651804 0.138586228195 0.158154778574 0.186076250451
Herato07 Herato0701 7225001.0 7225000.0 0.14729989834 0.13422961862 0.14749665418 0.16104625612
Herato07 Herato0701 7275001.0 7275000.0 0.168701856302 0.153105408254 0.168623516572 0.18623085077
Herato07 Herato0701 7325001.0 7325000.0 0.116642148308 0.110754176914 0.116506965441 0.124452389528
Herato07 Herato0701 7375001.0 7375000.0 0.0895597304248 0.0818537182017 0.0896083585834 0.0956217597548
Herato07 Herato0701 7425001.0 7425000.0 0.17149132388 0.153288797066 0.170664693504 0.19245412045
Herato07 Herato0701 7475001.0 7475000.0 0.16303868962 0.153302374682 0.16248263428 0.1732062535
Herato07 Herato0701 7525001.0 7525000.0 0.104559254076 0.0954405463487 0.104521543537 0.114722554069
Herato07 Herato0701 7575001.0 7575000.0 0.04993070534 0.04758120684 0.04991517052 0.05239385702
Herato07 Herato0701 7625001.0 7625000.0 0.11555518556 0.102774965812 0.114884456256 0.1291396383
Herato07 Herato0701 7675001.0 7675000.0 0.066895678086 0.061810884228 0.067084006362 0.073568082048
Herato07 Herato0701 7725001.0 7725000.0 0.0716630083088 0.0638541827257 0.0721790462753 0.0789295535846
Herato07 Herato0701 7775001.0 7775000.0 0.09744403796 0.09061393382 0.09738384602 0.10608519122
Herato07 Herato0701 7825001.0 7825000.0 0.09607325682 0.08563152814 0.09578305482 0.11134213712
Herato07 Herato0701 7875001.0 7875000.0 0.08907191558 0.086862419164 0.089093683414 0.092371774204
Herato07 Herato0701 7925001.0 7925000.0 0.127829155874 0.104459116794 0.123287846712 0.163975578758
Herato07 Herato0701 7975001.0 7975000.0 0.068873623852 0.0628976575662 0.068765234126 0.076271023112
Herato07 Herato0701 8025001.0 8025000.0 0.11462105192 0.10716624642 0.11447717654 0.12272133046
Herato07 Herato0701 8075001.0 8075000.0 0.11643954777 0.107522674718 0.11665250354 0.12520509282
Herato07 Herato0701 8125001.0 8125000.0 0.19714964052 0.18492363828 0.19714524146 0.20805066718
Herato07 Herato0701 8175001.0 8175000.0 0.081268094894 0.0670955285448 0.0808281891066 0.098566918882
Herato07 Herato0701 8225001.0 8225000.0 0.0938725041604 0.0870265067972 0.0932827326408 0.103319595296
Herato07 Herato0701 8275001.0 8275000.0 0.13271144067 0.121819579395 0.132530406781 0.143549873162
Herato07 Herato0701 8325001.0 8325000.0 0.08321806838 0.0774816737 0.08328119682 0.09009080462
Herato07 Herato0701 8375001.0 8375000.0 0.14277891658 0.13388347026 0.14323530874 0.1516407439
Herato07 Herato0701 8425001.0 8425000.0 0.14901443678 0.14128423884 0.14790772282 0.15719490146
Herato07 Herato0701 8475001.0 8475000.0 0.08488694418 0.079263754058 0.08500446942 0.090267119178
Herato07 Herato0701 8525001.0 8525000.0 0.14803677458 0.13637549488 0.14804110694 0.16000961936
Herato07 Herato0701 8575001.0 8575000.0 0.134290581729 0.122614331785 0.134028713547 0.147969863107
Herato07 Herato0701 8625001.0 8625000.0 0.16102984564 0.14891011068 0.16173528552 0.17268456326
Herato07 Herato0701 8675001.0 8675000.0 0.171262953114 0.159595150694 0.170760568108 0.18468752868
Herato07 Herato0701 8725001.0 8725000.0 0.22197618758 0.215222753818 0.22139815914 0.23593901356
Herato07 Herato0701 8775001.0 8775000.0 0.144413450175 0.13485695838 0.144089223914 0.153285988219
Herato07 Herato0701 8825001.0 8825000.0 0.0795967138728 0.0705861954804 0.079982461663 0.0891873208512
Herato07 Herato0701 8875001.0 8875000.0 0.15160228744 0.14397775168 0.1513611652 0.15954172522
Herato07 Herato0701 8925001.0 8925000.0 0.13482041724 0.12887115412 0.13445647452 0.14211379248
Herato07 Herato0701 8975001.0 8975000.0 0.162568198868 0.154866212312 0.162162353926 0.172992207132
Herato07 Herato0701 9025001.0 9025000.0 0.106843116721 0.0986670357228 0.106654639786 0.115954066034
Herato07 Herato0701 9075001.0 9075000.0 0.054688884954 0.04858063576 0.054658729214 0.062261279962
Herato07 Herato0701 9125001.0 9125000.0 0.097204665952 0.087807340508 0.097135721006 0.107952375082
Herato07 Herato0701 9175001.0 9175000.0 0.15928869485 0.153667643326 0.159005013226 0.16988315863
Herato07 Herato0701 9225001.0 9225000.0 0.1451362625 0.13251469338 0.14560488222 0.1636843959
Herato07 Herato0701 9275001.0 9275000.0 0.186058552556 0.176495430122 0.184994061832 0.200270149191
Herato07 Herato0701 9325001.0 9325000.0 0.14970833006 0.134697691158 0.148515477704 0.16588089214
Herato07 Herato0701 9375001.0 9375000.0 0.13756813744 0.13198809782 0.1378901197 0.14356530236
Herato07 Herato0701 9425001.0 9425000.0 0.150414877859 0.133951432157 0.150175809476 0.166681900012
Herato07 Herato0701 9475001.0 9475000.0 0.1050628896 0.10119351024 0.10452844262 0.1104585502
Herato07 Herato0701 9525001.0 9525000.0 0.13194055558 0.12033934272 0.1315234837 0.14186991162
Herato07 Herato0701 9575001.0 9575000.0 0.20774454442 0.19998799924 0.20741642982 0.2176935322
Herato07 Herato0701 9625001.0 9625000.0 0.12806007928 0.11615317858 0.12852773436 0.13923429662
Herato07 Herato0701 9675001.0 9675000.0 0.1586824459 0.14962256314 0.15870696634 0.16783544628
Herato07 Herato0701 9725001.0 9725000.0 0.14401684758 0.13566627788 0.1433709275 0.15220641122
Herato07 Herato0701 9775001.0 9775000.0 0.10708377182 0.098867240044 0.106727316664 0.115859411468
Herato07 Herato0701 9825001.0 9825000.0 0.051122298912 0.046036649928 0.051003539016 0.056983501732
Herato07 Herato0701 9875001.0 9875000.0 0.0613536114036 0.0473238591449 0.0612604039412 0.080694480812
Herato07 Herato0701 9925001.0 9925000.0 0.0561401204555 0.048588086462 0.0548920917359 0.06860455689
Herato07 Herato0701 9975001.0 9975000.0 0.08954056162 0.08428959984 0.08925563906 0.09647903738
Herato07 Herato0701 10025001.0 10025000.0 0.06753645152 0.062922140568 0.06750011616 0.072756148
Herato07 Herato0701 10075001.0 10075000.0 0.0461571957035 0.0423874699983 0.046128011392 0.0511636782506
Herato07 Herato0701 10125001.0 10125000.0 0.052694555366 0.047502871412 0.05250408964 0.059529845814
Herato07 Herato0701 10175001.0 10175000.0 0.02902773641 0.025442646934 0.028835578338 0.033282137264
Herato07 Herato0701 10225001.0 10225000.0 0.038782067502 0.0357156498172 0.038800687774 0.042096705266
Herato07 Herato0701 10275001.0 10275000.0 0.06635350925 0.063091691534 0.065916542788 0.070745249384
Herato07 Herato0701 10325001.0 10325000.0 0.09215191906 0.076464738794 0.09113373852 0.11407490432
Herato07 Herato0701 10375001.0 10375000.0 0.061571585334 0.05364972209 0.060653936376 0.071218145542
Herato07 Herato0701 10425001.0 10425000.0 0.042379004672 0.038887822714 0.042113605658 0.045586630772
Herato07 Herato0701 10475001.0 10475000.0 0.052326313496 0.049705695258 0.052096563322 0.05588784956
Herato07 Herato0701 10525001.0 10525000.0 0.062743433418 0.05764549139 0.063094220472 0.06870316488
Herato07 Herato0701 10575001.0 10575000.0 0.056304791366 0.047365044784 0.057935512742 0.06350626148
Herato07 Herato0701 10625001.0 10625000.0 0.076736477384 0.071523429196 0.076725835724 0.08124536137
Herato07 Herato0701 10675001.0 10675000.0 0.05791465659 0.046216152622 0.055842359578 0.08152657298
Herato07 Herato0701 10725001.0 10725000.0 0.100763589032 0.09694827858 0.100710293914 0.10451684498
Herato07 Herato0701 10775001.0 10775000.0 0.066963912822 0.063818815512 0.067091160574 0.070579343294
Herato07 Herato0701 10825001.0 10825000.0 0.07322086042 0.067772533316 0.072693896916 0.079779577456
Herato07 Herato0701 10875001.0 10875000.0 0.0870895560061 0.0655597323384 0.0855163112856 0.116803157895
Herato07 Herato0701 10925001.0 10925000.0 0.10481136112 0.094653928614 0.10467338208 0.1150991202
Herato07 Herato0701 10975001.0 10975000.0 0.11110929144 0.10225082628 0.11105821696 0.11838603568
Herato07 Herato0701 11025001.0 11025000.0 0.048369840404 0.0394398073394 0.046871014692 0.059866081032
Herato07 Herato0701 11075001.0 11075000.0 0.027928301724 0.02568825314 0.027884959576 0.030335725788
Herato07 Herato0701 11125001.0 11125000.0 0.10954470432 0.10331205506 0.10985065608 0.11521690166
Herato07 Herato0701 11175001.0 11175000.0 0.10097180616 0.089675681196 0.1008625592 0.1160396177
Herato07 Herato0701 11225001.0 11225000.0 0.1146731326 0.10665733994 0.11441710976 0.1227554897
Herato07 Herato0701 11275001.0 11275000.0 0.10497092265 0.08344412976 0.102688353282 0.143660552006
Herato07 Herato0701 11325001.0 11325000.0 0.0738905071135 0.0677580110637 0.0739855317495 0.0802793365346
Herato07 Herato0701 11375001.0 11375000.0 0.0418144094 0.03882436184 0.04185554546 0.04449642368
Herato07 Herato0701 11425001.0 11425000.0 0.0388360378203 0.0326646897504 0.0388553456032 0.0454558462158
Herato07 Herato0701 11475001.0 11475000.0 0.0367235427246 0.0339118127057 0.0366377296318 0.0402304563064
Herato07 Herato0701 11525001.0 11525000.0 0.0405915611864 0.0375814823921 0.0404144921928 0.044469863608
Herato07 Herato0701 11575001.0 11575000.0 0.038663811022 0.0359854280154 0.038759189174 0.04151542122
Herato07 Herato0701 11625001.0 11625000.0 0.021619594644 0.019713275882 0.021532705026 0.02367215442
Herato07 Herato0701 11675001.0 11675000.0 0.0183309558302 0.0143997487742 0.0179577147538 0.0258746834584
Herato07 Herato0701 11725001.0 11725000.0 0.0236355639512 0.0189748727406 0.0233938386602 0.029532307385
Herato07 Herato0701 11775001.0 11775000.0 0.048987578474 0.0265731449322 0.0461923002 0.08576067706
Herato07 Herato0701 11825001.0 11825000.0 0.020388232604 0.0148760440436 0.019510342714 0.030477476108
Herato07 Herato0701 11875001.0 11875000.0 0.03655625375 0.0300039192906 0.0366304166748 0.0446748939508
Herato07 Herato0701 11925001.0 11925000.0 0.10369716432 0.09807010412 0.10382894352 0.10919018706
Herato07 Herato0701 11975001.0 11975000.0 0.0984736266868 0.0889481498593 0.0984103691538 0.109747380702
Herato07 Herato0701 12025001.0 12025000.0 0.14275871598 0.13209067472 0.14226276106 0.15191788262
Herato07 Herato0701 12075001.0 12075000.0 0.132184931236 0.123349368883 0.132385544072 0.140743329507
Herato07 Herato0701 12125001.0 12125000.0 0.082922124568 0.07538164052 0.082332869086 0.096165395814
Herato07 Herato0701 12175001.0 12175000.0 0.0507123180177 0.0425487366004 0.0508058461092 0.059569162953
Herato07 Herato0701 12225001.0 12225000.0 0.0776166109157 0.0707242228629 0.0774381512111 0.0837302766133
Herato07 Herato0701 12275001.0 12275000.0 0.086137217248 0.07883124607 0.08585403108 0.094213346586
Herato07 Herato0701 12325001.0 12325000.0 0.10804862798 0.0932496607 0.10836498748 0.1206571948
Herato07 Herato0701 12375001.0 12375000.0 0.0556709440838 0.0507663956965 0.0554702007448 0.062180685436
Herato07 Herato0701 12425001.0 12425000.0 0.114348118425 0.106993649811 0.11411859718 0.121752587302
Herato07 Herato0701 12475001.0 12475000.0 0.13555736558 0.11860806304 0.13576991352 0.15180293732
Herato07 Herato0701 12525001.0 12525000.0 0.10530248656 0.09868383092 0.10514821012 0.1114475012
Herato07 Herato0701 12575001.0 12575000.0 0.100314745072 0.093502258322 0.100088719062 0.1081197371
Herato07 Herato0701 12625001.0 12625000.0 0.09816891826 0.08894121754 0.09796773016 0.10587313694
Herato07 Herato0701 12675001.0 12675000.0 0.123435003618 0.11464299144 0.123347262794 0.13334345592
Herato07 Herato0701 12725001.0 12725000.0 0.0921993223572 0.0832661829603 0.0915847320192 0.103738611937
Herato07 Herato0701 12775001.0 12775000.0 0.0560631628848 0.0519622224245 0.05593261669 0.0602815677516
Herato07 Herato0701 12825001.0 12825000.0 0.043840625852 0.0403840166818 0.0437031725028 0.047683677248
Herato07 Herato0701 12875001.0 12875000.0 0.03824681956 0.03075939308 0.0378432474405 0.0468856088234
Herato07 Herato0701 12925001.0 12925000.0 0.059179207978 0.0548332095414 0.0592782203594 0.0638372705304
Herato07 Herato0701 12975001.0 12975000.0 0.125597199452 0.119081467182 0.125781577214 0.13125610132
Herato07 Herato0701 13025001.0 13025000.0 0.08622639004 0.0812958227786 0.08619354204 0.09160778381
Herato07 Herato0701 13075001.0 13075000.0 0.137335202 0.1322938106 0.1375918888 0.1433995464
Herato07 Herato0701 13125001.0 13125000.0 0.1757577514 0.1696641262 0.1761569578 0.1831477034
Herato07 Herato0701 13175001.0 13175000.0 0.16413411322 0.15559116078 0.16444660884 0.17254500488
Herato07 Herato0701 13225001.0 13225000.0 0.127260567746 0.11109652617 0.125053315726 0.1489922673
Herato07 Herato0701 13275001.0 13275000.0 0.12438962867 0.114492257208 0.125107404858 0.133623894768
Herato07 Herato0701 13325001.0 13325000.0 0.16248398484 0.1580517736 0.16219940156 0.16969533534
Herato07 Herato0701 13375001.0 13375000.0 0.102090815999 0.0880291223533 0.101708831527 0.118678811522
Herato07 Herato0701 13425001.0 13425000.0 0.121177056022 0.110443685066 0.120698390859 0.13297714646
Herato07 Herato0701 13475001.0 13475000.0 0.10928002362 0.0980809402536 0.108646470747 0.124838996257
Herato07 Herato0701 13525001.0 13525000.0 0.15329589782 0.13630480398 0.15273156998 0.16852971306
Herato07 Herato0701 13575001.0 13575000.0 0.175766950116 0.15865416499 0.174749802933 0.195643850226
Herato07 Herato0701 13625001.0 13625000.0 0.1598451292 0.15236080114 0.158872777 0.1696328148
Herato07 Herato0701 13675001.0 13675000.0 0.16923129682 0.162120198788 0.16928137503 0.17714006606
Herato07 Herato0701 13725001.0 13725000.0 0.1059869906 0.0996070932 0.1043726413 0.14148352526
Herato07 Herato0701 13775001.0 13775000.0 0.10311029244 0.0967316411 0.10288654622 0.10886693636
Herato07 Herato0701 13825001.0 13825000.0 0.1451673746 0.1376111418 0.1453465108 0.1523091238
Herato07 Herato0701 13875001.0 13875000.0 0.1187250969 0.1134329316 0.11814803296 0.1246972266
Herato07 Herato0701 13925001.0 13925000.0 0.0890579341 0.08163713548 0.0893035903 0.0959811199
Herato07 Herato0701 13975001.0 13975000.0 0.137659369502 0.130456389124 0.137801537126 0.145727941456
Herato07 Herato0701 14025001.0 14025000.0 0.0951558822 0.09020291416 0.0951892609 0.10094700436
Herato07 Herato0701 14075001.0 14075000.0 0.081886081886 0.075461042662 0.08184086332 0.08923382243
Herato07 Herato0701 14125001.0 14125000.0 0.060894167964 0.05582047002 0.06059968307 0.066663942794
Herato07 Herato0701 14175001.0 14175000.0 0.079345880376 0.07338580458 0.079094448162 0.086358043752
Herato07 Herato0701 14225001.0 14225000.0 0.0922483503 0.08992221048 0.0919704474 0.09536130448
Herato07 Herato0701 14275001.0 14275000.0 0.0920046611 0.0905412906 0.0918157489 0.0944291067
Herato07 Herato0701 14325001.0 14325000.0 0.035030940592 0.03064778089 0.034916064858 0.041528287978
Herato07 Herato0701 14375001.0 14375000.0 0.0765537687 0.06772607796 0.07658790588 0.086155518
Herato07 Herato0701 14425001.0 14425000.0 0.1175369154 0.11141785806 0.11730759574 0.12543935908
Herato07 Herato0701 14475001.0 14475000.0 0.08919910622 0.08255967832 0.08878401172 0.09772814228
Herato07 Herato0701 14525001.0 14525000.0 0.1033657742 0.1016535174 0.1031177688 0.1087857806
Herato07 Herato0701 14575001.0 14575000.0 0.089513914684 0.082311195132 0.089570463464 0.097111699834
Herato07 Herato0701 14625001.0 14625000.0 0.15688904294 0.1456366166 0.15681976696 0.17033422722
Herato07 Herato0701 14675001.0 14675000.0 0.18111599966 0.17340956224 0.17994268122 0.19313203048
Herato07 Herato0701 14725001.0 14725000.0 0.202436462788 0.184785551559 0.202152439525 0.220261424222
Herato07 Herato0701 14775001.0 14775000.0 0.156157971593 0.147796352354 0.156345026845 0.16242015823
Herato07 Herato0701 14825001.0 14825000.0 0.1578386488 0.1484286412 0.1583672128 0.1659838228
Herato07 Herato0701 14875001.0 14875000.0 0.138617639047 0.108033755533 0.133640120546 0.186838612032
Herato07 Herato0701 14925001.0 14925000.0 0.11803414322 0.1092355073 0.11988168042 0.12572558838
Herato07 Herato0701 14975001.0 14975000.0 0.13987732066 0.13498721288 0.13870191592 0.1471035691
Herato07 Herato0701 15025001.0 15025000.0 0.126157316682 0.117863188624 0.12582600123 0.135826297102
Herato07 Herato0701 15075001.0 15075000.0 0.156224565115 0.144422966756 0.155664024151 0.169654967126
Herato07 Herato0701 15125001.0 15125000.0 0.140143242548 0.1328238178 0.139343080624 0.148784522244
Herato07 Herato0701 15175001.0 15175000.0 0.12440027554 0.11888755668 0.12357078006 0.1316228097
Herato07 Herato0701 15225001.0 15225000.0 0.12423948838 0.11483396758 0.12369491152 0.13350583438
Herato07 Herato0701 15275001.0 15275000.0 0.155945047416 0.14230439004 0.155407565796 0.17275815538
Herato07 Herato0701 15325001.0 15325000.0 0.15304936904 0.14302836928 0.15239368306 0.1612467361
Herato07 Herato0701 15375001.0 15375000.0 0.09134034434 0.08738419162 0.0916016937 0.09553813664
Herato07 Herato0701 15425001.0 15425000.0 0.149652458472 0.13284526202 0.150079213236 0.165142544928
Herato07 Herato0701 15475001.0 15475000.0 0.1165407839 0.11107953188 0.1163170133 0.1221989712
Herato07 Herato0701 15525001.0 15525000.0 0.0316335008008 0.0294534851222 0.0312850756513 0.0348338716656
Herato07 Herato0701 15575001.0 15575000.0 0.09055735346 0.0807153095 0.0902053707 0.10161770088
Herato07 Herato0701 15625001.0 15625000.0 0.09337323534 0.086290825 0.0931078862 0.10026552534
Herato07 Herato0701 15675001.0 15675000.0 0.105738072218 0.094511048388 0.104797184836 0.121641615848
Herato07 Herato0701 15725001.0 15725000.0 0.043367087488 0.039433568822 0.043305519962 0.047705437544
Herato07 Herato0701 15775001.0 15775000.0 0.07102499274 0.06705246591 0.071112298114 0.074682294432
Herato07 Herato0701 15825001.0 15825000.0 0.105321711614 0.09600452363 0.105014020862 0.114690287186
Herato07 Herato0701 15875001.0 15875000.0 0.09725741408 0.09486730396 0.09697617144 0.10096585218
Herato07 Herato0701 15925001.0 15925000.0 0.05673155414 0.05313287762 0.05655591984 0.06135337276
Herato07 Herato0701 15975001.0 15975000.0 0.05141871856 0.04753980696 0.05140801236 0.05540506788
Herato07 Herato0701 16025001.0 16025000.0 0.041386429068 0.03805405745 0.041189256844 0.04547747378
Herato07 Herato0701 16075001.0 16075000.0 0.0407351191784 0.0362110378874 0.0410157999626 0.044844356829
Herato07 Herato0701 16125001.0 16125000.0 0.032551842224 0.02697638274 0.032126374924 0.041176151666
Herato07 Herato0701 16175001.0 16175000.0 0.0233776088674 0.0192410123099 0.0234550178504 0.029678551939
Herato07 Herato0701 16225001.0 16225000.0 0.041131516976 0.037093920486 0.040980102896 0.045719371604
Herato07 Herato0701 16275001.0 16275000.0 0.056104141326 0.053641876072 0.055948062676 0.059420590844
Herato07 Herato0701 16325001.0 16325000.0 0.068102353518 0.062437876994 0.068300543608 0.07589198368
Herato07 Herato0701 16375001.0 16375000.0 0.11215134824 0.10047374318 0.11234294874 0.12544356292
Herato07 Herato0701 16425001.0 16425000.0 0.090307104396 0.084197731718 0.089626108238 0.098258739092
Herato07 Herato0701 16475001.0 16475000.0 0.12518669174 0.11792620649 0.124737618068 0.13429882596
Herato07 Herato0701 16525001.0 16525000.0 0.146204217615 0.13880661301 0.146137365341 0.153149934522
Herato07 Herato0701 16575001.0 16575000.0 0.15134445068 0.14150920626 0.1535152099 0.15878831238
Herato07 Herato0701 16625001.0 16625000.0 0.137183775 0.129403112452 0.136950946452 0.1465044717
Herato07 Herato0701 16675001.0 16675000.0 0.134189146472 0.121868577128 0.134192656486 0.146822692432
Herato07 Herato0701 16725001.0 16725000.0 0.080453130004 0.07041590013 0.080035524288 0.093364479778
Herato07 Herato0701 16775001.0 16775000.0 0.1227879671 0.11154793312 0.12259485616 0.13581160428
Herato07 Herato0701 16825001.0 16825000.0 0.13513442206 0.13064492977 0.1347610687 0.14184627196
Herato07 Herato0701 16875001.0 16875000.0 0.169979490535 0.150630746179 0.16917184961 0.19356941308
Herato07 Herato0701 16925001.0 16925000.0 0.1323420694 0.1268091904 0.1319388848 0.1390637656
Herato07 Herato0701 16975001.0 16975000.0 0.14706199139 0.130018695182 0.146716014238 0.163081899014
Herato07 Herato0701 17025001.0 17025000.0 0.18634794644 0.17021189484 0.18663352344 0.20137373874
Herato07 Herato0701 17075001.0 17075000.0 0.15752813926 0.13839761368 0.15851088884 0.17318979792
Herato07 Herato0701 17125001.0 17125000.0 0.146789071418 0.11671447693 0.142323828566 0.208113793824
Herato07 Herato0701 17175001.0 17175000.0 0.201262795985 0.190251786262 0.200962614221 0.213001160712
Herato07 Herato0701 17225001.0 17225000.0 0.165609435761 0.143789032174 0.165185012974 0.190373564504
Herato07 Herato0701 17275001.0 17275000.0 0.18620160934 0.149602061922 0.184325646303 0.241879747462
Herato07 Herato0701 17325001.0 17325000.0 0.131206596482 0.120396018967 0.128286341404 0.152409081216
Herato07 Herato0701 17375001.0 17375000.0 0.118223075712 0.108986422082 0.117999622279 0.127695262704
Herato07 Herato0701 17425001.0 17425000.0 0.09713534232 0.088918474128 0.098381041632 0.10350821916
Herato07 Herato0701 17475001.0 17475000.0 0.0819275941812 0.0772045353101 0.0821063316958 0.086065554587
Herato07 Herato0701 17525001.0 17525000.0 0.083362046614 0.0749249346853 0.0833084031172 0.0925159918476
Herato07 Herato0701 17575001.0 17575000.0 0.068766948592 0.0623436323734 0.068249518716 0.076970998738
Herato07 Herato0701 17625001.0 17625000.0 0.154831619723 0.138524718464 0.151856157233 0.18001720824
Herato07 Herato0701 17675001.0 17675000.0 0.1154500996 0.10510268874 0.11499700646 0.12911213916
Herato07 Herato0701 17725001.0 17725000.0 0.13030238426 0.12387947308 0.13019058974 0.1367740464
Herato07 Herato0701 17775001.0 17775000.0 0.1061444212 0.0985239047 0.1049240028 0.11668930172
Herato07 Herato0701 17825001.0 17825000.0 0.14414151666 0.129190515808 0.1441628076 0.16052263088
Herato07 Herato0701 17875001.0 17875000.0 0.175712004116 0.163725959392 0.175155725704 0.18830988001
Herato07 Herato0701 17925001.0 17925000.0 0.11209210124 0.10637088074 0.11200973526 0.11953709594
Herato07 Herato0701 17975001.0 17975000.0 0.13590032724 0.12633077816 0.13594343898 0.1442411001
Herato07 Herato0701 18025001.0 18025000.0 0.11241299708 0.103255359904 0.11245629098 0.12314436708
Herato07 Herato0701 18075001.0 18075000.0 0.100305138924 0.093819601588 0.099927790042 0.111298666254
Herato07 Herato0701 18125001.0 18125000.0 0.0670191913434 0.0628136373557 0.0667980326744 0.074224343901
Herato07 Herato0701 18175001.0 18175000.0 0.0529981868614 0.0469014714038 0.0528558048384 0.060260256298
Herato07 Herato0701 18225001.0 18225000.0 0.065342981878 0.0553455575532 0.063663875124 0.084300308238
Herato07 Herato0701 18275001.0 18275000.0 0.071465666846 0.065055586944 0.07087336685 0.078690993014
Herato07 Herato0701 18325001.0 18325000.0 0.07303667152 0.067518738078 0.07333694428 0.07817429136
Herato07 Herato0701 18375001.0 18375000.0 0.0758309030372 0.0627104015151 0.0749095220204 0.095579810288
Herato07 Herato0701 18425001.0 18425000.0 0.0394252824806 0.0291850058256 0.038706325297 0.0546289195448
Herato07 Herato0701 18475001.0 18475000.0 0.0254986542672 0.0230149960962 0.025387736845 0.028343830866
Herato07 Herato0701 18525001.0 18525000.0 0.119393299226 0.102700564794 0.116818323706 0.149045939664
Herato07 Herato0701 18575001.0 18575000.0 0.109469683762 0.101114629602 0.10953855959 0.119289887008
Herato07 Herato0701 18625001.0 18625000.0 0.096119914848 0.089157240734 0.096296944704 0.1040350755
Herato07 Herato0701 18675001.0 18675000.0 0.091110405162 0.085548557204 0.09147160916 0.095008870852
Herato07 Herato0701 18725001.0 18725000.0 0.07830338418 0.064545736468 0.07820465516 0.09533811224
Herato07 Herato0701 18775001.0 18775000.0 0.04264503024 0.038053668396 0.04250727825 0.04803338283
Herato07 Herato0701 18825001.0 18825000.0 0.03701972826 0.03274339272 0.03696731674 0.04181402156
Herato07 Herato0701 18875001.0 18875000.0 0.0572669535984 0.0371920164653 0.0543344037473 0.0955808879552
Herato07 Herato0701 18925001.0 18925000.0 0.065592492246 0.034802292234 0.06325693345 0.113420648158
Herato07 Herato0701 18975001.0 18975000.0 0.0232232617164 0.0204709202967 0.0232238931476 0.0265822363792
Herato07 Herato0701 19025001.0 19025000.0 0.0345072503456 0.0302860639721 0.0344814610326 0.0392337466688
