chrom scaffold Cposition position mean p0025 p0500 p0975
Herato10 Herato1001 25001.0 25000.0 0.02581592175 0.022257570248 0.025846787862 0.030372823542
Herato10 Herato1001 75001.0 75000.0 0.0055930305056 0.0046254958674 0.005508680961 0.0072155780364
Herato10 Herato1001 125001.0 125000.0 0.0171043293522 0.0132666856466 0.016878530878 0.021939586796
Herato10 Herato1001 175001.0 175000.0 0.005518776692 0.005001545874 0.005554867162 0.005916562886
Herato10 Herato1001 225001.0 225000.0 0.0712382495201 0.0426558823367 0.0676948055202 0.118417577008
Herato10 Herato1001 275001.0 275000.0 0.0102515616192 0.00917241919735 0.01020781173 0.0115045173904
Herato10 Herato1001 325001.0 325000.0 0.0221581901897 0.0113138225261 0.0188786258249 0.0474382923378
Herato10 Herato1001 375001.0 375000.0 0.015234907338 0.00914577355833 0.0147245861475 0.0246711047092
Herato10 Herato1001 425001.0 425000.0 0.00938815601508 0.00801581062265 0.00931634166574 0.0108485891374
Herato10 Herato1001 475001.0 475000.0 0.005797385718 0.0047140431202 0.005755587268 0.007205548204
Herato10 Herato1001 525001.0 525000.0 0.00582301883212 0.00543730460465 0.00582471271756 0.00631344724412
Herato10 Herato1001 575001.0 575000.0 0.0417764583124 0.00609268975976 0.0370856652137 0.120654664957
Herato10 Herato1001 625001.0 625000.0 0.022166223111 0.0120026224438 0.0216922133996 0.0357111991702
Herato10 Herato1001 675001.0 675000.0 0.0125669406966 0.0100692081574 0.0123824473753 0.0162041364576
Herato10 Herato1001 725001.0 725000.0 0.0115570486526 0.00920619044352 0.0114508219638 0.0145253705498
Herato10 Herato1001 775001.0 775000.0 0.0394780204662 0.0180115499261 0.035610850908 0.0838828227342
Herato10 Herato1001 825001.0 825000.0 0.0257200965811 0.0132471626892 0.0245436647718 0.0495233808742
Herato10 Herato1001 875001.0 875000.0 0.0260918786112 0.0173141061536 0.026043539746 0.0379021409932
Herato10 Herato1001 925001.0 925000.0 0.0169204613697 0.00777019367677 0.0162375558727 0.0334218059665
Herato10 Herato1001 975001.0 975000.0 0.0193525058854 0.0119595372849 0.0188015545681 0.0284266380152
Herato10 Herato1001 1025001.0 1025000.0 0.0349362300882 0.0124846953941 0.0331142619544 0.0731979644452
Herato10 Herato1001 1075001.0 1075000.0 0.0171745259842 0.0122025227393 0.0164886007082 0.0301204913324
Herato10 Herato1001 1125001.0 1125000.0 0.00927588690484 0.00810709195805 0.00925164579516 0.0107297783258
Herato10 Herato1001 1175001.0 1175000.0 0.0073326055706 0.0059653987265 0.0073236690254 0.0089174896192
Herato10 Herato1001 1225001.0 1225000.0 0.0118822869346 0.00993844952219 0.0118137506011 0.0146139367787
Herato10 Herato1001 1275001.0 1275000.0 0.0031584071011 0.00259678201013 0.00315431733388 0.00386394484322
Herato10 Herato1001 1325001.0 1325000.0 0.0100484281212 0.00759508522242 0.0100612077192 0.013403032784
Herato10 Herato1001 1375001.0 1375000.0 0.0094701913016 0.00605702674564 0.0096632285514 0.013618809091
Herato10 Herato1001 1425001.0 1425000.0 0.0405049066521 0.027284166592 0.0390893860994 0.0607127513615
Herato10 Herato1001 1475001.0 1475000.0 0.0196571690572 0.00918786080859 0.019317461258 0.0387907589876
Herato10 Herato1001 1525001.0 1525000.0 0.0481064053143 0.0189811034776 0.0436788572837 0.102430291119
Herato10 Herato1001 1575001.0 1575000.0 0.00800801229286 0.0070459320236 0.00800934785156 0.00906056906354
Herato10 Herato1001 1625001.0 1625000.0 0.0092263809078 0.00827142410689 0.0092268053308 0.0103555486616
Herato10 Herato1001 1675001.0 1675000.0 0.015574836752 0.0139821172225 0.0155556815624 0.017540950182
Herato10 Herato1001 1725001.0 1725000.0 0.018414295376 0.013870916152 0.018190578162 0.023384148322
Herato10 Herato1001 1775001.0 1775000.0 0.012082790876 0.0079643464 0.01186781082 0.017703526088
Herato10 Herato1001 1825001.0 1825000.0 0.0217009689959 0.0104652918631 0.0172148200766 0.0553211630783
Herato10 Herato1001 1875001.0 1875000.0 0.006817366006 0.00561648844 0.006755775024 0.00830017272
Herato10 Herato1001 1925001.0 1925000.0 0.0225476467604 0.0159662384691 0.0221180390737 0.031608816598
Herato10 Herato1001 1975001.0 1975000.0 0.0673560085794 0.0322761504122 0.061287540432 0.145181162458
Herato10 Herato1001 2025001.0 2025000.0 0.0204184110457 0.0173262345949 0.0203950001481 0.0240729633884
Herato10 Herato1001 2075001.0 2075000.0 0.0285293664084 0.0193358181384 0.0284823796038 0.0376012319396
Herato10 Herato1001 2125001.0 2125000.0 0.0198878440834 0.0169203646719 0.0197647847107 0.0233766851794
Herato10 Herato1001 2175001.0 2175000.0 0.0490369540153 0.0206183369029 0.0483518250573 0.0834624709234
Herato10 Herato1001 2225001.0 2225000.0 0.012284950628 0.00917299638203 0.0119024131267 0.0175612498417
Herato10 Herato1001 2275001.0 2275000.0 0.0582357910363 0.0325275892153 0.0530663428312 0.108991068862
Herato10 Herato1001 2325001.0 2325000.0 0.074894546656 0.0329418165657 0.0673463246761 0.164470249299
Herato10 Herato1001 2375001.0 2375000.0 0.0418359158293 0.0173175936265 0.0345213756466 0.110990331978
Herato10 Herato1001 2425001.0 2425000.0 0.023758511273 0.0153172027268 0.0237753633601 0.0367961045435
Herato10 Herato1001 2475001.0 2475000.0 0.0154629902824 0.0135028509773 0.0153939387024 0.0179309716022
Herato10 Herato1001 2525001.0 2525000.0 0.0259590424832 0.0203113535169 0.025424777063 0.0341570972328
Herato10 Herato1001 2575001.0 2575000.0 0.0104313303972 0.0094924028074 0.0103871903696 0.011621464372
Herato10 Herato1001 2625001.0 2625000.0 0.0522532174974 0.0342603534267 0.0494721368314 0.089466476212
Herato10 Herato1001 2675001.0 2675000.0 0.0178719840992 0.0153992335803 0.0179181736826 0.0204590358464
Herato10 Herato1001 2725001.0 2725000.0 0.0310048824116 0.0167873769491 0.027130641503 0.0603849573016
Herato10 Herato1001 2775001.0 2775000.0 0.0234516959892 0.0162507309994 0.0224065299708 0.036292365902
Herato10 Herato1001 2825001.0 2825000.0 0.0099060321137 0.00759622140482 0.00979173228654 0.0130184920895
Herato10 Herato1001 2875001.0 2875000.0 0.0129754892305 0.0118306623915 0.0130044707724 0.0140469819252
Herato10 Herato1001 2925001.0 2925000.0 0.0255983211864 0.0138824919716 0.0226643185119 0.0560977921764
Herato10 Herato1001 2975001.0 2975000.0 0.00949079810818 0.00733492787438 0.00936407144632 0.0124618683499
Herato10 Herato1001 3025001.0 3025000.0 0.0144608062828 0.00795300751432 0.0136350654276 0.0248651936424
Herato10 Herato1001 3075001.0 3075000.0 0.0124363256964 0.0105774362243 0.0123958125924 0.01451574124
Herato10 Herato1001 3125001.0 3125000.0 0.0223543255378 0.0192471358667 0.0222354002124 0.0264616549098
Herato10 Herato1001 3175001.0 3175000.0 0.0228702128688 0.0195457211733 0.022674337251 0.0270414545784
Herato10 Herato1001 3225001.0 3225000.0 0.0358312598956 0.0230538916168 0.0341926684422 0.0555660098588
Herato10 Herato1001 3275001.0 3275000.0 0.021198965285 0.0160583416413 0.0207146497402 0.02914983557
Herato10 Herato1001 3325001.0 3325000.0 0.0214058066916 0.0154298819522 0.0201718286024 0.034036061676
Herato10 Herato1001 3375001.0 3375000.0 0.032461026582 0.0222266427614 0.030045001306 0.057707786366
Herato10 Herato1001 3425001.0 3425000.0 0.028528113292 0.0186002595158 0.0274384548616 0.04569545519
Herato10 Herato1001 3475001.0 3475000.0 0.021994789908 0.0160754490874 0.02250932178 0.02961490039
Herato10 Herato1001 3525001.0 3525000.0 0.0234912196546 0.0080231572161 0.0230428826092 0.046060515342
Herato10 Herato1001 3575001.0 3575000.0 0.018621505612 0.0153986989833 0.0184494323138 0.0225691196644
Herato10 Herato1001 3625001.0 3625000.0 0.0189038512448 0.0151216824248 0.0184871332588 0.023611622026
Herato10 Herato1001 3675001.0 3675000.0 0.0122626448974 0.0107047877692 0.0122162331998 0.0139901343032
Herato10 Herato1001 3725001.0 3725000.0 0.0304037745414 0.00927634585356 0.0299856321378 0.0521731402592
Herato10 Herato1001 3775001.0 3775000.0 0.057993552124 0.052917687948 0.05740970565 0.06507499129
Herato10 Herato1001 3825001.0 3825000.0 0.0380571254262 0.034480272092 0.0380744283608 0.0421463817802
Herato10 Herato1001 3875001.0 3875000.0 0.0243528723164 0.0182470936772 0.0240006635652 0.0325349102476
Herato10 Herato1001 3925001.0 3925000.0 0.010427231346 0.00939399762 0.010419938724 0.011381657108
Herato10 Herato1001 3975001.0 3975000.0 0.0111599962148 0.00907682134633 0.0111736170012 0.01348114537
Herato10 Herato1001 4025001.0 4025000.0 0.0108131146004 0.00887785659958 0.0106183680238 0.0135260744344
Herato10 Herato1001 4075001.0 4075000.0 0.0207750864688 0.0163214150101 0.0205437516365 0.0267543199961
Herato10 Herato1001 4125001.0 4125000.0 0.026459070966 0.016091911998 0.025343351866 0.045457852022
Herato10 Herato1001 4175001.0 4175000.0 0.0125971758 0.0124932486 0.0125941779 0.0128050302
Herato10 Herato1001 4225001.0 4225000.0 0.01303087508 0.0128572621 0.01302350658 0.0133350841
Herato10 Herato1001 4275001.0 4275000.0 0.0112191020489 0.00991252556653 0.0110930265797 0.0129200133062
Herato10 Herato1001 4325001.0 4325000.0 0.0212744174068 0.0166382039911 0.0209903305498 0.0276266924596
Herato10 Herato1001 4375001.0 4375000.0 0.0852764845106 0.0395485358402 0.0785454056652 0.169674205703
Herato10 Herato1001 4425001.0 4425000.0 0.0317235168235 0.0154999434116 0.0295301708561 0.0626563859476
Herato10 Herato1001 4475001.0 4475000.0 0.0128854029284 0.00958719599436 0.012632950004 0.0172428535848
Herato10 Herato1001 4525001.0 4525000.0 0.0378072728276 0.0176536885909 0.0366022432266 0.068829324754
Herato10 Herato1001 4575001.0 4575000.0 0.0293220072178 0.0195122496884 0.0284446099164 0.0454465320564
Herato10 Herato1001 4625001.0 4625000.0 0.012574416466 0.0106448270762 0.01240302778 0.015349625234
Herato10 Herato1001 4675001.0 4675000.0 0.0131188960564 0.0091745572846 0.0129156952956 0.018674701868
Herato10 Herato1001 4725001.0 4725000.0 0.023454961934 0.0129626411741 0.022717860856 0.0385411301286
Herato10 Herato1001 4775001.0 4775000.0 0.0320831503126 0.0157924024372 0.0302925710101 0.0566229677252
Herato10 Herato1001 4825001.0 4825000.0 0.0107288059562 0.0090056747148 0.010530477299 0.0134450792878
Herato10 Herato1001 4875001.0 4875000.0 0.017188030672 0.0111610758842 0.0144061663474 0.0597015387338
Herato10 Herato1001 4925001.0 4925000.0 0.0093746395647 0.00880678956161 0.00936098671596 0.00994009552566
Herato10 Herato1001 4975001.0 4975000.0 0.0119714287484 0.00774026600596 0.0120308395551 0.0180238676067
Herato10 Herato1001 5025001.0 5025000.0 0.0127272110958 0.0111201721316 0.0126731946422 0.0145634214714
Herato10 Herato1001 5075001.0 5075000.0 0.0151977891421 0.00326463839092 0.0140987903993 0.0343530739467
Herato10 Herato1001 5125001.0 5125000.0 0.0206945576482 0.00259265078408 0.0181309781156 0.0547429388802
Herato10 Herato1001 5175001.0 5175000.0 0.0271072035076 0.00974185778401 0.0183275665649 0.0609802887512
Herato10 Herato1001 5225001.0 5225000.0 0.0281061443327 0.0160280654184 0.027023314203 0.0484427800459
Herato10 Herato1001 5275001.0 5275000.0 0.00645864250728 0.00435326284121 0.00588398976656 0.00940765616036
Herato10 Herato1001 5325001.0 5325000.0 0.00574401483316 0.0047112129955 0.00568947678296 0.00713469360262
Herato10 Herato1001 5375001.0 5375000.0 0.023728215079 0.0189878882604 0.0234277593864 0.0296817540572
Herato10 Herato1001 5425001.0 5425000.0 0.013941770036 0.012080692584 0.01388061755 0.016330183558
Herato10 Herato1001 5475001.0 5475000.0 0.0126045930014 0.0108218403907 0.0122529309046 0.0159030973392
Herato10 Herato1001 5525001.0 5525000.0 0.0202203354558 0.0168020652636 0.020026612903 0.0246680263352
Herato10 Herato1001 5575001.0 5575000.0 0.0183354763166 0.0159671812091 0.0182713193703 0.0210665946534
Herato10 Herato1001 5625001.0 5625000.0 0.0224697803344 0.0187529164472 0.0225484041886 0.0266505473034
Herato10 Herato1001 5675001.0 5675000.0 0.101329978561 0.0278996699404 0.0789050193218 0.302805109856
Herato10 Herato1001 5725001.0 5725000.0 0.0143544468251 0.0122740742426 0.014303075827 0.016866404817
Herato10 Herato1001 5775001.0 5775000.0 0.0172040229387 0.0116039909261 0.0163353585533 0.028813667508
Herato10 Herato1001 5825001.0 5825000.0 0.044657327424 0.0255464808326 0.0429036455587 0.0730607315532
Herato10 Herato1001 5875001.0 5875000.0 0.0114962958888 0.0105019670908 0.011455116197 0.0129090649644
Herato10 Herato1001 5925001.0 5925000.0 0.0440802720036 0.0155172126702 0.042702044768 0.080184269548
Herato10 Herato1001 5975001.0 5975000.0 0.01030781526 0.008720009334 0.010215603738 0.0123222355642
Herato10 Herato1001 6025001.0 6025000.0 0.00947242148474 0.00614141529134 0.00922175426418 0.0143983262926
Herato10 Herato1001 6075001.0 6075000.0 0.0049172555556 0.0041477935722 0.004923307147 0.0058709714506
Herato10 Herato1001 6109677.5 6125000.0 0.0112108897052 0.00891802604531 0.0111779363739 0.0138452444195
Herato10 Herato1002 6144355.0 25000.0 0.0085647107006 0.0072507128536 0.0085388851084 0.0100640570322
Herato10 Herato1002 6194355.0 75000.0 0.0567846964645 0.0230256186459 0.0465564877729 0.145308960927
Herato10 Herato1002 6244355.0 125000.0 0.0544010493669 0.0280767679485 0.0511976643174 0.101057053296
Herato10 Herato1002 6279028.5 175000.0 0.0185330670957 0.0166350519047 0.018429527994 0.0205652984959
Herato10 Herato1003 6313703.0 25000.0 0.0233389726892 0.0116482001019 0.0148195130586 0.0954332818392
Herato10 Herato1003 6363703.0 75000.0 0.01501090994 0.013389737828 0.014895264578 0.016529413218
Herato10 Herato1003 6413703.0 125000.0 0.020386468884 0.0152032112744 0.0202934441606 0.026542179784
Herato10 Herato1003 6463703.0 175000.0 0.0174450829934 0.0150504516512 0.0172491304782 0.0201685082476
Herato10 Herato1003 6513703.0 225000.0 0.0220464323572 0.0143169471042 0.0211367202148 0.0359514642784
Herato10 Herato1003 6563703.0 275000.0 0.0109997637264 0.0092574273788 0.010881540803 0.0133287978034
Herato10 Herato1003 6613703.0 325000.0 0.0435859373348 0.0282228220019 0.0426933494019 0.0666392415602
Herato10 Herato1003 6663703.0 375000.0 0.034437715407 0.022014720535 0.033516435512 0.0514609328742
Herato10 Herato1003 6713703.0 425000.0 0.0189694500706 0.0149478078199 0.0188052812028 0.0243602488438
Herato10 Herato1003 6763703.0 475000.0 0.02784802977 0.019523379824 0.02704389243 0.04223078611
Herato10 Herato1003 6813703.0 525000.0 0.0200169027136 0.0150839784096 0.0196778167404 0.0275684289896
Herato10 Herato1003 6863703.0 575000.0 0.0212810300564 0.0163890730894 0.0208636283284 0.0275216659672
Herato10 Herato1003 6913703.0 625000.0 0.012513727446 0.011348328924 0.01239320799 0.014018448666
Herato10 Herato1003 6963703.0 675000.0 0.0075283630934 0.006251826199 0.0075098189116 0.0089100412844
Herato10 Herato1003 7013703.0 725000.0 0.0123317747415 0.0100183026875 0.0122866764709 0.0149609243682
Herato10 Herato1003 7063703.0 775000.0 0.0116750171047 0.00988594243678 0.0115327790668 0.0137917227144
Herato10 Herato1003 7113703.0 825000.0 0.0081239819762 0.0068318528888 0.0080720227452 0.0097309510996
Herato10 Herato1003 7163703.0 875000.0 0.0360792090138 0.0193532385382 0.0357058774963 0.058311811073
Herato10 Herato1003 7213703.0 925000.0 0.0045569228872 0.00371737229333 0.00449264132578 0.0058352994798
Herato10 Herato1003 7263703.0 975000.0 0.0107801039585 0.00809721581044 0.0105647046314 0.0145817407619
Herato10 Herato1003 7313703.0 1025000.0 0.00257071367012 0.00223467307427 0.00255225333672 0.00303980714366
Herato10 Herato1003 7363703.0 1075000.0 0.0066545196687 0.00517676661701 0.00666713138376 0.0080732884996
Herato10 Herato1003 7413703.0 1125000.0 0.0162328465081 0.00804847150618 0.0147945062009 0.0341095148744
Herato10 Herato1003 7463703.0 1175000.0 0.0089324300102 0.0065271818174 0.00873312990562 0.012328206742
Herato10 Herato1003 7513703.0 1225000.0 0.0080307666243 0.00358863948602 0.00839247361372 0.0127107216902
Herato10 Herato1003 7563703.0 1275000.0 0.0140905064599 0.0092396201896 0.013517433249 0.0245511514258
Herato10 Herato1003 7613703.0 1325000.0 0.0115665870752 0.0101270513749 0.0115468538953 0.0134794589256
Herato10 Herato1003 7663703.0 1375000.0 0.0308497702368 0.0130104900732 0.028502051158 0.068564334574
Herato10 Herato1003 7713703.0 1425000.0 0.0156134824169 0.0125014916962 0.0152304966116 0.020989631437
Herato10 Herato1003 7763703.0 1475000.0 0.0111370794165 0.00942715158289 0.011038825335 0.0132569231324
Herato10 Herato1003 7813703.0 1525000.0 0.025541086706 0.00934868324714 0.021952007878 0.0495863693
Herato10 Herato1003 7863703.0 1575000.0 0.0148154885611 0.0101221590172 0.0144082683254 0.0228504988082
Herato10 Herato1003 7913703.0 1625000.0 0.0186010362328 0.0154004959419 0.0185026709102 0.0225647039834
Herato10 Herato1003 7963703.0 1675000.0 0.0276617979516 0.0199447039603 0.0267100355815 0.0408053797994
Herato10 Herato1003 8013703.0 1725000.0 0.0138324781182 0.011326604415 0.0136526031812 0.016716141665
Herato10 Herato1003 8063703.0 1775000.0 0.061147780332 0.0202584995143 0.0538899833208 0.151580802742
Herato10 Herato1003 8113703.0 1825000.0 0.0104724335046 0.00957545686547 0.0104212468794 0.0115721153786
Herato10 Herato1003 8163703.0 1875000.0 0.0114432235508 0.00974585328843 0.0113984800827 0.0134336146428
Herato10 Herato1003 8213703.0 1925000.0 0.0283870490772 0.0150614099958 0.0270956719725 0.051411556228
Herato10 Herato1003 8263703.0 1975000.0 0.0219201914923 0.0156423441539 0.0216470175309 0.0295690226844
Herato10 Herato1003 8313703.0 2025000.0 0.0467525593974 0.0125167756198 0.0427583798198 0.0951569906368
Herato10 Herato1003 8363703.0 2075000.0 0.0204635676022 0.0140907972199 0.019879871641 0.0294325367221
Herato10 Herato1003 8413703.0 2125000.0 0.0189558480865 0.0100748673477 0.0163768517801 0.0385212462596
Herato10 Herato1003 8463703.0 2175000.0 0.0196949517323 0.00836048127895 0.0176516895144 0.0462237121948
Herato10 Herato1003 8513703.0 2225000.0 0.0142151041198 0.0119613331837 0.0141278744839 0.0169986386236
Herato10 Herato1003 8563703.0 2275000.0 0.0325786869888 0.0220238152551 0.0310519804486 0.0514634373718
Herato10 Herato1003 8613703.0 2325000.0 0.00807859060078 0.00667266786785 0.0080817990005 0.0095502174326
Herato10 Herato1003 8663703.0 2375000.0 0.0118868376986 0.010684424775 0.0118843762542 0.0131724769562
Herato10 Herato1003 8713703.0 2425000.0 0.0118727522736 0.0104315691194 0.0117727311788 0.0137652031644
Herato10 Herato1003 8763703.0 2475000.0 0.015077411219 0.0130289178259 0.0150801933694 0.0172607528376
Herato10 Herato1003 8813703.0 2525000.0 0.00870954330966 0.0073677588473 0.00871719674368 0.0102161425909
Herato10 Herato1003 8863703.0 2575000.0 0.0461644170954 0.0238216877321 0.0435377148258 0.0853516208684
Herato10 Herato1003 8913703.0 2625000.0 0.0838499310421 0.0480459142464 0.080261577998 0.14432753953
Herato10 Herato1003 8963703.0 2675000.0 0.044337523434 0.02731940159 0.0415241566466 0.0766925664132
Herato10 Herato1003 9013703.0 2725000.0 0.051026405031 0.0157348522424 0.049899731629 0.0848843311262
Herato10 Herato1003 9063703.0 2775000.0 0.015475609266 0.0136492113325 0.0154081100862 0.0177769053072
Herato10 Herato1003 9113703.0 2825000.0 0.0153360389881 0.0136051621603 0.0153103501511 0.0173483862538
Herato10 Herato1003 9163703.0 2875000.0 0.0226643066194 0.0159201747088 0.0220064207848 0.0325941363198
Herato10 Herato1003 9213703.0 2925000.0 0.023440908342 0.0171961744572 0.0236198148552 0.028995127586
Herato10 Herato1003 9263703.0 2975000.0 0.0184493078586 0.0169592586976 0.0185420204936 0.0198040985844
Herato10 Herato1003 9313703.0 3025000.0 0.0101466409023 0.00811605292826 0.0100908550906 0.0118190764968
Herato10 Herato1003 9363703.0 3075000.0 0.022110290263 0.019326739448 0.0221839337646 0.024875659494
Herato10 Herato1003 9413703.0 3125000.0 0.0358197256303 0.0254289429418 0.0345450616688 0.054575848025
Herato10 Herato1003 9463703.0 3175000.0 0.0151237248704 0.0125517069052 0.0150396610205 0.0178753697
Herato10 Herato1003 9513703.0 3225000.0 0.02139267268 0.0111610643104 0.021194833512 0.033355422094
Herato10 Herato1003 9563703.0 3275000.0 0.01266476364 0.01113111983 0.012657992284 0.01466560986
Herato10 Herato1003 9613703.0 3325000.0 0.00994324306 0.0093912384396 0.009964279028 0.010390095
Herato10 Herato1003 9663703.0 3375000.0 0.022078274024 0.020770798444 0.022034703042 0.023566206574
Herato10 Herato1003 9713703.0 3425000.0 0.019058824877 0.0160304150004 0.0189181641484 0.0229374674754
Herato10 Herato1003 9763703.0 3475000.0 0.0135978053128 0.0127878118822 0.0136039278472 0.014395660142
Herato10 Herato1003 9813703.0 3525000.0 0.010469074973 0.007945347051 0.010187753386 0.015817275412
Herato10 Herato1003 9863703.0 3575000.0 0.041677480558 0.0279892214538 0.0398048315768 0.067157122512
Herato10 Herato1003 9913703.0 3625000.0 0.0086855936316 0.00739221698569 0.0086331706342 0.010318786668
Herato10 Herato1003 9963703.0 3675000.0 0.00798472749978 0.0070548486402 0.0079607863194 0.0090115303682
Herato10 Herato1003 10013703.0 3725000.0 0.00848207333418 0.00724309686768 0.0084947089685 0.00988441281816
Herato10 Herato1003 10063703.0 3775000.0 0.0038581566842 0.00283808537146 0.00376268353586 0.00550423499444
Herato10 Herato1003 10113703.0 3825000.0 0.0104821138362 0.00904890829046 0.0104522657321 0.0121967714044
Herato10 Herato1003 10163703.0 3875000.0 0.014527700584 0.0125656436442 0.0143658706646 0.0175534522334
Herato10 Herato1003 10213703.0 3925000.0 0.0157410316798 0.0105523893149 0.014961473209 0.0268516304881
Herato10 Herato1003 10263703.0 3975000.0 0.0229413628556 0.0193676900192 0.0228563026156 0.0274887422297
Herato10 Herato1003 10313703.0 4025000.0 0.0184289601479 0.0139893960303 0.0175316997406 0.0238042589976
Herato10 Herato1003 10363703.0 4075000.0 0.0422005747936 0.022231355059 0.040814135654 0.077341689816
Herato10 Herato1003 10413703.0 4125000.0 0.0388209392016 0.0225503960745 0.0360537871894 0.0697046055208
Herato10 Herato1003 10463703.0 4175000.0 0.0256794740754 0.0207427587596 0.0256135699142 0.0314968730532
Herato10 Herato1003 10513703.0 4225000.0 0.0256323155154 0.0147731904677 0.0241122175726 0.0453228801458
Herato10 Herato1003 10563703.0 4275000.0 0.0147179646419 0.0122933977209 0.0146328920915 0.0174725458556
Herato10 Herato1003 10613703.0 4325000.0 0.0459435478741 0.0324590286693 0.0447174208373 0.0686716450149
Herato10 Herato1003 10663703.0 4375000.0 0.0336963029199 0.0253508451364 0.033301681891 0.045434484295
Herato10 Herato1003 10713703.0 4425000.0 0.0210945784944 0.016242895575 0.0207029877708 0.0286984084014
Herato10 Herato1003 10763703.0 4475000.0 0.0633874673473 0.0386529553119 0.0607911684375 0.105128384518
Herato10 Herato1003 10813703.0 4525000.0 0.0153965088782 0.0134317914454 0.0153954083643 0.0175026557168
Herato10 Herato1003 10863703.0 4575000.0 0.0135643431984 0.0120213206639 0.0135667268896 0.0151487059156
Herato10 Herato1003 10913703.0 4625000.0 0.0172992694668 0.014240710233 0.0168858830304 0.021430973464
Herato10 Herato1003 10963703.0 4675000.0 0.0309397949116 0.0188256960836 0.0290049053251 0.0552254169288
Herato10 Herato1003 11013703.0 4725000.0 0.0146115841335 0.012663548626 0.0144348515174 0.0166834312105
Herato10 Herato1003 11063703.0 4775000.0 0.01513078109 0.0105864043538 0.0143172219293 0.02334951555
Herato10 Herato1003 11113703.0 4825000.0 0.0308481281948 0.0205085860445 0.0300392882138 0.0455670041328
Herato10 Herato1003 11163703.0 4875000.0 0.0084290018666 0.00759143277664 0.00839442988308 0.00946650457
Herato10 Herato1003 11213703.0 4925000.0 0.018143103974 0.00957658666546 0.0181202040027 0.0259902407
Herato10 Herato1003 11263703.0 4975000.0 0.0255348783261 0.0133155840706 0.0224080791185 0.0571988518948
Herato10 Herato1003 11313703.0 5025000.0 0.0160689997247 0.00695325633865 0.0102936819773 0.0417136959941
Herato10 Herato1003 11363703.0 5075000.0 0.0326912490867 0.0118595685305 0.0317471573671 0.063594500013
Herato10 Herato1003 11413703.0 5125000.0 0.0508303153723 0.0306144199207 0.0477579195846 0.0873329608878
Herato10 Herato1003 11463703.0 5175000.0 0.0125013884688 0.0104059413066 0.0123566754527 0.0153089801878
Herato10 Herato1003 11513703.0 5225000.0 0.0141925571094 0.012660260374 0.0142078388571 0.0159090841394
Herato10 Herato1003 11563703.0 5275000.0 0.0142249852069 0.0076406345744 0.0113560790192 0.0360983937175
Herato10 Herato1003 11613703.0 5325000.0 0.00501706689762 0.0040689447316 0.00496244140466 0.00621989238708
Herato10 Herato1003 11663703.0 5375000.0 0.0227980989794 0.0079791449804 0.0207416534936 0.048068452992
Herato10 Herato1003 11713703.0 5425000.0 0.0257683295293 0.00967399617676 0.0234169125208 0.0562397606858
Herato10 Herato1003 11763703.0 5475000.0 0.004114190126 0.003787694944 0.004082747616 0.00447074728
Herato10 Herato1003 11813703.0 5525000.0 0.0212026790086 0.00737740380985 0.0162644897699 0.0657843023928
Herato10 Herato1003 11863703.0 5575000.0 0.0108786134907 0.00674286930426 0.0105820329077 0.0169285890729
Herato10 Herato1003 11913703.0 5625000.0 0.018876492697 0.0120007361046 0.0183273003273 0.0281841912964
Herato10 Herato1003 11963703.0 5675000.0 0.0315817542608 0.022525199788 0.0294829978044 0.050413090925
Herato10 Herato1003 12013703.0 5725000.0 0.032430862246 0.0154664425728 0.0269123915224 0.0814277709912
Herato10 Herato1003 12063703.0 5775000.0 0.00581068923796 0.00471528508575 0.00581787818428 0.00681645065944
Herato10 Herato1003 12113703.0 5825000.0 0.00226642378406 0.00187852174505 0.00226036059328 0.00270438850678
Herato10 Herato1003 12163703.0 5875000.0 0.00791016626096 0.00605442615049 0.00784530907212 0.010237890963
Herato10 Herato1003 12213703.0 5925000.0 0.0185197681198 0.0100985180074 0.0170160419846 0.0328765199018
Herato10 Herato1003 12263703.0 5975000.0 0.00805586439192 0.0041337713893 0.00679087080948 0.0160686079538
Herato10 Herato1003 12313703.0 6025000.0 0.0102539397172 0.00735120125735 0.0101888989577 0.0139600333468
Herato10 Herato1003 12363703.0 6075000.0 0.0067703561992 0.00558695048932 0.0067956655078 0.0081943124568
Herato10 Herato1003 12413703.0 6125000.0 0.0083443506736 0.0051801343874 0.0071338028676 0.0163374973844
Herato10 Herato1003 12463703.0 6175000.0 0.0211915263454 0.0143157136018 0.020642245436 0.032025229091
Herato10 Herato1003 12513703.0 6225000.0 0.0316248641404 0.0141472315779 0.0318638953054 0.0628905726058
Herato10 Herato1003 12563703.0 6275000.0 0.0198603713452 0.00872100401418 0.0199554212436 0.0381723145004
Herato10 Herato1003 12613703.0 6325000.0 0.0415710600764 0.0282236173953 0.0392039992974 0.0726328766026
Herato10 Herato1003 12663703.0 6375000.0 0.0144645416746 0.011510803528 0.014002423549 0.022018997458
Herato10 Herato1003 12713703.0 6425000.0 0.0127512147148 0.00974013511288 0.0128340101408 0.0147319878876
Herato10 Herato1003 12763703.0 6475000.0 0.013691728886 0.012017378028 0.01380791191 0.016594291562
Herato10 Herato1003 12813703.0 6525000.0 0.0107212491648 0.00792950765516 0.0105472410248 0.0147320356666
Herato10 Herato1003 12863703.0 6575000.0 0.0294741795195 0.0108577028474 0.0278470486246 0.06062645568
Herato10 Herato1003 12913703.0 6625000.0 0.0042241994046 0.0034115057254 0.0041850952688 0.0052944452434
Herato10 Herato1003 12963703.0 6675000.0 0.0050189721708 0.00435064614014 0.00500920854146 0.00574009256088
Herato10 Herato1003 13013703.0 6725000.0 0.00898012624 0.00460006711311 0.0087847823776 0.0125177046868
Herato10 Herato1003 13063703.0 6775000.0 0.0144516015292 0.0117366394814 0.0140898197752 0.01900847159
Herato10 Herato1003 13113703.0 6825000.0 0.011985750212 0.010615627892 0.01196949812 0.013479974988
Herato10 Herato1003 13163703.0 6875000.0 0.0139460384498 0.0124672517188 0.0139457256168 0.0155764649704
Herato10 Herato1003 13213703.0 6925000.0 0.0149811801152 0.0117582308912 0.014655514747 0.0193528249004
Herato10 Herato1003 13263703.0 6975000.0 0.050138960274 0.0236595637448 0.0449963357021 0.111531402428
Herato10 Herato1003 13313703.0 7025000.0 0.0291701602072 0.0136660362035 0.0259810344151 0.062489483772
Herato10 Herato1003 13363703.0 7075000.0 0.03460489115 0.0220120623586 0.0327386475188 0.057353253189
Herato10 Herato1003 13413703.0 7125000.0 0.0104976588292 0.0090419458924 0.0104883273618 0.0120272731048
Herato10 Herato1003 13463703.0 7175000.0 0.0477780011772 0.0157001355458 0.0459267524424 0.100145652186
Herato10 Herato1003 13513703.0 7225000.0 0.0274554541943 0.010311239154 0.0223376489665 0.0700306735226
Herato10 Herato1003 13563703.0 7275000.0 0.010076189892 0.00832713083041 0.01001624625 0.0121957762932
Herato10 Herato1003 13601912.5 7325000.0 0.0167378815716 0.0146393423569 0.016715457164 0.0188072251429
Herato10 Herato1004 13626627.0 25000.0 0.0604346842968 0.0415705720445 0.0595952179242 0.0819481532163
Herato10 Herato1005 13663132.0 25000.0 0.0105439737808 0.00897333868333 0.0104856802128 0.0123905397132
Herato10 Herato1005 13713132.0 75000.0 0.00695430695686 0.00576694486677 0.00696307928136 0.0084004420312
Herato10 Herato1005 13763132.0 125000.0 0.0083093148401 0.00738705445298 0.00830062904486 0.0094245971246
Herato10 Herato1005 13813132.0 175000.0 0.0140574781918 0.0123437213723 0.0140175609773 0.016125404412
Herato10 Herato1005 13863132.0 225000.0 0.0053401241334 0.00466641046812 0.005305722355 0.0060740244128
Herato10 Herato1005 13913132.0 275000.0 0.0144266154857 0.0115117944734 0.0142592604181 0.0182593321479
Herato10 Herato1005 13963132.0 325000.0 0.00773971780124 0.0059769719714 0.00770672598238 0.0101354192479
Herato10 Herato1005 14013132.0 375000.0 0.0050103669727 0.00433547350236 0.00498565503498 0.00575508964474
Herato10 Herato1005 14063132.0 425000.0 0.0065253077618 0.00574515046624 0.0065018169912 0.0076112355954
Herato10 Herato1005 14113132.0 475000.0 0.0251491230026 0.0167133913213 0.0240836549538 0.0387343900812
Herato10 Herato1005 14163132.0 525000.0 0.0103778507926 0.00932923696709 0.0103308159773 0.0116391631592
Herato10 Herato1005 14213132.0 575000.0 0.00586583695514 0.00526942858038 0.0058705335124 0.00647808973564
Herato10 Herato1005 14263132.0 625000.0 0.00720112115636 0.00661676426455 0.00712825173038 0.00797991450844
Herato10 Herato1005 14313132.0 675000.0 0.0078245714668 0.00700229415308 0.0078217819494 0.0086601778652
Herato10 Herato1005 14363132.0 725000.0 0.00643305291332 0.00429983123927 0.0064667360828 0.00857787227856
Herato10 Herato1005 14413132.0 775000.0 0.00721919349284 0.00460032254529 0.00695573805786 0.0114258503478
Herato10 Herato1005 14463132.0 825000.0 0.0162097099951 0.00963739329979 0.0147977243505 0.0320758912458
Herato10 Herato1005 14513132.0 875000.0 0.00864622358387 0.00607333722226 0.0083784508466 0.0132175863724
Herato10 Herato1005 14563132.0 925000.0 0.0258921605789 0.0144035164346 0.0243933377722 0.045528888537
Herato10 Herato1005 14613132.0 975000.0 0.0183896343637 0.0113131674604 0.0175386437007 0.0301465637456
Herato10 Herato1005 14663132.0 1025000.0 0.0127229825236 0.010322393577 0.0126141342237 0.0158299554311
Herato10 Herato1005 14713132.0 1075000.0 0.00970041561406 0.00613254449083 0.00997775052082 0.0140684810378
Herato10 Herato1005 14763132.0 1125000.0 0.0050722404616 0.00451574607973 0.0050392750496 0.0057713015362
Herato10 Herato1005 14813132.0 1175000.0 0.010387013154 0.00942248457704 0.0103916314884 0.0113218849822
Herato10 Herato1005 14863132.0 1225000.0 0.0183352242074 0.0144257961241 0.0181193426426 0.0240686279228
Herato10 Herato1005 14913132.0 1275000.0 0.021539552018 0.016827873696 0.021424939268 0.027441379972
Herato10 Herato1005 14963132.0 1325000.0 0.0132977101015 0.00821423907588 0.0128060985701 0.0206633265512
Herato10 Herato1005 15013132.0 1375000.0 0.00961286368272 0.0069003614101 0.0094095217676 0.0136990342186
Herato10 Herato1005 15063132.0 1425000.0 0.0072826605822 0.00648529684294 0.0072820420188 0.0081947968702
Herato10 Herato1005 15113132.0 1475000.0 0.00952650782502 0.00662142648548 0.00936886476822 0.0138155742158
Herato10 Herato1005 15163132.0 1525000.0 0.008747293185 0.00694605893822 0.0085195283714 0.012291158405
Herato10 Herato1005 15213132.0 1575000.0 0.0056299187686 0.004529937319 0.005601698927 0.0067954687646
Herato10 Herato1005 15263132.0 1625000.0 0.0148912973106 0.00862232307974 0.0141723200529 0.0266340488171
Herato10 Herato1005 15313132.0 1675000.0 0.0080699816986 0.00649769913851 0.00786442158042 0.010208348465
Herato10 Herato1005 15363132.0 1725000.0 0.00682401200444 0.00445371007463 0.0063565780642 0.0112855710109
Herato10 Herato1005 15413132.0 1775000.0 0.0163854860782 0.0107866154252 0.0159146123306 0.0248824785284
Herato10 Herato1005 15463132.0 1825000.0 0.0257514953855 0.0112175514128 0.0212537726565 0.0695452347882
Herato10 Herato1005 15513132.0 1875000.0 0.00992811597054 0.00880748169409 0.00985997338182 0.0113136083808
Herato10 Herato1005 15563132.0 1925000.0 0.0103894147638 0.0087862104463 0.0103781668532 0.0121962608794
Herato10 Herato1005 15613132.0 1975000.0 0.0251157433343 0.00902354902006 0.0229681017569 0.0638236741156
Herato10 Herato1005 15663132.0 2025000.0 0.0193329775805 0.00689659536682 0.0188023848295 0.0349769743923
Herato10 Herato1005 15713132.0 2075000.0 0.0107058238966 0.00884611388263 0.0105903608564 0.0134841916494
Herato10 Herato1005 15763132.0 2125000.0 0.00369208061694 0.00313118249399 0.00368762279428 0.00432359155476
Herato10 Herato1005 15813132.0 2175000.0 0.0207557254299 0.0103916159471 0.0153089858128 0.0473696482708
Herato10 Herato1005 15863132.0 2225000.0 0.0102901335518 0.00767113941463 0.0101269406301 0.0139399529286
Herato10 Herato1005 15913132.0 2275000.0 0.0105163138072 0.0095755475664 0.0105661729478 0.0116290757744
Herato10 Herato1005 15963132.0 2325000.0 0.0304320676179 0.0187334715383 0.0275859455748 0.0587731120246
Herato10 Herato1005 16013132.0 2375000.0 0.0291890239775 0.0105111940215 0.0181532598787 0.0747207289106
Herato10 Herato1005 16063132.0 2425000.0 0.0775116952116 0.0353625914852 0.0695172171181 0.162888251171
Herato10 Herato1005 16113132.0 2475000.0 0.0191419410404 0.00975547068382 0.0185408751824 0.0373454759612
Herato10 Herato1005 16163132.0 2525000.0 0.0311139656187 0.0201748505209 0.0292762539039 0.0531848172144
Herato10 Herato1005 16213132.0 2575000.0 0.0261693608568 0.0171043060069 0.0250044128328 0.0416724361894
Herato10 Herato1005 16263132.0 2625000.0 0.0109000078112 0.00952614291507 0.0108412704387 0.0126037110666
Herato10 Herato1005 16313132.0 2675000.0 0.0657711585852 0.0314673770026 0.0586683774839 0.135716003921
Herato10 Herato1005 16363132.0 2725000.0 0.00330615209616 0.00261216433062 0.0032759345758 0.00419048417008
Herato10 Herato1005 16413132.0 2775000.0 0.00205187789664 0.00186306941399 0.00205688616814 0.0022239828152
Herato10 Herato1005 16463132.0 2825000.0 0.0391831822014 0.0172079656084 0.0362052579888 0.0775234672252
Herato10 Herato1005 16513132.0 2875000.0 0.0277457577799 0.0122317701083 0.025904727565 0.050492971982
Herato10 Herato1005 16563132.0 2925000.0 0.0160400465208 0.0150149926426 0.016059584551 0.017010010054
Herato10 Herato1005 16613132.0 2975000.0 0.0281213795356 0.017564577113 0.0269296324129 0.0438624056554
Herato10 Herato1005 16663132.0 3025000.0 0.0146734517628 0.0123773238886 0.0148690347126 0.0167736704988
Herato10 Herato1005 16713132.0 3075000.0 0.0401564922564 0.0220374722102 0.0393181236652 0.0623431882622
Herato10 Herato1005 16763132.0 3125000.0 0.033143481556 0.00872929846944 0.0323741411094 0.0847012509121
Herato10 Herato1005 16813132.0 3175000.0 0.0230702991797 0.0163573896824 0.0225605666515 0.0328116972068
Herato10 Herato1005 16863132.0 3225000.0 0.0231844700142 0.0168638736522 0.02336475502 0.0322633881254
Herato10 Herato1005 16913132.0 3275000.0 0.0154317252765 0.0128897526644 0.0152307836924 0.0191099473328
Herato10 Herato1005 16963132.0 3325000.0 0.01363668581 0.01228718063 0.013631305384 0.014975504412
Herato10 Herato1005 17013132.0 3375000.0 0.00976507160958 0.00876062329229 0.00973503784808 0.0110111596112
Herato10 Herato1005 17063132.0 3425000.0 0.0716495039132 0.0351607181935 0.0652797414538 0.144349453284
Herato10 Herato1005 17113132.0 3475000.0 0.0214421157787 0.0128822070885 0.0208971320131 0.0329253475989
Herato10 Herato1005 17163132.0 3525000.0 0.0145834221224 0.0116064788752 0.0142418253376 0.022571032122
Herato10 Herato1005 17213132.0 3575000.0 0.0613240647336 0.0299246851572 0.0571711274464 0.12089345498
Herato10 Herato1005 17263132.0 3625000.0 0.022202714326 0.0107140453667 0.0214817699371 0.0378557714286
Herato10 Herato1005 17313132.0 3675000.0 0.0268397897029 0.0160296456307 0.0257522205983 0.0456323999381
Herato10 Herato1005 17363132.0 3725000.0 0.0111530533236 0.0101775715686 0.011142755768 0.01211081679
Herato10 Herato1005 17413132.0 3775000.0 0.0136266083106 0.0116971687792 0.013505597022 0.0162621235516
Herato10 Herato1005 17463132.0 3825000.0 0.012261597664 0.010486555636 0.012111033326 0.014622719314
Herato10 Herato1005 17513132.0 3875000.0 0.0085943949936 0.0070066287986 0.0085381163938 0.0107059812854
Herato10 Herato1005 17563132.0 3925000.0 0.0131764355906 0.010014441183 0.012567789988 0.0196898086104
Herato10 Herato1005 17613132.0 3975000.0 0.0421198217186 0.0287237218421 0.0415662738279 0.0579806871927
Herato10 Herato1005 17663132.0 4025000.0 0.00811091449472 0.00708591739111 0.0081478402489 0.0090802986284
Herato10 Herato1005 17713132.0 4075000.0 0.0219899929946 0.018272282412 0.0218904086362 0.0263733684546
Herato10 Herato1005 17763132.0 4125000.0 0.0100488048562 0.00864333663481 0.010020476519 0.0115616491691
Herato10 Herato1005 17813132.0 4175000.0 0.0082481267776 0.00573117508432 0.008142552243 0.0120427687368
Herato10 Herato1005 17863132.0 4225000.0 0.00942518811388 0.00818848956991 0.00934280010438 0.0110174491154
Herato10 Herato1005 17913132.0 4275000.0 0.0212940577851 0.00944512521691 0.0204219790932 0.0384803766762
Herato10 Herato1005 17963132.0 4325000.0 0.006387604212 0.0053480155006 0.0063426539472 0.00767574599
Herato10 Herato1005 18013132.0 4375000.0 0.0106573596479 0.00721331500888 0.00999344685274 0.0187307783071
Herato10 Herato1005 18063132.0 4425000.0 0.0229782909939 0.00897336356427 0.0187406735421 0.0624554382947
Herato10 Herato1005 18113132.0 4475000.0 0.0214876451124 0.00932349464435 0.020918134585 0.036314004695
Herato10 Herato1005 18163132.0 4525000.0 0.0167950308916 0.0136285583182 0.0167004533391 0.0205295139392
Herato10 Herato1005 18213132.0 4575000.0 0.024637635032 0.0204128641619 0.0244335230744 0.0296087667474
Herato10 Herato1005 18250721.0 4625000.0 0.0219989230326 0.0191569819436 0.0220059538581 0.0259543084534
Herato10 Herato1006 18270047.5 25000.0 0.0219682771543 0.019519764538 0.0219928318615 0.0243487808061
Herato10 Herato1007 18301785.0 25000.0 0.0152000676448 0.00935305357939 0.014899495212 0.0220019605762
Herato10 Herato1007 18351785.0 75000.0 0.0238554189708 0.0181999478352 0.023466669678 0.031630182266
Herato10 Herato1007 18401785.0 125000.0 0.0202385328954 0.0186188909737 0.0202201781523 0.0217832840048
Herato10 Herato1007 18451785.0 175000.0 0.0141209792913 0.0123257116182 0.0141936330814 0.0162493635477
Herato10 Herato1007 18501785.0 225000.0 0.040690797514 0.0338840915332 0.039698138222 0.052138124624
Herato10 Herato1007 18551785.0 275000.0 0.020080441198 0.0149881414804 0.01882210506 0.031040907346
Herato10 Herato1007 18601785.0 325000.0 0.0187948084686 0.0165043251312 0.0189645971758 0.0206401993788
Herato10 Herato1007 18651785.0 375000.0 0.016145278818 0.0123575950121 0.0152591648918 0.0279229852074
Herato10 Herato1007 18701785.0 425000.0 0.0209559546484 0.015813766186 0.0197974468336 0.0292981381264
Herato10 Herato1007 18751785.0 475000.0 0.0173614866616 0.0151635807304 0.0172479080496 0.0201026536782
Herato10 Herato1007 18801785.0 525000.0 0.0256215357204 0.0220018567559 0.0255526936362 0.02977665437
Herato10 Herato1007 18851785.0 575000.0 0.0191884767118 0.0177842458409 0.0191092610248 0.020529995563
Herato10 Herato1007 18901785.0 625000.0 0.024951908314 0.02218343575 0.024892987854 0.027559384134
Herato10 Herato1007 18951785.0 675000.0 0.025259416068 0.0227071885346 0.025137283126 0.028706046314
Herato10 Herato1007 19001785.0 725000.0 0.0349519186616 0.0261752844176 0.033766591383 0.0525568470886
Herato10 Herato1007 19051785.0 775000.0 0.0079317224863 0.00604769273089 0.0078255884358 0.0105896590456
Herato10 Herato1007 19101785.0 825000.0 0.00775369939298 0.00434340787019 0.00739796720584 0.0128588504468
Herato10 Herato1007 19151785.0 875000.0 0.0304307056914 0.0110241193747 0.0275596485265 0.0657529997894
Herato10 Herato1007 19201785.0 925000.0 0.0065260583186 0.00535086319354 0.00654023303766 0.0078334204046
Herato10 Herato1007 19251785.0 975000.0 0.0084625650496 0.00753068502106 0.00844882549516 0.0094511029608
Herato10 Herato1007 19301785.0 1025000.0 0.00723634760302 0.0061261309088 0.00724670759798 0.00846720109926
Herato10 Herato1007 19351785.0 1075000.0 0.00759679992488 0.00663344916075 0.00759060330768 0.00870470954654
Herato10 Herato1007 19401785.0 1125000.0 0.0103874495548 0.00893448681283 0.0103922844964 0.0120661028106
Herato10 Herato1007 19451785.0 1175000.0 0.008065323748 0.007576146235 0.008041837398 0.008705764121
Herato10 Herato1007 19501785.0 1225000.0 0.0186739139312 0.013813303937 0.0183931556102 0.0257043130588
Herato10 Herato1007 19551785.0 1275000.0 0.0227315524642 0.00778752851755 0.019113459812 0.0596536312626
Herato10 Herato1007 19601785.0 1325000.0 0.00081970814636 0.000656585390086 0.00081049675896 0.0010362090338
Herato10 Herato1007 19651785.0 1375000.0 0.00089156714528 0.00064977030021 0.00088324848986 0.00121192402388
Herato10 Herato1007 19701785.0 1425000.0 0.00587323042774 0.00394721369666 0.0056848766866 0.00852324426294
Herato10 Herato1007 19751785.0 1475000.0 0.00964350093618 0.00755869951328 0.00920822346384 0.0141204248258
Herato10 Herato1007 19801785.0 1525000.0 0.0166373776892 0.0149058868036 0.016591695916 0.0185331036802
Herato10 Herato1007 19851785.0 1575000.0 0.019619516848 0.018539754106 0.019562206556 0.021027629388
Herato10 Herato1007 19901785.0 1625000.0 0.0296703228402 0.0245655304407 0.0295820014248 0.033962130654
Herato10 Herato1007 19951785.0 1675000.0 0.0299367824726 0.0207766495632 0.0299414188514 0.0414426496216
Herato10 Herato1007 20001785.0 1725000.0 0.0185821737296 0.0161151514995 0.0184614509538 0.021774841637
Herato10 Herato1007 20051785.0 1775000.0 0.0185858137036 0.0164556198263 0.0185330724139 0.0218101216676
Herato10 Herato1007 20101785.0 1825000.0 0.0132426892136 0.0105637870346 0.0120806690897 0.0252587450626
Herato10 Herato1007 20151785.0 1875000.0 0.0188189398746 0.0162979153446 0.0187950930929 0.0219126749392
Herato10 Herato1007 20201785.0 1925000.0 0.0287881850702 0.0209673278883 0.0281649023666 0.0406825705724
Herato10 Herato1007 20251785.0 1975000.0 0.0202720226611 0.0181860743764 0.0202516562574 0.0225723694414
Herato10 Herato1007 20301785.0 2025000.0 0.0137973403263 0.0111318986993 0.013189024746 0.021760009943
Herato10 Herato1007 20351785.0 2075000.0 0.0109865919709 0.0090187187577 0.0110016533579 0.0134778591962
Herato10 Herato1007 20401785.0 2125000.0 0.0198028801264 0.0135367832224 0.0189026326104 0.0313377168266
Herato10 Herato1007 20451785.0 2175000.0 0.0175692689674 0.014739282277 0.017470922576 0.020827608539
Herato10 Herato1007 20501785.0 2225000.0 0.037715076818 0.0277979261145 0.036935371708 0.052141553808
Herato10 Herato1007 20551785.0 2275000.0 0.019255390174 0.017840733848 0.019235173616 0.020911072676
Herato10 Herato1007 20601785.0 2325000.0 0.0163603034918 0.0138689131415 0.0162738212024 0.0190664162408
Herato10 Herato1007 20651785.0 2375000.0 0.030009146106 0.021300395059 0.02921182891 0.044582264356
Herato10 Herato1007 20701785.0 2425000.0 0.0456946809646 0.017986054789 0.0468887858206 0.087519531742
Herato10 Herato1007 20751785.0 2475000.0 0.0243310454236 0.0193466067944 0.0241630597544 0.03094517636
Herato10 Herato1007 20801785.0 2525000.0 0.014117334756 0.0118834807494 0.0141961181378 0.016460508556
Herato10 Herato1007 20851785.0 2575000.0 0.0164536846144 0.0129417752512 0.0159552653141 0.0217318292497
Herato10 Herato1007 20901785.0 2625000.0 0.0131055062914 0.0117905225405 0.0130547540238 0.0145975269682
Herato10 Herato1007 20951785.0 2675000.0 0.0035017250356 0.00229229260893 0.00349605382152 0.00477285710152
Herato10 Herato1007 21001785.0 2725000.0 0.008586045698 0.0074995808626 0.0085715623812 0.0099836462338
Herato10 Herato1007 21051785.0 2775000.0 0.0191005230913 0.00833179218725 0.0149872793921 0.0452584854956
Herato10 Herato1007 21101785.0 2825000.0 0.0135554420635 0.0105321481747 0.0133016369888 0.0182193381646
Herato10 Herato1007 21151785.0 2875000.0 0.015411317626 0.0119129114174 0.0150602101607 0.0226575941178
Herato10 Herato1007 21201785.0 2925000.0 0.00941601283534 0.00787265249133 0.00926549951806 0.0114562151432
Herato10 Herato1007 21251785.0 2975000.0 0.0166886723529 0.0129224571627 0.0166411849539 0.0213044755786
Herato10 Herato1007 21301785.0 3025000.0 0.018317424852 0.0165352229829 0.0183760090051 0.0203335683072
Herato10 Herato1007 21351785.0 3075000.0 0.00612687094966 0.00542473000512 0.00613347918094 0.00681552430554
Herato10 Herato1007 21401785.0 3125000.0 0.0116229088114 0.0101610057103 0.0115961833824 0.0135508290382
Herato10 Herato1007 21451785.0 3175000.0 0.022420922627 0.0133363942813 0.0218398705728 0.0357501236424
Herato10 Herato1007 21501785.0 3225000.0 0.0136423282046 0.012034783981 0.0136237867326 0.0153616888938
Herato10 Herato1007 21551785.0 3275000.0 0.0249693108595 0.0148778214478 0.0235938017648 0.0436455987341
Herato10 Herato1007 21601785.0 3325000.0 0.0120952642798 0.010629399495 0.0120635816584 0.01393820053
Herato10 Herato1007 21651785.0 3375000.0 0.0195708269323 0.0138476118432 0.0190809699082 0.0281195751332
Herato10 Herato1007 21701785.0 3425000.0 0.0336055357525 0.0215669262332 0.0322596570035 0.051604328549
Herato10 Herato1007 21751785.0 3475000.0 0.0229373626998 0.0171643491976 0.0224421433948 0.031467365299
Herato10 Herato1007 21801785.0 3525000.0 0.0390776151018 0.0203338589275 0.0374554476564 0.0658922857952
Herato10 Herato1007 21851785.0 3575000.0 0.0319740248428 0.0105704647388 0.031740412028 0.0583786721252
Herato10 Herato1007 21901785.0 3625000.0 0.0173219062408 0.0156941903018 0.0172727537386 0.019119444166
Herato10 Herato1007 21951785.0 3675000.0 0.0293288146932 0.0165445203404 0.0282338762389 0.047045634666
Herato10 Herato1007 22001785.0 3725000.0 0.0310049617442 0.019902501932 0.0291304074272 0.0535399295956
Herato10 Herato1007 22051785.0 3775000.0 0.0130931750576 0.0106209559267 0.0130063898559 0.016514156661
Herato10 Herato1007 22101785.0 3825000.0 0.0250401622887 0.0170471234744 0.0242286517921 0.0387698080946
Herato10 Herato1007 22151785.0 3875000.0 0.0254414930061 0.0152148484919 0.0242575678197 0.0427363917434
Herato10 Herato1007 22201785.0 3925000.0 0.00983373618246 0.00744819845874 0.00951155859372 0.0138366245384
Herato10 Herato1007 22251785.0 3975000.0 0.0312507302861 0.0163521592864 0.0288364477324 0.0567246693986
Herato10 Herato1007 22301785.0 4025000.0 0.00204119942058 0.0018398924841 0.00202732245278 0.0022999970178
Herato10 Herato1007 22351785.0 4075000.0 0.0152521801865 0.00952601767966 0.0145791936578 0.0229758654205
Herato10 Herato1007 22401785.0 4125000.0 0.0060276703714 0.00458265420061 0.00573473590418 0.00936586277136
Herato10 Herato1007 22451785.0 4175000.0 0.014611785408 0.012703486914 0.014510294134 0.016826542256
Herato10 Herato1007 22501785.0 4225000.0 0.0243003944296 0.0187022876312 0.0237437638134 0.0329375022454
Herato10 Herato1007 22551785.0 4275000.0 0.0096418534615 0.00759663872687 0.009603278145 0.0120021733175
Herato10 Herato1007 22601785.0 4325000.0 0.020279255232 0.0107393402507 0.019324031956 0.035372127792
Herato10 Herato1007 22651785.0 4375000.0 0.0242995671761 0.0147640829726 0.0231235048304 0.0420265726701
Herato10 Herato1007 22701785.0 4425000.0 0.00757627197432 0.0067042561193 0.0075041885405 0.00876291256984
Herato10 Herato1007 22751785.0 4475000.0 0.0317021377034 0.0155690522477 0.0273690170666 0.0658244795391
Herato10 Herato1007 22801785.0 4525000.0 0.02807573949 0.0145085701098 0.0245885821826 0.0575903204982
Herato10 Herato1007 22851785.0 4575000.0 0.0115899899172 0.00302950059768 0.00946297674984 0.0309561585302
Herato10 Herato1007 22901785.0 4625000.0 0.0182622874422 0.0132960423476 0.0177381549436 0.0294542013132
Herato10 Herato1007 22951785.0 4675000.0 0.0159544919178 0.0127829559076 0.0154831341898 0.0204953979388
Herato10 Herato1007 23001785.0 4725000.0 0.0155002730624 0.0130780337044 0.0154141003064 0.0183563903356
Herato10 Herato1007 23051785.0 4775000.0 0.0186203772173 0.0125073034426 0.0175551403566 0.0301824312274
Herato10 Herato1007 23101785.0 4825000.0 0.0346793159497 0.0150864206552 0.0332337009185 0.0637918443205
Herato10 Herato1007 23151785.0 4875000.0 0.0190405416985 0.0147479488271 0.0187600077824 0.0248349508212
Herato10 Herato1007 23201785.0 4925000.0 0.0540360718346 0.0104901264671 0.0458567603209 0.15286204654
Herato10 Herato1007 23251785.0 4975000.0 0.0471277006572 0.0235509757214 0.0388411135744 0.103880659396
Herato10 Herato1007 23301785.0 5025000.0 0.168315899415 0.0202526296962 0.131010484205 0.517879479614
Herato10 Herato1007 23351785.0 5075000.0 0.0172179045081 0.01141323691 0.0167284550127 0.0267711789322
Herato10 Herato1007 23401785.0 5125000.0 0.011667755294 0.01049265397 0.011702213722 0.012950089248
Herato10 Herato1007 23451785.0 5175000.0 0.011230026976 0.010529910868 0.01124899469 0.012012538088
Herato10 Herato1007 23501785.0 5225000.0 0.011125900198 0.010459860708 0.011144457038 0.01185530764
Herato10 Herato1007 23551785.0 5275000.0 0.123728058468 0.052019751143 0.113710256986 0.251328173312
Herato10 Herato1007 23601785.0 5325000.0 0.003415918208 0.003055245032 0.003387376208 0.0039079968
Herato10 Herato1007 23651785.0 5375000.0 0.0051667694539 0.00464756311779 0.00517222651482 0.0057185535367
Herato10 Herato1007 23701785.0 5425000.0 0.0070243285762 0.0057174533112 0.0069368097232 0.0088262018786
Herato10 Herato1007 23751785.0 5475000.0 0.05825953877 0.030277747282 0.05455543091 0.112805530291
Herato10 Herato1007 23801785.0 5525000.0 0.014665987982 0.01287440662 0.014619161774 0.01682850649
Herato10 Herato1007 23851785.0 5575000.0 0.005004720712 0.004682069776 0.005005002658 0.005393312488
